stationID	Y	M	D	DOY	depth_5	depth_10	depth_20	depth_51	depth_102
0030111012	2010	1	1	1	-9999	-9999	-9999	-9999	-9999
0030111012	2010	1	2	2	-9999	-9999	-9999	-9999	-9999
0030111012	2010	1	3	3	-9999	-9999	-9999	-9999	-9999
0030111012	2010	1	4	4	-9999	-9999	-9999	-9999	-9999
0030111012	2010	1	5	5	-9999	-9999	-9999	-9999	-9999
0030111012	2010	1	6	6	-9999	-9999	-9999	-9999	-9999
0030111012	2010	1	7	7	-9999	-9999	-9999	-9999	-9999
0030111012	2010	1	8	8	-9999	-9999	-9999	-9999	-9999
0030111012	2010	1	9	9	-9999	-9999	-9999	-9999	-9999
0030111012	2010	1	10	10	-9999	-9999	-9999	-9999	-9999
0030111012	2010	1	11	11	-9999	-9999	-9999	-9999	-9999
0030111012	2010	1	12	12	-9999	-9999	-9999	-9999	-9999
0030111012	2010	1	13	13	-9999	-9999	-9999	-9999	-9999
0030111012	2010	1	14	14	-9999	-9999	-9999	-9999	-9999
0030111012	2010	1	15	15	-9999	-9999	-9999	-9999	-9999
0030111012	2010	1	16	16	-9999	-9999	-9999	-9999	-9999
0030111012	2010	1	17	17	-9999	-9999	-9999	-9999	-9999
0030111012	2010	1	18	18	-9999	-9999	-9999	-9999	-9999
0030111012	2010	1	19	19	-9999	-9999	-9999	-9999	-9999
0030111012	2010	1	20	20	-9999	-9999	-9999	-9999	-9999
0030111012	2010	1	21	21	-9999	-9999	-9999	-9999	-9999
0030111012	2010	1	22	22	-9999	-9999	-9999	-9999	-9999
0030111012	2010	1	23	23	-9999	-9999	-9999	-9999	-9999
0030111012	2010	1	24	24	-9999	-9999	-9999	-9999	-9999
0030111012	2010	1	25	25	-9999	-9999	-9999	-9999	-9999
0030111012	2010	1	26	26	-9999	-9999	-9999	-9999	-9999
0030111012	2010	1	27	27	-9999	-9999	-9999	-9999	-9999
0030111012	2010	1	28	28	-9999	-9999	-9999	-9999	-9999
0030111012	2010	1	29	29	-9999	-9999	-9999	-9999	-9999
0030111012	2010	1	30	30	-9999	-9999	-9999	-9999	-9999
0030111012	2010	1	31	31	-9999	-9999	-9999	-9999	-9999
0030111012	2010	2	1	32	-9999	-9999	-9999	-9999	-9999
0030111012	2010	2	2	33	-9999	-9999	-9999	-9999	-9999
0030111012	2010	2	3	34	-9999	-9999	-9999	-9999	-9999
0030111012	2010	2	4	35	-9999	-9999	-9999	-9999	-9999
0030111012	2010	2	5	36	-9999	-9999	-9999	-9999	-9999
0030111012	2010	2	6	37	-9999	-9999	-9999	-9999	-9999
0030111012	2010	2	7	38	-9999	-9999	-9999	-9999	-9999
0030111012	2010	2	8	39	-9999	-9999	-9999	-9999	-9999
0030111012	2010	2	9	40	-9999	-9999	-9999	-9999	-9999
0030111012	2010	2	10	41	-9999	-9999	-9999	-9999	-9999
0030111012	2010	2	11	42	-9999	-9999	-9999	-9999	-9999
0030111012	2010	2	12	43	-9999	-9999	-9999	-9999	-9999
0030111012	2010	2	13	44	-9999	-9999	-9999	-9999	-9999
0030111012	2010	2	14	45	-9999	-9999	-9999	-9999	-9999
0030111012	2010	2	15	46	-9999	-9999	-9999	-9999	-9999
0030111012	2010	2	16	47	-9999	-9999	-9999	-9999	-9999
0030111012	2010	2	17	48	-9999	-9999	-9999	-9999	-9999
0030111012	2010	2	18	49	-9999	-9999	-9999	-9999	-9999
0030111012	2010	2	19	50	-9999	-9999	-9999	-9999	-9999
0030111012	2010	2	20	51	-9999	-9999	-9999	-9999	-9999
0030111012	2010	2	21	52	-9999	-9999	-9999	-9999	-9999
0030111012	2010	2	22	53	-9999	-9999	-9999	-9999	-9999
0030111012	2010	2	23	54	-9999	-9999	-9999	-9999	-9999
0030111012	2010	2	24	55	-9999	-9999	-9999	-9999	-9999
0030111012	2010	2	25	56	-9999	-9999	-9999	-9999	-9999
0030111012	2010	2	26	57	-9999	-9999	-9999	-9999	-9999
0030111012	2010	2	27	58	-9999	-9999	-9999	-9999	-9999
0030111012	2010	2	28	59	-9999	-9999	-9999	-9999	-9999
0030111012	2010	3	1	60	-9999	-9999	-9999	-9999	-9999
0030111012	2010	3	2	61	-9999	-9999	-9999	-9999	-9999
0030111012	2010	3	3	62	-9999	-9999	-9999	-9999	-9999
0030111012	2010	3	4	63	-9999	-9999	-9999	-9999	-9999
0030111012	2010	3	5	64	-9999	-9999	-9999	-9999	-9999
0030111012	2010	3	6	65	-9999	-9999	-9999	-9999	-9999
0030111012	2010	3	7	66	-9999	-9999	-9999	-9999	-9999
0030111012	2010	3	8	67	-9999	-9999	-9999	-9999	-9999
0030111012	2010	3	9	68	-9999	-9999	-9999	-9999	-9999
0030111012	2010	3	10	69	-9999	-9999	-9999	-9999	-9999
0030111012	2010	3	11	70	-9999	-9999	-9999	0.042	0.201
0030111012	2010	3	12	71	-9999	-9999	-9999	0.044	0.204
0030111012	2010	3	13	72	-9999	-9999	-9999	0.042	0.201
0030111012	2010	3	14	73	-9999	-9999	-9999	0.042	0.202
0030111012	2010	3	15	74	0.262	-9999	-9999	0.042	0.202
0030111012	2010	3	16	75	-9999	-9999	-9999	0.042	0.202
0030111012	2010	3	17	76	-9999	-9999	-9999	0.043	0.202
0030111012	2010	3	18	77	-9999	-9999	-9999	-9999	0.199
0030111012	2010	3	19	78	-9999	-9999	-9999	-9999	0.201
0030111012	2010	3	20	79	-9999	-9999	-9999	0.043	0.199
0030111012	2010	3	21	80	-9999	-9999	-9999	0.044	0.199
0030111012	2010	3	22	81	-9999	-9999	-9999	0.044	0.203
0030111012	2010	3	23	82	-9999	-9999	-9999	-9999	0.198
0030111012	2010	3	24	83	-9999	-9999	-9999	0.039	0.203
0030111012	2010	3	25	84	-9999	-9999	-9999	0.044	0.203
0030111012	2010	3	26	85	-9999	0.235	-9999	0.044	0.201
0030111012	2010	3	27	86	-9999	0.235	-9999	0.044	0.201
0030111012	2010	3	28	87	-9999	0.229	-9999	-9999	0.201
0030111012	2010	3	29	88	0.262	0.23	-9999	0.04	0.201
0030111012	2010	3	30	89	0.259	0.226	-9999	-9999	0.2
0030111012	2010	3	31	90	0.252	0.23	-9999	0.042	0.202
0030111012	2010	4	1	91	0.242	0.225	-9999	0.044	0.201
0030111012	2010	4	2	92	0.233	0.214	-9999	0.042	0.198
0030111012	2010	4	3	93	0.221	0.21	-9999	-9999	0.203
0030111012	2010	4	4	94	0.219	0.211	-9999	-9999	0.198
0030111012	2010	4	5	95	0.21	0.209	-9999	0.042	0.198
0030111012	2010	4	6	96	0.204	0.204	-9999	0.041	0.202
0030111012	2010	4	7	97	0.183	0.198	0.279	-9999	0.201
0030111012	2010	4	8	98	0.174	0.193	0.276	-9999	0.204
0030111012	2010	4	9	99	0.169	0.192	0.272	0.044	0.2
0030111012	2010	4	10	100	0.161	0.19	0.272	0.041	0.2
0030111012	2010	4	11	101	0.156	0.18	0.271	-9999	0.204
0030111012	2010	4	12	102	0.145	0.176	0.262	-9999	0.2
0030111012	2010	4	13	103	0.144	0.174	0.257	-9999	0.202
0030111012	2010	4	14	104	0.136	0.162	0.246	-9999	0.202
0030111012	2010	4	15	105	0.132	0.16	0.243	-9999	0.201
0030111012	2010	4	16	106	0.125	0.156	0.228	0.045	0.202
0030111012	2010	4	17	107	0.125	0.152	0.219	-9999	0.202
0030111012	2010	4	18	108	0.224	0.153	0.218	0.044	0.199
0030111012	2010	4	19	109	0.216	0.16	0.211	0.039	0.201
0030111012	2010	4	20	110	0.206	0.158	0.213	0.042	0.199
0030111012	2010	4	21	111	0.197	0.156	0.209	0.039	0.199
0030111012	2010	4	22	112	0.18	0.153	0.21	0.041	0.199
0030111012	2010	4	23	113	0.181	0.145	0.201	0.04	0.201
0030111012	2010	4	24	114	0.204	0.168	0.192	0.044	0.201
0030111012	2010	4	25	115	0.203	0.164	0.197	0.038	0.197
0030111012	2010	4	26	116	0.19	0.158	0.201	0.038	0.199
0030111012	2010	4	27	117	0.178	0.15	0.2	0.038	0.198
0030111012	2010	4	28	118	0.17	0.15	0.192	0.039	-9999
0030111012	2010	4	29	119	0.161	0.143	0.196	0.037	0.196
0030111012	2010	4	30	120	0.141	0.138	0.185	0.033	0.194
0030111012	2010	5	1	121	0.136	0.138	0.182	0.031	0.196
0030111012	2010	5	2	122	0.137	0.134	0.18	0.035	0.19
0030111012	2010	5	3	123	0.129	0.128	0.177	0.034	0.191
0030111012	2010	5	4	124	0.135	0.131	0.183	0.033	0.194
0030111012	2010	5	5	125	0.131	0.13	0.184	0.033	0.188
0030111012	2010	5	6	126	0.127	0.129	0.18	0.031	0.191
0030111012	2010	5	7	127	0.125	0.136	0.189	0.034	0.184
0030111012	2010	5	8	128	0.113	0.128	0.183	0.034	0.187
0030111012	2010	5	9	129	0.114	0.126	0.18	0.034	0.182
0030111012	2010	5	10	130	0.111	0.127	0.184	0.034	0.179
0030111012	2010	5	11	131	0.106	0.122	0.178	0.03	0.175
0030111012	2010	5	12	132	0.104	0.122	0.175	0.029	0.17
0030111012	2010	5	13	133	0.1	0.119	0.174	0.031	0.162
0030111012	2010	5	14	134	0.102	0.116	0.171	0.033	0.158
0030111012	2010	5	15	135	-9999	-9999	-9999	0.031	0.149
0030111012	2010	5	16	136	-9999	-9999	-9999	0.031	0.151
0030111012	2010	5	17	137	0.253	-9999	0.277	0.031	0.148
0030111012	2010	5	18	138	0.241	0.229	0.27	0.03	0.146
0030111012	2010	5	19	139	0.224	0.218	0.265	0.037	0.145
0030111012	2010	5	20	140	0.212	0.205	0.255	0.035	0.14
0030111012	2010	5	21	141	0.196	0.192	0.252	0.034	0.141
0030111012	2010	5	22	142	0.172	0.179	0.243	0.034	0.138
0030111012	2010	5	23	143	0.161	0.165	0.232	0.041	0.135
0030111012	2010	5	24	144	0.152	0.148	0.217	0.036	0.133
0030111012	2010	5	25	145	0.138	0.139	0.205	0.038	0.128
0030111012	2010	5	26	146	0.124	0.138	0.198	0.034	0.129
0030111012	2010	5	27	147	0.124	0.136	0.197	0.033	0.122
0030111012	2010	5	28	148	0.125	0.136	0.193	0.034	0.118
0030111012	2010	5	29	149	0.121	0.136	0.195	0.032	0.117
0030111012	2010	5	30	150	0.113	0.13	0.19	0.038	0.122
0030111012	2010	5	31	151	0.108	0.132	0.191	0.035	0.122
0030111012	2010	6	1	152	0.104	0.126	0.191	0.034	0.118
0030111012	2010	6	2	153	0.105	0.126	0.19	0.036	0.117
0030111012	2010	6	3	154	0.102	0.121	0.187	0.031	0.115
0030111012	2010	6	4	155	0.102	0.121	0.19	0.031	0.113
0030111012	2010	6	5	156	0.106	0.12	0.185	0.031	0.116
0030111012	2010	6	6	157	0.105	0.116	0.192	0.033	0.118
0030111012	2010	6	7	158	0.109	0.117	0.186	0.036	0.116
0030111012	2010	6	8	159	0.099	0.11	0.191	0.036	0.116
0030111012	2010	6	9	160	0.101	0.109	0.19	0.031	0.12
0030111012	2010	6	10	161	0.102	0.116	0.192	0.031	0.118
0030111012	2010	6	11	162	0.099	0.109	0.192	0.036	0.118
0030111012	2010	6	12	163	0.093	0.103	0.192	0.036	0.121
0030111012	2010	6	13	164	0.091	0.102	0.188	0.032	0.117
0030111012	2010	6	14	165	0.087	0.101	0.185	0.034	0.119
0030111012	2010	6	15	166	0.089	0.1	0.189	0.029	0.12
0030111012	2010	6	16	167	0.087	0.096	0.184	0.032	0.12
0030111012	2010	6	17	168	0.084	0.095	0.182	0.034	0.123
0030111012	2010	6	18	169	0.08	0.093	0.191	0.034	0.12
0030111012	2010	6	19	170	0.082	0.095	0.188	0.029	0.117
0030111012	2010	6	20	171	0.082	0.096	0.186	0.029	0.115
0030111012	2010	6	21	172	0.082	0.09	0.186	0.029	0.117
0030111012	2010	6	22	173	0.08	0.097	0.186	0.034	0.122
0030111012	2010	6	23	174	0.078	0.092	0.185	0.034	0.12
0030111012	2010	6	24	175	0.08	0.093	0.187	0.034	0.115
0030111012	2010	6	25	176	0.082	0.092	0.18	0.029	0.116
0030111012	2010	6	26	177	0.084	0.093	0.189	0.034	0.119
0030111012	2010	6	27	178	0.081	0.094	0.185	0.034	0.117
0030111012	2010	6	28	179	0.08	0.09	0.19	0.032	0.117
0030111012	2010	6	29	180	0.078	0.089	0.184	0.028	0.121
0030111012	2010	6	30	181	0.076	0.092	0.18	0.03	0.122
0030111012	2010	7	1	182	0.078	0.092	0.184	0.03	0.121
0030111012	2010	7	2	183	0.084	0.09	0.185	0.032	0.124
0030111012	2010	7	3	184	0.083	0.089	0.186	0.032	0.119
0030111012	2010	7	4	185	0.201	0.095	0.18	0.03	0.119
0030111012	2010	7	5	186	0.196	0.11	0.18	0.035	0.123
0030111012	2010	7	6	187	0.179	0.121	0.184	0.035	0.123
0030111012	2010	7	7	188	0.158	0.118	0.18	0.035	0.125
0030111012	2010	7	8	189	0.143	0.121	0.175	0.035	0.12
0030111012	2010	7	9	190	0.221	0.142	0.178	0.03	-9999
0030111012	2010	7	10	191	0.213	0.174	0.183	0.03	0.12
0030111012	2010	7	11	192	0.202	0.173	0.183	0.03	0.119
0030111012	2010	7	12	193	0.192	0.172	0.175	0.037	0.116
0030111012	2010	7	13	194	0.183	0.169	0.185	0.03	0.123
0030111012	2010	7	14	195	0.164	0.166	0.18	0.035	0.123
0030111012	2010	7	15	196	0.15	0.162	0.178	0.03	0.121
0030111012	2010	7	16	197	0.13	0.162	0.185	0.032	0.121
0030111012	2010	7	17	198	0.115	0.159	0.185	0.034	0.121
0030111012	2010	7	18	199	0.109	0.161	0.189	0.034	0.126
0030111012	2010	7	19	200	0.099	0.16	0.185	0.034	0.121
0030111012	2010	7	20	201	0.102	0.15	0.189	0.032	0.123
0030111012	2010	7	21	202	0.097	0.144	0.187	0.032	0.121
0030111012	2010	7	22	203	0.257	0.142	0.186	0.032	0.126
0030111012	2010	7	23	204	-9999	0.207	0.192	0.029	0.123
0030111012	2010	7	24	205	0.242	0.205	0.187	0.032	0.123
0030111012	2010	7	25	206	0.233	0.202	0.193	0.035	0.126
0030111012	2010	7	26	207	0.261	0.224	0.192	0.03	0.119
0030111012	2010	7	27	208	0.229	0.222	0.194	0.034	0.125
0030111012	2010	7	28	209	0.213	0.211	0.202	0.03	0.123
0030111012	2010	7	29	210	0.194	0.2	0.199	0.033	0.123
0030111012	2010	7	30	211	0.168	0.184	0.202	0.032	0.123
0030111012	2010	7	31	212	0.138	0.171	0.204	0.032	0.123
0030111012	2010	8	1	213	0.118	0.16	0.2	0.034	0.125
0030111012	2010	8	2	214	0.132	0.157	0.203	0.034	0.119
0030111012	2010	8	3	215	0.14	0.159	0.203	0.032	0.124
0030111012	2010	8	4	216	0.123	0.153	0.198	0.037	0.124
0030111012	2010	8	5	217	0.113	0.149	0.199	0.034	0.124
0030111012	2010	8	6	218	0.106	0.149	0.191	0.032	0.128
0030111012	2010	8	7	219	0.099	0.149	0.19	0.033	0.124
0030111012	2010	8	8	220	0.094	0.149	0.2	0.032	0.126
0030111012	2010	8	9	221	0.094	0.144	0.195	0.034	0.129
0030111012	2010	8	10	222	0.104	0.143	0.19	0.033	0.124
0030111012	2010	8	11	223	0.107	0.141	0.186	0.037	0.124
0030111012	2010	8	12	224	0.092	0.14	0.186	0.035	0.126
0030111012	2010	8	13	225	0.097	0.136	0.184	0.03	0.124
0030111012	2010	8	14	226	0.108	0.138	0.182	0.037	0.124
0030111012	2010	8	15	227	0.105	0.141	0.191	0.03	0.124
0030111012	2010	8	16	228	0.098	0.141	0.183	0.037	0.124
0030111012	2010	8	17	229	0.094	0.135	0.183	0.03	0.124
0030111012	2010	8	18	230	0.142	0.144	0.186	0.037	0.128
0030111012	2010	8	19	231	0.145	0.148	0.183	0.03	0.126
0030111012	2010	8	20	232	0.138	0.146	0.184	0.03	0.124
0030111012	2010	8	21	233	0.107	0.149	0.182	0.037	0.126
0030111012	2010	8	22	234	0.098	0.149	0.184	0.035	0.124
0030111012	2010	8	23	235	0.096	0.145	0.189	0.035	0.124
0030111012	2010	8	24	236	0.089	0.143	0.184	0.035	0.124
0030111012	2010	8	25	237	0.099	0.141	0.183	0.03	0.126
0030111012	2010	8	26	238	0.089	0.139	0.183	0.034	0.126
0030111012	2010	8	27	239	0.081	0.14	0.181	0.03	0.126
0030111012	2010	8	28	240	0.075	0.131	0.184	0.032	0.124
0030111012	2010	8	29	241	0.154	0.126	0.177	0.032	0.126
0030111012	2010	8	30	242	0.163	0.13	0.185	0.033	0.126
0030111012	2010	8	31	243	0.16	0.134	0.18	0.037	0.124
0030111012	2010	9	1	244	0.161	0.144	0.18	0.035	0.126
0030111012	2010	9	2	245	0.147	0.141	0.177	0.037	0.125
0030111012	2010	9	3	246	0.121	0.143	0.176	0.035	0.125
0030111012	2010	9	4	247	0.1	0.144	0.18	0.031	0.125
0030111012	2010	9	5	248	0.092	0.137	0.179	0.037	0.125
0030111012	2010	9	6	249	0.088	0.142	0.185	0.031	0.125
0030111012	2010	9	7	250	0.079	0.136	0.183	0.032	0.125
0030111012	2010	9	8	251	0.081	0.135	0.181	0.034	0.125
0030111012	2010	9	9	252	0.083	0.125	0.18	0.031	0.125
0030111012	2010	9	10	253	0.1	0.124	0.18	0.03	0.125
0030111012	2010	9	11	254	0.093	0.123	0.178	0.032	0.128
0030111012	2010	9	12	255	0.078	0.124	0.178	0.028	-9999
0030111012	2010	9	13	256	0.077	0.127	0.178	0.028	0.128
0030111012	2010	9	14	257	0.077	0.119	0.169	0.028	0.125
0030111012	2010	9	15	258	0.069	0.122	0.18	0.028	0.125
0030111012	2010	9	16	259	0.075	0.119	0.18	0.028	0.127
0030111012	2010	9	17	260	0.072	0.112	0.18	0.035	0.12
0030111012	2010	9	18	261	0.073	0.112	0.178	0.032	0.121
0030111012	2010	9	19	262	0.073	0.107	0.174	0.032	0.123
0030111012	2010	9	20	263	0.076	0.112	0.173	0.032	0.123
0030111012	2010	9	21	264	0.075	0.104	0.176	0.032	0.125
0030111012	2010	9	22	265	0.086	0.104	0.171	0.028	0.125
0030111012	2010	9	23	266	-9999	-9999	0.197	0.03	0.125
0030111012	2010	9	24	267	0.249	-9999	0.255	0.032	0.123
0030111012	2010	9	25	268	0.229	0.227	0.251	0.031	0.121
0030111012	2010	9	26	269	0.22	0.214	0.255	0.026	0.123
0030111012	2010	9	27	270	0.207	0.208	0.247	0.028	0.122
0030111012	2010	9	28	271	0.187	0.199	0.249	0.028	-9999
0030111012	2010	9	29	272	0.17	0.174	0.242	0.026	0.118
0030111012	2010	9	30	273	-9999	-9999	-9999	-9999	-9999
0030111012	2010	10	1	274	0.145	0.155	0.23	0.026	0.122
0030111012	2010	10	2	275	0.137	0.146	0.228	0.028	0.122
0030111012	2010	10	3	276	0.124	0.145	0.226	0.026	0.122
0030111012	2010	10	4	277	0.116	0.144	0.213	0.028	0.124
0030111012	2010	10	5	278	0.108	0.141	0.211	0.028	0.117
0030111012	2010	10	6	279	0.103	0.133	0.209	0.026	0.119
0030111012	2010	10	7	280	0.11	0.131	0.199	0.028	0.119
0030111012	2010	10	8	281	0.108	0.131	0.192	0.025	0.12
0030111012	2010	10	9	282	0.107	0.132	0.195	0.024	0.121
0030111012	2010	10	10	283	0.104	0.132	0.186	0.03	0.117
0030111012	2010	10	11	284	0.095	0.129	0.186	0.03	0.123
0030111012	2010	10	12	285	0.095	0.127	0.18	0.025	0.118
0030111012	2010	10	13	286	0.086	0.127	0.173	0.028	0.121
0030111012	2010	10	14	287	0.087	0.125	0.178	0.028	0.124
0030111012	2010	10	15	288	0.083	0.127	0.172	0.03	0.115
0030111012	2010	10	16	289	0.077	0.126	0.174	0.03	0.12
0030111012	2010	10	17	290	0.079	0.123	0.175	0.025	0.118
0030111012	2010	10	18	291	0.077	0.124	0.176	0.028	0.12
0030111012	2010	10	19	292	0.077	0.116	0.17	0.026	0.116
0030111012	2010	10	20	293	0.081	0.122	0.162	0.03	0.116
0030111012	2010	10	21	294	0.081	0.122	0.17	0.026	0.118
0030111012	2010	10	22	295	0.197	0.186	0.168	0.026	0.118
0030111012	2010	10	23	296	0.194	0.183	0.165	0.026	0.116
0030111012	2010	10	24	297	0.188	0.182	0.165	0.029	0.116
0030111012	2010	10	25	298	0.173	0.179	0.165	0.026	0.114
0030111012	2010	10	26	299	0.167	0.166	0.162	0.024	0.116
0030111012	2010	10	27	300	0.154	0.164	0.159	0.021	0.118
0030111012	2010	10	28	301	0.144	0.155	0.156	0.024	0.113
0030111012	2010	10	29	302	0.133	0.149	0.159	0.021	0.114
0030111012	2010	10	30	303	0.131	0.141	0.157	0.024	0.11
0030111012	2010	10	31	304	0.126	0.144	0.159	0.024	0.114
0030111012	2010	11	1	305	0.118	0.134	0.163	0.021	0.114
0030111012	2010	11	2	306	0.114	0.131	0.159	0.021	0.114
0030111012	2010	11	3	307	0.107	0.13	0.156	0.027	0.118
0030111012	2010	11	4	308	0.102	0.13	0.159	0.027	0.114
0030111012	2010	11	5	309	0.099	0.125	0.159	0.027	0.11
0030111012	2010	11	6	310	0.095	0.123	0.156	0.027	0.112
0030111012	2010	11	7	311	0.094	0.126	0.163	0.027	0.114
0030111012	2010	11	8	312	0.095	0.125	0.163	0.02	0.11
0030111012	2010	11	9	313	0.09	0.124	0.157	0.027	0.112
0030111012	2010	11	10	314	0.083	0.119	0.153	0.02	0.112
0030111012	2010	11	11	315	0.08	0.114	0.157	0.025	0.11
0030111012	2010	11	12	316	0.078	0.117	0.15	0.026	0.115
0030111012	2010	11	13	317	0.074	0.116	0.15	0.026	0.111
0030111012	2010	11	14	318	0.078	0.114	0.149	0.021	0.113
0030111012	2010	11	15	319	0.076	0.121	0.157	0.021	0.113
0030111012	2010	11	16	320	0.079	0.109	0.155	0.021	0.11
0030111012	2010	11	17	321	0.074	0.118	0.153	0.021	0.109
0030111012	2010	11	18	322	0.076	0.112	0.156	0.021	0.11
0030111012	2010	11	19	323	0.071	0.114	0.151	0.024	0.106
0030111012	2010	11	20	324	0.073	0.111	0.15	-9999	0.105
0030111012	2010	11	21	325	0.076	0.114	0.149	0.021	0.11
0030111012	2010	11	22	326	0.08	0.117	0.151	0.021	0.108
0030111012	2010	11	23	327	0.066	0.11	0.151	0.024	0.108
0030111012	2010	11	24	328	0.072	0.112	0.152	0.021	0.108
0030111012	2010	11	25	329	0.073	0.115	0.153	0.021	0.108
0030111012	2010	11	26	330	0.068	0.109	0.147	0.021	0.11
0030111012	2010	11	27	331	0.066	0.11	0.146	0.02	0.104
0030111012	2010	11	28	332	0.064	0.104	0.146	0.022	0.109
0030111012	2010	11	29	333	0.064	0.105	0.142	0.02	0.107
0030111012	2010	11	30	334	0.068	0.102	0.146	0.02	0.108
0030111012	2010	12	1	335	0.065	0.105	0.145	0.026	0.107
0030111012	2010	12	2	336	0.068	0.104	0.142	0.018	0.103
0030111012	2010	12	3	337	0.068	0.104	0.144	0.018	0.103
0030111012	2010	12	4	338	0.066	0.105	0.147	0.022	0.105
0030111012	2010	12	5	339	0.064	0.108	0.147	0.026	0.105
0030111012	2010	12	6	340	0.066	0.104	0.146	0.022	0.106
0030111012	2010	12	7	341	0.068	0.108	0.146	0.026	0.1
0030111012	2010	12	8	342	0.066	0.104	0.144	0.018	0.105
0030111012	2010	12	9	343	0.064	0.105	0.148	0.022	0.103
0030111012	2010	12	10	344	0.069	0.105	0.142	0.021	0.103
0030111012	2010	12	11	345	0.068	0.108	0.143	0.022	0.103
0030111012	2010	12	12	346	0.069	0.109	0.143	0.02	0.103
0030111012	2010	12	13	347	0.066	0.105	0.147	0.02	0.103
0030111012	2010	12	14	348	0.064	0.104	0.147	0.026	0.104
0030111012	2010	12	15	349	0.062	0.107	0.145	0.026	0.103
0030111012	2010	12	16	350	0.066	0.11	0.147	0.024	0.104
0030111012	2010	12	17	351	0.066	0.107	0.14	0.021	0.101
0030111012	2010	12	18	352	0.07	0.108	0.142	0.018	0.101
0030111012	2010	12	19	353	0.077	0.114	0.144	0.021	0.101
0030111012	2010	12	20	354	0.088	0.106	0.146	0.022	0.101
0030111012	2010	12	21	355	0.088	0.112	0.148	0.02	0.101
0030111012	2010	12	22	356	0.097	0.118	0.147	0.02	0.101
0030111012	2010	12	23	357	0.105	0.11	0.149	0.022	0.107
0030111012	2010	12	24	358	0.103	0.114	0.147	0.02	0.104
0030111012	2010	12	25	359	0.105	0.115	0.15	0.02	0.104
0030111012	2010	12	26	360	0.103	0.115	0.15	0.017	0.103
0030111012	2010	12	27	361	0.105	0.113	0.144	0.022	0.104
0030111012	2010	12	28	362	0.099	0.114	0.144	0.023	0.103
0030111012	2010	12	29	363	0.102	0.106	0.144	0.02	0.104
0030111012	2010	12	30	364	0.105	0.108	0.141	0.021	0.101
0030111012	2010	12	31	365	0.099	0.108	0.143	0.029	0.101
0030111012	2011	1	1	1	0.087	0.104	0.14	0.024	0.102
0030111012	2011	1	2	2	0.081	0.095	0.139	0.022	0.104
0030111012	2011	1	3	3	0.076	0.091	0.134	0.02	0.1
0030111012	2011	1	4	4	0.076	0.091	0.133	0.02	0.101
0030111012	2011	1	5	5	0.082	0.095	0.135	0.022	0.103
0030111012	2011	1	6	6	0.085	0.098	0.136	0.025	0.103
0030111012	2011	1	7	7	0.094	0.099	0.139	0.022	0.1
0030111012	2011	1	8	8	0.106	0.108	0.137	0.022	0.101
0030111012	2011	1	9	9	0.111	0.11	0.138	0.022	0.099
0030111012	2011	1	10	10	0.112	0.11	0.141	0.022	0.099
0030111012	2011	1	11	11	0.098	0.095	0.138	0.02	0.099
0030111012	2011	1	12	12	0.094	0.094	0.133	0.018	0.101
0030111012	2011	1	13	13	-9999	0.105	0.141	0.018	0.099
0030111012	2011	1	14	14	-9999	0.112	0.143	0.022	0.099
0030111012	2011	1	15	15	-9999	0.11	0.14	0.022	0.097
0030111012	2011	1	16	16	-9999	0.113	0.141	0.02	0.097
0030111012	2011	1	17	17	-9999	0.115	0.139	0.02	0.097
0030111012	2011	1	18	18	-9999	0.12	0.142	0.022	0.095
0030111012	2011	1	19	19	-9999	0.118	0.147	0.02	0.1
0030111012	2011	1	20	20	-9999	0.12	0.147	0.021	0.097
0030111012	2011	1	21	21	-9999	0.12	0.148	0.024	0.097
0030111012	2011	1	22	22	-9999	0.116	0.143	0.021	0.099
0030111012	2011	1	23	23	-9999	0.116	0.143	-9999	0.103
0030111012	2011	1	24	24	-9999	0.122	0.143	0.02	0.095
0030111012	2011	1	25	25	-9999	0.116	0.145	0.02	0.095
0030111012	2011	1	26	26	-9999	0.119	0.144	0.02	0.101
0030111012	2011	1	27	27	-9999	0.116	0.139	0.02	0.097
0030111012	2011	1	28	28	-9999	0.119	0.145	0.02	0.099
0030111012	2011	1	29	29	-9999	0.112	0.148	0.02	0.097
0030111012	2011	1	30	30	-9999	0.116	0.148	0.02	0.101
0030111012	2011	1	31	31	-9999	0.114	0.148	0.024	0.101
0030111012	2011	2	1	32	-9999	0.118	0.146	0.024	0.097
0030111012	2011	2	2	33	-9999	0.11	0.144	0.024	0.095
0030111012	2011	2	3	34	-9999	0.089	0.137	0.022	0.101
0030111012	2011	2	4	35	-9999	0.088	-9999	0.022	0.097
0030111012	2011	2	5	36	-9999	0.105	0.134	0.022	0.1
0030111012	2011	2	6	37	-9999	0.109	0.141	0.022	0.097
0030111012	2011	2	7	38	-9999	0.114	0.141	0.02	0.099
0030111012	2011	2	8	39	-9999	0.117	0.141	0.02	0.097
0030111012	2011	2	9	40	-9999	0.107	0.143	0.02	0.097
0030111012	2011	2	10	41	-9999	0.112	0.139	0.02	0.097
0030111012	2011	2	11	42	-9999	0.117	0.137	0.022	0.097
0030111012	2011	2	12	43	-9999	0.117	0.137	0.02	0.098
0030111012	2011	2	13	44	-9999	0.118	0.141	0.02	0.098
0030111012	2011	2	14	45	-9999	0.124	0.144	-9999	0.095
0030111012	2011	2	15	46	-9999	0.123	0.15	0.024	0.098
0030111012	2011	2	16	47	-9999	0.122	0.145	0.024	0.093
0030111012	2011	2	17	48	-9999	0.121	0.148	0.026	0.097
0030111012	2011	2	18	49	-9999	0.121	0.153	0.019	0.1
0030111012	2011	2	19	50	-9999	0.127	0.147	0.02	0.097
0030111012	2011	2	20	51	-9999	0.128	0.155	0.026	0.101
0030111012	2011	2	21	52	-9999	0.124	0.157	0.024	0.097
0030111012	2011	2	22	53	-9999	0.119	0.158	0.022	0.103
0030111012	2011	2	23	54	-9999	0.121	0.155	0.027	0.104
0030111012	2011	2	24	55	-9999	0.123	0.154	0.025	0.101
0030111012	2011	2	25	56	-9999	0.112	0.156	0.024	0.102
0030111012	2011	2	26	57	0.065	0.117	0.154	0.024	0.105
0030111012	2011	2	27	58	0.064	0.114	0.154	0.02	0.098
0030111012	2011	2	28	59	0.062	0.111	0.147	0.024	0.102
0030111012	2011	3	1	60	0.062	0.105	0.154	0.024	0.104
0030111012	2011	3	2	61	0.066	0.105	0.158	0.022	0.104
0030111012	2011	3	3	62	0.062	0.112	0.157	0.024	0.102
0030111012	2011	3	4	63	0.062	0.11	0.158	0.022	0.102
0030111012	2011	3	5	64	0.06	0.106	0.16	0.019	0.104
0030111012	2011	3	6	65	0.059	0.102	0.159	0.022	0.104
0030111012	2011	3	7	66	0.057	0.106	0.157	0.022	0.103
0030111012	2011	3	8	67	0.062	0.1	0.158	0.022	0.103
0030111012	2011	3	9	68	0.07	0.099	0.151	0.022	0.103
0030111012	2011	3	10	69	0.085	0.096	0.154	0.024	0.107
0030111012	2011	3	11	70	0.09	0.102	0.152	0.024	0.099
0030111012	2011	3	12	71	0.094	0.104	0.158	0.022	0.107
0030111012	2011	3	13	72	0.082	0.1	0.16	0.019	0.103
0030111012	2011	3	14	73	0.073	0.105	0.164	0.029	0.103
0030111012	2011	3	15	74	0.067	0.109	0.164	0.022	0.107
0030111012	2011	3	16	75	0.066	0.105	0.164	0.022	0.106
0030111012	2011	3	17	76	0.068	0.11	0.165	0.027	0.103
0030111012	2011	3	18	77	0.068	0.112	0.165	0.026	0.105
0030111012	2011	3	19	78	0.068	0.111	0.168	0.024	0.105
0030111012	2011	3	20	79	0.066	0.108	0.168	0.024	0.106
0030111012	2011	3	21	80	0.062	0.107	0.168	0.028	0.106
0030111012	2011	3	22	81	0.067	0.108	0.168	0.024	0.104
0030111012	2011	3	23	82	0.058	0.1	0.168	0.024	0.105
0030111012	2011	3	24	83	0.059	0.099	0.165	0.026	0.108
0030111012	2011	3	25	84	0.06	0.097	0.168	0.021	0.108
0030111012	2011	3	26	85	0.059	0.093	0.164	0.021	0.108
0030111012	2011	3	27	86	0.058	0.094	0.172	0.026	0.105
0030111012	2011	3	28	87	0.056	0.093	0.168	0.031	0.102
0030111012	2011	3	29	88	0.06	0.093	0.168	0.029	0.107
0030111012	2011	3	30	89	0.064	0.093	0.168	0.029	0.109
0030111012	2011	3	31	90	0.059	0.091	0.166	0.026	0.107
0030111012	2011	4	1	91	0.059	0.093	0.171	0.028	0.11
0030111012	2011	4	2	92	0.056	0.091	0.174	0.026	0.113
0030111012	2011	4	3	93	0.064	0.094	0.171	0.026	0.111
0030111012	2011	4	4	94	0.059	0.093	0.171	0.029	0.113
0030111012	2011	4	5	95	0.056	0.088	0.172	0.024	0.109
0030111012	2011	4	6	96	0.059	0.088	0.171	0.024	0.111
0030111012	2011	4	7	97	0.062	0.085	0.169	0.026	0.112
0030111012	2011	4	8	98	0.066	-9999	0.168	0.024	0.11
0030111012	2011	4	9	99	0.077	0.086	0.166	0.026	0.112
0030111012	2011	4	10	100	0.073	0.091	0.16	0.03	0.114
0030111012	2011	4	11	101	0.06	0.088	0.17	0.026	0.11
0030111012	2011	4	12	102	0.063	0.089	0.167	0.026	0.11
0030111012	2011	4	13	103	0.059	0.09	0.169	0.029	0.11
0030111012	2011	4	14	104	0.059	0.091	0.172	0.026	0.11
0030111012	2011	4	15	105	0.059	0.086	0.17	0.024	0.114
0030111012	2011	4	16	106	0.057	0.088	0.172	0.026	0.112
0030111012	2011	4	17	107	0.057	0.084	0.175	0.024	0.11
0030111012	2011	4	18	108	0.059	0.088	0.171	0.026	0.114
0030111012	2011	4	19	109	0.061	0.085	0.173	0.028	0.112
0030111012	2011	4	20	110	0.07	0.086	0.169	0.03	0.112
0030111012	2011	4	21	111	0.069	0.088	0.171	0.031	0.116
0030111012	2011	4	22	112	0.063	0.092	0.173	0.032	0.114
0030111012	2011	4	23	113	0.063	0.089	0.176	0.028	0.112
0030111012	2011	4	24	114	0.063	0.08	0.172	0.03	0.115
0030111012	2011	4	25	115	0.06	0.078	0.168	0.031	0.112
0030111012	2011	4	26	116	0.069	0.082	0.165	0.026	0.112
0030111012	2011	4	27	117	0.071	0.076	0.161	0.026	0.112
0030111012	2011	4	28	118	0.079	0.084	0.164	0.028	0.115
0030111012	2011	4	29	119	0.075	0.091	0.167	0.026	0.116
0030111012	2011	4	30	120	0.069	0.1	0.172	0.024	0.116
0030111012	2011	5	1	121	0.063	0.094	0.175	0.026	0.116
0030111012	2011	5	2	122	0.169	0.084	0.161	0.029	0.114
0030111012	2011	5	3	123	0.181	0.17	0.164	0.028	0.116
0030111012	2011	5	4	124	0.182	0.177	0.163	0.028	0.112
0030111012	2011	5	5	125	0.176	0.176	0.17	0.03	0.114
0030111012	2011	5	6	126	0.17	0.175	0.169	0.029	0.114
0030111012	2011	5	7	127	0.158	0.173	0.169	0.03	0.116
0030111012	2011	5	8	128	0.135	0.179	0.174	0.03	0.114
0030111012	2011	5	9	129	0.119	0.174	0.172	0.03	0.112
0030111012	2011	5	10	130	0.107	0.169	0.172	0.027	0.111
0030111012	2011	5	11	131	0.094	0.171	0.177	0.024	0.114
0030111012	2011	5	12	132	0.091	0.163	0.171	0.03	0.111
0030111012	2011	5	13	133	0.09	0.158	0.178	0.032	0.117
0030111012	2011	5	14	134	0.088	0.157	0.179	0.027	0.115
0030111012	2011	5	15	135	0.08	0.149	0.179	0.029	0.116
0030111012	2011	5	16	136	0.079	0.145	0.181	0.028	0.115
0030111012	2011	5	17	137	0.075	0.143	0.181	0.037	0.114
0030111012	2011	5	18	138	0.071	0.133	0.179	0.03	0.116
0030111012	2011	5	19	139	0.071	0.128	0.174	0.033	0.119
0030111012	2011	5	20	140	0.074	0.119	0.17	0.031	0.119
0030111012	2011	5	21	141	0.069	0.119	0.172	0.03	0.116
0030111012	2011	5	22	142	0.071	0.121	0.174	0.027	0.114
0030111012	2011	5	23	143	0.075	0.114	0.18	0.024	0.116
0030111012	2011	5	24	144	0.071	0.112	0.181	0.029	0.114
0030111012	2011	5	25	145	0.07	0.105	0.178	0.029	0.116
0030111012	2011	5	26	146	0.072	0.109	0.179	0.029	0.114
0030111012	2011	5	27	147	0.066	0.109	0.176	0.03	0.114
0030111012	2011	5	28	148	0.073	0.105	0.18	0.033	0.118
0030111012	2011	5	29	149	0.073	0.102	0.185	0.03	0.118
0030111012	2011	5	30	150	0.069	0.103	0.182	0.029	0.116
0030111012	2011	5	31	151	0.066	0.096	0.181	0.032	0.12
0030111012	2011	6	1	152	0.063	0.094	0.18	0.032	0.121
0030111012	2011	6	2	153	0.064	0.099	0.186	0.036	0.119
0030111012	2011	6	3	154	0.071	0.099	0.179	0.03	0.119
0030111012	2011	6	4	155	0.065	0.094	0.183	0.034	0.121
0030111012	2011	6	5	156	0.068	0.098	0.185	0.031	0.119
0030111012	2011	6	6	157	0.068	0.096	0.182	0.035	0.12
0030111012	2011	6	7	158	0.069	0.092	0.185	0.033	0.12
0030111012	2011	6	8	159	0.065	0.094	0.184	0.031	0.122
0030111012	2011	6	9	160	0.065	0.095	0.185	0.033	0.119
0030111012	2011	6	10	161	0.063	0.089	0.18	0.033	0.124
0030111012	2011	6	11	162	0.065	0.09	0.184	0.03	0.123
0030111012	2011	6	12	163	0.061	0.087	0.184	0.028	0.12
0030111012	2011	6	13	164	0.061	0.083	0.182	0.03	0.125
0030111012	2011	6	14	165	0.061	0.086	0.185	0.031	0.123
0030111012	2011	6	15	166	0.061	0.089	0.184	0.03	0.12
0030111012	2011	6	16	167	0.065	0.088	0.188	0.035	0.124
0030111012	2011	6	17	168	0.063	0.093	0.184	0.033	0.119
0030111012	2011	6	18	169	0.061	0.087	0.185	0.034	0.123
0030111012	2011	6	19	170	0.059	0.087	0.185	0.034	0.126
0030111012	2011	6	20	171	0.061	0.089	0.188	0.034	0.121
0030111012	2011	6	21	172	0.057	0.083	0.176	0.034	0.127
0030111012	2011	6	22	173	0.06	0.086	0.178	0.033	0.125
0030111012	2011	6	23	174	0.064	0.089	0.188	0.034	0.124
0030111012	2011	6	24	175	0.061	0.087	0.182	0.034	0.124
0030111012	2011	6	25	176	0.063	0.086	0.185	0.037	0.125
0030111012	2011	6	26	177	0.065	0.089	0.185	0.034	0.127
0030111012	2011	6	27	178	0.061	0.087	0.189	0.034	0.126
0030111012	2011	6	28	179	0.068	0.085	0.19	0.034	0.126
0030111012	2011	6	29	180	0.063	-9999	0.186	0.034	0.124
0030111012	2011	6	30	181	0.063	0.087	0.177	0.037	0.124
0030111012	2011	7	1	182	0.063	0.089	0.182	0.033	0.124
0030111012	2011	7	2	183	0.066	0.085	0.181	0.035	0.129
0030111012	2011	7	3	184	0.063	0.085	0.174	0.03	0.124
0030111012	2011	7	4	185	0.067	0.087	0.178	0.033	0.124
0030111012	2011	7	5	186	0.066	0.087	0.182	0.033	0.124
0030111012	2011	7	6	187	0.066	0.087	0.178	0.035	0.124
0030111012	2011	7	7	188	0.066	0.088	0.184	0.034	0.126
0030111012	2011	7	8	189	0.069	0.087	0.181	0.034	0.124
0030111012	2011	7	9	190	0.067	0.086	0.183	0.034	0.128
0030111012	2011	7	10	191	0.07	0.086	0.177	0.034	0.127
0030111012	2011	7	11	192	0.067	0.087	0.18	0.037	0.127
0030111012	2011	7	12	193	0.066	0.082	0.171	0.034	0.125
0030111012	2011	7	13	194	0.07	0.089	0.178	0.037	0.128
0030111012	2011	7	14	195	0.068	0.089	0.177	0.034	0.128
0030111012	2011	7	15	196	0.066	0.089	0.179	0.034	0.128
0030111012	2011	7	16	197	0.063	0.089	0.179	0.034	0.125
0030111012	2011	7	17	198	0.066	0.087	0.179	0.039	0.123
0030111012	2011	7	18	199	0.067	0.091	0.179	0.037	0.13
0030111012	2011	7	19	200	0.071	0.092	0.18	0.035	0.13
0030111012	2011	7	20	201	0.067	0.09	0.174	0.039	0.127
0030111012	2011	7	21	202	0.062	0.087	0.176	0.036	0.13
0030111012	2011	7	22	203	0.07	0.083	0.175	0.039	0.127
0030111012	2011	7	23	204	0.067	0.086	0.173	0.035	0.121
0030111012	2011	7	24	205	0.069	0.083	0.173	0.037	0.131
0030111012	2011	7	25	206	0.07	0.087	0.168	0.037	0.128
0030111012	2011	7	26	207	0.067	0.083	0.166	0.037	0.131
0030111012	2011	7	27	208	0.189	0.085	0.167	0.041	0.131
0030111012	2011	7	28	209	0.184	0.123	0.161	0.037	0.124
0030111012	2011	7	29	210	0.172	0.136	0.166	0.035	0.13
0030111012	2011	7	30	211	0.157	0.133	0.156	0.035	0.127
0030111012	2011	7	31	212	0.153	0.132	0.161	0.037	0.13
0030111012	2011	8	1	213	-9999	-9999	0.161	0.037	0.125
0030111012	2011	8	2	214	0.229	0.224	0.164	0.033	0.127
0030111012	2011	8	3	215	0.218	0.213	0.169	0.037	0.128
0030111012	2011	8	4	216	0.21	0.21	0.168	0.035	0.124
0030111012	2011	8	5	217	0.198	0.202	0.173	0.034	0.124
0030111012	2011	8	6	218	0.197	0.199	0.168	0.037	0.13
0030111012	2011	8	7	219	0.18	0.195	0.18	0.037	0.126
0030111012	2011	8	8	220	0.155	0.185	0.179	0.033	0.126
0030111012	2011	8	9	221	0.122	0.174	0.187	0.033	0.126
0030111012	2011	8	10	222	0.103	0.164	0.187	0.033	0.126
0030111012	2011	8	11	223	0.095	0.159	0.192	0.037	0.126
0030111012	2011	8	12	224	0.093	0.151	0.192	0.031	0.126
0030111012	2011	8	13	225	0.091	0.145	0.192	0.037	0.13
0030111012	2011	8	14	226	0.088	0.137	0.182	0.037	0.126
0030111012	2011	8	15	227	0.091	0.138	0.185	0.034	0.13
0030111012	2011	8	16	228	0.087	0.133	0.194	0.03	0.126
0030111012	2011	8	17	229	0.08	0.136	0.193	0.035	0.13
0030111012	2011	8	18	230	0.078	0.128	0.198	0.03	0.126
0030111012	2011	8	19	231	0.082	0.12	0.189	0.033	0.124
0030111012	2011	8	20	232	0.08	0.114	0.189	0.033	0.124
0030111012	2011	8	21	233	0.078	0.116	0.19	0.037	0.124
0030111012	2011	8	22	234	0.123	0.112	0.186	0.034	0.124
0030111012	2011	8	23	235	0.147	0.114	0.183	0.034	0.13
0030111012	2011	8	24	236	0.151	0.127	0.185	0.037	0.122
0030111012	2011	8	25	237	0.135	0.134	0.186	0.034	0.128
0030111012	2011	8	26	238	0.109	0.132	0.186	0.035	0.125
0030111012	2011	8	27	239	0.097	0.138	0.194	0.031	0.125
0030111012	2011	8	28	240	0.082	0.138	0.198	0.03	0.123
0030111012	2011	8	29	241	0.084	0.131	0.194	0.035	0.126
0030111012	2011	8	30	242	0.101	0.126	0.189	0.03	0.126
0030111012	2011	8	31	243	0.106	0.127	0.189	0.035	0.126
0030111012	2011	9	1	244	0.09	0.128	0.191	0.034	0.123
0030111012	2011	9	2	245	0.085	0.129	0.191	0.035	0.125
0030111012	2011	9	3	246	0.086	0.126	0.187	0.034	0.128
0030111012	2011	9	4	247	0.083	0.126	0.183	0.037	0.124
0030111012	2011	9	5	248	0.079	0.122	0.182	0.031	0.126
0030111012	2011	9	6	249	0.079	0.12	0.182	0.035	0.126
0030111012	2011	9	7	250	0.081	0.119	0.184	0.035	0.126
0030111012	2011	9	8	251	0.079	0.114	0.185	0.032	0.121
0030111012	2011	9	9	252	0.077	0.114	0.18	0.032	0.121
0030111012	2011	9	10	253	0.08	0.106	0.174	0.029	0.123
0030111012	2011	9	11	254	0.214	0.208	0.167	0.026	0.123
0030111012	2011	9	12	255	0.202	0.203	0.175	0.031	0.12
0030111012	2011	9	13	256	0.196	0.193	0.174	0.031	0.12
0030111012	2011	9	14	257	0.189	0.187	0.174	0.028	0.124
0030111012	2011	9	15	258	0.217	0.212	0.173	0.028	0.124
0030111012	2011	9	16	259	0.242	-9999	0.166	0.031	0.119
0030111012	2011	9	17	260	0.228	0.23	0.168	0.03	0.118
0030111012	2011	9	18	261	0.213	0.214	0.166	0.028	0.117
0030111012	2011	9	19	262	0.204	0.207	0.178	0.028	0.119
0030111012	2011	9	20	263	0.198	0.197	0.17	0.028	0.121
0030111012	2011	9	21	264	0.185	0.189	0.18	0.028	0.119
0030111012	2011	9	22	265	0.167	0.178	0.18	0.028	0.121
0030111012	2011	9	23	266	0.155	0.169	0.181	0.028	0.122
0030111012	2011	9	24	267	0.134	0.158	0.183	0.028	0.122
0030111012	2011	9	25	268	0.115	0.15	0.182	0.028	0.12
0030111012	2011	9	26	269	0.099	0.147	0.187	0.028	0.12
0030111012	2011	9	27	270	0.09	0.14	0.187	0.03	0.12
0030111012	2011	9	28	271	0.081	0.14	0.188	0.03	0.12
0030111012	2011	9	29	272	0.082	0.133	0.182	0.028	0.116
0030111012	2011	9	30	273	-9999	-9999	-9999	-9999	-9999
0030111012	2011	10	1	274	0.073	0.124	0.174	0.028	0.123
0030111012	2011	10	2	275	0.069	0.126	0.184	0.03	0.116
0030111012	2011	10	3	276	0.073	0.119	0.178	0.032	0.116
0030111012	2011	10	4	277	0.073	0.117	0.172	0.028	0.118
0030111012	2011	10	5	278	0.208	0.125	0.172	0.028	0.12
0030111012	2011	10	6	279	0.198	0.185	0.173	0.03	0.119
0030111012	2011	10	7	280	0.185	0.18	0.166	0.028	0.119
0030111012	2011	10	8	281	-9999	-9999	0.163	0.029	0.119
0030111012	2011	10	9	282	0.219	0.215	0.163	0.026	0.116
0030111012	2011	10	10	283	0.207	0.204	0.166	0.022	0.113
0030111012	2011	10	11	284	0.202	0.197	0.161	0.024	0.117
0030111012	2011	10	12	285	0.193	0.191	0.165	0.024	0.114
0030111012	2011	10	13	286	0.179	0.183	0.166	0.024	0.117
0030111012	2011	10	14	287	0.173	0.179	0.16	0.024	0.115
0030111012	2011	10	15	288	0.162	0.174	0.165	0.026	0.112
0030111012	2011	10	16	289	0.151	0.167	0.171	0.024	0.116
0030111012	2011	10	17	290	0.143	0.16	0.166	0.024	0.114
0030111012	2011	10	18	291	0.125	0.154	0.165	0.024	0.114
0030111012	2011	10	19	292	0.114	0.149	0.163	0.024	0.116
0030111012	2011	10	20	293	0.105	0.141	0.167	0.021	0.114
0030111012	2011	10	21	294	0.094	0.138	0.162	0.021	0.114
0030111012	2011	10	22	295	0.088	0.136	0.168	0.024	0.112
0030111012	2011	10	23	296	0.085	0.131	0.163	0.024	0.114
0030111012	2011	10	24	297	0.08	0.13	0.163	0.027	0.11
0030111012	2011	10	25	298	0.08	0.134	0.168	0.027	0.112
0030111012	2011	10	26	299	0.08	0.13	0.165	0.024	0.112
0030111012	2011	10	27	300	0.223	0.168	0.159	0.024	0.111
0030111012	2011	10	28	301	0.201	0.199	0.16	0.026	0.111
0030111012	2011	10	29	302	0.192	0.189	0.158	0.029	0.112
0030111012	2011	10	30	303	0.187	0.184	0.16	0.026	0.111
0030111012	2011	10	31	304	0.182	0.177	0.16	0.025	0.113
0030111012	2011	11	1	305	0.174	0.174	0.157	0.024	0.113
0030111012	2011	11	2	306	0.168	0.167	0.154	0.026	0.111
0030111012	2011	11	3	307	0.16	0.161	0.149	0.025	0.113
0030111012	2011	11	4	308	0.156	0.159	0.153	0.022	0.111
0030111012	2011	11	5	309	0.157	0.16	0.155	0.026	0.111
0030111012	2011	11	6	310	0.147	0.156	0.154	0.026	0.108
0030111012	2011	11	7	311	0.144	0.154	0.152	0.028	0.108
0030111012	2011	11	8	312	0.141	0.158	0.153	0.027	0.104
0030111012	2011	11	9	313	0.14	0.146	0.146	0.024	0.106
0030111012	2011	11	10	314	0.14	0.147	0.149	0.024	0.108
0030111012	2011	11	11	315	0.146	0.149	0.15	0.022	0.106
0030111012	2011	11	12	316	0.146	0.15	0.148	0.02	0.107
0030111012	2011	11	13	317	0.147	0.153	0.152	0.018	0.106
0030111012	2011	11	14	318	0.149	0.153	0.149	0.022	0.101
0030111012	2011	11	15	319	0.148	0.15	0.152	0.026	0.103
0030111012	2011	11	16	320	0.152	0.151	0.152	0.022	0.102
0030111012	2011	11	17	321	0.146	0.153	0.147	0.025	0.102
0030111012	2011	11	18	322	0.147	0.151	0.147	0.025	0.107
0030111012	2011	11	19	323	0.144	0.151	0.152	0.02	0.109
0030111012	2011	11	20	324	0.143	0.149	0.15	0.02	0.101
0030111012	2011	11	21	325	0.137	0.152	0.146	0.022	0.107
0030111012	2011	11	22	326	0.139	0.148	0.152	0.02	0.101
0030111012	2011	11	23	327	0.133	0.148	0.152	0.025	0.1
0030111012	2011	11	24	328	0.125	0.144	0.153	0.018	0.103
0030111012	2011	11	25	329	0.123	0.143	0.152	0.02	0.103
0030111012	2011	11	26	330	0.182	0.161	0.149	0.018	0.099
0030111012	2011	11	27	331	0.171	0.167	0.146	0.02	0.105
0030111012	2011	11	28	332	0.174	0.165	0.141	0.023	0.105
0030111012	2011	11	29	333	0.168	0.166	0.146	0.022	0.103
0030111012	2011	11	30	334	0.165	0.166	0.147	0.023	0.101
0030111012	2011	12	1	335	0.165	0.163	0.146	0.022	0.098
0030111012	2011	12	2	336	0.159	0.164	0.143	0.029	0.101
0030111012	2011	12	3	337	0.16	0.166	0.149	0.029	0.096
0030111012	2011	12	4	338	0.198	0.193	0.144	0.029	0.101
0030111012	2011	12	5	339	0.199	0.198	0.147	0.025	0.104
0030111012	2011	12	6	340	0.199	0.194	0.138	0.024	-9999
0030111012	2011	12	7	341	0.191	0.193	0.143	0.02	0.098
0030111012	2011	12	8	342	0.191	0.188	0.139	0.02	0.1
0030111012	2011	12	9	343	0.175	0.182	0.142	0.022	0.1
0030111012	2011	12	10	344	0.12	0.174	0.142	0.017	0.101
0030111012	2011	12	11	345	0.11	0.149	0.137	0.017	0.097
0030111012	2011	12	12	346	0.105	0.113	0.14	0.02	0.099
0030111012	2011	12	13	347	0.131	0.124	0.14	0.025	0.1
0030111012	2011	12	14	348	0.198	0.211	0.138	0.02	0.097
0030111012	2011	12	15	349	0.228	0.233	0.153	0.02	0.097
0030111012	2011	12	16	350	0.203	0.213	0.21	0.02	0.098
0030111012	2011	12	17	351	0.168	0.202	0.216	0.02	0.098
0030111012	2011	12	18	352	0.18	0.172	0.217	0.025	0.098
0030111012	2011	12	19	353	0.244	0.162	0.211	0.02	0.095
0030111012	2011	12	20	354	0.219	0.189	0.214	0.02	0.101
0030111012	2011	12	21	355	0.257	0.194	0.214	0.02	0.098
0030111012	2011	12	22	356	0.248	0.229	0.22	0.022	0.101
0030111012	2011	12	23	357	0.238	0.223	0.223	0.02	0.095
0030111012	2011	12	24	358	0.175	0.203	0.222	0.02	0.097
0030111012	2011	12	25	359	0.193	0.168	0.216	0.02	0.093
0030111012	2011	12	26	360	0.185	0.162	0.216	0.022	0.097
0030111012	2011	12	27	361	0.192	0.158	0.211	0.022	0.095
0030111012	2011	12	28	362	0.17	0.152	0.21	0.022	0.097
0030111012	2011	12	29	363	0.186	0.151	0.212	0.018	0.099
0030111012	2011	12	30	364	0.199	0.197	0.21	-9999	0.096
0030111012	2011	12	31	365	0.198	0.21	0.209	0.025	0.096
0030111012	2012	1	1	1	0.195	0.2	0.209	0.022	0.096
0030111012	2012	1	2	2	0.184	0.199	0.21	0.022	0.093
0030111012	2012	1	3	3	0.174	0.194	0.21	0.022	0.093
0030111012	2012	1	4	4	0.186	0.192	0.207	-9999	0.098
0030111012	2012	1	5	5	0.177	0.193	0.208	0.022	0.098
0030111012	2012	1	6	6	0.177	0.19	0.21	0.022	0.098
0030111012	2012	1	7	7	0.177	0.191	0.21	-9999	0.098
0030111012	2012	1	8	8	0.18	0.191	0.21	0.022	0.092
0030111012	2012	1	9	9	0.178	0.191	0.21	0.022	0.095
0030111012	2012	1	10	10	0.182	0.189	0.206	0.022	0.093
0030111012	2012	1	11	11	0.174	0.189	0.21	0.022	0.1
0030111012	2012	1	12	12	0.176	0.186	0.21	0.022	0.095
0030111012	2012	1	13	13	0.172	0.185	0.21	0.015	0.095
0030111012	2012	1	14	14	0.169	0.182	0.206	0.015	0.095
0030111012	2012	1	15	15	0.167	0.178	0.212	0.018	0.096
0030111012	2012	1	16	16	0.164	0.174	0.21	0.015	0.09
0030111012	2012	1	17	17	0.162	0.183	0.204	0.015	0.094
0030111012	2012	1	18	18	0.17	0.18	0.211	-9999	0.092
0030111012	2012	1	19	19	0.166	0.183	0.204	0.025	0.094
0030111012	2012	1	20	20	0.17	0.18	0.21	0.022	0.1
0030111012	2012	1	21	21	0.165	0.178	0.208	0.022	0.094
0030111012	2012	1	22	22	0.169	0.181	0.209	0.022	0.094
0030111012	2012	1	23	23	0.166	0.178	0.209	0.02	0.094
0030111012	2012	1	24	24	0.161	0.177	0.208	0.02	0.094
0030111012	2012	1	25	25	0.163	0.18	0.212	0.025	0.096
0030111012	2012	1	26	26	0.162	0.175	0.214	0.022	-9999
0030111012	2012	1	27	27	0.16	0.181	0.214	0.022	0.095
0030111012	2012	1	28	28	0.152	0.176	0.21	0.02	0.095
0030111012	2012	1	29	29	0.148	0.174	0.208	0.02	0.092
0030111012	2012	1	30	30	0.147	0.176	0.21	0.026	0.098
0030111012	2012	1	31	31	0.144	0.173	0.212	0.026	0.096
0030111012	2012	2	1	32	0.142	0.175	0.21	0.026	0.097
0030111012	2012	2	2	33	0.139	0.175	0.211	0.026	0.096
0030111012	2012	2	3	34	0.135	0.17	0.21	0.024	0.096
0030111012	2012	2	4	35	0.127	0.175	0.206	0.024	0.095
0030111012	2012	2	5	36	0.13	0.174	0.212	0.024	0.096
0030111012	2012	2	6	37	0.13	0.175	0.21	0.029	0.099
0030111012	2012	2	7	38	0.13	0.172	0.21	0.025	0.099
0030111012	2012	2	8	39	0.128	0.17	0.207	0.025	0.099
0030111012	2012	2	9	40	0.132	0.177	0.213	0.021	0.093
0030111012	2012	2	10	41	0.122	0.174	0.208	0.022	0.099
0030111012	2012	2	11	42	0.12	0.173	0.207	0.02	0.099
0030111012	2012	2	12	43	0.111	0.169	0.204	0.02	0.099
0030111012	2012	2	13	44	0.112	0.165	0.204	0.022	0.103
0030111012	2012	2	14	45	0.115	0.169	0.206	0.02	0.097
0030111012	2012	2	15	46	0.113	0.168	0.21	0.022	0.101
0030111012	2012	2	16	47	0.112	0.168	0.21	0.018	0.095
0030111012	2012	2	17	48	0.113	0.166	0.203	0.02	0.101
0030111012	2012	2	18	49	0.125	0.166	0.206	0.018	0.101
0030111012	2012	2	19	50	0.121	0.164	0.208	0.018	0.101
0030111012	2012	2	20	51	0.121	0.168	0.202	0.02	0.101
0030111012	2012	2	21	52	0.115	0.163	0.204	0.022	0.101
0030111012	2012	2	22	53	0.112	0.165	0.202	0.022	0.101
0030111012	2012	2	23	54	0.109	0.165	0.207	0.02	0.101
0030111012	2012	2	24	55	0.101	0.161	0.205	0.023	0.101
0030111012	2012	2	25	56	0.097	0.163	0.203	0.023	0.101
0030111012	2012	2	26	57	0.091	0.161	0.207	0.023	0.101
0030111012	2012	2	27	58	0.089	0.159	0.205	0.026	0.101
0030111012	2012	2	28	59	0.084	0.162	0.207	0.02	0.095
0030111012	2012	2	29	60	0.082	0.163	0.203	0.024	0.098
0030111012	2012	3	1	61	0.084	0.155	0.202	0.024	0.098
0030111012	2012	3	2	62	0.074	0.158	0.206	0.024	0.101
0030111012	2012	3	3	63	0.074	0.154	0.206	0.024	0.099
0030111012	2012	3	4	64	0.078	0.15	0.199	0.024	0.099
0030111012	2012	3	5	65	0.077	0.153	0.201	0.024	0.1
0030111012	2012	3	6	66	0.077	0.155	0.206	0.026	0.099
0030111012	2012	3	7	67	0.074	0.149	0.201	0.02	0.097
0030111012	2012	3	8	68	0.072	0.149	0.199	0.024	0.098
0030111012	2012	3	9	69	0.069	0.146	0.195	0.02	0.097
0030111012	2012	3	10	70	0.068	0.143	0.196	0.022	0.099
0030111012	2012	3	11	71	0.076	0.14	0.196	0.02	0.098
0030111012	2012	3	12	72	0.079	0.143	0.199	0.022	0.098
0030111012	2012	3	13	73	0.078	0.135	0.196	0.029	0.1
0030111012	2012	3	14	74	0.074	0.136	0.194	0.029	0.098
0030111012	2012	3	15	75	0.068	0.136	0.193	-9999	0.104
0030111012	2012	3	16	76	0.069	0.134	0.191	0.031	0.106
0030111012	2012	3	17	77	0.064	0.127	0.191	-9999	0.1
0030111012	2012	3	18	78	0.062	0.125	0.188	-9999	0.106
0030111012	2012	3	19	79	0.067	0.125	0.182	0.022	0.105
0030111012	2012	3	20	80	0.062	0.118	0.178	-9999	0.103
0030111012	2012	3	21	81	0.06	0.118	0.179	-9999	0.103
0030111012	2012	3	22	82	0.06	0.121	0.178	-9999	0.101
0030111012	2012	3	23	83	0.062	0.121	0.181	-9999	0.101
0030111012	2012	3	24	84	0.057	0.122	0.184	-9999	0.105
0030111012	2012	3	25	85	0.064	0.122	0.181	-9999	0.1
0030111012	2012	3	26	86	0.06	0.12	0.184	0.024	0.105
0030111012	2012	3	27	87	0.06	0.113	0.177	0.026	0.107
0030111012	2012	3	28	88	0.06	0.116	-9999	-9999	0.105
0030111012	2012	3	29	89	0.058	0.114	-9999	-9999	0.109
0030111012	2012	3	30	90	0.058	0.113	0.176	-9999	0.102
0030111012	2012	3	31	91	0.058	0.107	0.175	-9999	0.104
0030111012	2012	4	1	92	0.059	0.11	0.175	-9999	0.103
0030111012	2012	4	2	93	0.056	0.107	0.177	-9999	0.108
0030111012	2012	4	3	94	0.207	0.203	0.165	0.028	0.106
0030111012	2012	4	4	95	0.203	0.216	0.164	0.031	0.11
0030111012	2012	4	5	96	0.195	0.205	0.165	0.026	0.103
0030111012	2012	4	6	97	0.189	0.203	0.171	0.026	0.106
0030111012	2012	4	7	98	0.184	0.195	0.17	0.031	0.106
0030111012	2012	4	8	99	0.177	0.189	0.172	0.031	0.106
0030111012	2012	4	9	100	0.165	0.184	0.168	0.033	0.106
0030111012	2012	4	10	101	0.147	0.177	0.174	0.028	0.103
0030111012	2012	4	11	102	0.139	0.169	0.175	0.028	0.11
0030111012	2012	4	12	103	0.122	0.162	0.176	0.033	0.109
0030111012	2012	4	13	104	0.106	0.145	0.177	0.029	0.106
0030111012	2012	4	14	105	0.092	0.14	0.177	0.033	0.108
0030111012	2012	4	15	106	0.08	0.136	0.172	0.033	0.11
0030111012	2012	4	16	107	0.074	0.126	0.168	0.03	0.11
0030111012	2012	4	17	108	0.074	0.128	0.17	-9999	0.11
0030111012	2012	4	18	109	0.072	0.13	0.171	0.033	0.11
0030111012	2012	4	19	110	0.072	0.127	0.172	0.028	0.11
0030111012	2012	4	20	111	0.068	0.128	0.173	0.033	0.11
0030111012	2012	4	21	112	0.069	0.122	0.172	0.033	0.108
0030111012	2012	4	22	113	0.06	0.128	0.175	0.024	0.114
0030111012	2012	4	23	114	0.066	0.121	0.176	0.026	0.111
0030111012	2012	4	24	115	0.06	0.118	0.174	0.031	0.107
0030111012	2012	4	25	116	0.059	0.111	0.175	0.032	0.111
0030111012	2012	4	26	117	0.059	0.111	0.168	0.028	0.107
0030111012	2012	4	27	118	0.062	0.103	0.173	0.03	0.11
0030111012	2012	4	28	119	0.059	0.102	0.168	0.03	0.111
0030111012	2012	4	29	120	0.062	0.098	0.168	0.031	0.114
0030111012	2012	4	30	121	0.056	0.099	0.168	0.031	0.111
0030111012	2012	5	1	122	0.058	0.101	0.164	0.031	0.111
0030111012	2012	5	2	123	0.056	0.102	0.168	0.031	0.108
0030111012	2012	5	3	124	0.059	0.1	0.169	0.028	0.111
0030111012	2012	5	4	125	0.057	0.1	0.164	-9999	0.112
0030111012	2012	5	5	126	-9999	0.096	0.167	0.03	0.115
0030111012	2012	5	6	127	0.055	0.096	0.167	-9999	0.11
0030111012	2012	5	7	128	0.056	0.096	0.161	0.028	0.115
0030111012	2012	5	8	129	0.059	0.093	0.163	0.033	0.112
0030111012	2012	5	9	130	0.055	0.093	0.163	0.03	0.116
0030111012	2012	5	10	131	0.057	0.092	0.168	0.028	0.112
0030111012	2012	5	11	132	0.059	0.098	0.169	0.031	0.116
0030111012	2012	5	12	133	0.057	0.093	0.159	0.027	0.116
0030111012	2012	5	13	134	0.056	0.095	0.163	0.028	0.114
0030111012	2012	5	14	135	0.062	0.088	0.157	0.032	0.114
0030111012	2012	5	15	136	0.061	0.091	0.163	0.031	0.115
0030111012	2012	5	16	137	0.055	0.094	0.165	0.031	0.116
0030111012	2012	5	17	138	0.062	0.096	0.167	0.03	0.116
0030111012	2012	5	18	139	0.054	0.093	0.169	0.031	0.113
0030111012	2012	5	19	140	0.057	0.093	0.163	0.027	0.115
0030111012	2012	5	20	141	0.053	0.094	0.164	0.031	0.113
0030111012	2012	5	21	142	0.057	0.097	0.166	0.024	0.115
0030111012	2012	5	22	143	0.055	0.095	0.166	0.029	0.117
0030111012	2012	5	23	144	0.058	0.098	0.167	0.033	0.115
0030111012	2012	5	24	145	0.054	0.094	0.167	0.03	0.114
0030111012	2012	5	25	146	0.057	0.095	0.168	0.031	0.118
0030111012	2012	5	26	147	0.057	0.092	0.162	0.031	0.118
0030111012	2012	5	27	148	0.057	0.091	0.166	0.031	0.115
0030111012	2012	5	28	149	0.049	0.088	0.169	0.031	0.12
0030111012	2012	5	29	150	0.049	0.086	0.164	0.033	0.12
0030111012	2012	5	30	151	0.053	0.093	0.165	0.031	0.115
0030111012	2012	5	31	152	0.056	0.09	0.167	0.031	0.118
0030111012	2012	6	1	153	0.053	0.09	0.163	0.029	0.116
0030111012	2012	6	2	154	-9999	-9999	-9999	-9999	-9999
0030111012	2012	6	3	155	-9999	-9999	-9999	-9999	-9999
0030111012	2012	6	4	156	-9999	-9999	-9999	-9999	-9999
0030111012	2012	6	5	157	-9999	-9999	-9999	-9999	-9999
0030111012	2012	6	6	158	-9999	-9999	-9999	-9999	-9999
0030111012	2012	6	7	159	-9999	-9999	-9999	-9999	-9999
0030111012	2012	6	8	160	-9999	-9999	-9999	-9999	-9999
0030111012	2012	6	9	161	-9999	-9999	-9999	-9999	-9999
0030111012	2012	6	10	162	-9999	-9999	-9999	-9999	-9999
0030111012	2012	6	11	163	-9999	-9999	-9999	-9999	-9999
0030111012	2012	6	12	164	-9999	-9999	-9999	-9999	-9999
0030111012	2012	6	13	165	-9999	-9999	-9999	-9999	-9999
0030111012	2012	6	14	166	-9999	-9999	-9999	-9999	-9999
0030111012	2012	6	15	167	-9999	-9999	-9999	-9999	-9999
0030111012	2012	6	16	168	-9999	-9999	-9999	-9999	-9999
0030111012	2012	6	17	169	-9999	-9999	-9999	-9999	-9999
0030111012	2012	6	18	170	-9999	-9999	-9999	-9999	-9999
0030111012	2012	6	19	171	-9999	-9999	-9999	-9999	-9999
0030111012	2012	6	20	172	-9999	-9999	-9999	-9999	-9999
0030111012	2012	6	21	173	-9999	-9999	-9999	-9999	-9999
0030111012	2012	6	22	174	-9999	-9999	-9999	-9999	-9999
0030111012	2012	6	23	175	-9999	-9999	-9999	-9999	-9999
0030111012	2012	6	24	176	-9999	-9999	-9999	-9999	-9999
0030111012	2012	6	25	177	-9999	-9999	-9999	-9999	-9999
0030111012	2012	6	26	178	-9999	-9999	-9999	-9999	-9999
0030111012	2012	6	27	179	-9999	-9999	-9999	-9999	-9999
0030111012	2012	6	28	180	-9999	-9999	-9999	-9999	-9999
0030111012	2012	6	29	181	-9999	-9999	-9999	-9999	-9999
0030111012	2012	6	30	182	-9999	-9999	-9999	-9999	-9999
0030111012	2012	7	1	183	-9999	-9999	-9999	-9999	-9999
0030111012	2012	7	2	184	-9999	-9999	-9999	-9999	-9999
0030111012	2012	7	3	185	-9999	-9999	-9999	-9999	-9999
0030111012	2012	7	4	186	-9999	-9999	-9999	-9999	-9999
0030111012	2012	7	5	187	-9999	-9999	-9999	-9999	-9999
0030111012	2012	7	6	188	-9999	-9999	-9999	-9999	-9999
0030111012	2012	7	7	189	-9999	-9999	-9999	-9999	-9999
0030111012	2012	7	8	190	-9999	-9999	-9999	-9999	-9999
0030111012	2012	7	9	191	-9999	-9999	-9999	-9999	-9999
0030111012	2012	7	10	192	-9999	-9999	-9999	-9999	-9999
0030111012	2012	7	11	193	-9999	-9999	-9999	-9999	-9999
0030111012	2012	7	12	194	-9999	-9999	-9999	-9999	-9999
0030111012	2012	7	13	195	-9999	-9999	-9999	-9999	-9999
0030111012	2012	7	14	196	-9999	-9999	-9999	-9999	-9999
0030111012	2012	7	15	197	-9999	-9999	-9999	-9999	-9999
0030111012	2012	7	16	198	-9999	-9999	-9999	-9999	-9999
0030111012	2012	7	17	199	-9999	-9999	-9999	-9999	-9999
0030111012	2012	7	18	200	-9999	-9999	-9999	-9999	-9999
0030111012	2012	7	19	201	-9999	-9999	-9999	-9999	-9999
0030111012	2012	7	20	202	-9999	-9999	-9999	-9999	-9999
0030111012	2012	7	21	203	-9999	-9999	-9999	-9999	-9999
0030111012	2012	7	22	204	-9999	-9999	-9999	-9999	-9999
0030111012	2012	7	23	205	-9999	-9999	-9999	-9999	-9999
0030111012	2012	7	24	206	-9999	-9999	-9999	-9999	-9999
0030111012	2012	7	25	207	-9999	-9999	-9999	-9999	-9999
0030111012	2012	7	26	208	-9999	-9999	-9999	-9999	-9999
0030111012	2012	7	27	209	-9999	-9999	-9999	-9999	-9999
0030111012	2012	7	28	210	-9999	-9999	-9999	-9999	-9999
0030111012	2012	7	29	211	-9999	-9999	-9999	-9999	-9999
0030111012	2012	7	30	212	-9999	-9999	-9999	-9999	-9999
0030111012	2012	7	31	213	-9999	-9999	-9999	-9999	-9999
0030111012	2012	8	1	214	-9999	-9999	-9999	-9999	-9999
0030111012	2012	8	2	215	-9999	-9999	-9999	-9999	-9999
0030111012	2012	8	3	216	-9999	-9999	-9999	-9999	-9999
0030111012	2012	8	4	217	-9999	-9999	-9999	-9999	-9999
0030111012	2012	8	5	218	-9999	-9999	-9999	-9999	-9999
0030111012	2012	8	6	219	-9999	-9999	-9999	-9999	-9999
0030111012	2012	8	7	220	-9999	-9999	-9999	-9999	-9999
0030111012	2012	8	8	221	-9999	-9999	-9999	-9999	-9999
0030111012	2012	8	9	222	-9999	-9999	-9999	-9999	-9999
0030111012	2012	8	10	223	-9999	-9999	-9999	-9999	-9999
0030111012	2012	8	11	224	-9999	-9999	-9999	-9999	-9999
0030111012	2012	8	12	225	-9999	-9999	-9999	-9999	-9999
0030111012	2012	8	13	226	-9999	-9999	-9999	-9999	-9999
0030111012	2012	8	14	227	-9999	-9999	-9999	-9999	-9999
0030111012	2012	8	15	228	-9999	-9999	-9999	-9999	-9999
0030111012	2012	8	16	229	-9999	-9999	-9999	-9999	-9999
0030111012	2012	8	17	230	-9999	-9999	-9999	-9999	-9999
0030111012	2012	8	18	231	-9999	-9999	-9999	-9999	-9999
0030111012	2012	8	19	232	-9999	-9999	-9999	-9999	-9999
0030111012	2012	8	20	233	-9999	-9999	-9999	-9999	-9999
0030111012	2012	8	21	234	-9999	-9999	-9999	-9999	-9999
0030111012	2012	8	22	235	-9999	-9999	-9999	-9999	-9999
0030111012	2012	8	23	236	-9999	-9999	-9999	-9999	-9999
0030111012	2012	8	24	237	-9999	-9999	-9999	-9999	-9999
0030111012	2012	8	25	238	-9999	-9999	-9999	-9999	-9999
0030111012	2012	8	26	239	-9999	-9999	-9999	-9999	-9999
0030111012	2012	8	27	240	-9999	-9999	-9999	-9999	-9999
0030111012	2012	8	28	241	-9999	-9999	-9999	-9999	-9999
0030111012	2012	8	29	242	-9999	-9999	-9999	-9999	-9999
0030111012	2012	8	30	243	-9999	-9999	-9999	-9999	-9999
0030111012	2012	8	31	244	-9999	-9999	-9999	-9999	-9999
0030111012	2012	9	1	245	-9999	-9999	-9999	-9999	-9999
0030111012	2012	9	2	246	-9999	-9999	-9999	-9999	-9999
0030111012	2012	9	3	247	-9999	-9999	-9999	-9999	-9999
0030111012	2012	9	4	248	-9999	-9999	-9999	-9999	-9999
0030111012	2012	9	5	249	-9999	-9999	-9999	-9999	-9999
0030111012	2012	9	6	250	-9999	-9999	-9999	-9999	-9999
0030111012	2012	9	7	251	-9999	-9999	-9999	-9999	-9999
0030111012	2012	9	8	252	-9999	-9999	-9999	-9999	-9999
0030111012	2012	9	9	253	-9999	-9999	-9999	-9999	-9999
0030111012	2012	9	10	254	-9999	-9999	-9999	-9999	-9999
0030111012	2012	9	11	255	-9999	-9999	-9999	-9999	-9999
0030111012	2012	9	12	256	-9999	-9999	-9999	-9999	-9999
0030111012	2012	9	13	257	-9999	-9999	-9999	-9999	-9999
0030111012	2012	9	14	258	-9999	-9999	-9999	-9999	-9999
0030111012	2012	9	15	259	-9999	-9999	-9999	-9999	-9999
0030111012	2012	9	16	260	-9999	-9999	-9999	-9999	-9999
0030111012	2012	9	17	261	-9999	-9999	-9999	-9999	-9999
0030111012	2012	9	18	262	-9999	-9999	-9999	-9999	-9999
0030111012	2012	9	19	263	-9999	-9999	-9999	-9999	-9999
0030111012	2012	9	20	264	-9999	-9999	-9999	-9999	-9999
0030111012	2012	9	21	265	-9999	-9999	-9999	-9999	-9999
0030111012	2012	9	22	266	-9999	-9999	-9999	-9999	-9999
0030111012	2012	9	23	267	-9999	-9999	-9999	-9999	-9999
0030111012	2012	9	24	268	-9999	-9999	-9999	-9999	-9999
0030111012	2012	9	25	269	-9999	-9999	-9999	-9999	-9999
0030111012	2012	9	26	270	-9999	-9999	-9999	-9999	-9999
0030111012	2012	9	27	271	-9999	-9999	-9999	-9999	-9999
0030111012	2012	9	28	272	-9999	-9999	-9999	-9999	-9999
0030111012	2012	9	29	273	-9999	-9999	-9999	-9999	-9999
0030111012	2012	9	30	274	-9999	-9999	-9999	-9999	-9999
0030111012	2012	10	1	275	-9999	-9999	-9999	-9999	-9999
0030111012	2012	10	2	276	-9999	-9999	-9999	-9999	-9999
0030111012	2012	10	3	277	-9999	-9999	-9999	-9999	-9999
0030111012	2012	10	4	278	-9999	-9999	-9999	-9999	-9999
0030111012	2012	10	5	279	-9999	-9999	-9999	-9999	-9999
0030111012	2012	10	6	280	-9999	-9999	-9999	-9999	-9999
0030111012	2012	10	7	281	-9999	-9999	-9999	-9999	-9999
0030111012	2012	10	8	282	-9999	-9999	-9999	-9999	-9999
0030111012	2012	10	9	283	-9999	-9999	-9999	-9999	-9999
0030111012	2012	10	10	284	-9999	-9999	-9999	-9999	-9999
0030111012	2012	10	11	285	-9999	-9999	-9999	-9999	-9999
0030111012	2012	10	12	286	-9999	-9999	-9999	-9999	-9999
0030111012	2012	10	13	287	-9999	-9999	-9999	-9999	-9999
0030111012	2012	10	14	288	-9999	-9999	-9999	-9999	-9999
0030111012	2012	10	15	289	-9999	-9999	-9999	-9999	-9999
0030111012	2012	10	16	290	-9999	-9999	-9999	-9999	-9999
0030111012	2012	10	17	291	-9999	-9999	-9999	-9999	-9999
0030111012	2012	10	18	292	-9999	-9999	-9999	-9999	-9999
0030111012	2012	10	19	293	-9999	-9999	-9999	-9999	-9999
0030111012	2012	10	20	294	-9999	-9999	-9999	-9999	-9999
0030111012	2012	10	21	295	-9999	-9999	-9999	-9999	-9999
0030111012	2012	10	22	296	-9999	-9999	-9999	-9999	-9999
0030111012	2012	10	23	297	-9999	-9999	-9999	-9999	-9999
0030111012	2012	10	24	298	-9999	-9999	-9999	-9999	-9999
0030111012	2012	10	25	299	-9999	-9999	-9999	-9999	-9999
0030111012	2012	10	26	300	-9999	-9999	-9999	-9999	-9999
0030111012	2012	10	27	301	-9999	-9999	-9999	-9999	-9999
0030111012	2012	10	28	302	-9999	-9999	-9999	-9999	-9999
0030111012	2012	10	29	303	-9999	-9999	-9999	-9999	-9999
0030111012	2012	10	30	304	-9999	-9999	-9999	-9999	-9999
0030111012	2012	10	31	305	-9999	-9999	-9999	-9999	-9999
0030111012	2012	11	1	306	-9999	-9999	-9999	-9999	-9999
0030111012	2012	11	2	307	-9999	-9999	-9999	-9999	-9999
0030111012	2012	11	3	308	-9999	-9999	-9999	-9999	-9999
0030111012	2012	11	4	309	-9999	-9999	-9999	-9999	-9999
0030111012	2012	11	5	310	-9999	-9999	-9999	-9999	-9999
0030111012	2012	11	6	311	-9999	-9999	-9999	-9999	-9999
0030111012	2012	11	7	312	-9999	-9999	-9999	-9999	-9999
0030111012	2012	11	8	313	-9999	-9999	-9999	-9999	-9999
0030111012	2012	11	9	314	-9999	-9999	-9999	-9999	-9999
0030111012	2012	11	10	315	-9999	-9999	-9999	-9999	-9999
0030111012	2012	11	11	316	-9999	-9999	-9999	-9999	-9999
0030111012	2012	11	12	317	-9999	-9999	-9999	-9999	-9999
0030111012	2012	11	13	318	-9999	-9999	-9999	-9999	-9999
0030111012	2012	11	14	319	-9999	-9999	-9999	-9999	-9999
0030111012	2012	11	15	320	-9999	-9999	-9999	-9999	-9999
0030111012	2012	11	16	321	-9999	-9999	-9999	-9999	-9999
0030111012	2012	11	17	322	-9999	-9999	-9999	-9999	-9999
0030111012	2012	11	18	323	-9999	-9999	-9999	-9999	-9999
0030111012	2012	11	19	324	-9999	-9999	-9999	-9999	-9999
0030111012	2012	11	20	325	-9999	-9999	-9999	-9999	-9999
0030111012	2012	11	21	326	-9999	-9999	-9999	-9999	-9999
0030111012	2012	11	22	327	-9999	-9999	-9999	-9999	-9999
0030111012	2012	11	23	328	-9999	-9999	-9999	-9999	-9999
0030111012	2012	11	24	329	-9999	-9999	-9999	-9999	-9999
0030111012	2012	11	25	330	-9999	-9999	-9999	-9999	-9999
0030111012	2012	11	26	331	-9999	-9999	-9999	-9999	-9999
0030111012	2012	11	27	332	-9999	-9999	-9999	-9999	-9999
0030111012	2012	11	28	333	-9999	-9999	-9999	-9999	-9999
0030111012	2012	11	29	334	-9999	-9999	-9999	-9999	-9999
0030111012	2012	11	30	335	-9999	-9999	-9999	-9999	-9999
0030111012	2012	12	1	336	-9999	-9999	-9999	-9999	-9999
0030111012	2012	12	2	337	-9999	-9999	-9999	-9999	-9999
0030111012	2012	12	3	338	-9999	-9999	-9999	-9999	-9999
0030111012	2012	12	4	339	-9999	-9999	-9999	-9999	-9999
0030111012	2012	12	5	340	-9999	-9999	-9999	-9999	-9999
0030111012	2012	12	6	341	-9999	-9999	-9999	-9999	-9999
0030111012	2012	12	7	342	-9999	-9999	-9999	-9999	-9999
0030111012	2012	12	8	343	-9999	-9999	-9999	-9999	-9999
0030111012	2012	12	9	344	-9999	-9999	-9999	-9999	-9999
0030111012	2012	12	10	345	-9999	-9999	-9999	-9999	-9999
0030111012	2012	12	11	346	-9999	-9999	-9999	-9999	-9999
0030111012	2012	12	12	347	-9999	-9999	-9999	-9999	-9999
0030111012	2012	12	13	348	-9999	-9999	-9999	-9999	-9999
0030111012	2012	12	14	349	-9999	-9999	-9999	-9999	-9999
0030111012	2012	12	15	350	-9999	-9999	-9999	-9999	-9999
0030111012	2012	12	16	351	-9999	-9999	-9999	-9999	-9999
0030111012	2012	12	17	352	-9999	-9999	-9999	-9999	-9999
0030111012	2012	12	18	353	-9999	-9999	-9999	-9999	-9999
0030111012	2012	12	19	354	-9999	-9999	-9999	-9999	-9999
0030111012	2012	12	20	355	-9999	-9999	-9999	-9999	-9999
0030111012	2012	12	21	356	-9999	-9999	-9999	-9999	-9999
0030111012	2012	12	22	357	-9999	-9999	-9999	-9999	-9999
0030111012	2012	12	23	358	-9999	-9999	-9999	-9999	-9999
0030111012	2012	12	24	359	-9999	-9999	-9999	-9999	-9999
0030111012	2012	12	25	360	-9999	-9999	-9999	-9999	-9999
0030111012	2012	12	26	361	-9999	-9999	-9999	-9999	-9999
0030111012	2012	12	27	362	-9999	-9999	-9999	-9999	-9999
0030111012	2012	12	28	363	-9999	-9999	-9999	-9999	-9999
0030111012	2012	12	29	364	-9999	-9999	-9999	-9999	-9999
0030111012	2012	12	30	365	-9999	-9999	-9999	-9999	-9999
0030111012	2012	12	31	366	-9999	-9999	-9999	-9999	-9999
