stationID	Y	M	D	DOY	depth_5	depth_10	depth_20	depth_51	depth_102
0031381012	2010	1	1	1	-9999	-9999	-9999	-9999	-9999
0031381012	2010	1	2	2	-9999	-9999	-9999	-9999	-9999
0031381012	2010	1	3	3	-9999	-9999	-9999	-9999	-9999
0031381012	2010	1	4	4	-9999	-9999	-9999	-9999	-9999
0031381012	2010	1	5	5	-9999	-9999	-9999	-9999	-9999
0031381012	2010	1	6	6	-9999	-9999	-9999	-9999	-9999
0031381012	2010	1	7	7	-9999	-9999	-9999	-9999	-9999
0031381012	2010	1	8	8	-9999	-9999	-9999	-9999	-9999
0031381012	2010	1	9	9	-9999	-9999	-9999	-9999	-9999
0031381012	2010	1	10	10	-9999	-9999	-9999	-9999	-9999
0031381012	2010	1	11	11	-9999	-9999	-9999	-9999	-9999
0031381012	2010	1	12	12	-9999	-9999	-9999	-9999	-9999
0031381012	2010	1	13	13	-9999	-9999	-9999	-9999	-9999
0031381012	2010	1	14	14	-9999	-9999	-9999	-9999	-9999
0031381012	2010	1	15	15	-9999	-9999	-9999	-9999	-9999
0031381012	2010	1	16	16	-9999	-9999	-9999	-9999	-9999
0031381012	2010	1	17	17	-9999	-9999	-9999	-9999	-9999
0031381012	2010	1	18	18	-9999	-9999	-9999	-9999	-9999
0031381012	2010	1	19	19	-9999	-9999	-9999	-9999	-9999
0031381012	2010	1	20	20	-9999	-9999	-9999	-9999	-9999
0031381012	2010	1	21	21	-9999	-9999	-9999	-9999	-9999
0031381012	2010	1	22	22	-9999	-9999	-9999	-9999	-9999
0031381012	2010	1	23	23	-9999	-9999	-9999	-9999	-9999
0031381012	2010	1	24	24	-9999	-9999	-9999	-9999	-9999
0031381012	2010	1	25	25	-9999	-9999	-9999	-9999	-9999
0031381012	2010	1	26	26	-9999	-9999	-9999	-9999	-9999
0031381012	2010	1	27	27	-9999	-9999	-9999	-9999	-9999
0031381012	2010	1	28	28	-9999	-9999	-9999	-9999	-9999
0031381012	2010	1	29	29	-9999	-9999	-9999	-9999	-9999
0031381012	2010	1	30	30	-9999	-9999	-9999	-9999	-9999
0031381012	2010	1	31	31	-9999	-9999	-9999	-9999	-9999
0031381012	2010	2	1	32	-9999	-9999	-9999	-9999	-9999
0031381012	2010	2	2	33	-9999	-9999	-9999	-9999	-9999
0031381012	2010	2	3	34	-9999	-9999	-9999	-9999	-9999
0031381012	2010	2	4	35	-9999	-9999	-9999	-9999	-9999
0031381012	2010	2	5	36	-9999	-9999	-9999	-9999	-9999
0031381012	2010	2	6	37	-9999	-9999	-9999	-9999	-9999
0031381012	2010	2	7	38	-9999	-9999	-9999	-9999	-9999
0031381012	2010	2	8	39	-9999	-9999	-9999	-9999	-9999
0031381012	2010	2	9	40	-9999	-9999	-9999	-9999	-9999
0031381012	2010	2	10	41	-9999	-9999	-9999	-9999	-9999
0031381012	2010	2	11	42	-9999	-9999	-9999	-9999	-9999
0031381012	2010	2	12	43	-9999	-9999	-9999	-9999	-9999
0031381012	2010	2	13	44	-9999	-9999	-9999	-9999	-9999
0031381012	2010	2	14	45	-9999	-9999	-9999	-9999	-9999
0031381012	2010	2	15	46	-9999	-9999	-9999	-9999	-9999
0031381012	2010	2	16	47	-9999	-9999	-9999	-9999	-9999
0031381012	2010	2	17	48	-9999	-9999	-9999	-9999	-9999
0031381012	2010	2	18	49	-9999	-9999	-9999	-9999	-9999
0031381012	2010	2	19	50	-9999	-9999	-9999	-9999	-9999
0031381012	2010	2	20	51	-9999	-9999	-9999	-9999	-9999
0031381012	2010	2	21	52	-9999	-9999	-9999	-9999	-9999
0031381012	2010	2	22	53	-9999	-9999	-9999	-9999	-9999
0031381012	2010	2	23	54	-9999	-9999	-9999	-9999	-9999
0031381012	2010	2	24	55	-9999	-9999	-9999	-9999	-9999
0031381012	2010	2	25	56	-9999	-9999	-9999	-9999	-9999
0031381012	2010	2	26	57	-9999	-9999	-9999	-9999	-9999
0031381012	2010	2	27	58	-9999	-9999	-9999	-9999	-9999
0031381012	2010	2	28	59	-9999	-9999	-9999	-9999	-9999
0031381012	2010	3	1	60	-9999	-9999	-9999	-9999	-9999
0031381012	2010	3	2	61	-9999	-9999	-9999	-9999	-9999
0031381012	2010	3	3	62	-9999	-9999	-9999	-9999	-9999
0031381012	2010	3	4	63	-9999	-9999	-9999	-9999	-9999
0031381012	2010	3	5	64	-9999	-9999	-9999	-9999	-9999
0031381012	2010	3	6	65	-9999	-9999	-9999	-9999	-9999
0031381012	2010	3	7	66	-9999	-9999	-9999	-9999	-9999
0031381012	2010	3	8	67	-9999	-9999	-9999	-9999	-9999
0031381012	2010	3	9	68	-9999	-9999	-9999	-9999	-9999
0031381012	2010	3	10	69	-9999	-9999	-9999	-9999	-9999
0031381012	2010	3	11	70	-9999	-9999	-9999	-9999	-9999
0031381012	2010	3	12	71	-9999	-9999	-9999	-9999	-9999
0031381012	2010	3	13	72	-9999	-9999	-9999	-9999	-9999
0031381012	2010	3	14	73	-9999	-9999	-9999	-9999	-9999
0031381012	2010	3	15	74	-9999	-9999	-9999	-9999	-9999
0031381012	2010	3	16	75	-9999	-9999	-9999	-9999	-9999
0031381012	2010	3	17	76	-9999	-9999	-9999	-9999	-9999
0031381012	2010	3	18	77	-9999	-9999	-9999	-9999	-9999
0031381012	2010	3	19	78	-9999	-9999	-9999	-9999	-9999
0031381012	2010	3	20	79	-9999	-9999	-9999	-9999	-9999
0031381012	2010	3	21	80	-9999	-9999	-9999	-9999	-9999
0031381012	2010	3	22	81	-9999	-9999	-9999	-9999	-9999
0031381012	2010	3	23	82	-9999	-9999	-9999	-9999	-9999
0031381012	2010	3	24	83	-9999	-9999	-9999	-9999	-9999
0031381012	2010	3	25	84	-9999	-9999	-9999	-9999	-9999
0031381012	2010	3	26	85	-9999	-9999	-9999	-9999	-9999
0031381012	2010	3	27	86	-9999	-9999	-9999	-9999	-9999
0031381012	2010	3	28	87	-9999	-9999	-9999	-9999	-9999
0031381012	2010	3	29	88	-9999	-9999	-9999	-9999	-9999
0031381012	2010	3	30	89	-9999	-9999	-9999	-9999	-9999
0031381012	2010	3	31	90	-9999	-9999	-9999	-9999	-9999
0031381012	2010	4	1	91	-9999	-9999	-9999	-9999	-9999
0031381012	2010	4	2	92	-9999	-9999	-9999	-9999	-9999
0031381012	2010	4	3	93	-9999	-9999	-9999	-9999	-9999
0031381012	2010	4	4	94	-9999	-9999	-9999	-9999	-9999
0031381012	2010	4	5	95	-9999	-9999	-9999	-9999	-9999
0031381012	2010	4	6	96	-9999	-9999	-9999	-9999	-9999
0031381012	2010	4	7	97	-9999	-9999	-9999	-9999	-9999
0031381012	2010	4	8	98	-9999	-9999	-9999	-9999	-9999
0031381012	2010	4	9	99	-9999	-9999	-9999	-9999	-9999
0031381012	2010	4	10	100	-9999	-9999	-9999	-9999	-9999
0031381012	2010	4	11	101	0.088	0.082	0.264	0.101	0.133
0031381012	2010	4	12	102	0.085	0.08	0.263	0.1	0.137
0031381012	2010	4	13	103	0.078	0.08	0.264	0.1	0.136
0031381012	2010	4	14	104	0.075	0.071	0.266	0.101	0.138
0031381012	2010	4	15	105	0.072	0.069	0.266	0.096	0.141
0031381012	2010	4	16	106	0.066	0.073	0.266	0.097	0.14
0031381012	2010	4	17	107	0.066	0.067	0.265	0.101	0.14
0031381012	2010	4	18	108	0.062	0.066	0.266	0.103	0.139
0031381012	2010	4	19	109	0.057	0.065	0.263	0.098	0.139
0031381012	2010	4	20	110	0.058	0.065	0.261	0.099	0.139
0031381012	2010	4	21	111	0.056	0.066	0.26	0.099	0.139
0031381012	2010	4	22	112	0.053	0.064	0.26	0.101	0.139
0031381012	2010	4	23	113	0.045	0.06	0.26	0.098	0.139
0031381012	2010	4	24	114	0.05	0.064	0.262	0.103	0.139
0031381012	2010	4	25	115	0.225	0.213	0.302	0.17	0.562
0031381012	2010	4	26	116	0.169	0.169	0.295	0.158	0.566
0031381012	2010	4	27	117	0.142	0.153	0.29	0.146	0.25
0031381012	2010	4	28	118	0.119	0.138	0.286	0.136	0.213
0031381012	2010	4	29	119	0.103	0.125	0.283	0.131	0.195
0031381012	2010	4	30	120	0.092	0.116	0.282	0.128	0.189
0031381012	2010	5	1	121	0.084	0.106	0.28	0.12	0.185
0031381012	2010	5	2	122	0.079	0.102	0.277	0.123	0.182
0031381012	2010	5	3	123	0.102	0.094	0.278	0.115	0.179
0031381012	2010	5	4	124	0.216	0.239	0.303	0.229	0.558
0031381012	2010	5	5	125	0.165	0.199	0.299	0.203	0.559
0031381012	2010	5	6	126	0.122	0.175	0.296	0.18	0.559
0031381012	2010	5	7	127	0.103	0.154	0.292	0.167	0.274
0031381012	2010	5	8	128	0.089	0.14	0.29	0.158	0.246
0031381012	2010	5	9	129	0.079	0.124	0.286	0.15	0.234
0031381012	2010	5	10	130	0.075	0.11	0.281	0.145	0.223
0031381012	2010	5	11	131	0.094	0.113	0.278	0.139	0.218
0031381012	2010	5	12	132	0.077	0.113	0.28	0.135	0.211
0031381012	2010	5	13	133	0.068	0.108	0.276	0.133	0.207
0031381012	2010	5	14	134	0.064	0.101	0.276	0.132	0.204
0031381012	2010	5	15	135	0.062	0.095	0.275	0.124	0.203
0031381012	2010	5	16	136	0.059	0.085	0.273	0.127	0.199
0031381012	2010	5	17	137	0.06	0.086	0.269	0.124	0.196
0031381012	2010	5	18	138	0.065	0.085	0.267	0.125	0.195
0031381012	2010	5	19	139	0.06	0.083	0.267	0.115	0.194
0031381012	2010	5	20	140	0.052	0.081	0.268	0.122	0.19
0031381012	2010	5	21	141	0.208	0.216	0.276	0.12	0.185
0031381012	2010	5	22	142	0.194	0.21	0.303	0.153	0.187
0031381012	2010	5	23	143	0.154	0.176	0.298	0.144	0.19
0031381012	2010	5	24	144	0.113	0.151	0.292	0.142	0.186
0031381012	2010	5	25	145	0.167	0.157	0.29	0.134	0.187
0031381012	2010	5	26	146	0.142	0.153	0.29	0.133	0.187
0031381012	2010	5	27	147	0.101	0.138	0.288	0.133	0.187
0031381012	2010	5	28	148	0.084	0.125	0.283	0.129	0.184
0031381012	2010	5	29	149	0.072	0.112	0.281	0.118	0.182
0031381012	2010	5	30	150	0.105	0.108	0.276	0.122	0.181
0031381012	2010	5	31	151	0.1	0.113	0.276	0.12	0.177
0031381012	2010	6	1	152	0.086	0.113	0.276	0.121	0.176
0031381012	2010	6	2	153	0.105	0.11	0.274	0.117	0.177
0031381012	2010	6	3	154	0.197	0.194	0.287	0.117	0.173
0031381012	2010	6	4	155	0.143	0.165	0.289	0.117	0.175
0031381012	2010	6	5	156	0.141	0.156	0.287	0.118	0.173
0031381012	2010	6	6	157	0.104	0.138	0.282	0.117	0.175
0031381012	2010	6	7	158	0.087	0.122	0.281	0.118	0.175
0031381012	2010	6	8	159	0.07	0.106	0.276	0.117	0.175
0031381012	2010	6	9	160	0.062	0.094	0.275	0.118	0.173
0031381012	2010	6	10	161	0.06	0.087	0.271	0.117	0.172
0031381012	2010	6	11	162	0.06	0.081	0.268	0.116	0.172
0031381012	2010	6	12	163	0.048	0.071	0.262	0.113	0.17
0031381012	2010	6	13	164	0.046	0.064	0.256	0.114	0.172
0031381012	2010	6	14	165	0.042	0.057	0.252	0.115	0.168
0031381012	2010	6	15	166	0.041	0.054	0.246	0.114	0.169
0031381012	2010	6	16	167	0.137	0.066	0.239	0.112	0.169
0031381012	2010	6	17	168	0.081	0.07	0.243	0.106	0.168
0031381012	2010	6	18	169	0.056	0.052	0.241	0.111	0.167
0031381012	2010	6	19	170	0.045	0.056	0.239	0.108	0.165
0031381012	2010	6	20	171	0.042	0.05	0.235	0.107	0.164
0031381012	2010	6	21	172	0.036	0.048	0.231	0.105	0.166
0031381012	2010	6	22	173	0.031	0.044	0.227	0.103	0.163
0031381012	2010	6	23	174	0.032	0.042	0.223	0.098	0.161
0031381012	2010	6	24	175	0.028	0.04	0.222	0.091	0.158
0031381012	2010	6	25	176	0.026	0.033	0.221	0.089	0.159
0031381012	2010	6	26	177	0.094	0.041	0.218	0.09	0.157
0031381012	2010	6	27	178	0.053	0.044	0.217	0.082	0.158
0031381012	2010	6	28	179	0.039	0.041	0.218	0.087	0.155
0031381012	2010	6	29	180	0.034	0.046	0.216	0.083	0.155
0031381012	2010	6	30	181	0.157	0.135	0.217	0.081	0.15
0031381012	2010	7	1	182	0.104	0.094	0.219	0.081	0.15
0031381012	2010	7	2	183	0.066	0.076	0.221	0.081	0.147
0031381012	2010	7	3	184	0.05	0.054	0.22	0.081	0.151
0031381012	2010	7	4	185	0.044	0.048	0.218	0.075	0.15
0031381012	2010	7	5	186	0.032	0.039	0.216	0.081	0.148
0031381012	2010	7	6	187	0.036	0.042	0.217	0.074	0.148
0031381012	2010	7	7	188	0.032	0.038	0.217	0.076	0.145
0031381012	2010	7	8	189	0.023	0.038	0.215	0.076	0.144
0031381012	2010	7	9	190	0.024	0.037	0.213	0.075	0.146
0031381012	2010	7	10	191	0.028	0.033	0.211	0.074	0.144
0031381012	2010	7	11	192	0.024	0.036	0.211	0.074	0.141
0031381012	2010	7	12	193	0.022	0.036	0.21	0.074	0.141
0031381012	2010	7	13	194	0.021	0.038	0.209	0.07	0.139
0031381012	2010	7	14	195	0.099	0.033	0.208	0.074	0.141
0031381012	2010	7	15	196	0.042	0.036	0.21	0.076	0.137
0031381012	2010	7	16	197	0.034	0.034	0.206	0.068	0.139
0031381012	2010	7	17	198	0.028	-9999	0.208	0.074	0.139
0031381012	2010	7	18	199	0.199	0.203	0.21	0.068	0.136
0031381012	2010	7	19	200	0.172	0.173	0.227	0.07	0.137
0031381012	2010	7	20	201	0.089	0.112	0.237	0.073	0.137
0031381012	2010	7	21	202	0.105	0.101	0.236	0.071	0.136
0031381012	2010	7	22	203	0.066	0.082	0.237	0.073	0.137
0031381012	2010	7	23	204	0.046	0.051	0.229	0.078	0.136
0031381012	2010	7	24	205	0.043	0.051	0.226	0.073	0.137
0031381012	2010	7	25	206	0.038	0.044	0.219	0.073	0.134
0031381012	2010	7	26	207	0.032	0.04	0.216	0.066	0.131
0031381012	2010	7	27	208	0.032	0.036	0.211	0.068	0.128
0031381012	2010	7	28	209	0.032	0.041	0.21	0.068	0.13
0031381012	2010	7	29	210	0.029	0.031	0.207	0.07	0.128
0031381012	2010	7	30	211	0.023	0.038	0.207	0.074	0.125
0031381012	2010	7	31	212	0.024	0.031	0.208	0.071	0.118
0031381012	2010	8	1	213	0.022	0.034	0.206	0.065	0.119
0031381012	2010	8	2	214	0.022	0.032	0.203	0.068	0.114
0031381012	2010	8	3	215	0.021	0.034	0.203	0.071	0.109
0031381012	2010	8	4	216	0.022	0.029	0.202	0.062	0.109
0031381012	2010	8	5	217	0.122	0.084	0.202	0.064	0.114
0031381012	2010	8	6	218	0.055	0.06	0.201	0.066	0.112
0031381012	2010	8	7	219	0.11	0.044	0.204	0.068	0.112
0031381012	2010	8	8	220	0.048	0.038	0.204	0.066	0.11
0031381012	2010	8	9	221	0.04	0.036	0.203	0.07	0.107
0031381012	2010	8	10	222	0.034	0.035	0.199	0.066	0.104
0031381012	2010	8	11	223	0.032	0.035	0.203	0.066	0.098
0031381012	2010	8	12	224	0.023	0.035	0.198	0.068	0.101
0031381012	2010	8	13	225	0.026	0.034	0.199	0.07	0.099
0031381012	2010	8	14	226	0.028	0.031	0.199	0.065	0.094
0031381012	2010	8	15	227	0.022	0.035	0.198	0.065	0.095
0031381012	2010	8	16	228	0.024	0.03	0.198	0.065	0.097
0031381012	2010	8	17	229	0.024	0.027	0.195	0.069	0.099
0031381012	2010	8	18	230	0.022	0.027	0.195	0.066	0.095
0031381012	2010	8	19	231	0.023	0.036	0.195	0.063	0.095
0031381012	2010	8	20	232	-9999	-9999	0.195	0.065	0.09
0031381012	2010	8	21	233	0.193	0.179	0.256	0.074	0.096
0031381012	2010	8	22	234	0.115	0.121	0.262	0.075	0.099
0031381012	2010	8	23	235	0.125	0.133	0.27	0.075	0.096
0031381012	2010	8	24	236	0.068	0.091	0.264	0.071	0.098
0031381012	2010	8	25	237	0.05	0.061	0.25	0.073	0.096
0031381012	2010	8	26	238	0.046	0.055	0.236	0.069	0.094
0031381012	2010	8	27	239	0.047	0.042	0.22	0.073	0.09
0031381012	2010	8	28	240	0.038	0.04	0.212	0.074	0.092
0031381012	2010	8	29	241	0.036	0.036	0.208	0.074	0.092
0031381012	2010	8	30	242	0.184	0.166	0.225	0.066	0.095
0031381012	2010	8	31	243	0.118	0.112	0.23	0.074	0.094
0031381012	2010	9	1	244	0.077	0.081	0.229	0.068	0.096
0031381012	2010	9	2	245	0.05	0.047	0.22	0.07	0.097
0031381012	2010	9	3	246	0.044	0.047	0.213	0.073	0.091
0031381012	2010	9	4	247	0.038	0.038	0.208	0.064	0.091
0031381012	2010	9	5	248	0.034	0.038	0.203	0.07	0.091
0031381012	2010	9	6	249	0.032	0.036	0.201	0.067	0.091
0031381012	2010	9	7	250	0.034	0.039	0.199	0.062	0.09
0031381012	2010	9	8	251	0.03	0.035	0.198	0.07	0.087
0031381012	2010	9	9	252	0.032	0.037	0.198	0.064	0.089
0031381012	2010	9	10	253	0.027	0.029	0.196	0.062	0.087
0031381012	2010	9	11	254	0.033	0.035	0.194	0.065	-9999
0031381012	2010	9	12	255	0.025	0.034	0.196	0.071	0.083
0031381012	2010	9	13	256	0.027	0.032	0.193	0.068	0.081
0031381012	2010	9	14	257	0.026	0.032	0.194	0.068	0.087
0031381012	2010	9	15	258	0.026	0.035	0.192	0.068	0.084
0031381012	2010	9	16	259	0.027	0.029	0.194	0.062	0.081
0031381012	2010	9	17	260	0.021	0.027	0.192	0.064	0.081
0031381012	2010	9	18	261	0.022	0.032	0.194	0.06	0.084
0031381012	2010	9	19	262	0.022	0.034	0.192	-9999	0.086
0031381012	2010	9	20	263	0.022	0.029	0.192	0.066	0.083
0031381012	2010	9	21	264	-9999	-9999	0.19	0.06	0.08
0031381012	2010	9	22	265	0.166	0.134	0.219	0.069	0.081
0031381012	2010	9	23	266	0.093	0.088	0.224	0.071	0.085
0031381012	2010	9	24	267	0.052	0.052	0.213	0.063	0.08
0031381012	2010	9	25	268	0.042	0.04	0.204	0.062	0.077
0031381012	2010	9	26	269	0.04	0.04	0.2	0.067	0.081
0031381012	2010	9	27	270	0.221	0.204	0.232	0.065	0.083
0031381012	2010	9	28	271	0.144	0.132	0.242	0.066	0.088
0031381012	2010	9	29	272	0.101	0.101	0.24	0.074	0.083
0031381012	2010	9	30	273	-9999	-9999	-9999	-9999	-9999
0031381012	2010	10	1	274	0.048	0.057	0.23	0.069	0.083
0031381012	2010	10	2	275	0.043	0.044	0.219	0.065	0.083
0031381012	2010	10	3	276	0.042	0.044	0.211	0.071	0.079
0031381012	2010	10	4	277	0.04	0.035	0.203	0.06	0.076
0031381012	2010	10	5	278	0.042	0.036	0.202	0.064	0.081
0031381012	2010	10	6	279	0.038	0.038	0.2	0.065	-9999
0031381012	2010	10	7	280	0.034	0.034	0.198	0.064	0.077
0031381012	2010	10	8	281	0.035	0.034	0.197	0.062	0.074
0031381012	2010	10	9	282	0.036	0.03	0.196	0.063	0.077
0031381012	2010	10	10	283	0.027	0.035	0.194	0.068	0.074
0031381012	2010	10	11	284	0.029	0.028	0.194	0.06	0.074
0031381012	2010	10	12	285	0.034	0.034	0.195	0.06	0.074
0031381012	2010	10	13	286	0.032	0.034	0.192	0.06	0.077
0031381012	2010	10	14	287	0.03	0.03	0.193	0.067	0.077
0031381012	2010	10	15	288	0.03	0.033	0.191	0.067	0.074
0031381012	2010	10	16	289	0.028	0.034	0.192	0.069	0.08
0031381012	2010	10	17	290	0.024	0.031	0.189	0.054	0.074
0031381012	2010	10	18	291	0.025	0.027	0.189	0.061	0.076
0031381012	2010	10	19	292	0.028	0.034	0.19	0.061	0.074
0031381012	2010	10	20	293	0.028	0.032	0.19	0.067	0.074
0031381012	2010	10	21	294	0.023	0.023	0.187	0.061	0.074
0031381012	2010	10	22	295	0.023	0.025	0.187	0.067	0.074
0031381012	2010	10	23	296	0.026	0.03	0.188	0.064	0.076
0031381012	2010	10	24	297	0.026	0.025	0.185	0.061	0.076
0031381012	2010	10	25	298	-9999	-9999	0.188	0.061	0.076
0031381012	2010	10	26	299	0.169	0.158	0.235	0.109	0.078
0031381012	2010	10	27	300	0.125	0.123	0.243	0.095	0.077
0031381012	2010	10	28	301	-9999	-9999	0.329	0.208	0.564
0031381012	2010	10	29	302	0.229	0.22	0.305	0.162	0.275
0031381012	2010	10	30	303	0.191	0.188	0.296	0.143	0.206
0031381012	2010	10	31	304	0.168	0.17	0.29	0.134	0.184
0031381012	2010	11	1	305	0.142	0.154	0.287	0.129	0.173
0031381012	2010	11	2	306	0.128	0.141	0.282	0.126	0.166
0031381012	2010	11	3	307	0.119	0.13	0.279	0.119	0.161
0031381012	2010	11	4	308	0.153	0.139	0.28	0.114	0.159
0031381012	2010	11	5	309	0.164	0.143	0.28	0.115	0.157
0031381012	2010	11	6	310	0.15	0.141	0.278	0.111	0.154
0031381012	2010	11	7	311	0.137	0.136	0.278	0.108	0.153
0031381012	2010	11	8	312	0.129	0.13	0.277	0.107	0.15
0031381012	2010	11	9	313	0.117	0.125	0.275	0.102	0.151
0031381012	2010	11	10	314	0.107	0.118	0.273	0.103	0.15
0031381012	2010	11	11	315	0.102	0.114	0.271	0.1	0.147
0031381012	2010	11	12	316	0.101	0.109	0.271	0.105	0.149
0031381012	2010	11	13	317	0.094	0.103	0.269	0.104	0.147
0031381012	2010	11	14	318	0.092	0.102	0.268	0.098	0.145
0031381012	2010	11	15	319	0.236	0.231	0.278	0.104	0.145
0031381012	2010	11	16	320	0.251	0.252	0.328	0.207	0.561
0031381012	2010	11	17	321	0.227	0.224	0.313	0.172	0.563
0031381012	2010	11	18	322	0.209	0.207	0.306	0.156	0.241
0031381012	2010	11	19	323	0.196	0.194	0.301	0.141	0.211
0031381012	2010	11	20	324	0.184	0.184	0.298	0.134	0.197
0031381012	2010	11	21	325	0.176	0.175	0.294	0.13	0.19
0031381012	2010	11	22	326	0.169	0.17	0.292	0.132	0.186
0031381012	2010	11	23	327	0.164	0.164	0.292	0.126	0.183
0031381012	2010	11	24	328	0.238	0.232	0.323	0.174	0.252
0031381012	2010	11	25	329	0.217	0.21	0.311	0.156	0.209
0031381012	2010	11	26	330	0.204	0.2	0.305	0.144	0.2
0031381012	2010	11	27	331	0.231	0.227	0.321	0.174	0.273
0031381012	2010	11	28	332	0.214	0.207	0.31	0.158	0.221
0031381012	2010	11	29	333	0.202	0.198	0.305	0.144	0.204
0031381012	2010	11	30	334	-9999	-9999	0.348	0.142	0.2
0031381012	2010	12	1	335	0.253	0.253	0.334	0.261	0.56
0031381012	2010	12	2	336	0.225	0.222	0.316	0.2	0.563
0031381012	2010	12	3	337	0.213	0.21	0.309	0.178	0.567
0031381012	2010	12	4	338	0.205	0.201	0.305	0.162	0.278
0031381012	2010	12	5	339	0.199	0.195	0.302	0.153	0.244
0031381012	2010	12	6	340	0.189	0.19	0.299	0.152	0.225
0031381012	2010	12	7	341	0.18	0.18	0.295	0.144	0.219
0031381012	2010	12	8	342	0.174	0.176	0.294	0.134	0.214
0031381012	2010	12	9	343	0.168	0.17	0.292	0.132	0.207
0031381012	2010	12	10	344	0.164	0.164	0.292	0.131	0.207
0031381012	2010	12	11	345	0.162	0.163	0.29	0.128	0.203
0031381012	2010	12	12	346	-9999	-9999	0.348	0.125	0.199
0031381012	2010	12	13	347	0.227	0.222	0.319	0.193	0.56
0031381012	2010	12	14	348	0.211	0.209	0.312	0.175	0.565
0031381012	2010	12	15	349	0.202	0.2	0.305	0.166	0.26
0031381012	2010	12	16	350	0.198	0.199	0.303	0.15	0.239
0031381012	2010	12	17	351	0.244	0.231	0.312	0.145	0.226
0031381012	2010	12	18	352	0.222	0.215	0.313	0.146	0.22
0031381012	2010	12	19	353	0.229	0.225	0.322	0.146	0.221
0031381012	2010	12	20	354	0.216	0.214	0.314	0.15	0.221
0031381012	2010	12	21	355	0.208	0.205	0.307	0.148	0.221
0031381012	2010	12	22	356	0.204	0.199	0.304	0.144	0.221
0031381012	2010	12	23	357	0.195	0.194	0.302	0.143	0.217
0031381012	2010	12	24	358	0.187	0.186	0.3	0.136	0.213
0031381012	2010	12	25	359	0.181	0.181	0.299	0.137	0.211
0031381012	2010	12	26	360	0.23	0.209	0.301	0.137	0.21
0031381012	2010	12	27	361	0.218	0.209	0.305	0.13	0.207
0031381012	2010	12	28	362	0.218	0.21	0.307	0.132	0.207
0031381012	2010	12	29	363	0.207	0.202	0.305	0.132	0.205
0031381012	2010	12	30	364	0.203	0.196	0.303	0.132	0.203
0031381012	2010	12	31	365	0.198	0.194	0.3	0.13	0.205
0031381012	2011	1	1	1	0.197	0.193	0.301	0.129	0.203
0031381012	2011	1	2	2	0.242	0.244	0.331	-9999	0.564
0031381012	2011	1	3	3	0.223	0.222	0.318	0.266	0.564
0031381012	2011	1	4	4	0.214	0.211	0.312	0.223	0.564
0031381012	2011	1	5	5	0.205	0.204	0.31	0.199	0.566
0031381012	2011	1	6	6	0.238	0.23	0.32	0.184	0.568
0031381012	2011	1	7	7	0.22	0.216	0.315	0.18	0.384
0031381012	2011	1	8	8	0.207	0.205	0.309	0.172	0.287
0031381012	2011	1	9	9	0.197	0.197	0.305	0.165	0.253
0031381012	2011	1	10	10	0.205	0.197	0.303	0.157	0.243
0031381012	2011	1	11	11	0.244	0.238	0.326	0.156	0.234
0031381012	2011	1	12	12	0.237	0.235	0.329	0.227	0.567
0031381012	2011	1	13	13	0.219	0.219	0.318	0.212	0.569
0031381012	2011	1	14	14	0.21	0.212	0.311	0.197	0.571
0031381012	2011	1	15	15	0.205	0.205	0.309	0.182	0.57
0031381012	2011	1	16	16	0.202	0.202	0.305	0.171	0.281
0031381012	2011	1	17	17	0.195	0.198	0.305	0.165	0.252
0031381012	2011	1	18	18	0.194	0.193	0.303	0.157	0.242
0031381012	2011	1	19	19	0.197	0.193	0.302	0.151	0.235
0031381012	2011	1	20	20	0.195	0.192	0.302	0.149	0.228
0031381012	2011	1	21	21	0.194	0.19	0.301	0.149	0.225
0031381012	2011	1	22	22	0.187	0.188	0.301	0.143	0.221
0031381012	2011	1	23	23	0.183	0.182	0.299	0.139	0.218
0031381012	2011	1	24	24	0.178	0.178	0.296	0.139	0.214
0031381012	2011	1	25	25	0.174	0.175	0.295	0.138	0.212
0031381012	2011	1	26	26	0.277	0.258	0.331	0.136	0.211
0031381012	2011	1	27	27	0.227	0.223	0.324	0.148	0.213
0031381012	2011	1	28	28	0.218	0.213	0.316	0.153	0.219
0031381012	2011	1	29	29	0.209	0.204	0.311	0.155	0.219
0031381012	2011	1	30	30	0.202	0.2	0.306	0.151	0.219
0031381012	2011	1	31	31	0.195	0.192	0.305	0.147	0.216
0031381012	2011	2	1	32	0.235	0.228	0.325	0.148	0.215
0031381012	2011	2	2	33	0.257	0.256	0.337	-9999	0.568
0031381012	2011	2	3	34	0.231	0.222	0.32	0.277	0.57
0031381012	2011	2	4	35	0.254	0.248	0.334	-9999	0.571
0031381012	2011	2	5	36	0.275	-9999	0.338	-9999	0.571
0031381012	2011	2	6	37	0.238	0.229	0.324	-9999	0.573
0031381012	2011	2	7	38	0.228	0.218	0.317	0.247	0.576
0031381012	2011	2	8	39	0.223	0.212	0.314	0.221	0.576
0031381012	2011	2	9	40	0.212	0.204	0.309	0.202	0.573
0031381012	2011	2	10	41	0.212	0.201	0.307	0.184	0.575
0031381012	2011	2	11	42	0.221	0.207	0.308	0.172	0.275
0031381012	2011	2	12	43	0.211	0.203	0.306	0.167	0.252
0031381012	2011	2	13	44	0.205	0.197	0.305	0.16	0.24
0031381012	2011	2	14	45	0.197	0.191	0.305	0.156	0.234
0031381012	2011	2	15	46	0.192	0.187	0.303	0.156	0.23
0031381012	2011	2	16	47	0.187	0.18	0.3	0.148	0.225
0031381012	2011	2	17	48	0.18	0.177	0.297	0.148	0.221
0031381012	2011	2	18	49	0.174	0.173	0.297	0.144	0.218
0031381012	2011	2	19	50	0.172	0.169	0.295	0.14	0.218
0031381012	2011	2	20	51	0.168	0.166	0.295	0.139	0.215
0031381012	2011	2	21	52	0.16	0.162	0.294	0.139	0.212
0031381012	2011	2	22	53	0.157	0.158	0.293	0.139	0.209
0031381012	2011	2	23	54	0.149	0.153	0.292	0.136	0.208
0031381012	2011	2	24	55	0.14	0.149	0.289	0.133	0.21
0031381012	2011	2	25	56	0.134	0.142	0.289	0.13	0.207
0031381012	2011	2	26	57	0.229	0.222	0.32	0.185	0.253
0031381012	2011	2	27	58	0.215	0.206	0.312	0.174	0.232
0031381012	2011	2	28	59	0.208	0.197	0.306	0.158	0.218
0031381012	2011	3	1	60	0.257	0.24	0.333	0.233	0.564
0031381012	2011	3	2	61	0.231	0.214	0.318	0.207	0.566
0031381012	2011	3	3	62	0.216	0.203	0.312	0.186	0.565
0031381012	2011	3	4	63	0.2	0.193	0.307	0.172	0.251
0031381012	2011	3	5	64	0.19	0.184	0.303	0.166	0.23
0031381012	2011	3	6	65	-9999	-9999	0.351	-9999	0.556
0031381012	2011	3	7	66	0.251	0.231	0.326	-9999	0.559
0031381012	2011	3	8	67	0.24	0.219	0.319	0.243	0.561
0031381012	2011	3	9	68	0.284	0.232	0.319	0.216	0.562
0031381012	2011	3	10	69	0.28	0.255	0.336	-9999	0.563
0031381012	2011	3	11	70	0.252	0.229	0.326	-9999	0.565
0031381012	2011	3	12	71	0.233	0.215	0.316	0.242	0.566
0031381012	2011	3	13	72	0.22	0.207	0.312	0.214	0.569
0031381012	2011	3	14	73	0.205	0.199	0.308	0.192	0.569
0031381012	2011	3	15	74	-9999	0.189	0.305	0.177	0.307
0031381012	2011	3	16	75	0.246	0.225	0.324	0.282	0.567
0031381012	2011	3	17	76	0.227	0.214	0.317	0.232	0.569
0031381012	2011	3	18	77	0.209	0.2	0.311	0.208	0.569
0031381012	2011	3	19	78	0.191	0.192	0.308	0.184	0.569
0031381012	2011	3	20	79	0.173	0.181	0.303	0.175	0.261
0031381012	2011	3	21	80	0.16	0.169	0.3	0.165	0.246
0031381012	2011	3	22	81	0.141	0.157	0.297	0.158	0.233
0031381012	2011	3	23	82	0.124	0.144	0.293	0.153	0.226
0031381012	2011	3	24	83	0.107	0.133	0.291	0.152	0.222
0031381012	2011	3	25	84	0.105	0.124	0.288	0.142	0.217
0031381012	2011	3	26	85	0.095	0.117	0.286	0.142	0.215
0031381012	2011	3	27	86	-9999	-9999	-9999	0.14	0.293
0031381012	2011	3	28	87	0.249	0.231	0.325	0.194	0.559
0031381012	2011	3	29	88	0.246	0.23	0.322	0.173	0.238
0031381012	2011	3	30	89	0.235	0.216	0.317	0.165	0.221
0031381012	2011	3	31	90	0.253	0.239	0.328	0.237	0.556
0031381012	2011	4	1	91	0.239	0.222	0.32	0.21	0.557
0031381012	2011	4	2	92	0.228	0.212	0.315	0.187	0.387
0031381012	2011	4	3	93	0.206	0.202	0.312	0.174	0.246
0031381012	2011	4	4	94	0.177	0.184	0.306	0.162	0.231
0031381012	2011	4	5	95	0.291	-9999	0.343	0.272	0.556
0031381012	2011	4	6	96	0.231	0.218	0.323	0.219	0.56
0031381012	2011	4	7	97	0.205	0.201	0.313	0.193	0.558
0031381012	2011	4	8	98	0.183	0.187	0.309	0.171	0.249
0031381012	2011	4	9	99	0.175	0.175	0.305	0.16	0.23
0031381012	2011	4	10	100	0.152	0.158	0.3	0.153	0.223
0031381012	2011	4	11	101	0.125	0.135	0.298	0.147	0.217
0031381012	2011	4	12	102	0.126	0.119	0.291	0.145	0.213
0031381012	2011	4	13	103	0.13	0.116	0.289	0.14	0.212
0031381012	2011	4	14	104	0.102	0.108	0.284	0.135	0.208
0031381012	2011	4	15	105	0.09	0.099	0.278	0.13	0.205
0031381012	2011	4	16	106	-9999	-9999	0.351	0.261	0.556
0031381012	2011	4	17	107	0.229	0.218	0.326	0.206	0.562
0031381012	2011	4	18	108	0.2	0.196	0.315	0.177	0.271
0031381012	2011	4	19	109	0.162	0.171	0.307	0.162	0.231
0031381012	2011	4	20	110	-9999	-9999	-9999	-9999	-9999
0031381012	2011	4	21	111	-9999	-9999	-9999	-9999	-9999
0031381012	2011	4	22	112	-9999	-9999	-9999	-9999	-9999
0031381012	2011	4	23	113	-9999	-9999	-9999	-9999	-9999
0031381012	2011	4	24	114	-9999	-9999	-9999	-9999	-9999
0031381012	2011	4	25	115	-9999	-9999	-9999	-9999	-9999
0031381012	2011	4	26	116	-9999	-9999	-9999	-9999	-9999
0031381012	2011	4	27	117	-9999	-9999	-9999	-9999	-9999
0031381012	2011	4	28	118	-9999	-9999	-9999	-9999	-9999
0031381012	2011	4	29	119	-9999	-9999	-9999	-9999	-9999
0031381012	2011	4	30	120	-9999	-9999	-9999	-9999	-9999
0031381012	2011	5	1	121	-9999	-9999	-9999	-9999	-9999
0031381012	2011	5	2	122	-9999	-9999	-9999	-9999	-9999
0031381012	2011	5	3	123	-9999	-9999	-9999	-9999	-9999
0031381012	2011	5	4	124	-9999	-9999	-9999	-9999	-9999
0031381012	2011	5	5	125	-9999	-9999	-9999	-9999	-9999
0031381012	2011	5	6	126	-9999	-9999	-9999	-9999	-9999
0031381012	2011	5	7	127	-9999	-9999	-9999	-9999	-9999
0031381012	2011	5	8	128	-9999	-9999	-9999	-9999	-9999
0031381012	2011	5	9	129	-9999	-9999	-9999	-9999	-9999
0031381012	2011	5	10	130	-9999	-9999	-9999	-9999	-9999
0031381012	2011	5	11	131	-9999	-9999	-9999	-9999	-9999
0031381012	2011	5	12	132	-9999	-9999	-9999	-9999	-9999
0031381012	2011	5	13	133	-9999	-9999	-9999	-9999	-9999
0031381012	2011	5	14	134	-9999	-9999	-9999	-9999	-9999
0031381012	2011	5	15	135	-9999	-9999	-9999	-9999	-9999
0031381012	2011	5	16	136	-9999	-9999	-9999	-9999	-9999
0031381012	2011	5	17	137	-9999	-9999	-9999	-9999	-9999
0031381012	2011	5	18	138	-9999	-9999	-9999	-9999	-9999
0031381012	2011	5	19	139	-9999	-9999	-9999	-9999	-9999
0031381012	2011	5	20	140	-9999	-9999	-9999	-9999	-9999
0031381012	2011	5	21	141	0.045	0.039	0.208	0.078	0.139
0031381012	2011	5	22	142	0.044	0.046	0.207	0.073	0.134
0031381012	2011	5	23	143	0.04	0.037	0.205	0.079	0.132
0031381012	2011	5	24	144	0.039	0.042	0.205	0.076	0.129
0031381012	2011	5	25	145	0.042	0.043	0.204	0.073	0.128
0031381012	2011	5	26	146	0.038	0.042	0.205	0.073	0.12
0031381012	2011	5	27	147	0.251	0.217	0.207	0.069	0.126
0031381012	2011	5	28	148	0.157	0.126	0.218	0.078	0.132
0031381012	2011	5	29	149	0.12	0.103	0.219	0.073	0.132
0031381012	2011	5	30	150	0.095	0.083	0.218	0.071	0.129
0031381012	2011	5	31	151	0.074	0.066	0.214	0.071	0.129
0031381012	2011	6	1	152	0.066	0.056	0.21	0.078	0.122
0031381012	2011	6	2	153	0.058	0.052	0.209	0.076	0.121
0031381012	2011	6	3	154	0.056	0.05	0.209	0.075	0.123
0031381012	2011	6	4	155	0.057	0.047	0.209	0.075	0.12
0031381012	2011	6	5	156	0.051	0.046	0.209	0.075	0.119
0031381012	2011	6	6	157	0.049	0.042	0.209	0.079	0.122
0031381012	2011	6	7	158	0.046	0.05	0.206	0.079	0.12
0031381012	2011	6	8	159	0.049	0.05	0.206	0.076	0.124
0031381012	2011	6	9	160	0.042	0.044	0.207	0.079	0.124
0031381012	2011	6	10	161	0.04	0.044	0.206	0.073	0.12
0031381012	2011	6	11	162	0.04	0.046	0.208	0.081	0.124
0031381012	2011	6	12	163	0.174	0.125	0.206	0.073	0.123
0031381012	2011	6	13	164	0.19	0.122	0.209	0.078	0.123
0031381012	2011	6	14	165	0.152	0.116	0.212	0.081	0.12
0031381012	2011	6	15	166	0.128	0.105	0.214	0.076	0.12
0031381012	2011	6	16	167	0.265	0.238	0.219	0.081	0.118
0031381012	2011	6	17	168	0.176	0.144	0.226	0.077	0.124
0031381012	2011	6	18	169	0.24	0.222	0.247	0.095	0.12
0031381012	2011	6	19	170	0.234	0.204	0.266	0.095	0.125
0031381012	2011	6	20	171	0.195	0.176	0.272	0.093	0.121
0031381012	2011	6	21	172	0.168	0.151	0.272	0.095	0.124
0031381012	2011	6	22	173	0.149	0.138	0.27	0.096	0.125
0031381012	2011	6	23	174	0.254	0.243	0.294	0.111	0.126
0031381012	2011	6	24	175	0.233	0.216	0.302	0.118	0.135
0031381012	2011	6	25	176	0.255	0.243	0.321	0.176	-9999
0031381012	2011	6	26	177	0.219	0.205	0.311	0.157	0.202
0031381012	2011	6	27	178	0.247	0.222	0.316	0.143	0.184
0031381012	2011	6	28	179	0.213	0.198	0.306	0.134	0.172
0031381012	2011	6	29	180	0.189	0.18	0.299	0.132	0.167
0031381012	2011	6	30	181	0.169	0.162	0.294	0.125	0.162
0031381012	2011	7	1	182	0.145	0.149	0.292	0.122	0.158
0031381012	2011	7	2	183	0.118	0.134	0.287	0.118	0.154
0031381012	2011	7	3	184	0.102	0.119	0.286	0.12	0.151
0031381012	2011	7	4	185	0.091	0.106	0.278	0.115	0.15
0031381012	2011	7	5	186	0.254	0.137	0.276	0.112	0.152
0031381012	2011	7	6	187	0.19	0.153	0.281	0.118	0.15
0031381012	2011	7	7	188	0.158	0.141	0.278	0.106	0.149
0031381012	2011	7	8	189	0.131	0.123	0.278	0.107	0.148
0031381012	2011	7	9	190	0.111	0.114	0.275	0.108	0.148
0031381012	2011	7	10	191	0.096	0.097	0.268	0.105	0.145
0031381012	2011	7	11	192	0.24	0.227	0.311	0.208	0.536
0031381012	2011	7	12	193	0.214	0.202	0.309	0.168	0.224
0031381012	2011	7	13	194	0.191	0.181	0.304	0.149	0.196
0031381012	2011	7	14	195	0.159	0.16	0.297	0.14	0.184
0031381012	2011	7	15	196	0.142	0.14	0.292	0.133	0.18
0031381012	2011	7	16	197	0.145	0.134	0.287	0.129	0.173
0031381012	2011	7	17	198	0.145	0.129	0.284	0.125	0.168
0031381012	2011	7	18	199	0.141	0.124	0.282	0.121	0.163
0031381012	2011	7	19	200	0.118	0.116	0.277	0.117	0.161
0031381012	2011	7	20	201	0.097	0.1	0.273	0.118	0.158
0031381012	2011	7	21	202	-9999	0.101	0.27	0.114	0.158
0031381012	2011	7	22	203	0.221	0.204	0.317	0.182	0.286
0031381012	2011	7	23	204	0.188	0.184	0.305	0.159	0.201
0031381012	2011	7	24	205	0.159	0.162	0.3	0.142	0.188
0031381012	2011	7	25	206	0.138	0.14	0.293	0.139	0.177
0031381012	2011	7	26	207	0.122	0.125	0.289	0.13	0.175
0031381012	2011	7	27	208	0.105	0.108	0.28	0.122	0.17
0031381012	2011	7	28	209	0.089	0.094	0.272	0.121	0.163
0031381012	2011	7	29	210	0.084	0.082	0.263	0.115	0.161
0031381012	2011	7	30	211	0.075	0.072	0.254	0.114	0.157
0031381012	2011	7	31	212	0.07	0.066	0.244	0.107	0.156
0031381012	2011	8	1	213	0.065	0.064	0.236	0.102	0.152
0031381012	2011	8	2	214	0.06	0.054	0.229	0.109	0.15
0031381012	2011	8	3	215	0.062	0.052	0.223	0.098	0.148
0031381012	2011	8	4	216	0.059	0.05	0.217	0.095	0.143
0031381012	2011	8	5	217	0.057	0.044	0.216	0.093	0.143
0031381012	2011	8	6	218	0.057	0.048	0.214	0.087	0.139
0031381012	2011	8	7	219	0.058	0.044	0.212	0.083	0.134
0031381012	2011	8	8	220	0.057	0.049	0.21	0.086	0.13
0031381012	2011	8	9	221	0.053	0.046	0.209	0.08	0.125
0031381012	2011	8	10	222	0.053	0.044	0.208	0.079	0.121
0031381012	2011	8	11	223	0.048	0.041	0.205	0.079	0.115
0031381012	2011	8	12	224	0.075	0.043	0.206	0.08	0.116
0031381012	2011	8	13	225	0.058	0.04	0.206	0.074	0.113
0031381012	2011	8	14	226	0.054	0.043	0.206	0.075	0.108
0031381012	2011	8	15	227	0.052	0.044	0.203	0.072	0.104
0031381012	2011	8	16	228	0.052	0.035	0.204	0.078	0.102
0031381012	2011	8	17	229	0.048	0.038	0.202	0.07	0.098
0031381012	2011	8	18	230	0.048	0.036	0.2	0.075	0.092
0031381012	2011	8	19	231	0.042	0.036	0.2	0.074	0.087
0031381012	2011	8	20	232	0.042	0.037	0.2	0.069	0.085
0031381012	2011	8	21	233	0.046	0.04	0.2	0.07	0.081
0031381012	2011	8	22	234	0.138	0.038	0.198	0.066	0.086
0031381012	2011	8	23	235	0.069	0.04	0.198	0.077	0.085
0031381012	2011	8	24	236	0.058	0.033	0.2	0.068	0.08
0031381012	2011	8	25	237	0.053	0.037	0.198	0.065	0.08
0031381012	2011	8	26	238	0.046	0.036	0.197	0.071	0.074
0031381012	2011	8	27	239	0.045	0.038	0.195	0.064	0.074
0031381012	2011	8	28	240	0.041	0.031	0.195	0.066	0.07
0031381012	2011	8	29	241	0.043	0.036	0.195	0.065	0.073
0031381012	2011	8	30	242	0.038	0.034	0.192	0.059	0.072
0031381012	2011	8	31	243	0.037	0.036	0.192	0.068	0.073
0031381012	2011	9	1	244	0.033	0.034	0.193	0.073	0.069
0031381012	2011	9	2	245	0.036	0.036	0.193	0.064	0.072
0031381012	2011	9	3	246	0.034	0.032	0.19	0.066	0.065
0031381012	2011	9	4	247	0.036	0.035	0.191	0.066	0.066
0031381012	2011	9	5	248	0.032	0.036	0.19	-9999	-9999
0031381012	2011	9	6	249	0.259	0.241	0.332	0.191	-9999
0031381012	2011	9	7	250	0.233	0.215	0.325	0.17	0.236
0031381012	2011	9	8	251	0.211	0.197	0.32	0.154	0.185
0031381012	2011	9	9	252	0.179	0.176	0.314	0.14	0.177
0031381012	2011	9	10	253	0.141	0.151	0.309	0.133	0.165
0031381012	2011	9	11	254	0.111	0.13	0.302	0.131	0.161
0031381012	2011	9	12	255	0.087	0.111	0.295	0.119	0.155
0031381012	2011	9	13	256	0.081	0.094	0.29	0.116	0.151
0031381012	2011	9	14	257	0.072	0.083	0.284	0.111	0.147
0031381012	2011	9	15	258	0.068	0.074	0.273	0.109	0.148
0031381012	2011	9	16	259	0.068	0.069	0.267	0.106	0.146
0031381012	2011	9	17	260	0.066	0.067	0.261	0.105	0.145
0031381012	2011	9	18	261	0.062	0.064	0.256	0.106	0.14
0031381012	2011	9	19	262	0.058	0.058	0.25	0.1	0.141
0031381012	2011	9	20	263	0.064	0.053	0.244	0.103	0.134
0031381012	2011	9	21	264	0.127	0.062	0.24	0.094	0.134
0031381012	2011	9	22	265	0.146	0.076	0.24	0.092	0.134
0031381012	2011	9	23	266	0.251	0.245	0.334	0.12	0.152
0031381012	2011	9	24	267	0.218	0.214	0.334	0.193	-9999
0031381012	2011	9	25	268	0.178	0.188	0.319	0.162	0.21
0031381012	2011	9	26	269	0.151	0.161	0.311	0.15	0.188
0031381012	2011	9	27	270	0.126	0.144	0.307	0.142	0.18
0031381012	2011	9	28	271	0.11	0.127	0.301	0.135	0.173
0031381012	2011	9	29	272	0.105	0.115	0.297	0.13	0.17
0031381012	2011	9	30	273	-9999	-9999	-9999	-9999	-9999
0031381012	2011	10	1	274	0.078	0.081	0.285	0.121	0.161
0031381012	2011	10	2	275	0.075	0.08	0.279	0.112	0.16
0031381012	2011	10	3	276	0.071	0.072	0.271	0.116	0.155
0031381012	2011	10	4	277	0.067	0.067	0.265	0.106	0.157
0031381012	2011	10	5	278	0.065	0.06	0.259	0.107	0.148
0031381012	2011	10	6	279	0.06	0.056	0.253	0.102	0.149
0031381012	2011	10	7	280	0.06	0.054	0.244	0.099	0.145
0031381012	2011	10	8	281	0.057	0.056	0.239	0.097	0.145
0031381012	2011	10	9	282	0.06	0.058	0.236	0.095	0.141
0031381012	2011	10	10	283	0.056	0.054	0.231	0.095	0.139
0031381012	2011	10	11	284	0.064	0.05	0.231	0.097	0.141
0031381012	2011	10	12	285	0.076	0.053	0.232	0.09	0.139
0031381012	2011	10	13	286	0.074	0.055	0.232	0.093	0.14
0031381012	2011	10	14	287	0.186	0.091	0.236	0.091	0.134
0031381012	2011	10	15	288	0.128	0.086	0.238	0.09	0.133
0031381012	2011	10	16	289	0.093	0.08	0.236	0.089	0.13
0031381012	2011	10	17	290	0.081	0.069	0.234	0.086	0.131
0031381012	2011	10	18	291	0.071	0.065	0.232	0.092	0.129
0031381012	2011	10	19	292	0.258	-9999	0.346	0.243	-9999
0031381012	2011	10	20	293	0.203	0.204	0.322	0.166	0.218
0031381012	2011	10	21	294	0.183	0.184	0.316	0.15	0.184
0031381012	2011	10	22	295	0.162	0.168	0.31	0.138	0.172
0031381012	2011	10	23	296	0.146	0.154	0.306	0.129	0.162
0031381012	2011	10	24	297	0.135	0.142	0.304	0.123	0.159
0031381012	2011	10	25	298	0.12	0.128	0.299	0.121	0.153
0031381012	2011	10	26	299	0.104	0.119	0.294	0.122	0.153
0031381012	2011	10	27	300	0.096	0.11	0.293	0.112	0.149
0031381012	2011	10	28	301	0.092	0.099	0.288	0.116	0.148
0031381012	2011	10	29	302	0.092	0.097	0.286	0.111	0.148
0031381012	2011	10	30	303	0.09	0.091	0.281	0.109	0.145
0031381012	2011	10	31	304	0.086	0.088	0.278	0.109	0.142
0031381012	2011	11	1	305	0.079	0.088	0.275	0.108	0.14
0031381012	2011	11	2	306	0.081	0.084	0.273	0.102	0.14
0031381012	2011	11	3	307	0.079	0.083	0.27	0.102	0.138
0031381012	2011	11	4	308	0.218	0.111	0.268	0.105	0.139
0031381012	2011	11	5	309	0.181	0.125	0.27	0.098	0.139
0031381012	2011	11	6	310	0.164	0.12	0.272	0.1	0.137
0031381012	2011	11	7	311	0.151	0.123	0.272	0.1	0.134
0031381012	2011	11	8	312	0.14	0.117	0.275	0.1	0.135
0031381012	2011	11	9	313	0.131	0.115	0.274	0.101	0.135
0031381012	2011	11	10	314	0.135	0.106	0.274	0.101	0.135
0031381012	2011	11	11	315	0.139	0.11	0.272	0.096	0.132
0031381012	2011	11	12	316	0.129	0.109	0.272	0.098	0.132
0031381012	2011	11	13	317	0.124	0.107	0.273	0.096	0.134
0031381012	2011	11	14	318	0.119	0.106	0.272	0.097	0.128
0031381012	2011	11	15	319	0.119	0.099	0.273	0.097	0.13
0031381012	2011	11	16	320	0.225	0.107	0.273	0.096	0.131
0031381012	2011	11	17	321	0.231	0.232	0.347	0.213	0.539
0031381012	2011	11	18	322	0.214	0.211	0.341	0.183	0.258
0031381012	2011	11	19	323	0.202	0.199	0.328	0.166	0.21
0031381012	2011	11	20	324	0.194	0.192	0.323	0.156	0.19
0031381012	2011	11	21	325	0.191	0.185	0.321	0.15	0.184
0031381012	2011	11	22	326	0.187	0.183	0.319	0.144	0.178
0031381012	2011	11	23	327	0.236	0.232	0.345	-9999	0.538
0031381012	2011	11	24	328	0.212	0.211	0.335	0.224	0.546
0031381012	2011	11	25	329	0.205	0.202	0.33	0.198	0.385
0031381012	2011	11	26	330	0.199	0.196	0.326	0.181	0.241
0031381012	2011	11	27	331	0.194	0.189	0.323	0.166	0.211
0031381012	2011	11	28	332	-9999	-9999	0.361	-9999	0.545
0031381012	2011	11	29	333	0.239	0.232	0.345	-9999	0.55
0031381012	2011	11	30	334	0.228	0.223	0.344	0.247	0.555
0031381012	2011	12	1	335	0.217	0.213	0.336	0.222	0.558
0031381012	2011	12	2	336	0.212	0.205	0.33	0.201	0.56
0031381012	2011	12	3	337	0.207	0.199	0.327	0.187	0.305
0031381012	2011	12	4	338	0.202	0.198	0.324	0.175	0.249
0031381012	2011	12	5	339	0.196	0.19	0.322	0.172	0.232
0031381012	2011	12	6	340	0.195	0.189	0.32	0.164	0.225
0031381012	2011	12	7	341	0.268	-9999	0.356	0.162	0.216
0031381012	2011	12	8	342	0.23	0.223	0.345	0.234	0.55
0031381012	2011	12	9	343	0.218	0.213	0.338	0.219	0.555
0031381012	2011	12	10	344	0.21	0.206	0.33	0.203	0.556
0031381012	2011	12	11	345	0.205	0.2	0.327	0.19	0.35
0031381012	2011	12	12	346	0.201	0.197	0.324	0.182	0.254
0031381012	2011	12	13	347	0.199	0.191	0.323	0.172	0.24
0031381012	2011	12	14	348	0.195	0.191	0.32	0.168	0.23
0031381012	2011	12	15	349	0.192	0.189	0.32	0.161	0.223
0031381012	2011	12	16	350	0.19	0.186	0.317	0.161	0.218
0031381012	2011	12	17	351	0.188	0.18	0.316	0.159	0.213
0031381012	2011	12	18	352	0.184	0.179	0.317	0.154	0.213
0031381012	2011	12	19	353	0.177	0.173	0.314	0.151	0.21
0031381012	2011	12	20	354	0.174	0.17	0.314	0.147	0.205
0031381012	2011	12	21	355	0.216	0.173	0.314	0.145	0.203
0031381012	2011	12	22	356	0.238	0.23	0.348	0.244	0.549
0031381012	2011	12	23	357	0.246	0.237	0.351	-9999	0.554
0031381012	2011	12	24	358	0.228	0.219	0.345	0.265	0.556
0031381012	2011	12	25	359	0.216	0.21	0.339	0.23	0.559
0031381012	2011	12	26	360	0.245	0.237	0.351	-9999	0.561
0031381012	2011	12	27	361	0.248	0.223	0.345	0.259	0.56
0031381012	2011	12	28	362	0.233	0.228	0.346	-9999	0.565
0031381012	2011	12	29	363	0.221	0.217	0.34	0.246	0.564
0031381012	2011	12	30	364	0.215	0.21	0.338	0.22	0.566
0031381012	2011	12	31	365	0.212	0.207	0.332	0.206	0.565
0031381012	2012	1	1	1	0.205	0.198	0.327	0.191	0.328
0031381012	2012	1	2	2	0.205	0.198	0.325	0.181	0.255
0031381012	2012	1	3	3	0.197	0.192	0.322	0.174	0.247
0031381012	2012	1	4	4	0.189	0.19	0.321	0.17	0.236
0031381012	2012	1	5	5	0.188	0.184	0.32	0.163	0.231
0031381012	2012	1	6	6	0.184	0.183	0.317	0.158	0.224
0031381012	2012	1	7	7	0.18	0.179	0.318	0.158	0.221
0031381012	2012	1	8	8	0.191	0.181	0.314	0.156	0.214
0031381012	2012	1	9	9	0.245	0.237	0.347	0.259	0.553
0031381012	2012	1	10	10	0.283	-9999	-9999	-9999	0.557
0031381012	2012	1	11	11	0.255	0.25	0.354	-9999	0.559
0031381012	2012	1	12	12	0.237	0.229	0.347	-9999	0.559
0031381012	2012	1	13	13	0.224	0.219	0.34	0.252	0.562
0031381012	2012	1	14	14	0.215	0.211	0.338	0.224	0.561
0031381012	2012	1	15	15	0.208	0.204	0.33	0.205	0.563
0031381012	2012	1	16	16	0.204	0.2	0.327	0.188	0.326
0031381012	2012	1	17	17	0.202	0.194	0.326	0.183	0.255
0031381012	2012	1	18	18	0.268	0.26	0.362	-9999	0.549
0031381012	2012	1	19	19	0.232	0.222	0.343	0.26	0.553
0031381012	2012	1	20	20	0.22	0.215	0.34	0.232	0.555
0031381012	2012	1	21	21	0.271	0.257	0.353	0.211	0.555
0031381012	2012	1	22	22	0.246	0.241	0.342	-9999	0.559
0031381012	2012	1	23	23	0.268	0.259	0.351	-9999	0.56
0031381012	2012	1	24	24	0.243	0.237	0.343	-9999	0.56
0031381012	2012	1	25	25	0.227	0.224	0.342	0.267	0.561
0031381012	2012	1	26	26	0.222	0.217	0.339	0.237	0.563
0031381012	2012	1	27	27	0.262	0.246	0.348	-9999	0.564
0031381012	2012	1	28	28	0.231	0.225	0.343	0.279	0.564
0031381012	2012	1	29	29	0.22	0.217	0.339	0.236	0.564
0031381012	2012	1	30	30	0.212	0.209	0.332	0.212	0.564
0031381012	2012	1	31	31	0.204	0.203	0.33	0.195	0.338
0031381012	2012	2	1	32	0.2	0.199	0.327	0.187	0.26
0031381012	2012	2	2	33	0.254	0.244	0.351	0.184	0.254
0031381012	2012	2	3	34	0.229	0.222	0.342	0.199	0.561
0031381012	2012	2	4	35	0.221	0.214	0.337	0.193	0.317
0031381012	2012	2	5	36	0.265	0.246	0.354	0.184	0.26
0031381012	2012	2	6	37	0.23	0.222	0.342	0.192	0.275
0031381012	2012	2	7	38	0.225	0.214	0.335	0.187	0.259
0031381012	2012	2	8	39	0.214	0.207	0.33	0.182	0.251
0031381012	2012	2	9	40	0.21	0.2	0.327	0.177	0.242
0031381012	2012	2	10	41	0.204	0.194	0.323	0.173	0.234
0031381012	2012	2	11	42	0.206	0.189	0.322	0.167	0.225
0031381012	2012	2	12	43	0.211	0.183	0.319	0.165	0.222
0031381012	2012	2	13	44	0.196	0.181	0.318	0.158	0.218
0031381012	2012	2	14	45	0.207	0.177	0.317	0.156	0.218
0031381012	2012	2	15	46	0.255	0.22	0.329	0.156	0.213
0031381012	2012	2	16	47	0.248	0.211	0.329	0.154	0.214
0031381012	2012	2	17	48	0.27	0.23	0.347	0.205	0.559
0031381012	2012	2	18	49	0.253	0.217	0.339	0.198	0.428
0031381012	2012	2	19	50	-9999	-9999	0.356	-9999	0.555
0031381012	2012	2	20	51	-9999	0.233	0.346	-9999	0.556
0031381012	2012	2	21	52	0.279	0.221	0.344	0.25	0.559
0031381012	2012	2	22	53	0.267	0.213	0.336	0.226	0.56
0031381012	2012	2	23	54	0.267	0.208	0.331	0.21	0.56
0031381012	2012	2	24	55	0.27	0.201	0.329	0.195	0.561
0031381012	2012	2	25	56	0.251	0.196	0.326	0.186	0.261
0031381012	2012	2	26	57	0.235	0.19	0.324	0.179	0.248
0031381012	2012	2	27	58	0.231	0.179	0.323	0.173	0.235
0031381012	2012	2	28	59	0.214	0.171	0.32	0.167	0.226
0031381012	2012	2	29	60	-9999	0.221	0.332	0.165	0.225
0031381012	2012	3	1	61	0.286	0.213	0.333	0.162	0.22
0031381012	2012	3	2	62	0.289	0.22	0.342	0.263	0.557
0031381012	2012	3	3	63	-9999	-9999	-9999	-9999	0.562
0031381012	2012	3	4	64	-9999	0.233	0.346	-9999	0.561
0031381012	2012	3	5	65	0.277	0.221	0.34	0.251	0.565
0031381012	2012	3	6	66	0.255	0.209	0.333	0.223	0.565
0031381012	2012	3	7	67	0.241	0.199	0.327	0.204	0.567
0031381012	2012	3	8	68	0.23	0.193	0.326	0.19	0.277
0031381012	2012	3	9	69	0.216	0.182	0.324	0.181	0.251
0031381012	2012	3	10	70	0.283	0.226	0.346	0.287	0.558
0031381012	2012	3	11	71	0.263	0.218	0.337	0.243	0.558
0031381012	2012	3	12	72	0.254	0.207	0.332	0.218	0.56
0031381012	2012	3	13	73	0.265	0.2	0.329	0.198	0.561
0031381012	2012	3	14	74	0.276	0.208	0.33	0.187	0.261
0031381012	2012	3	15	75	0.262	0.205	0.329	0.181	0.246
0031381012	2012	3	16	76	0.244	0.196	0.327	0.173	0.237
0031381012	2012	3	17	77	0.226	0.183	0.325	0.168	0.23
0031381012	2012	3	18	78	0.205	0.171	0.322	0.168	0.226
0031381012	2012	3	19	79	0.177	0.15	0.32	0.166	0.22
0031381012	2012	3	20	80	0.172	0.139	0.317	0.158	0.217
0031381012	2012	3	21	81	0.145	0.129	0.314	0.155	0.215
0031381012	2012	3	22	82	0.135	0.117	0.309	0.153	0.213
0031381012	2012	3	23	83	0.146	0.116	0.306	0.149	0.211
0031381012	2012	3	24	84	0.276	0.159	0.311	0.145	0.208
0031381012	2012	3	25	85	0.243	0.16	0.311	0.141	0.207
0031381012	2012	3	26	86	0.214	0.152	0.311	0.139	0.204
0031381012	2012	3	27	87	0.18	0.14	0.308	0.141	0.204
0031381012	2012	3	28	88	0.159	0.125	0.306	0.135	0.2
0031381012	2012	3	29	89	0.151	0.109	0.302	0.134	0.199
0031381012	2012	3	30	90	0.139	0.101	0.297	0.133	0.2
0031381012	2012	3	31	91	-9999	0.118	0.327	0.133	0.195
0031381012	2012	4	1	92	0.267	0.185	0.314	0.133	0.196
0031381012	2012	4	2	93	0.24	0.175	0.314	0.132	0.196
0031381012	2012	4	3	94	0.213	0.163	0.309	0.128	0.193
0031381012	2012	4	4	95	0.182	0.144	0.304	0.129	0.192
0031381012	2012	4	5	96	0.154	0.127	0.301	0.125	0.191
0031381012	2012	4	6	97	0.161	0.124	0.302	0.129	0.191
0031381012	2012	4	7	98	0.15	0.114	0.295	0.125	0.189
0031381012	2012	4	8	99	0.126	0.107	0.29	0.13	0.19
0031381012	2012	4	9	100	0.113	0.093	0.281	0.118	0.187
0031381012	2012	4	10	101	0.101	0.079	0.269	0.118	0.185
0031381012	2012	4	11	102	0.095	0.073	0.264	0.117	0.183
0031381012	2012	4	12	103	0.089	0.068	0.255	0.113	0.181
0031381012	2012	4	13	104	0.087	0.063	0.249	0.115	0.182
0031381012	2012	4	14	105	0.082	0.061	0.244	0.114	0.179
0031381012	2012	4	15	106	0.08	0.056	0.239	0.106	0.177
0031381012	2012	4	16	107	0.079	0.062	0.236	0.107	0.174
0031381012	2012	4	17	108	0.086	0.059	0.234	0.103	0.17
0031381012	2012	4	18	109	0.084	0.061	0.232	0.101	0.171
0031381012	2012	4	19	110	0.213	0.089	0.241	0.103	0.171
0031381012	2012	4	20	111	0.177	0.094	0.243	0.1	0.171
0031381012	2012	4	21	112	0.157	0.11	0.241	0.103	0.171
0031381012	2012	4	22	113	0.134	0.107	0.242	0.096	0.169
0031381012	2012	4	23	114	0.109	0.102	0.241	0.098	0.17
0031381012	2012	4	24	115	0.094	0.088	0.238	0.096	0.167
0031381012	2012	4	25	116	0.084	0.081	0.235	0.099	0.163
0031381012	2012	4	26	117	0.083	0.07	0.234	0.097	0.159
0031381012	2012	4	27	118	0.077	0.07	0.229	0.095	0.155
0031381012	2012	4	28	119	0.076	0.071	0.23	0.093	0.154
0031381012	2012	4	29	120	0.076	0.067	0.227	0.09	0.151
0031381012	2012	4	30	121	0.072	0.066	0.227	0.093	0.148
0031381012	2012	5	1	122	0.071	0.063	0.224	0.086	0.141
0031381012	2012	5	2	123	-9999	-9999	-9999	-9999	0.141
0031381012	2012	5	3	124	0.069	0.063	0.222	0.087	0.14
0031381012	2012	5	4	125	0.241	0.072	0.231	0.087	0.138
0031381012	2012	5	5	126	0.178	0.091	0.23	0.083	0.142
0031381012	2012	5	6	127	0.139	0.093	0.23	0.083	0.142
0031381012	2012	5	7	128	0.128	0.087	0.232	0.083	0.141
0031381012	2012	5	8	129	0.162	0.085	0.233	0.09	0.141
0031381012	2012	5	9	130	0.219	0.116	0.242	0.09	0.143
0031381012	2012	5	10	131	0.259	0.243	0.349	0.23	0.547
0031381012	2012	5	11	132	0.238	0.227	0.34	0.198	0.304
0031381012	2012	5	12	133	0.224	0.211	0.332	0.184	0.231
0031381012	2012	5	13	134	-9999	0.209	0.328	0.169	0.213
0031381012	2012	5	14	135	0.286	-9999	0.359	-9999	0.549
0031381012	2012	5	15	136	0.258	0.249	0.352	0.253	0.552
0031381012	2012	5	16	137	0.247	0.237	0.339	0.222	0.552
0031381012	2012	5	17	138	0.231	0.23	0.337	0.202	0.364
0031381012	2012	5	18	139	0.212	0.219	0.331	0.187	0.257
0031381012	2012	5	19	140	0.19	0.206	0.326	0.178	0.235
0031381012	2012	5	20	141	0.172	0.192	0.323	0.166	0.221
0031381012	2012	5	21	142	0.15	0.174	0.32	0.163	0.215
0031381012	2012	5	22	143	0.136	0.161	0.315	0.159	0.212
0031381012	2012	5	23	144	0.127	0.151	0.31	0.158	0.207
0031381012	2012	5	24	145	0.116	0.137	0.305	0.149	0.204
0031381012	2012	5	25	146	0.11	0.125	0.298	0.144	0.201
0031381012	2012	5	26	147	0.102	0.117	0.29	0.137	0.195
0031381012	2012	5	27	148	0.093	0.111	0.285	0.135	0.195
0031381012	2012	5	28	149	0.093	0.102	0.276	0.133	0.191
0031381012	2012	5	29	150	0.095	0.096	0.273	0.13	0.186
0031381012	2012	5	30	151	0.095	0.096	0.27	0.128	0.186
0031381012	2012	5	31	152	0.091	0.098	0.268	0.127	0.182
0031381012	2012	6	1	153	-9999	-9999	-9999	-9999	-9999
0031381012	2012	6	2	154	-9999	-9999	-9999	-9999	-9999
0031381012	2012	6	3	155	-9999	-9999	-9999	-9999	-9999
0031381012	2012	6	4	156	-9999	-9999	-9999	-9999	-9999
0031381012	2012	6	5	157	-9999	-9999	-9999	-9999	-9999
0031381012	2012	6	6	158	-9999	-9999	-9999	-9999	-9999
0031381012	2012	6	7	159	-9999	-9999	-9999	-9999	-9999
0031381012	2012	6	8	160	-9999	-9999	-9999	-9999	-9999
0031381012	2012	6	9	161	-9999	-9999	-9999	-9999	-9999
0031381012	2012	6	10	162	-9999	-9999	-9999	-9999	-9999
0031381012	2012	6	11	163	-9999	-9999	-9999	-9999	-9999
0031381012	2012	6	12	164	-9999	-9999	-9999	-9999	-9999
0031381012	2012	6	13	165	-9999	-9999	-9999	-9999	-9999
0031381012	2012	6	14	166	-9999	-9999	-9999	-9999	-9999
0031381012	2012	6	15	167	-9999	-9999	-9999	-9999	-9999
0031381012	2012	6	16	168	-9999	-9999	-9999	-9999	-9999
0031381012	2012	6	17	169	-9999	-9999	-9999	-9999	-9999
0031381012	2012	6	18	170	-9999	-9999	-9999	-9999	-9999
0031381012	2012	6	19	171	-9999	-9999	-9999	-9999	-9999
0031381012	2012	6	20	172	-9999	-9999	-9999	-9999	-9999
0031381012	2012	6	21	173	-9999	-9999	-9999	-9999	-9999
0031381012	2012	6	22	174	-9999	-9999	-9999	-9999	-9999
0031381012	2012	6	23	175	-9999	-9999	-9999	-9999	-9999
0031381012	2012	6	24	176	-9999	-9999	-9999	-9999	-9999
0031381012	2012	6	25	177	-9999	-9999	-9999	-9999	-9999
0031381012	2012	6	26	178	-9999	-9999	-9999	-9999	-9999
0031381012	2012	6	27	179	-9999	-9999	-9999	-9999	-9999
0031381012	2012	6	28	180	-9999	-9999	-9999	-9999	-9999
0031381012	2012	6	29	181	-9999	-9999	-9999	-9999	-9999
0031381012	2012	6	30	182	-9999	-9999	-9999	-9999	-9999
0031381012	2012	7	1	183	-9999	-9999	-9999	-9999	-9999
0031381012	2012	7	2	184	-9999	-9999	-9999	-9999	-9999
0031381012	2012	7	3	185	-9999	-9999	-9999	-9999	-9999
0031381012	2012	7	4	186	-9999	-9999	-9999	-9999	-9999
0031381012	2012	7	5	187	-9999	-9999	-9999	-9999	-9999
0031381012	2012	7	6	188	-9999	-9999	-9999	-9999	-9999
0031381012	2012	7	7	189	-9999	-9999	-9999	-9999	-9999
0031381012	2012	7	8	190	-9999	-9999	-9999	-9999	-9999
0031381012	2012	7	9	191	-9999	-9999	-9999	-9999	-9999
0031381012	2012	7	10	192	-9999	-9999	-9999	-9999	-9999
0031381012	2012	7	11	193	-9999	-9999	-9999	-9999	-9999
0031381012	2012	7	12	194	-9999	-9999	-9999	-9999	-9999
0031381012	2012	7	13	195	-9999	-9999	-9999	-9999	-9999
0031381012	2012	7	14	196	-9999	-9999	-9999	-9999	-9999
0031381012	2012	7	15	197	-9999	-9999	-9999	-9999	-9999
0031381012	2012	7	16	198	-9999	-9999	-9999	-9999	-9999
0031381012	2012	7	17	199	-9999	-9999	-9999	-9999	-9999
0031381012	2012	7	18	200	-9999	-9999	-9999	-9999	-9999
0031381012	2012	7	19	201	-9999	-9999	-9999	-9999	-9999
0031381012	2012	7	20	202	-9999	-9999	-9999	-9999	-9999
0031381012	2012	7	21	203	-9999	-9999	-9999	-9999	-9999
0031381012	2012	7	22	204	-9999	-9999	-9999	-9999	-9999
0031381012	2012	7	23	205	-9999	-9999	-9999	-9999	-9999
0031381012	2012	7	24	206	-9999	-9999	-9999	-9999	-9999
0031381012	2012	7	25	207	-9999	-9999	-9999	-9999	-9999
0031381012	2012	7	26	208	-9999	-9999	-9999	-9999	-9999
0031381012	2012	7	27	209	-9999	-9999	-9999	-9999	-9999
0031381012	2012	7	28	210	-9999	-9999	-9999	-9999	-9999
0031381012	2012	7	29	211	-9999	-9999	-9999	-9999	-9999
0031381012	2012	7	30	212	-9999	-9999	-9999	-9999	-9999
0031381012	2012	7	31	213	-9999	-9999	-9999	-9999	-9999
0031381012	2012	8	1	214	-9999	-9999	-9999	-9999	-9999
0031381012	2012	8	2	215	-9999	-9999	-9999	-9999	-9999
0031381012	2012	8	3	216	-9999	-9999	-9999	-9999	-9999
0031381012	2012	8	4	217	-9999	-9999	-9999	-9999	-9999
0031381012	2012	8	5	218	-9999	-9999	-9999	-9999	-9999
0031381012	2012	8	6	219	-9999	-9999	-9999	-9999	-9999
0031381012	2012	8	7	220	-9999	-9999	-9999	-9999	-9999
0031381012	2012	8	8	221	-9999	-9999	-9999	-9999	-9999
0031381012	2012	8	9	222	-9999	-9999	-9999	-9999	-9999
0031381012	2012	8	10	223	-9999	-9999	-9999	-9999	-9999
0031381012	2012	8	11	224	-9999	-9999	-9999	-9999	-9999
0031381012	2012	8	12	225	-9999	-9999	-9999	-9999	-9999
0031381012	2012	8	13	226	-9999	-9999	-9999	-9999	-9999
0031381012	2012	8	14	227	-9999	-9999	-9999	-9999	-9999
0031381012	2012	8	15	228	-9999	-9999	-9999	-9999	-9999
0031381012	2012	8	16	229	-9999	-9999	-9999	-9999	-9999
0031381012	2012	8	17	230	-9999	-9999	-9999	-9999	-9999
0031381012	2012	8	18	231	-9999	-9999	-9999	-9999	-9999
0031381012	2012	8	19	232	-9999	-9999	-9999	-9999	-9999
0031381012	2012	8	20	233	-9999	-9999	-9999	-9999	-9999
0031381012	2012	8	21	234	-9999	-9999	-9999	-9999	-9999
0031381012	2012	8	22	235	-9999	-9999	-9999	-9999	-9999
0031381012	2012	8	23	236	-9999	-9999	-9999	-9999	-9999
0031381012	2012	8	24	237	-9999	-9999	-9999	-9999	-9999
0031381012	2012	8	25	238	-9999	-9999	-9999	-9999	-9999
0031381012	2012	8	26	239	-9999	-9999	-9999	-9999	-9999
0031381012	2012	8	27	240	-9999	-9999	-9999	-9999	-9999
0031381012	2012	8	28	241	-9999	-9999	-9999	-9999	-9999
0031381012	2012	8	29	242	-9999	-9999	-9999	-9999	-9999
0031381012	2012	8	30	243	-9999	-9999	-9999	-9999	-9999
0031381012	2012	8	31	244	-9999	-9999	-9999	-9999	-9999
0031381012	2012	9	1	245	-9999	-9999	-9999	-9999	-9999
0031381012	2012	9	2	246	-9999	-9999	-9999	-9999	-9999
0031381012	2012	9	3	247	-9999	-9999	-9999	-9999	-9999
0031381012	2012	9	4	248	-9999	-9999	-9999	-9999	-9999
0031381012	2012	9	5	249	-9999	-9999	-9999	-9999	-9999
0031381012	2012	9	6	250	-9999	-9999	-9999	-9999	-9999
0031381012	2012	9	7	251	-9999	-9999	-9999	-9999	-9999
0031381012	2012	9	8	252	-9999	-9999	-9999	-9999	-9999
0031381012	2012	9	9	253	-9999	-9999	-9999	-9999	-9999
0031381012	2012	9	10	254	-9999	-9999	-9999	-9999	-9999
0031381012	2012	9	11	255	-9999	-9999	-9999	-9999	-9999
0031381012	2012	9	12	256	-9999	-9999	-9999	-9999	-9999
0031381012	2012	9	13	257	-9999	-9999	-9999	-9999	-9999
0031381012	2012	9	14	258	-9999	-9999	-9999	-9999	-9999
0031381012	2012	9	15	259	-9999	-9999	-9999	-9999	-9999
0031381012	2012	9	16	260	-9999	-9999	-9999	-9999	-9999
0031381012	2012	9	17	261	-9999	-9999	-9999	-9999	-9999
0031381012	2012	9	18	262	-9999	-9999	-9999	-9999	-9999
0031381012	2012	9	19	263	-9999	-9999	-9999	-9999	-9999
0031381012	2012	9	20	264	-9999	-9999	-9999	-9999	-9999
0031381012	2012	9	21	265	-9999	-9999	-9999	-9999	-9999
0031381012	2012	9	22	266	-9999	-9999	-9999	-9999	-9999
0031381012	2012	9	23	267	-9999	-9999	-9999	-9999	-9999
0031381012	2012	9	24	268	-9999	-9999	-9999	-9999	-9999
0031381012	2012	9	25	269	-9999	-9999	-9999	-9999	-9999
0031381012	2012	9	26	270	-9999	-9999	-9999	-9999	-9999
0031381012	2012	9	27	271	-9999	-9999	-9999	-9999	-9999
0031381012	2012	9	28	272	-9999	-9999	-9999	-9999	-9999
0031381012	2012	9	29	273	-9999	-9999	-9999	-9999	-9999
0031381012	2012	9	30	274	-9999	-9999	-9999	-9999	-9999
0031381012	2012	10	1	275	-9999	-9999	-9999	-9999	-9999
0031381012	2012	10	2	276	-9999	-9999	-9999	-9999	-9999
0031381012	2012	10	3	277	-9999	-9999	-9999	-9999	-9999
0031381012	2012	10	4	278	-9999	-9999	-9999	-9999	-9999
0031381012	2012	10	5	279	-9999	-9999	-9999	-9999	-9999
0031381012	2012	10	6	280	-9999	-9999	-9999	-9999	-9999
0031381012	2012	10	7	281	-9999	-9999	-9999	-9999	-9999
0031381012	2012	10	8	282	-9999	-9999	-9999	-9999	-9999
0031381012	2012	10	9	283	-9999	-9999	-9999	-9999	-9999
0031381012	2012	10	10	284	-9999	-9999	-9999	-9999	-9999
0031381012	2012	10	11	285	-9999	-9999	-9999	-9999	-9999
0031381012	2012	10	12	286	-9999	-9999	-9999	-9999	-9999
0031381012	2012	10	13	287	-9999	-9999	-9999	-9999	-9999
0031381012	2012	10	14	288	-9999	-9999	-9999	-9999	-9999
0031381012	2012	10	15	289	-9999	-9999	-9999	-9999	-9999
0031381012	2012	10	16	290	-9999	-9999	-9999	-9999	-9999
0031381012	2012	10	17	291	-9999	-9999	-9999	-9999	-9999
0031381012	2012	10	18	292	-9999	-9999	-9999	-9999	-9999
0031381012	2012	10	19	293	-9999	-9999	-9999	-9999	-9999
0031381012	2012	10	20	294	-9999	-9999	-9999	-9999	-9999
0031381012	2012	10	21	295	-9999	-9999	-9999	-9999	-9999
0031381012	2012	10	22	296	-9999	-9999	-9999	-9999	-9999
0031381012	2012	10	23	297	-9999	-9999	-9999	-9999	-9999
0031381012	2012	10	24	298	-9999	-9999	-9999	-9999	-9999
0031381012	2012	10	25	299	-9999	-9999	-9999	-9999	-9999
0031381012	2012	10	26	300	-9999	-9999	-9999	-9999	-9999
0031381012	2012	10	27	301	-9999	-9999	-9999	-9999	-9999
0031381012	2012	10	28	302	-9999	-9999	-9999	-9999	-9999
0031381012	2012	10	29	303	-9999	-9999	-9999	-9999	-9999
0031381012	2012	10	30	304	-9999	-9999	-9999	-9999	-9999
0031381012	2012	10	31	305	-9999	-9999	-9999	-9999	-9999
0031381012	2012	11	1	306	-9999	-9999	-9999	-9999	-9999
0031381012	2012	11	2	307	-9999	-9999	-9999	-9999	-9999
0031381012	2012	11	3	308	-9999	-9999	-9999	-9999	-9999
0031381012	2012	11	4	309	-9999	-9999	-9999	-9999	-9999
0031381012	2012	11	5	310	-9999	-9999	-9999	-9999	-9999
0031381012	2012	11	6	311	-9999	-9999	-9999	-9999	-9999
0031381012	2012	11	7	312	-9999	-9999	-9999	-9999	-9999
0031381012	2012	11	8	313	-9999	-9999	-9999	-9999	-9999
0031381012	2012	11	9	314	-9999	-9999	-9999	-9999	-9999
0031381012	2012	11	10	315	-9999	-9999	-9999	-9999	-9999
0031381012	2012	11	11	316	-9999	-9999	-9999	-9999	-9999
0031381012	2012	11	12	317	-9999	-9999	-9999	-9999	-9999
0031381012	2012	11	13	318	-9999	-9999	-9999	-9999	-9999
0031381012	2012	11	14	319	-9999	-9999	-9999	-9999	-9999
0031381012	2012	11	15	320	-9999	-9999	-9999	-9999	-9999
0031381012	2012	11	16	321	-9999	-9999	-9999	-9999	-9999
0031381012	2012	11	17	322	-9999	-9999	-9999	-9999	-9999
0031381012	2012	11	18	323	-9999	-9999	-9999	-9999	-9999
0031381012	2012	11	19	324	-9999	-9999	-9999	-9999	-9999
0031381012	2012	11	20	325	-9999	-9999	-9999	-9999	-9999
0031381012	2012	11	21	326	-9999	-9999	-9999	-9999	-9999
0031381012	2012	11	22	327	-9999	-9999	-9999	-9999	-9999
0031381012	2012	11	23	328	-9999	-9999	-9999	-9999	-9999
0031381012	2012	11	24	329	-9999	-9999	-9999	-9999	-9999
0031381012	2012	11	25	330	-9999	-9999	-9999	-9999	-9999
0031381012	2012	11	26	331	-9999	-9999	-9999	-9999	-9999
0031381012	2012	11	27	332	-9999	-9999	-9999	-9999	-9999
0031381012	2012	11	28	333	-9999	-9999	-9999	-9999	-9999
0031381012	2012	11	29	334	-9999	-9999	-9999	-9999	-9999
0031381012	2012	11	30	335	-9999	-9999	-9999	-9999	-9999
0031381012	2012	12	1	336	-9999	-9999	-9999	-9999	-9999
0031381012	2012	12	2	337	-9999	-9999	-9999	-9999	-9999
0031381012	2012	12	3	338	-9999	-9999	-9999	-9999	-9999
0031381012	2012	12	4	339	-9999	-9999	-9999	-9999	-9999
0031381012	2012	12	5	340	-9999	-9999	-9999	-9999	-9999
0031381012	2012	12	6	341	-9999	-9999	-9999	-9999	-9999
0031381012	2012	12	7	342	-9999	-9999	-9999	-9999	-9999
0031381012	2012	12	8	343	-9999	-9999	-9999	-9999	-9999
0031381012	2012	12	9	344	-9999	-9999	-9999	-9999	-9999
0031381012	2012	12	10	345	-9999	-9999	-9999	-9999	-9999
0031381012	2012	12	11	346	-9999	-9999	-9999	-9999	-9999
0031381012	2012	12	12	347	-9999	-9999	-9999	-9999	-9999
0031381012	2012	12	13	348	-9999	-9999	-9999	-9999	-9999
0031381012	2012	12	14	349	-9999	-9999	-9999	-9999	-9999
0031381012	2012	12	15	350	-9999	-9999	-9999	-9999	-9999
0031381012	2012	12	16	351	-9999	-9999	-9999	-9999	-9999
0031381012	2012	12	17	352	-9999	-9999	-9999	-9999	-9999
0031381012	2012	12	18	353	-9999	-9999	-9999	-9999	-9999
0031381012	2012	12	19	354	-9999	-9999	-9999	-9999	-9999
0031381012	2012	12	20	355	-9999	-9999	-9999	-9999	-9999
0031381012	2012	12	21	356	-9999	-9999	-9999	-9999	-9999
0031381012	2012	12	22	357	-9999	-9999	-9999	-9999	-9999
0031381012	2012	12	23	358	-9999	-9999	-9999	-9999	-9999
0031381012	2012	12	24	359	-9999	-9999	-9999	-9999	-9999
0031381012	2012	12	25	360	-9999	-9999	-9999	-9999	-9999
0031381012	2012	12	26	361	-9999	-9999	-9999	-9999	-9999
0031381012	2012	12	27	362	-9999	-9999	-9999	-9999	-9999
0031381012	2012	12	28	363	-9999	-9999	-9999	-9999	-9999
0031381012	2012	12	29	364	-9999	-9999	-9999	-9999	-9999
0031381012	2012	12	30	365	-9999	-9999	-9999	-9999	-9999
0031381012	2012	12	31	366	-9999	-9999	-9999	-9999	-9999
