stationID	Y	M	D	DOY	depth_5	depth_10	depth_20	depth_51	depth_102
0031411012	2010	1	1	1	-9999	-9999	-9999	-9999	-9999
0031411012	2010	1	2	2	-9999	-9999	-9999	-9999	-9999
0031411012	2010	1	3	3	-9999	-9999	-9999	-9999	-9999
0031411012	2010	1	4	4	-9999	-9999	-9999	-9999	-9999
0031411012	2010	1	5	5	-9999	-9999	-9999	-9999	-9999
0031411012	2010	1	6	6	-9999	-9999	-9999	-9999	-9999
0031411012	2010	1	7	7	-9999	-9999	-9999	-9999	-9999
0031411012	2010	1	8	8	-9999	-9999	-9999	-9999	-9999
0031411012	2010	1	9	9	-9999	-9999	-9999	-9999	-9999
0031411012	2010	1	10	10	-9999	-9999	-9999	-9999	-9999
0031411012	2010	1	11	11	-9999	-9999	-9999	-9999	-9999
0031411012	2010	1	12	12	-9999	-9999	-9999	-9999	-9999
0031411012	2010	1	13	13	-9999	-9999	-9999	-9999	-9999
0031411012	2010	1	14	14	-9999	-9999	-9999	-9999	-9999
0031411012	2010	1	15	15	-9999	-9999	-9999	-9999	-9999
0031411012	2010	1	16	16	-9999	-9999	-9999	-9999	-9999
0031411012	2010	1	17	17	-9999	-9999	-9999	-9999	-9999
0031411012	2010	1	18	18	-9999	-9999	-9999	-9999	-9999
0031411012	2010	1	19	19	-9999	-9999	-9999	-9999	-9999
0031411012	2010	1	20	20	-9999	-9999	-9999	-9999	-9999
0031411012	2010	1	21	21	-9999	-9999	-9999	-9999	-9999
0031411012	2010	1	22	22	-9999	-9999	-9999	-9999	-9999
0031411012	2010	1	23	23	-9999	-9999	-9999	-9999	-9999
0031411012	2010	1	24	24	-9999	-9999	-9999	-9999	-9999
0031411012	2010	1	25	25	-9999	-9999	-9999	-9999	-9999
0031411012	2010	1	26	26	-9999	-9999	-9999	-9999	-9999
0031411012	2010	1	27	27	-9999	-9999	-9999	-9999	-9999
0031411012	2010	1	28	28	-9999	-9999	-9999	-9999	-9999
0031411012	2010	1	29	29	-9999	-9999	-9999	-9999	-9999
0031411012	2010	1	30	30	-9999	-9999	-9999	-9999	-9999
0031411012	2010	1	31	31	-9999	-9999	-9999	-9999	-9999
0031411012	2010	2	1	32	-9999	-9999	-9999	-9999	-9999
0031411012	2010	2	2	33	-9999	-9999	-9999	-9999	-9999
0031411012	2010	2	3	34	-9999	-9999	-9999	-9999	-9999
0031411012	2010	2	4	35	-9999	-9999	-9999	-9999	-9999
0031411012	2010	2	5	36	-9999	-9999	-9999	-9999	-9999
0031411012	2010	2	6	37	-9999	-9999	-9999	-9999	-9999
0031411012	2010	2	7	38	-9999	-9999	-9999	-9999	-9999
0031411012	2010	2	8	39	-9999	-9999	-9999	-9999	-9999
0031411012	2010	2	9	40	-9999	-9999	-9999	-9999	-9999
0031411012	2010	2	10	41	-9999	-9999	-9999	-9999	-9999
0031411012	2010	2	11	42	-9999	-9999	-9999	-9999	-9999
0031411012	2010	2	12	43	-9999	-9999	-9999	-9999	-9999
0031411012	2010	2	13	44	-9999	-9999	-9999	-9999	-9999
0031411012	2010	2	14	45	-9999	-9999	-9999	-9999	-9999
0031411012	2010	2	15	46	-9999	-9999	-9999	-9999	-9999
0031411012	2010	2	16	47	-9999	-9999	-9999	-9999	-9999
0031411012	2010	2	17	48	-9999	-9999	-9999	-9999	-9999
0031411012	2010	2	18	49	-9999	-9999	-9999	-9999	-9999
0031411012	2010	2	19	50	-9999	-9999	-9999	-9999	-9999
0031411012	2010	2	20	51	-9999	-9999	-9999	-9999	-9999
0031411012	2010	2	21	52	-9999	-9999	-9999	-9999	-9999
0031411012	2010	2	22	53	-9999	-9999	-9999	-9999	-9999
0031411012	2010	2	23	54	-9999	-9999	-9999	-9999	-9999
0031411012	2010	2	24	55	-9999	-9999	-9999	-9999	-9999
0031411012	2010	2	25	56	-9999	-9999	-9999	-9999	-9999
0031411012	2010	2	26	57	-9999	-9999	-9999	-9999	-9999
0031411012	2010	2	27	58	-9999	-9999	-9999	-9999	-9999
0031411012	2010	2	28	59	-9999	-9999	-9999	-9999	-9999
0031411012	2010	3	1	60	-9999	-9999	-9999	-9999	-9999
0031411012	2010	3	2	61	-9999	-9999	-9999	-9999	-9999
0031411012	2010	3	3	62	-9999	-9999	-9999	-9999	-9999
0031411012	2010	3	4	63	-9999	-9999	-9999	-9999	-9999
0031411012	2010	3	5	64	-9999	-9999	-9999	-9999	-9999
0031411012	2010	3	6	65	-9999	-9999	-9999	-9999	-9999
0031411012	2010	3	7	66	-9999	-9999	-9999	-9999	-9999
0031411012	2010	3	8	67	-9999	-9999	-9999	-9999	-9999
0031411012	2010	3	9	68	-9999	-9999	-9999	-9999	-9999
0031411012	2010	3	10	69	-9999	-9999	-9999	-9999	-9999
0031411012	2010	3	11	70	-9999	-9999	-9999	-9999	-9999
0031411012	2010	3	12	71	-9999	-9999	-9999	-9999	-9999
0031411012	2010	3	13	72	-9999	-9999	-9999	-9999	-9999
0031411012	2010	3	14	73	-9999	-9999	-9999	-9999	-9999
0031411012	2010	3	15	74	-9999	-9999	-9999	-9999	-9999
0031411012	2010	3	16	75	-9999	-9999	-9999	-9999	-9999
0031411012	2010	3	17	76	-9999	-9999	-9999	-9999	-9999
0031411012	2010	3	18	77	-9999	-9999	-9999	-9999	-9999
0031411012	2010	3	19	78	-9999	-9999	-9999	-9999	-9999
0031411012	2010	3	20	79	-9999	-9999	-9999	-9999	-9999
0031411012	2010	3	21	80	-9999	-9999	-9999	-9999	-9999
0031411012	2010	3	22	81	-9999	-9999	-9999	-9999	-9999
0031411012	2010	3	23	82	-9999	-9999	-9999	-9999	-9999
0031411012	2010	3	24	83	-9999	-9999	-9999	-9999	-9999
0031411012	2010	3	25	84	-9999	-9999	-9999	-9999	-9999
0031411012	2010	3	26	85	-9999	-9999	-9999	-9999	-9999
0031411012	2010	3	27	86	-9999	-9999	-9999	-9999	-9999
0031411012	2010	3	28	87	-9999	-9999	-9999	-9999	-9999
0031411012	2010	3	29	88	-9999	-9999	-9999	-9999	-9999
0031411012	2010	3	30	89	-9999	-9999	-9999	-9999	-9999
0031411012	2010	3	31	90	-9999	-9999	-9999	-9999	-9999
0031411012	2010	4	1	91	-9999	-9999	-9999	-9999	-9999
0031411012	2010	4	2	92	-9999	-9999	-9999	-9999	-9999
0031411012	2010	4	3	93	-9999	-9999	-9999	-9999	-9999
0031411012	2010	4	4	94	-9999	-9999	-9999	-9999	-9999
0031411012	2010	4	5	95	-9999	-9999	-9999	-9999	-9999
0031411012	2010	4	6	96	-9999	-9999	-9999	-9999	-9999
0031411012	2010	4	7	97	-9999	-9999	-9999	-9999	-9999
0031411012	2010	4	8	98	-9999	-9999	-9999	-9999	-9999
0031411012	2010	4	9	99	-9999	-9999	-9999	-9999	-9999
0031411012	2010	4	10	100	-9999	-9999	-9999	-9999	-9999
0031411012	2010	4	11	101	-9999	-9999	-9999	-9999	-9999
0031411012	2010	4	12	102	-9999	-9999	-9999	-9999	-9999
0031411012	2010	4	13	103	-9999	-9999	-9999	-9999	-9999
0031411012	2010	4	14	104	0.006	0.113	0.324	0.273	0.366
0031411012	2010	4	15	105	0.014	0.114	0.324	0.271	0.368
0031411012	2010	4	16	106	0.016	0.114	0.329	0.277	0.368
0031411012	2010	4	17	107	0.018	0.118	0.328	0.276	0.365
0031411012	2010	4	18	108	0.018	0.117	0.33	0.279	0.368
0031411012	2010	4	19	109	0.02	0.117	0.332	0.281	0.368
0031411012	2010	4	20	110	0.022	0.117	0.331	0.276	0.368
0031411012	2010	4	21	111	0.021	0.114	0.328	0.279	0.368
0031411012	2010	4	22	112	0.02	0.116	0.331	0.279	0.368
0031411012	2010	4	23	113	0.018	0.116	0.331	0.276	0.372
0031411012	2010	4	24	114	0.02	0.114	0.332	0.281	0.372
0031411012	2010	4	25	115	-9999	0.116	0.328	0.28	0.373
0031411012	2010	4	26	116	0.103	0.138	0.332	0.281	0.373
0031411012	2010	4	27	117	0.089	0.137	0.333	0.28	0.373
0031411012	2010	4	28	118	0.084	0.137	0.332	0.281	0.373
0031411012	2010	4	29	119	0.079	0.137	0.336	0.277	0.37
0031411012	2010	4	30	120	0.082	0.135	0.336	0.281	0.37
0031411012	2010	5	1	121	0.078	0.142	0.335	0.281	0.37
0031411012	2010	5	2	122	0.08	0.141	0.339	0.284	0.37
0031411012	2010	5	3	123	0.079	0.139	0.343	0.286	0.373
0031411012	2010	5	4	124	-9999	-9999	0.356	0.312	0.482
0031411012	2010	5	5	125	0.115	-9999	0.353	0.314	0.485
0031411012	2010	5	6	126	0.101	-9999	0.357	0.314	0.486
0031411012	2010	5	7	127	0.099	-9999	0.357	0.314	0.486
0031411012	2010	5	8	128	0.094	-9999	0.359	0.312	0.416
0031411012	2010	5	9	129	0.092	-9999	0.355	0.315	0.407
0031411012	2010	5	10	130	0.089	-9999	0.357	0.313	0.403
0031411012	2010	5	11	131	0.082	-9999	0.354	0.309	0.398
0031411012	2010	5	12	132	0.079	-9999	0.356	0.313	0.399
0031411012	2010	5	13	133	0.077	-9999	0.359	0.312	0.402
0031411012	2010	5	14	134	0.066	-9999	0.359	0.312	0.399
0031411012	2010	5	15	135	0.06	-9999	0.359	0.312	0.395
0031411012	2010	5	16	136	0.053	0.151	0.358	0.312	0.396
0031411012	2010	5	17	137	0.051	0.149	0.359	0.312	0.396
0031411012	2010	5	18	138	0.05	0.147	0.353	0.31	0.396
0031411012	2010	5	19	139	0.048	0.143	0.355	0.312	0.392
0031411012	2010	5	20	140	0.046	0.14	0.357	0.311	0.393
0031411012	2010	5	21	141	0.067	0.14	0.357	0.311	0.403
0031411012	2010	5	22	142	0.066	0.145	0.357	0.312	0.412
0031411012	2010	5	23	143	0.064	0.15	0.362	0.315	0.411
0031411012	2010	5	24	144	0.06	0.142	0.361	0.319	0.404
0031411012	2010	5	25	145	0.051	0.14	0.361	0.315	0.405
0031411012	2010	5	26	146	0.045	0.134	0.356	0.315	0.396
0031411012	2010	5	27	147	0.042	0.131	0.356	0.31	0.396
0031411012	2010	5	28	148	0.042	0.121	0.356	0.31	0.396
0031411012	2010	5	29	149	0.032	0.116	0.354	0.311	0.396
0031411012	2010	5	30	150	0.028	0.116	0.348	0.313	-9999
0031411012	2010	5	31	151	0.066	0.118	0.348	0.308	-9999
0031411012	2010	6	1	152	0.076	0.128	0.352	0.309	-9999
0031411012	2010	6	2	153	0.074	0.125	0.353	0.309	-9999
0031411012	2010	6	3	154	0.063	0.125	0.355	0.308	-9999
0031411012	2010	6	4	155	0.062	0.124	0.352	0.31	-9999
0031411012	2010	6	5	156	0.055	0.121	0.354	0.311	-9999
0031411012	2010	6	6	157	0.073	0.127	0.352	0.311	-9999
0031411012	2010	6	7	158	0.076	0.128	0.357	0.314	-9999
0031411012	2010	6	8	159	0.062	0.127	0.355	0.311	-9999
0031411012	2010	6	9	160	0.055	0.125	0.359	0.315	-9999
0031411012	2010	6	10	161	0.043	0.125	0.356	0.314	-9999
0031411012	2010	6	11	162	0.039	0.123	0.356	0.313	-9999
0031411012	2010	6	12	163	0.03	0.121	0.356	0.311	-9999
0031411012	2010	6	13	164	0.02	0.116	0.356	0.314	-9999
0031411012	2010	6	14	165	0.01	0.114	0.357	0.314	-9999
0031411012	2010	6	15	166	-9999	0.12	0.353	0.316	-9999
0031411012	2010	6	16	167	0.004	0.11	0.354	0.311	-9999
0031411012	2010	6	17	168	0.008	0.109	0.353	0.311	-9999
0031411012	2010	6	18	169	0.003	0.111	0.35	0.311	-9999
0031411012	2010	6	19	170	-9999	0.108	0.348	0.311	-9999
0031411012	2010	6	20	171	-9999	0.102	0.345	0.311	-9999
0031411012	2010	6	21	172	-9999	0.109	0.345	0.307	-9999
0031411012	2010	6	22	173	0.005	0.104	0.34	0.307	-9999
0031411012	2010	6	23	174	0.003	0.106	0.341	0.305	-9999
0031411012	2010	6	24	175	-9999	0.102	0.343	0.308	-9999
0031411012	2010	6	25	176	-9999	0.103	0.33	0.302	-9999
0031411012	2010	6	26	177	-9999	0.105	0.331	0.302	-9999
0031411012	2010	6	27	178	0.003	0.103	0.329	0.299	-9999
0031411012	2010	6	28	179	0.009	0.107	0.327	0.3	-9999
0031411012	2010	6	29	180	0.003	0.103	0.327	0.294	-9999
0031411012	2010	6	30	181	0.005	0.105	0.325	0.295	-9999
0031411012	2010	7	1	182	0.027	0.105	0.322	0.288	-9999
0031411012	2010	7	2	183	0.025	0.107	0.327	0.288	-9999
0031411012	2010	7	3	184	0.02	0.111	0.326	0.288	-9999
0031411012	2010	7	4	185	0.021	0.107	0.326	0.292	-9999
0031411012	2010	7	5	186	0.015	0.111	0.326	0.29	-9999
0031411012	2010	7	6	187	0.006	0.109	0.323	0.29	-9999
0031411012	2010	7	7	188	0.005	0.106	0.324	0.285	-9999
0031411012	2010	7	8	189	-9999	0.106	0.318	0.289	-9999
0031411012	2010	7	9	190	-9999	0.1	0.313	0.287	-9999
0031411012	2010	7	10	191	-9999	0.104	0.312	0.285	-9999
0031411012	2010	7	11	192	-9999	0.099	0.308	0.281	-9999
0031411012	2010	7	12	193	-9999	0.099	0.307	0.277	-9999
0031411012	2010	7	13	194	-9999	0.102	0.306	0.277	-9999
0031411012	2010	7	14	195	-9999	0.1	0.3	0.271	-9999
0031411012	2010	7	15	196	-9999	0.099	0.297	0.275	-9999
0031411012	2010	7	16	197	-9999	0.097	0.299	0.275	-9999
0031411012	2010	7	17	198	0.112	0.098	0.291	0.27	-9999
0031411012	2010	7	18	199	0.036	0.099	0.296	0.273	-9999
0031411012	2010	7	19	200	0.023	0.095	0.296	0.273	-9999
0031411012	2010	7	20	201	0.021	0.1	0.291	0.273	-9999
0031411012	2010	7	21	202	0.013	0.1	0.296	0.269	-9999
0031411012	2010	7	22	203	0.002	0.097	0.294	0.273	-9999
0031411012	2010	7	23	204	-9999	0.102	0.293	0.268	-9999
0031411012	2010	7	24	205	-9999	0.095	0.285	0.269	-9999
0031411012	2010	7	25	206	-9999	0.095	0.286	0.271	-9999
0031411012	2010	7	26	207	-9999	0.095	0.278	0.267	-9999
0031411012	2010	7	27	208	-9999	0.095	0.28	0.265	-9999
0031411012	2010	7	28	209	0.053	0.094	0.278	0.263	-9999
0031411012	2010	7	29	210	0.022	0.091	0.277	0.264	-9999
0031411012	2010	7	30	211	0.003	0.096	0.279	0.264	-9999
0031411012	2010	7	31	212	-9999	0.094	0.277	0.263	-9999
0031411012	2010	8	1	213	-9999	0.095	0.275	0.266	-9999
0031411012	2010	8	2	214	-9999	0.092	0.272	0.259	-9999
0031411012	2010	8	3	215	-9999	0.09	0.269	0.26	-9999
0031411012	2010	8	4	216	-9999	0.092	0.269	0.256	-9999
0031411012	2010	8	5	217	-9999	0.087	0.268	0.258	-9999
0031411012	2010	8	6	218	-9999	0.088	0.266	0.256	-9999
0031411012	2010	8	7	219	-9999	0.088	0.269	0.256	-9999
0031411012	2010	8	8	220	-9999	0.087	0.268	0.257	-9999
0031411012	2010	8	9	221	0.013	0.09	0.26	0.258	-9999
0031411012	2010	8	10	222	0.01	0.09	0.264	0.254	-9999
0031411012	2010	8	11	223	0.009	0.086	0.264	0.255	-9999
0031411012	2010	8	12	224	0.009	0.088	0.264	0.253	-9999
0031411012	2010	8	13	225	0.009	0.086	0.256	0.253	-9999
0031411012	2010	8	14	226	0.01	0.087	0.257	0.255	-9999
0031411012	2010	8	15	227	0.058	0.09	0.254	0.25	-9999
0031411012	2010	8	16	228	0.032	0.092	0.254	0.254	-9999
0031411012	2010	8	17	229	0.013	0.094	0.258	0.252	-9999
0031411012	2010	8	18	230	0.013	0.094	0.26	0.251	-9999
0031411012	2010	8	19	231	0.013	0.094	0.257	0.252	-9999
0031411012	2010	8	20	232	0.006	0.094	0.257	0.256	-9999
0031411012	2010	8	21	233	0.008	0.092	0.256	0.252	-9999
0031411012	2010	8	22	234	0.005	0.094	0.257	0.255	-9999
0031411012	2010	8	23	235	0.046	0.094	0.258	0.255	-9999
0031411012	2010	8	24	236	0.007	0.088	0.258	0.255	-9999
0031411012	2010	8	25	237	0.002	0.094	0.258	0.256	-9999
0031411012	2010	8	26	238	0.003	0.09	0.258	0.255	-9999
0031411012	2010	8	27	239	-9999	0.094	0.258	0.255	-9999
0031411012	2010	8	28	240	-9999	0.088	0.258	0.255	-9999
0031411012	2010	8	29	241	-9999	0.089	0.257	0.252	-9999
0031411012	2010	8	30	242	-9999	0.091	0.25	0.252	-9999
0031411012	2010	8	31	243	0.001	0.087	0.255	0.25	-9999
0031411012	2010	9	1	244	0.001	0.087	0.255	0.254	-9999
0031411012	2010	9	2	245	-9999	0.093	0.257	0.251	-9999
0031411012	2010	9	3	246	0.001	0.091	0.255	0.253	-9999
0031411012	2010	9	4	247	-9999	0.091	0.255	0.254	-9999
0031411012	2010	9	5	248	-9999	0.095	0.258	0.254	-9999
0031411012	2010	9	6	249	-9999	0.09	0.252	0.252	-9999
0031411012	2010	9	7	250	-9999	0.09	0.255	0.252	-9999
0031411012	2010	9	8	251	-9999	0.09	0.256	0.249	-9999
0031411012	2010	9	9	252	0.014	0.093	0.256	0.254	-9999
0031411012	2010	9	10	253	0.013	0.09	0.258	0.252	-9999
0031411012	2010	9	11	254	0.012	0.09	0.255	0.256	-9999
0031411012	2010	9	12	255	0.013	0.088	0.256	0.256	-9999
0031411012	2010	9	13	256	0.013	0.089	0.256	0.252	-9999
0031411012	2010	9	14	257	0.009	0.088	0.252	0.254	-9999
0031411012	2010	9	15	258	0.007	0.088	0.253	0.252	-9999
0031411012	2010	9	16	259	0.007	0.088	0.253	0.252	-9999
0031411012	2010	9	17	260	0.005	0.086	0.253	0.252	-9999
0031411012	2010	9	18	261	0.005	0.086	0.253	0.254	-9999
0031411012	2010	9	19	262	0.005	0.086	0.252	0.254	-9999
0031411012	2010	9	20	263	0.003	0.086	0.251	0.25	-9999
0031411012	2010	9	21	264	0.004	0.082	0.253	0.253	-9999
0031411012	2010	9	22	265	0.002	0.087	0.252	0.254	-9999
0031411012	2010	9	23	266	0.001	0.087	0.252	0.254	-9999
0031411012	2010	9	24	267	0.001	0.085	0.253	0.252	-9999
0031411012	2010	9	25	268	0.001	0.084	0.25	0.252	-9999
0031411012	2010	9	26	269	0.001	0.08	0.254	0.252	-9999
0031411012	2010	9	27	270	0.005	0.079	0.248	0.251	-9999
0031411012	2010	9	28	271	0.012	0.081	0.242	0.248	-9999
0031411012	2010	9	29	272	-9999	0.08	0.247	0.246	-9999
0031411012	2010	9	30	273	-9999	-9999	-9999	-9999	-9999
0031411012	2010	10	1	274	-9999	0.085	0.246	0.246	-9999
0031411012	2010	10	2	275	-9999	0.087	0.245	0.244	-9999
0031411012	2010	10	3	276	-9999	0.086	0.245	0.245	-9999
0031411012	2010	10	4	277	0.016	0.083	0.247	0.245	-9999
0031411012	2010	10	5	278	0.012	0.085	0.246	0.243	-9999
0031411012	2010	10	6	279	0.01	0.084	0.244	0.244	-9999
0031411012	2010	10	7	280	0.008	0.084	0.244	0.244	-9999
0031411012	2010	10	8	281	0.006	0.084	0.246	0.244	-9999
0031411012	2010	10	9	282	0.005	0.081	0.247	0.241	-9999
0031411012	2010	10	10	283	0.003	0.084	0.243	0.243	-9999
0031411012	2010	10	11	284	0.002	0.084	0.245	0.242	-9999
0031411012	2010	10	12	285	0.002	0.081	0.245	0.247	-9999
0031411012	2010	10	13	286	0.011	0.086	0.245	0.247	-9999
0031411012	2010	10	14	287	-9999	0.083	0.247	0.247	-9999
0031411012	2010	10	15	288	0.016	0.082	0.245	0.241	-9999
0031411012	2010	10	16	289	-9999	0.082	0.244	0.24	-9999
0031411012	2010	10	17	290	-9999	0.082	0.24	0.238	-9999
0031411012	2010	10	18	291	0.014	0.081	0.244	0.242	-9999
0031411012	2010	10	19	292	0.012	0.079	0.24	0.238	-9999
0031411012	2010	10	20	293	0.009	0.082	0.243	0.242	-9999
0031411012	2010	10	21	294	0.006	0.085	0.245	0.244	-9999
0031411012	2010	10	22	295	0.005	0.079	0.243	0.242	-9999
0031411012	2010	10	23	296	0.005	0.084	0.242	0.238	-9999
0031411012	2010	10	24	297	0.002	0.079	0.244	0.24	-9999
0031411012	2010	10	25	298	0.005	0.083	0.245	0.238	-9999
0031411012	2010	10	26	299	0.009	0.086	0.243	0.242	-9999
0031411012	2010	10	27	300	0.011	0.083	0.245	0.244	-9999
0031411012	2010	10	28	301	0.012	0.083	0.248	0.241	-9999
0031411012	2010	10	29	302	0.032	0.083	0.241	0.244	-9999
0031411012	2010	10	30	303	0.01	0.079	0.237	0.239	-9999
0031411012	2010	10	31	304	0.009	0.082	0.239	0.241	-9999
0031411012	2010	11	1	305	0.003	0.083	0.24	0.239	-9999
0031411012	2010	11	2	306	-9999	0.085	0.245	0.239	-9999
0031411012	2010	11	3	307	-9999	0.083	0.243	0.237	-9999
0031411012	2010	11	4	308	-9999	0.081	0.243	0.237	-9999
0031411012	2010	11	5	309	-9999	0.082	0.237	0.237	-9999
0031411012	2010	11	6	310	-9999	0.078	0.237	0.232	-9999
0031411012	2010	11	7	311	-9999	0.078	0.233	0.236	-9999
0031411012	2010	11	8	312	-9999	0.08	0.233	0.23	-9999
0031411012	2010	11	9	313	-9999	0.082	0.238	0.229	-9999
0031411012	2010	11	10	314	-9999	0.079	0.238	0.231	-9999
0031411012	2010	11	11	315	-9999	0.081	0.237	0.229	-9999
0031411012	2010	11	12	316	-9999	0.086	0.237	0.232	-9999
0031411012	2010	11	13	317	-9999	0.085	0.241	0.232	-9999
0031411012	2010	11	14	318	-9999	0.081	0.237	0.231	-9999
0031411012	2010	11	15	319	-9999	0.089	0.238	0.229	-9999
0031411012	2010	11	16	320	0.127	0.086	0.238	0.235	-9999
0031411012	2010	11	17	321	0.072	0.083	0.24	0.235	-9999
0031411012	2010	11	18	322	0.055	0.083	0.239	0.232	-9999
0031411012	2010	11	19	323	0.045	0.086	0.236	0.235	-9999
0031411012	2010	11	20	324	0.037	0.084	0.237	0.233	-9999
0031411012	2010	11	21	325	0.033	0.088	0.239	0.233	-9999
0031411012	2010	11	22	326	0.029	0.087	0.239	0.235	-9999
0031411012	2010	11	23	327	0.023	0.089	0.243	0.238	-9999
0031411012	2010	11	24	328	0.039	0.096	0.244	0.237	-9999
0031411012	2010	11	25	329	0.047	0.092	0.242	0.238	-9999
0031411012	2010	11	26	330	0.04	0.091	0.244	0.24	-9999
0031411012	2010	11	27	331	0.108	0.086	0.238	0.239	-9999
0031411012	2010	11	28	332	0.081	0.087	0.238	0.234	-9999
0031411012	2010	11	29	333	0.073	0.086	0.234	0.23	-9999
0031411012	2010	11	30	334	0.067	0.09	0.237	0.23	-9999
0031411012	2010	12	1	335	-9999	0.086	0.239	0.234	-9999
0031411012	2010	12	2	336	0.103	0.086	0.234	0.23	-9999
0031411012	2010	12	3	337	0.079	0.084	0.234	0.228	-9999
0031411012	2010	12	4	338	0.07	0.084	0.234	0.231	-9999
0031411012	2010	12	5	339	0.066	0.087	0.236	0.234	-9999
0031411012	2010	12	6	340	0.053	0.082	0.233	0.231	-9999
0031411012	2010	12	7	341	0.049	0.082	0.234	0.229	-9999
0031411012	2010	12	8	342	0.049	0.083	0.235	0.229	-9999
0031411012	2010	12	9	343	0.043	0.082	0.23	0.225	-9999
0031411012	2010	12	10	344	0.043	0.082	0.233	0.229	-9999
0031411012	2010	12	11	345	0.04	0.085	0.235	0.225	-9999
0031411012	2010	12	12	346	0.043	0.087	0.238	0.226	-9999
0031411012	2010	12	13	347	0.094	0.085	0.234	0.228	-9999
0031411012	2010	12	14	348	0.071	0.085	0.232	0.225	-9999
0031411012	2010	12	15	349	0.065	0.081	0.23	0.225	-9999
0031411012	2010	12	16	350	0.063	0.082	0.232	0.226	-9999
0031411012	2010	12	17	351	0.089	0.094	0.239	0.23	-9999
0031411012	2010	12	18	352	0.122	0.089	0.239	0.23	-9999
0031411012	2010	12	19	353	0.131	0.09	0.242	0.228	-9999
0031411012	2010	12	20	354	0.098	0.091	0.239	0.231	-9999
0031411012	2010	12	21	355	0.083	0.087	0.238	0.23	-9999
0031411012	2010	12	22	356	0.078	0.09	0.244	0.231	-9999
0031411012	2010	12	23	357	0.065	0.092	0.246	0.238	-9999
0031411012	2010	12	24	358	0.063	0.095	0.245	0.235	-9999
0031411012	2010	12	25	359	0.058	0.093	0.243	0.233	-9999
0031411012	2010	12	26	360	0.074	0.092	0.242	0.234	-9999
0031411012	2010	12	27	361	0.077	0.086	0.24	0.23	-9999
0031411012	2010	12	28	362	0.066	0.086	0.236	0.229	-9999
0031411012	2010	12	29	363	0.067	0.09	0.238	0.23	-9999
0031411012	2010	12	30	364	0.06	0.092	0.243	0.231	-9999
0031411012	2010	12	31	365	0.059	0.093	0.244	0.23	-9999
0031411012	2011	1	1	1	0.058	0.097	0.253	0.237	-9999
0031411012	2011	1	2	2	-9999	0.1	0.257	0.24	-9999
0031411012	2011	1	3	3	0.116	0.097	0.255	0.238	-9999
0031411012	2011	1	4	4	0.099	0.096	0.249	0.236	-9999
0031411012	2011	1	5	5	0.085	0.098	0.252	0.238	-9999
0031411012	2011	1	6	6	0.141	0.101	0.252	0.238	-9999
0031411012	2011	1	7	7	0.107	0.097	0.254	0.24	-9999
0031411012	2011	1	8	8	0.091	0.099	0.254	0.24	-9999
0031411012	2011	1	9	9	0.081	0.096	0.253	0.237	-9999
0031411012	2011	1	10	10	0.076	0.097	0.251	0.239	-9999
0031411012	2011	1	11	11	-9999	0.097	0.251	0.236	-9999
0031411012	2011	1	12	12	0.127	0.097	0.254	0.239	-9999
0031411012	2011	1	13	13	0.095	0.101	0.252	0.237	-9999
0031411012	2011	1	14	14	0.085	0.099	0.252	0.236	-9999
0031411012	2011	1	15	15	0.074	0.099	0.255	0.238	-9999
0031411012	2011	1	16	16	0.069	0.1	0.256	0.238	-9999
0031411012	2011	1	17	17	0.065	0.097	0.262	0.237	-9999
0031411012	2011	1	18	18	0.066	0.102	0.269	0.243	-9999
0031411012	2011	1	19	19	-9999	0.103	0.271	0.246	-9999
0031411012	2011	1	20	20	0.129	0.104	0.275	0.248	-9999
0031411012	2011	1	21	21	0.142	0.102	0.275	0.246	-9999
0031411012	2011	1	22	22	0.095	0.102	0.274	0.248	-9999
0031411012	2011	1	23	23	0.081	0.103	0.272	0.246	-9999
0031411012	2011	1	24	24	0.077	0.102	0.273	0.247	-9999
0031411012	2011	1	25	25	0.073	0.107	0.277	0.245	-9999
0031411012	2011	1	26	26	-9999	0.109	0.282	0.249	-9999
0031411012	2011	1	27	27	0.13	0.104	0.281	0.252	-9999
0031411012	2011	1	28	28	0.108	0.103	0.284	0.25	-9999
0031411012	2011	1	29	29	0.092	0.106	0.287	0.251	-9999
0031411012	2011	1	30	30	0.082	0.11	0.288	0.258	-9999
0031411012	2011	1	31	31	0.078	0.109	0.293	0.258	-9999
0031411012	2011	2	1	32	-9999	0.113	0.295	0.257	-9999
0031411012	2011	2	2	33	-9999	0.111	0.301	0.262	-9999
0031411012	2011	2	3	34	-9999	0.11	0.297	0.262	-9999
0031411012	2011	2	4	35	-9999	0.106	0.296	0.263	-9999
0031411012	2011	2	5	36	-9999	0.108	0.298	0.265	-9999
0031411012	2011	2	6	37	-9999	0.11	0.299	0.272	-9999
0031411012	2011	2	7	38	0.136	0.113	0.305	0.274	-9999
0031411012	2011	2	8	39	-9999	0.114	0.305	0.274	-9999
0031411012	2011	2	9	40	0.115	0.113	0.309	0.274	-9999
0031411012	2011	2	10	41	0.148	0.111	0.31	0.278	-9999
0031411012	2011	2	11	42	0.152	0.114	0.306	0.277	-9999
0031411012	2011	2	12	43	0.117	0.114	0.312	0.277	-9999
0031411012	2011	2	13	44	-9999	-9999	-9999	-9999	-9999
0031411012	2011	2	14	45	-9999	-9999	-9999	-9999	-9999
0031411012	2011	2	15	46	-9999	-9999	-9999	-9999	-9999
0031411012	2011	2	16	47	-9999	-9999	-9999	-9999	-9999
0031411012	2011	2	17	48	-9999	-9999	-9999	-9999	-9999
0031411012	2011	2	18	49	0.072	0.12	0.32	0.284	-9999
0031411012	2011	2	19	50	0.063	0.12	0.324	0.286	-9999
0031411012	2011	2	20	51	0.057	0.122	0.326	0.29	-9999
0031411012	2011	2	21	52	0.057	0.121	0.326	0.291	-9999
0031411012	2011	2	22	53	0.053	0.125	0.33	0.292	-9999
0031411012	2011	2	23	54	0.049	0.125	0.33	0.295	-9999
0031411012	2011	2	24	55	-9999	-9999	-9999	-9999	-9999
0031411012	2011	2	25	56	-9999	-9999	-9999	-9999	-9999
0031411012	2011	2	26	57	-9999	-9999	-9999	-9999	-9999
0031411012	2011	2	27	58	0.058	0.123	0.33	0.297	-9999
0031411012	2011	2	28	59	0.063	0.126	0.332	0.294	-9999
0031411012	2011	3	1	60	-9999	0.125	0.336	0.296	-9999
0031411012	2011	3	2	61	0.098	0.124	0.332	0.299	-9999
0031411012	2011	3	3	62	0.085	0.126	0.336	0.297	-9999
0031411012	2011	3	4	63	0.074	0.13	0.331	0.295	-9999
0031411012	2011	3	5	64	0.069	0.125	0.331	0.296	-9999
0031411012	2011	3	6	65	-9999	0.128	0.336	0.298	-9999
0031411012	2011	3	7	66	-9999	0.132	0.332	0.302	-9999
0031411012	2011	3	8	67	0.122	0.133	0.334	0.301	-9999
0031411012	2011	3	9	68	0.102	0.134	0.334	0.299	-9999
0031411012	2011	3	10	69	-9999	0.147	0.342	0.303	-9999
0031411012	2011	3	11	70	0.139	0.147	0.341	0.304	-9999
0031411012	2011	3	12	71	0.107	0.139	0.339	0.306	-9999
0031411012	2011	3	13	72	0.097	0.14	0.338	0.306	-9999
0031411012	2011	3	14	73	0.086	0.138	0.341	0.305	-9999
0031411012	2011	3	15	74	0.082	0.142	0.344	0.306	-9999
0031411012	2011	3	16	75	0.119	0.145	0.344	0.306	-9999
0031411012	2011	3	17	76	0.103	0.145	0.344	0.308	-9999
0031411012	2011	3	18	77	0.089	0.145	0.345	0.311	-9999
0031411012	2011	3	19	78	0.088	0.143	0.344	0.313	-9999
0031411012	2011	3	20	79	0.082	0.144	0.345	0.313	-9999
0031411012	2011	3	21	80	0.07	0.146	0.349	0.313	-9999
0031411012	2011	3	22	81	0.07	0.14	0.345	0.312	-9999
0031411012	2011	3	23	82	0.06	0.14	0.349	0.316	-9999
0031411012	2011	3	24	83	0.055	0.14	0.349	0.316	-9999
0031411012	2011	3	25	84	0.049	0.14	0.349	0.313	-9999
0031411012	2011	3	26	85	0.04	0.133	0.35	0.313	-9999
0031411012	2011	3	27	86	0.041	0.135	0.345	0.313	-9999
0031411012	2011	3	28	87	0.043	0.134	0.343	0.313	-9999
0031411012	2011	3	29	88	0.049	0.134	0.342	0.31	-9999
0031411012	2011	3	30	89	0.045	0.133	0.343	0.306	-9999
0031411012	2011	3	31	90	0.07	0.139	0.341	0.312	-9999
0031411012	2011	4	1	91	0.065	0.132	0.342	0.312	-9999
0031411012	2011	4	2	92	0.066	0.136	0.344	0.312	-9999
0031411012	2011	4	3	93	0.064	0.135	0.346	0.313	-9999
0031411012	2011	4	4	94	0.059	0.138	0.35	0.312	-9999
0031411012	2011	4	5	95	0.065	0.137	0.346	0.313	-9999
0031411012	2011	4	6	96	0.062	0.139	0.347	0.312	-9999
0031411012	2011	4	7	97	0.06	0.134	0.346	0.313	-9999
0031411012	2011	4	8	98	0.06	0.137	0.345	0.312	-9999
0031411012	2011	4	9	99	0.055	0.135	0.345	0.316	-9999
0031411012	2011	4	10	100	0.052	0.139	0.351	0.314	-9999
0031411012	2011	4	11	101	0.049	0.137	0.353	0.315	-9999
0031411012	2011	4	12	102	0.04	0.131	0.354	0.318	-9999
0031411012	2011	4	13	103	0.036	0.13	0.349	0.315	-9999
0031411012	2011	4	14	104	0.041	0.125	0.349	0.311	-9999
0031411012	2011	4	15	105	0.036	0.128	0.345	0.315	-9999
0031411012	2011	4	16	106	0.035	0.129	0.349	0.314	-9999
0031411012	2011	4	17	107	0.035	0.123	0.345	0.312	-9999
0031411012	2011	4	18	108	0.041	0.132	0.344	0.315	-9999
0031411012	2011	4	19	109	0.033	0.129	0.347	0.315	-9999
0031411012	2011	4	20	110	-9999	-9999	-9999	-9999	-9999
0031411012	2011	4	21	111	-9999	-9999	-9999	-9999	-9999
0031411012	2011	4	22	112	-9999	-9999	-9999	-9999	-9999
0031411012	2011	4	23	113	-9999	-9999	-9999	-9999	-9999
0031411012	2011	4	24	114	-9999	-9999	-9999	-9999	-9999
0031411012	2011	4	25	115	-9999	-9999	-9999	-9999	-9999
0031411012	2011	4	26	116	-9999	-9999	-9999	-9999	-9999
0031411012	2011	4	27	117	-9999	-9999	-9999	-9999	-9999
0031411012	2011	4	28	118	-9999	-9999	-9999	-9999	-9999
0031411012	2011	4	29	119	-9999	-9999	-9999	-9999	-9999
0031411012	2011	4	30	120	-9999	-9999	-9999	-9999	-9999
0031411012	2011	5	1	121	-9999	-9999	-9999	-9999	-9999
0031411012	2011	5	2	122	-9999	-9999	-9999	-9999	-9999
0031411012	2011	5	3	123	-9999	-9999	-9999	-9999	-9999
0031411012	2011	5	4	124	-9999	-9999	-9999	-9999	-9999
0031411012	2011	5	5	125	-9999	-9999	-9999	-9999	-9999
0031411012	2011	5	6	126	-9999	-9999	-9999	-9999	-9999
0031411012	2011	5	7	127	-9999	-9999	-9999	-9999	-9999
0031411012	2011	5	8	128	-9999	-9999	-9999	-9999	-9999
0031411012	2011	5	9	129	-9999	-9999	-9999	-9999	-9999
0031411012	2011	5	10	130	-9999	-9999	-9999	-9999	-9999
0031411012	2011	5	11	131	-9999	-9999	-9999	-9999	-9999
0031411012	2011	5	12	132	-9999	-9999	-9999	-9999	-9999
0031411012	2011	5	13	133	-9999	-9999	-9999	-9999	-9999
0031411012	2011	5	14	134	-9999	-9999	-9999	-9999	-9999
0031411012	2011	5	15	135	-9999	-9999	-9999	-9999	-9999
0031411012	2011	5	16	136	-9999	-9999	-9999	-9999	-9999
0031411012	2011	5	17	137	-9999	-9999	-9999	-9999	-9999
0031411012	2011	5	18	138	-9999	-9999	-9999	-9999	-9999
0031411012	2011	5	19	139	-9999	-9999	-9999	-9999	-9999
0031411012	2011	5	20	140	-9999	-9999	-9999	-9999	-9999
0031411012	2011	5	21	141	-9999	-9999	-9999	-9999	-9999
0031411012	2011	5	22	142	-9999	0.096	0.29	0.284	0.19
0031411012	2011	5	23	143	-9999	0.099	0.284	0.285	0.201
0031411012	2011	5	24	144	-9999	0.094	0.284	0.284	0.207
0031411012	2011	5	25	145	-9999	0.095	0.283	0.281	0.211
0031411012	2011	5	26	146	-9999	0.095	0.281	0.279	0.21
0031411012	2011	5	27	147	-9999	0.099	0.281	0.279	0.213
0031411012	2011	5	28	148	-9999	0.096	0.281	0.278	0.209
0031411012	2011	5	29	149	0.001	0.089	0.276	0.276	0.213
0031411012	2011	5	30	150	-9999	0.097	0.276	0.276	0.213
0031411012	2011	5	31	151	-9999	0.097	0.278	0.28	0.213
0031411012	2011	6	1	152	-9999	0.095	0.278	0.279	0.211
0031411012	2011	6	2	153	0.013	0.09	0.276	0.279	0.211
0031411012	2011	6	3	154	0.01	0.089	0.279	0.281	0.211
0031411012	2011	6	4	155	0.007	0.087	0.276	0.278	0.216
0031411012	2011	6	5	156	0.005	0.084	0.278	0.278	0.215
0031411012	2011	6	6	157	0.005	0.08	0.278	0.28	0.215
0031411012	2011	6	7	158	0.001	0.084	0.278	0.28	0.216
0031411012	2011	6	8	159	0.002	0.079	0.283	0.28	0.216
0031411012	2011	6	9	160	0.001	0.078	0.278	0.28	0.216
0031411012	2011	6	10	161	-9999	-9999	-9999	-9999	0.216
0031411012	2011	6	11	162	0.001	0.078	0.279	0.278	0.216
0031411012	2011	6	12	163	0.002	0.08	0.276	0.275	0.216
0031411012	2011	6	13	164	-9999	0.074	0.277	0.275	0.215
0031411012	2011	6	14	165	-9999	0.072	0.28	0.278	0.212
0031411012	2011	6	15	166	-9999	0.076	0.278	0.277	0.216
0031411012	2011	6	16	167	-9999	0.072	0.278	0.281	0.212
0031411012	2011	6	17	168	0.005	0.073	0.277	0.279	0.216
0031411012	2011	6	18	169	0.037	0.071	0.275	0.274	0.216
0031411012	2011	6	19	170	0.016	0.074	0.276	0.277	0.216
0031411012	2011	6	20	171	0.016	0.077	0.277	0.277	0.216
0031411012	2011	6	21	172	-9999	0.078	0.278	0.278	0.212
0031411012	2011	6	22	173	-9999	0.077	0.278	0.278	0.212
0031411012	2011	6	23	174	-9999	0.078	0.276	0.273	0.216
0031411012	2011	6	24	175	0.006	0.077	0.275	0.273	0.216
0031411012	2011	6	25	176	0.007	0.08	0.27	0.279	0.217
0031411012	2011	6	26	177	0.003	0.078	0.279	0.278	0.212
0031411012	2011	6	27	178	-9999	0.084	0.277	0.279	0.214
0031411012	2011	6	28	179	0.001	0.084	0.279	0.277	0.212
0031411012	2011	6	29	180	0.001	0.083	0.274	0.273	0.217
0031411012	2011	6	30	181	0.006	0.081	0.274	0.277	0.212
0031411012	2011	7	1	182	-9999	0.089	0.276	0.278	0.212
0031411012	2011	7	2	183	-9999	0.088	0.277	0.282	0.214
0031411012	2011	7	3	184	0.013	0.084	0.276	0.283	0.214
0031411012	2011	7	4	185	0.011	0.084	0.278	0.281	0.214
0031411012	2011	7	5	186	0.008	0.084	0.28	0.28	0.214
0031411012	2011	7	6	187	0.008	0.082	0.279	0.283	0.214
0031411012	2011	7	7	188	0.005	0.083	0.28	0.283	0.214
0031411012	2011	7	8	189	0.001	0.082	0.281	0.283	0.214
0031411012	2011	7	9	190	0.002	0.084	0.279	0.282	0.214
0031411012	2011	7	10	191	0.005	0.076	0.279	0.283	0.214
0031411012	2011	7	11	192	-9999	0.078	0.276	0.281	0.212
0031411012	2011	7	12	193	-9999	0.079	0.275	0.276	0.212
0031411012	2011	7	13	194	0.003	0.08	0.278	0.283	0.212
0031411012	2011	7	14	195	-9999	0.082	0.274	0.281	0.214
0031411012	2011	7	15	196	0.003	0.082	0.275	0.28	0.214
0031411012	2011	7	16	197	0.003	0.083	0.27	0.275	0.212
0031411012	2011	7	17	198	0.004	0.081	0.268	0.276	0.212
0031411012	2011	7	18	199	0.01	0.08	0.267	0.274	0.214
0031411012	2011	7	19	200	0.014	0.089	0.27	0.278	0.214
0031411012	2011	7	20	201	-9999	0.089	0.276	0.283	0.213
0031411012	2011	7	21	202	0.001	0.088	0.27	0.278	0.211
0031411012	2011	7	22	203	0.014	0.09	0.276	0.279	0.214
0031411012	2011	7	23	204	0.001	0.092	0.271	0.279	0.214
0031411012	2011	7	24	205	-9999	0.088	0.275	0.283	0.214
0031411012	2011	7	25	206	0.001	0.09	0.277	0.282	0.214
0031411012	2011	7	26	207	0.002	0.087	0.28	0.282	0.214
0031411012	2011	7	27	208	-9999	0.088	0.277	0.283	0.214
0031411012	2011	7	28	209	0.002	0.086	0.275	0.28	0.214
0031411012	2011	7	29	210	0.006	0.089	0.276	0.278	0.213
0031411012	2011	7	30	211	0.003	0.089	0.275	0.282	0.214
0031411012	2011	7	31	212	-9999	0.091	0.276	0.279	0.214
0031411012	2011	8	1	213	-9999	0.085	0.282	0.279	0.214
0031411012	2011	8	2	214	0.016	0.089	0.282	0.28	0.214
0031411012	2011	8	3	215	0.01	0.089	0.281	0.284	0.214
0031411012	2011	8	4	216	0.006	0.086	0.284	0.285	0.214
0031411012	2011	8	5	217	0.007	0.084	0.279	0.282	0.217
0031411012	2011	8	6	218	0.005	0.077	0.281	0.285	0.214
0031411012	2011	8	7	219	0.005	0.08	0.279	0.282	0.211
0031411012	2011	8	8	220	0.005	0.084	0.282	0.286	0.211
0031411012	2011	8	9	221	0.005	0.08	0.281	0.286	0.214
0031411012	2011	8	10	222	-9999	0.082	0.276	0.279	0.214
0031411012	2011	8	11	223	-9999	0.074	0.274	0.279	0.214
0031411012	2011	8	12	224	-9999	0.08	0.273	0.282	0.215
0031411012	2011	8	13	225	0.013	0.084	0.274	0.279	0.214
0031411012	2011	8	14	226	0.007	0.082	0.278	0.278	0.214
0031411012	2011	8	15	227	0.002	0.078	0.277	0.282	0.215
0031411012	2011	8	16	228	0.001	0.082	0.277	0.28	0.215
0031411012	2011	8	17	229	-9999	0.08	0.277	0.28	0.215
0031411012	2011	8	18	230	-9999	0.081	0.277	0.283	0.216
0031411012	2011	8	19	231	-9999	0.078	0.274	0.281	0.216
0031411012	2011	8	20	232	-9999	0.078	0.278	0.283	0.212
0031411012	2011	8	21	233	0.005	0.077	0.274	0.281	0.212
0031411012	2011	8	22	234	0.015	0.069	0.272	0.279	0.212
0031411012	2011	8	23	235	0.005	0.077	0.271	0.281	0.212
0031411012	2011	8	24	236	-9999	0.076	0.271	0.281	0.212
0031411012	2011	8	25	237	-9999	0.074	0.273	0.281	0.213
0031411012	2011	8	26	238	-9999	0.076	0.276	0.284	0.213
0031411012	2011	8	27	239	-9999	0.074	0.273	0.277	0.211
0031411012	2011	8	28	240	-9999	0.074	0.272	0.277	0.211
0031411012	2011	8	29	241	-9999	0.066	0.269	0.278	0.211
0031411012	2011	8	30	242	-9999	0.072	0.267	0.278	0.211
0031411012	2011	8	31	243	-9999	0.065	0.268	0.276	0.212
0031411012	2011	9	1	244	-9999	0.069	0.268	0.275	0.212
0031411012	2011	9	2	245	-9999	0.069	0.271	0.275	0.212
0031411012	2011	9	3	246	-9999	0.073	0.268	0.275	0.209
0031411012	2011	9	4	247	-9999	0.069	0.266	0.271	0.211
0031411012	2011	9	5	248	0.008	0.071	0.264	0.267	0.211
0031411012	2011	9	6	249	0.015	0.073	0.257	0.268	0.236
0031411012	2011	9	7	250	-9999	0.068	0.256	0.266	0.216
0031411012	2011	9	8	251	-9999	0.073	0.256	0.266	0.214
0031411012	2011	9	9	252	-9999	0.077	0.257	0.266	0.214
0031411012	2011	9	10	253	-9999	0.076	0.257	0.263	0.212
0031411012	2011	9	11	254	0.012	0.079	0.257	0.265	0.213
0031411012	2011	9	12	255	0.005	0.08	0.262	0.264	0.211
0031411012	2011	9	13	256	0.003	0.076	0.26	0.266	0.211
0031411012	2011	9	14	257	-9999	0.073	0.259	0.265	0.211
0031411012	2011	9	15	258	-9999	0.075	0.26	0.268	0.209
0031411012	2011	9	16	259	0.002	0.073	0.258	0.264	0.21
0031411012	2011	9	17	260	-9999	0.071	0.258	0.269	0.21
0031411012	2011	9	18	261	-9999	0.072	0.258	0.264	0.207
0031411012	2011	9	19	262	-9999	0.075	0.261	0.265	0.208
0031411012	2011	9	20	263	-9999	0.069	0.257	0.269	0.209
0031411012	2011	9	21	264	0.01	0.077	0.257	0.261	0.208
0031411012	2011	9	22	265	-9999	0.072	0.256	0.265	0.208
0031411012	2011	9	23	266	-9999	0.073	0.256	0.265	0.208
0031411012	2011	9	24	267	-9999	0.076	0.259	0.265	0.209
0031411012	2011	9	25	268	-9999	0.077	0.257	0.265	0.206
0031411012	2011	9	26	269	-9999	0.078	0.257	0.265	0.208
0031411012	2011	9	27	270	0.012	0.075	0.257	0.269	0.208
0031411012	2011	9	28	271	0.013	0.072	0.257	0.265	0.208
0031411012	2011	9	29	272	-9999	0.074	0.26	0.267	0.208
0031411012	2011	9	30	273	-9999	-9999	-9999	-9999	-9999
0031411012	2011	10	1	274	-9999	0.073	0.255	0.264	0.204
0031411012	2011	10	2	275	0.01	0.072	0.254	0.263	0.207
0031411012	2011	10	3	276	0.006	0.074	0.253	0.262	0.204
0031411012	2011	10	4	277	0.001	0.08	0.253	0.26	0.205
0031411012	2011	10	5	278	-9999	0.072	0.256	0.262	0.202
0031411012	2011	10	6	279	-9999	0.077	0.254	0.259	0.206
0031411012	2011	10	7	280	-9999	0.071	0.254	0.262	0.204
0031411012	2011	10	8	281	-9999	0.066	0.254	0.262	0.204
0031411012	2011	10	9	282	-9999	0.053	0.256	0.259	0.205
0031411012	2011	10	10	283	0.005	0.043	0.251	0.26	0.202
0031411012	2011	10	11	284	0.014	0.051	0.25	0.256	0.202
0031411012	2011	10	12	285	-9999	0.051	0.25	0.257	0.205
0031411012	2011	10	13	286	-9999	0.045	0.25	0.257	0.2
0031411012	2011	10	14	287	-9999	0.057	0.249	0.257	0.202
0031411012	2011	10	15	288	-9999	0.051	0.249	0.259	0.202
0031411012	2011	10	16	289	-9999	0.057	0.252	0.257	0.202
0031411012	2011	10	17	290	-9999	0.074	0.25	0.257	0.203
0031411012	2011	10	18	291	-9999	0.075	0.253	0.257	0.203
0031411012	2011	10	19	292	0.017	0.071	0.254	0.257	0.2
0031411012	2011	10	20	293	-9999	0.072	0.246	0.256	0.2
0031411012	2011	10	21	294	0.015	0.073	0.245	0.255	0.201
0031411012	2011	10	22	295	0.012	0.07	0.246	0.255	0.199
0031411012	2011	10	23	296	0.007	0.076	0.245	0.253	0.202
0031411012	2011	10	24	297	0.007	0.074	0.244	0.253	0.198
0031411012	2011	10	25	298	0.004	0.072	0.25	0.252	0.201
0031411012	2011	10	26	299	0.003	0.065	0.245	0.252	0.199
0031411012	2011	10	27	300	0.001	0.053	0.245	0.254	0.201
0031411012	2011	10	28	301	0.001	0.054	0.248	0.257	0.196
0031411012	2011	10	29	302	0.004	0.051	0.248	0.257	0.196
0031411012	2011	10	30	303	0.002	0.068	0.244	0.255	0.197
0031411012	2011	10	31	304	-9999	0.072	0.247	0.25	0.197
0031411012	2011	11	1	305	-9999	0.072	0.247	0.251	0.196
0031411012	2011	11	2	306	-9999	0.076	0.247	0.254	0.196
0031411012	2011	11	3	307	-9999	0.072	0.246	0.252	0.196
0031411012	2011	11	4	308	0.004	0.067	0.244	0.254	0.197
0031411012	2011	11	5	309	0.008	0.073	0.242	0.25	0.197
0031411012	2011	11	6	310	0.012	0.064	0.241	0.251	0.198
0031411012	2011	11	7	311	0.015	0.064	0.245	0.251	0.193
0031411012	2011	11	8	312	0.013	-9999	0.248	0.255	0.197
0031411012	2011	11	9	313	0.01	-9999	0.245	0.25	0.195
0031411012	2011	11	10	314	0.012	-9999	0.249	0.25	0.195
0031411012	2011	11	11	315	0.01	0.067	0.242	0.251	0.195
0031411012	2011	11	12	316	0.014	0.071	0.241	0.249	0.195
0031411012	2011	11	13	317	-9999	0.07	0.239	0.25	0.195
0031411012	2011	11	14	318	-9999	-9999	0.243	0.249	0.193
0031411012	2011	11	15	319	0.017	-9999	0.247	0.249	0.191
0031411012	2011	11	16	320	-9999	-9999	0.25	0.252	0.193
0031411012	2011	11	17	321	-9999	-9999	0.244	0.252	0.194
0031411012	2011	11	18	322	-9999	0.074	0.244	0.251	0.193
0031411012	2011	11	19	323	-9999	0.072	0.244	0.25	0.193
0031411012	2011	11	20	324	-9999	-9999	0.242	0.25	0.193
0031411012	2011	11	21	325	-9999	-9999	0.245	0.253	0.193
0031411012	2011	11	22	326	-9999	-9999	0.249	0.252	0.194
0031411012	2011	11	23	327	-9999	-9999	0.251	0.256	0.194
0031411012	2011	11	24	328	-9999	0.076	0.249	0.252	0.195
0031411012	2011	11	25	329	-9999	0.071	0.243	0.254	0.195
0031411012	2011	11	26	330	-9999	0.064	0.246	0.251	0.193
0031411012	2011	11	27	331	-9999	-9999	0.248	0.253	0.194
0031411012	2011	11	28	332	0.004	-9999	0.25	0.25	0.551
0031411012	2011	11	29	333	-9999	0.072	0.247	0.249	0.562
0031411012	2011	11	30	334	0.003	0.077	0.241	0.246	0.487
0031411012	2011	12	1	335	-9999	0.079	0.242	0.246	0.379
0031411012	2011	12	2	336	0.001	0.083	0.244	0.244	0.34
0031411012	2011	12	3	337	0.004	-9999	0.245	0.248	0.311
0031411012	2011	12	4	338	0.005	-9999	0.248	0.248	0.289
0031411012	2011	12	5	339	0.008	-9999	0.254	0.246	0.272
0031411012	2011	12	6	340	0.01	-9999	0.261	0.248	0.264
0031411012	2011	12	7	341	0.008	-9999	0.257	0.248	0.536
0031411012	2011	12	8	342	0.008	-9999	0.251	0.246	0.543
0031411012	2011	12	9	343	0.006	-9999	0.25	0.244	0.545
0031411012	2011	12	10	344	0.012	-9999	0.253	0.244	0.405
0031411012	2011	12	11	345	0.01	-9999	0.248	0.248	0.343
0031411012	2011	12	12	346	0.011	-9999	0.252	0.242	0.332
0031411012	2011	12	13	347	0.016	-9999	0.254	0.244	0.323
0031411012	2011	12	14	348	0.014	-9999	0.258	0.247	0.328
0031411012	2011	12	15	349	0.018	-9999	0.258	0.249	0.326
0031411012	2011	12	16	350	0.018	-9999	0.264	0.248	0.318
0031411012	2011	12	17	351	0.016	-9999	0.265	0.247	0.307
0031411012	2011	12	18	352	0.013	-9999	0.268	0.253	0.296
0031411012	2011	12	19	353	0.018	-9999	0.261	0.251	0.29
0031411012	2011	12	20	354	0.013	-9999	0.263	0.249	0.28
0031411012	2011	12	21	355	0.013	-9999	0.264	0.251	0.525
0031411012	2011	12	22	356	0.013	-9999	0.269	0.251	0.528
0031411012	2011	12	23	357	0.02	-9999	0.269	0.254	0.536
0031411012	2011	12	24	358	0.022	-9999	0.267	0.255	0.537
0031411012	2011	12	25	359	0.024	-9999	0.265	0.257	0.54
0031411012	2011	12	26	360	0.023	-9999	0.267	0.256	0.541
0031411012	2011	12	27	361	0.025	-9999	0.266	0.256	0.542
0031411012	2011	12	28	362	0.028	-9999	0.264	0.308	0.545
0031411012	2011	12	29	363	0.032	-9999	0.267	0.307	0.545
0031411012	2011	12	30	364	0.034	-9999	0.27	0.306	0.544
0031411012	2011	12	31	365	0.034	-9999	0.275	0.302	0.547
0031411012	2012	1	1	1	0.031	-9999	0.271	0.302	0.547
0031411012	2012	1	2	2	0.032	-9999	0.279	0.302	0.547
0031411012	2012	1	3	3	0.028	-9999	0.277	0.301	0.426
0031411012	2012	1	4	4	0.024	-9999	0.276	0.295	0.385
0031411012	2012	1	5	5	0.026	-9999	0.276	0.296	0.368
0031411012	2012	1	6	6	0.022	-9999	0.281	0.298	0.349
0031411012	2012	1	7	7	0.02	-9999	0.281	0.298	0.34
0031411012	2012	1	8	8	0.015	-9999	0.292	0.299	0.331
0031411012	2012	1	9	9	0.02	-9999	0.291	0.299	0.322
0031411012	2012	1	10	10	0.026	-9999	0.294	0.307	0.335
0031411012	2012	1	11	11	0.063	-9999	0.296	0.301	0.534
0031411012	2012	1	12	12	0.067	-9999	0.295	0.302	0.538
0031411012	2012	1	13	13	0.058	-9999	0.294	0.301	0.54
0031411012	2012	1	14	14	0.055	-9999	0.292	0.302	0.54
0031411012	2012	1	15	15	0.05	-9999	0.291	0.299	0.422
0031411012	2012	1	16	16	0.039	-9999	0.296	0.302	0.406
0031411012	2012	1	17	17	0.046	-9999	0.297	0.302	0.396
0031411012	2012	1	18	18	0.085	-9999	0.301	0.302	0.541
0031411012	2012	1	19	19	0.071	-9999	0.299	0.3	0.544
0031411012	2012	1	20	20	0.06	-9999	0.299	0.299	0.545
0031411012	2012	1	21	21	0.104	-9999	0.308	0.303	0.548
0031411012	2012	1	22	22	0.145	-9999	0.311	0.307	0.55
0031411012	2012	1	23	23	-9999	-9999	0.312	0.315	0.551
0031411012	2012	1	24	24	-9999	-9999	0.316	-9999	0.552
0031411012	2012	1	25	25	0.101	-9999	0.322	0.331	0.554
0031411012	2012	1	26	26	0.075	-9999	0.328	0.324	0.552
0031411012	2012	1	27	27	0.117	-9999	0.325	0.327	0.555
0031411012	2012	1	28	28	0.084	-9999	0.327	0.324	0.556
0031411012	2012	1	29	29	0.068	-9999	0.326	0.322	0.556
0031411012	2012	1	30	30	0.06	-9999	0.32	0.318	0.556
0031411012	2012	1	31	31	0.051	-9999	0.325	0.314	0.556
0031411012	2012	2	1	32	0.044	-9999	0.325	0.315	0.493
0031411012	2012	2	2	33	0.062	-9999	0.327	0.311	0.438
0031411012	2012	2	3	34	0.056	-9999	0.329	0.318	0.358
0031411012	2012	2	4	35	0.06	-9999	0.325	0.318	0.356
0031411012	2012	2	5	36	0.065	-9999	0.334	0.318	0.541
0031411012	2012	2	6	37	0.073	-9999	0.333	0.322	0.545
0031411012	2012	2	7	38	0.063	-9999	0.332	0.318	0.547
0031411012	2012	2	8	39	0.051	-9999	0.329	0.318	0.55
0031411012	2012	2	9	40	0.04	0.085	0.33	0.318	0.407
0031411012	2012	2	10	41	0.037	0.083	0.325	0.312	0.364
0031411012	2012	2	11	42	0.028	0.072	0.327	0.315	0.362
0031411012	2012	2	12	43	0.028	0.101	0.322	0.309	0.34
0031411012	2012	2	13	44	0.029	0.099	0.323	0.31	0.329
0031411012	2012	2	14	45	0.025	0.079	0.323	0.304	0.326
0031411012	2012	2	15	46	0.047	0.075	0.322	0.309	0.539
0031411012	2012	2	16	47	0.047	0.054	0.325	0.311	0.542
0031411012	2012	2	17	48	0.079	0.042	0.327	0.314	0.545
0031411012	2012	2	18	49	0.06	0.063	0.332	0.319	0.548
0031411012	2012	2	19	50	0.146	0.051	0.328	-9999	0.549
0031411012	2012	2	20	51	0.121	0.076	0.334	0.341	0.551
0031411012	2012	2	21	52	0.089	0.084	0.335	0.327	0.551
0031411012	2012	2	22	53	0.074	0.07	0.331	0.324	0.551
0031411012	2012	2	23	54	0.054	0.013	0.336	0.322	0.553
0031411012	2012	2	24	55	0.04	-9999	0.338	0.327	0.553
0031411012	2012	2	25	56	0.044	0.069	0.332	0.322	0.554
0031411012	2012	2	26	57	0.043	0.078	0.332	0.318	0.555
0031411012	2012	2	27	58	0.036	0.06	0.331	0.319	0.449
0031411012	2012	2	28	59	0.033	0.023	0.331	0.32	0.4
0031411012	2012	2	29	60	0.034	0.006	0.332	0.319	0.375
0031411012	2012	3	1	61	0.032	-9999	0.337	0.322	0.358
0031411012	2012	3	2	62	0.038	0.014	0.338	0.323	0.35
0031411012	2012	3	3	63	0.032	0.02	0.337	0.325	0.346
0031411012	2012	3	4	64	0.052	0.015	0.333	0.322	0.544
0031411012	2012	3	5	65	0.044	0.066	0.331	0.319	0.545
0031411012	2012	3	6	66	0.032	0.064	0.332	0.319	0.53
0031411012	2012	3	7	67	0.024	0.045	0.324	0.319	0.353
0031411012	2012	3	8	68	0.016	0.011	0.329	0.312	0.328
0031411012	2012	3	9	69	0.014	-9999	0.329	0.312	0.335
0031411012	2012	3	10	70	0.026	0.052	0.325	0.313	0.46
0031411012	2012	3	11	71	0.031	0.046	0.327	0.311	0.47
0031411012	2012	3	12	72	0.03	0.014	0.324	0.311	0.389
0031411012	2012	3	13	73	0.029	-9999	0.323	0.308	0.353
0031411012	2012	3	14	74	0.026	-9999	0.32	0.308	0.335
0031411012	2012	3	15	75	0.034	0.001	0.324	0.308	0.326
0031411012	2012	3	16	76	0.032	-9999	0.321	0.303	0.32
0031411012	2012	3	17	77	0.028	-9999	0.312	0.299	0.314
0031411012	2012	3	18	78	0.018	-9999	0.306	0.291	0.306
0031411012	2012	3	19	79	0.017	-9999	0.302	0.287	0.301
0031411012	2012	3	20	80	0.007	-9999	0.291	0.276	0.294
0031411012	2012	3	21	81	0.011	-9999	0.284	0.27	0.289
0031411012	2012	3	22	82	0.011	-9999	0.278	0.264	0.287
0031411012	2012	3	23	83	0.002	-9999	0.274	0.264	0.283
0031411012	2012	3	24	84	0.035	-9999	0.267	0.263	0.531
0031411012	2012	3	25	85	0.025	-9999	0.268	0.263	0.534
0031411012	2012	3	26	86	0.019	-9999	0.262	0.26	0.39
0031411012	2012	3	27	87	0.013	0.002	0.264	0.254	0.329
0031411012	2012	3	28	88	0.014	-9999	0.262	0.256	0.307
0031411012	2012	3	29	89	0.012	0.003	0.255	0.253	0.293
0031411012	2012	3	30	90	0.007	-9999	0.258	0.256	0.288
0031411012	2012	3	31	91	0.007	-9999	0.252	0.256	0.28
0031411012	2012	4	1	92	0.012	0.002	0.255	0.254	0.28
0031411012	2012	4	2	93	0.019	-9999	0.252	0.254	0.275
0031411012	2012	4	3	94	0.015	0.003	0.253	0.253	0.273
0031411012	2012	4	4	95	0.015	-9999	0.249	0.253	0.268
0031411012	2012	4	5	96	0.018	0.003	0.25	0.253	0.268
0031411012	2012	4	6	97	0.017	-9999	0.248	0.254	0.264
0031411012	2012	4	7	98	0.02	0.011	0.247	0.254	0.259
0031411012	2012	4	8	99	0.013	0.005	0.244	0.25	0.26
0031411012	2012	4	9	100	0.018	-9999	0.243	0.251	0.259
0031411012	2012	4	10	101	0.012	0.011	0.242	0.249	0.258
0031411012	2012	4	11	102	0.008	-9999	0.243	0.25	0.255
0031411012	2012	4	12	103	0.003	0.003	0.243	0.249	0.256
0031411012	2012	4	13	104	-9999	0.006	0.241	0.251	0.253
0031411012	2012	4	14	105	-9999	-9999	0.243	0.248	0.251
0031411012	2012	4	15	106	-9999	-9999	0.238	0.248	0.248
0031411012	2012	4	16	107	-9999	-9999	0.237	0.246	0.249
0031411012	2012	4	17	108	-9999	-9999	0.241	0.246	0.25
0031411012	2012	4	18	109	0.013	-9999	0.239	0.246	0.248
0031411012	2012	4	19	110	0.027	-9999	0.237	0.249	0.246
0031411012	2012	4	20	111	0.029	-9999	0.236	0.248	0.246
0031411012	2012	4	21	112	0.027	-9999	0.24	0.248	0.246
0031411012	2012	4	22	113	0.022	-9999	0.235	0.248	0.244
0031411012	2012	4	23	114	0.013	0.015	0.242	0.246	0.245
0031411012	2012	4	24	115	0.01	-9999	0.233	0.247	0.243
0031411012	2012	4	25	116	0.008	-9999	0.237	0.246	0.242
0031411012	2012	4	26	117	-9999	-9999	0.238	0.243	0.241
0031411012	2012	4	27	118	-9999	-9999	0.237	0.241	0.236
0031411012	2012	4	28	119	-9999	0.003	0.235	0.248	0.236
0031411012	2012	4	29	120	-9999	0.003	0.238	0.249	0.231
0031411012	2012	4	30	121	0.014	0.011	0.233	0.244	0.227
0031411012	2012	5	1	122	0.013	0.016	0.233	0.244	0.222
0031411012	2012	5	2	123	0.011	0.008	0.236	0.243	0.22
0031411012	2012	5	3	124	0.01	0.017	0.231	0.243	0.217
0031411012	2012	5	4	125	0.012	0.011	0.232	0.245	0.539
0031411012	2012	5	5	126	0.025	0.017	0.233	0.241	0.406
0031411012	2012	5	6	127	0.021	0.01	0.238	0.249	0.311
0031411012	2012	5	7	128	0.021	0.02	0.237	0.249	0.279
0031411012	2012	5	8	129	0.03	0.011	0.232	0.249	0.265
0031411012	2012	5	9	130	0.026	0.023	0.237	0.25	0.255
0031411012	2012	5	10	131	0.043	0.013	0.237	0.249	0.253
0031411012	2012	5	11	132	0.035	0.01	0.236	0.247	0.259
0031411012	2012	5	12	133	0.038	0.015	0.236	0.248	0.253
0031411012	2012	5	13	134	-9999	0.004	0.236	0.245	0.512
0031411012	2012	5	14	135	-9999	0.002	0.248	-9999	0.521
0031411012	2012	5	15	136	0.133	0.019	0.26	-9999	0.523
0031411012	2012	5	16	137	0.086	0.093	0.269	-9999	0.522
0031411012	2012	5	17	138	0.073	0.098	0.286	0.346	0.433
0031411012	2012	5	18	139	0.058	0.099	0.294	0.339	0.357
0031411012	2012	5	19	140	0.046	0.107	0.301	0.34	0.338
0031411012	2012	5	20	141	0.036	0.11	0.306	0.334	0.312
0031411012	2012	5	21	142	0.023	0.108	0.316	0.336	0.298
0031411012	2012	5	22	143	0.067	-9999	0.313	0.341	0.513
0031411012	2012	5	23	144	0.067	-9999	0.32	0.338	0.514
0031411012	2012	5	24	145	0.059	-9999	0.325	0.335	0.383
0031411012	2012	5	25	146	0.053	-9999	0.324	0.336	0.34
0031411012	2012	5	26	147	0.04	-9999	0.324	0.336	0.314
0031411012	2012	5	27	148	0.03	-9999	0.33	0.335	0.297
0031411012	2012	5	28	149	-9999	-9999	-9999	-9999	0.288
0031411012	2012	5	29	150	0.018	-9999	0.339	0.333	0.28
0031411012	2012	5	30	151	0.006	-9999	0.33	0.335	0.273
0031411012	2012	5	31	152	0.001	-9999	0.331	0.332	0.268
0031411012	2012	6	1	153	-9999	-9999	-9999	-9999	-9999
0031411012	2012	6	2	154	-9999	-9999	-9999	-9999	-9999
0031411012	2012	6	3	155	-9999	-9999	-9999	-9999	-9999
0031411012	2012	6	4	156	-9999	-9999	-9999	-9999	-9999
0031411012	2012	6	5	157	-9999	-9999	-9999	-9999	-9999
0031411012	2012	6	6	158	-9999	-9999	-9999	-9999	-9999
0031411012	2012	6	7	159	-9999	-9999	-9999	-9999	-9999
0031411012	2012	6	8	160	-9999	-9999	-9999	-9999	-9999
0031411012	2012	6	9	161	-9999	-9999	-9999	-9999	-9999
0031411012	2012	6	10	162	-9999	-9999	-9999	-9999	-9999
0031411012	2012	6	11	163	-9999	-9999	-9999	-9999	-9999
0031411012	2012	6	12	164	-9999	-9999	-9999	-9999	-9999
0031411012	2012	6	13	165	-9999	-9999	-9999	-9999	-9999
0031411012	2012	6	14	166	-9999	-9999	-9999	-9999	-9999
0031411012	2012	6	15	167	-9999	-9999	-9999	-9999	-9999
0031411012	2012	6	16	168	-9999	-9999	-9999	-9999	-9999
0031411012	2012	6	17	169	-9999	-9999	-9999	-9999	-9999
0031411012	2012	6	18	170	-9999	-9999	-9999	-9999	-9999
0031411012	2012	6	19	171	-9999	-9999	-9999	-9999	-9999
0031411012	2012	6	20	172	-9999	-9999	-9999	-9999	-9999
0031411012	2012	6	21	173	-9999	-9999	-9999	-9999	-9999
0031411012	2012	6	22	174	-9999	-9999	-9999	-9999	-9999
0031411012	2012	6	23	175	-9999	-9999	-9999	-9999	-9999
0031411012	2012	6	24	176	-9999	-9999	-9999	-9999	-9999
0031411012	2012	6	25	177	-9999	-9999	-9999	-9999	-9999
0031411012	2012	6	26	178	-9999	-9999	-9999	-9999	-9999
0031411012	2012	6	27	179	-9999	-9999	-9999	-9999	-9999
0031411012	2012	6	28	180	-9999	-9999	-9999	-9999	-9999
0031411012	2012	6	29	181	-9999	-9999	-9999	-9999	-9999
0031411012	2012	6	30	182	-9999	-9999	-9999	-9999	-9999
0031411012	2012	7	1	183	-9999	-9999	-9999	-9999	-9999
0031411012	2012	7	2	184	-9999	-9999	-9999	-9999	-9999
0031411012	2012	7	3	185	-9999	-9999	-9999	-9999	-9999
0031411012	2012	7	4	186	-9999	-9999	-9999	-9999	-9999
0031411012	2012	7	5	187	-9999	-9999	-9999	-9999	-9999
0031411012	2012	7	6	188	-9999	-9999	-9999	-9999	-9999
0031411012	2012	7	7	189	-9999	-9999	-9999	-9999	-9999
0031411012	2012	7	8	190	-9999	-9999	-9999	-9999	-9999
0031411012	2012	7	9	191	-9999	-9999	-9999	-9999	-9999
0031411012	2012	7	10	192	-9999	-9999	-9999	-9999	-9999
0031411012	2012	7	11	193	-9999	-9999	-9999	-9999	-9999
0031411012	2012	7	12	194	-9999	-9999	-9999	-9999	-9999
0031411012	2012	7	13	195	-9999	-9999	-9999	-9999	-9999
0031411012	2012	7	14	196	-9999	-9999	-9999	-9999	-9999
0031411012	2012	7	15	197	-9999	-9999	-9999	-9999	-9999
0031411012	2012	7	16	198	-9999	-9999	-9999	-9999	-9999
0031411012	2012	7	17	199	-9999	-9999	-9999	-9999	-9999
0031411012	2012	7	18	200	-9999	-9999	-9999	-9999	-9999
0031411012	2012	7	19	201	-9999	-9999	-9999	-9999	-9999
0031411012	2012	7	20	202	-9999	-9999	-9999	-9999	-9999
0031411012	2012	7	21	203	-9999	-9999	-9999	-9999	-9999
0031411012	2012	7	22	204	-9999	-9999	-9999	-9999	-9999
0031411012	2012	7	23	205	-9999	-9999	-9999	-9999	-9999
0031411012	2012	7	24	206	-9999	-9999	-9999	-9999	-9999
0031411012	2012	7	25	207	-9999	-9999	-9999	-9999	-9999
0031411012	2012	7	26	208	-9999	-9999	-9999	-9999	-9999
0031411012	2012	7	27	209	-9999	-9999	-9999	-9999	-9999
0031411012	2012	7	28	210	-9999	-9999	-9999	-9999	-9999
0031411012	2012	7	29	211	-9999	-9999	-9999	-9999	-9999
0031411012	2012	7	30	212	-9999	-9999	-9999	-9999	-9999
0031411012	2012	7	31	213	-9999	-9999	-9999	-9999	-9999
0031411012	2012	8	1	214	-9999	-9999	-9999	-9999	-9999
0031411012	2012	8	2	215	-9999	-9999	-9999	-9999	-9999
0031411012	2012	8	3	216	-9999	-9999	-9999	-9999	-9999
0031411012	2012	8	4	217	-9999	-9999	-9999	-9999	-9999
0031411012	2012	8	5	218	-9999	-9999	-9999	-9999	-9999
0031411012	2012	8	6	219	-9999	-9999	-9999	-9999	-9999
0031411012	2012	8	7	220	-9999	-9999	-9999	-9999	-9999
0031411012	2012	8	8	221	-9999	-9999	-9999	-9999	-9999
0031411012	2012	8	9	222	-9999	-9999	-9999	-9999	-9999
0031411012	2012	8	10	223	-9999	-9999	-9999	-9999	-9999
0031411012	2012	8	11	224	-9999	-9999	-9999	-9999	-9999
0031411012	2012	8	12	225	-9999	-9999	-9999	-9999	-9999
0031411012	2012	8	13	226	-9999	-9999	-9999	-9999	-9999
0031411012	2012	8	14	227	-9999	-9999	-9999	-9999	-9999
0031411012	2012	8	15	228	-9999	-9999	-9999	-9999	-9999
0031411012	2012	8	16	229	-9999	-9999	-9999	-9999	-9999
0031411012	2012	8	17	230	-9999	-9999	-9999	-9999	-9999
0031411012	2012	8	18	231	-9999	-9999	-9999	-9999	-9999
0031411012	2012	8	19	232	-9999	-9999	-9999	-9999	-9999
0031411012	2012	8	20	233	-9999	-9999	-9999	-9999	-9999
0031411012	2012	8	21	234	-9999	-9999	-9999	-9999	-9999
0031411012	2012	8	22	235	-9999	-9999	-9999	-9999	-9999
0031411012	2012	8	23	236	-9999	-9999	-9999	-9999	-9999
0031411012	2012	8	24	237	-9999	-9999	-9999	-9999	-9999
0031411012	2012	8	25	238	-9999	-9999	-9999	-9999	-9999
0031411012	2012	8	26	239	-9999	-9999	-9999	-9999	-9999
0031411012	2012	8	27	240	-9999	-9999	-9999	-9999	-9999
0031411012	2012	8	28	241	-9999	-9999	-9999	-9999	-9999
0031411012	2012	8	29	242	-9999	-9999	-9999	-9999	-9999
0031411012	2012	8	30	243	-9999	-9999	-9999	-9999	-9999
0031411012	2012	8	31	244	-9999	-9999	-9999	-9999	-9999
0031411012	2012	9	1	245	-9999	-9999	-9999	-9999	-9999
0031411012	2012	9	2	246	-9999	-9999	-9999	-9999	-9999
0031411012	2012	9	3	247	-9999	-9999	-9999	-9999	-9999
0031411012	2012	9	4	248	-9999	-9999	-9999	-9999	-9999
0031411012	2012	9	5	249	-9999	-9999	-9999	-9999	-9999
0031411012	2012	9	6	250	-9999	-9999	-9999	-9999	-9999
0031411012	2012	9	7	251	-9999	-9999	-9999	-9999	-9999
0031411012	2012	9	8	252	-9999	-9999	-9999	-9999	-9999
0031411012	2012	9	9	253	-9999	-9999	-9999	-9999	-9999
0031411012	2012	9	10	254	-9999	-9999	-9999	-9999	-9999
0031411012	2012	9	11	255	-9999	-9999	-9999	-9999	-9999
0031411012	2012	9	12	256	-9999	-9999	-9999	-9999	-9999
0031411012	2012	9	13	257	-9999	-9999	-9999	-9999	-9999
0031411012	2012	9	14	258	-9999	-9999	-9999	-9999	-9999
0031411012	2012	9	15	259	-9999	-9999	-9999	-9999	-9999
0031411012	2012	9	16	260	-9999	-9999	-9999	-9999	-9999
0031411012	2012	9	17	261	-9999	-9999	-9999	-9999	-9999
0031411012	2012	9	18	262	-9999	-9999	-9999	-9999	-9999
0031411012	2012	9	19	263	-9999	-9999	-9999	-9999	-9999
0031411012	2012	9	20	264	-9999	-9999	-9999	-9999	-9999
0031411012	2012	9	21	265	-9999	-9999	-9999	-9999	-9999
0031411012	2012	9	22	266	-9999	-9999	-9999	-9999	-9999
0031411012	2012	9	23	267	-9999	-9999	-9999	-9999	-9999
0031411012	2012	9	24	268	-9999	-9999	-9999	-9999	-9999
0031411012	2012	9	25	269	-9999	-9999	-9999	-9999	-9999
0031411012	2012	9	26	270	-9999	-9999	-9999	-9999	-9999
0031411012	2012	9	27	271	-9999	-9999	-9999	-9999	-9999
0031411012	2012	9	28	272	-9999	-9999	-9999	-9999	-9999
0031411012	2012	9	29	273	-9999	-9999	-9999	-9999	-9999
0031411012	2012	9	30	274	-9999	-9999	-9999	-9999	-9999
0031411012	2012	10	1	275	-9999	-9999	-9999	-9999	-9999
0031411012	2012	10	2	276	-9999	-9999	-9999	-9999	-9999
0031411012	2012	10	3	277	-9999	-9999	-9999	-9999	-9999
0031411012	2012	10	4	278	-9999	-9999	-9999	-9999	-9999
0031411012	2012	10	5	279	-9999	-9999	-9999	-9999	-9999
0031411012	2012	10	6	280	-9999	-9999	-9999	-9999	-9999
0031411012	2012	10	7	281	-9999	-9999	-9999	-9999	-9999
0031411012	2012	10	8	282	-9999	-9999	-9999	-9999	-9999
0031411012	2012	10	9	283	-9999	-9999	-9999	-9999	-9999
0031411012	2012	10	10	284	-9999	-9999	-9999	-9999	-9999
0031411012	2012	10	11	285	-9999	-9999	-9999	-9999	-9999
0031411012	2012	10	12	286	-9999	-9999	-9999	-9999	-9999
0031411012	2012	10	13	287	-9999	-9999	-9999	-9999	-9999
0031411012	2012	10	14	288	-9999	-9999	-9999	-9999	-9999
0031411012	2012	10	15	289	-9999	-9999	-9999	-9999	-9999
0031411012	2012	10	16	290	-9999	-9999	-9999	-9999	-9999
0031411012	2012	10	17	291	-9999	-9999	-9999	-9999	-9999
0031411012	2012	10	18	292	-9999	-9999	-9999	-9999	-9999
0031411012	2012	10	19	293	-9999	-9999	-9999	-9999	-9999
0031411012	2012	10	20	294	-9999	-9999	-9999	-9999	-9999
0031411012	2012	10	21	295	-9999	-9999	-9999	-9999	-9999
0031411012	2012	10	22	296	-9999	-9999	-9999	-9999	-9999
0031411012	2012	10	23	297	-9999	-9999	-9999	-9999	-9999
0031411012	2012	10	24	298	-9999	-9999	-9999	-9999	-9999
0031411012	2012	10	25	299	-9999	-9999	-9999	-9999	-9999
0031411012	2012	10	26	300	-9999	-9999	-9999	-9999	-9999
0031411012	2012	10	27	301	-9999	-9999	-9999	-9999	-9999
0031411012	2012	10	28	302	-9999	-9999	-9999	-9999	-9999
0031411012	2012	10	29	303	-9999	-9999	-9999	-9999	-9999
0031411012	2012	10	30	304	-9999	-9999	-9999	-9999	-9999
0031411012	2012	10	31	305	-9999	-9999	-9999	-9999	-9999
0031411012	2012	11	1	306	-9999	-9999	-9999	-9999	-9999
0031411012	2012	11	2	307	-9999	-9999	-9999	-9999	-9999
0031411012	2012	11	3	308	-9999	-9999	-9999	-9999	-9999
0031411012	2012	11	4	309	-9999	-9999	-9999	-9999	-9999
0031411012	2012	11	5	310	-9999	-9999	-9999	-9999	-9999
0031411012	2012	11	6	311	-9999	-9999	-9999	-9999	-9999
0031411012	2012	11	7	312	-9999	-9999	-9999	-9999	-9999
0031411012	2012	11	8	313	-9999	-9999	-9999	-9999	-9999
0031411012	2012	11	9	314	-9999	-9999	-9999	-9999	-9999
0031411012	2012	11	10	315	-9999	-9999	-9999	-9999	-9999
0031411012	2012	11	11	316	-9999	-9999	-9999	-9999	-9999
0031411012	2012	11	12	317	-9999	-9999	-9999	-9999	-9999
0031411012	2012	11	13	318	-9999	-9999	-9999	-9999	-9999
0031411012	2012	11	14	319	-9999	-9999	-9999	-9999	-9999
0031411012	2012	11	15	320	-9999	-9999	-9999	-9999	-9999
0031411012	2012	11	16	321	-9999	-9999	-9999	-9999	-9999
0031411012	2012	11	17	322	-9999	-9999	-9999	-9999	-9999
0031411012	2012	11	18	323	-9999	-9999	-9999	-9999	-9999
0031411012	2012	11	19	324	-9999	-9999	-9999	-9999	-9999
0031411012	2012	11	20	325	-9999	-9999	-9999	-9999	-9999
0031411012	2012	11	21	326	-9999	-9999	-9999	-9999	-9999
0031411012	2012	11	22	327	-9999	-9999	-9999	-9999	-9999
0031411012	2012	11	23	328	-9999	-9999	-9999	-9999	-9999
0031411012	2012	11	24	329	-9999	-9999	-9999	-9999	-9999
0031411012	2012	11	25	330	-9999	-9999	-9999	-9999	-9999
0031411012	2012	11	26	331	-9999	-9999	-9999	-9999	-9999
0031411012	2012	11	27	332	-9999	-9999	-9999	-9999	-9999
0031411012	2012	11	28	333	-9999	-9999	-9999	-9999	-9999
0031411012	2012	11	29	334	-9999	-9999	-9999	-9999	-9999
0031411012	2012	11	30	335	-9999	-9999	-9999	-9999	-9999
0031411012	2012	12	1	336	-9999	-9999	-9999	-9999	-9999
0031411012	2012	12	2	337	-9999	-9999	-9999	-9999	-9999
0031411012	2012	12	3	338	-9999	-9999	-9999	-9999	-9999
0031411012	2012	12	4	339	-9999	-9999	-9999	-9999	-9999
0031411012	2012	12	5	340	-9999	-9999	-9999	-9999	-9999
0031411012	2012	12	6	341	-9999	-9999	-9999	-9999	-9999
0031411012	2012	12	7	342	-9999	-9999	-9999	-9999	-9999
0031411012	2012	12	8	343	-9999	-9999	-9999	-9999	-9999
0031411012	2012	12	9	344	-9999	-9999	-9999	-9999	-9999
0031411012	2012	12	10	345	-9999	-9999	-9999	-9999	-9999
0031411012	2012	12	11	346	-9999	-9999	-9999	-9999	-9999
0031411012	2012	12	12	347	-9999	-9999	-9999	-9999	-9999
0031411012	2012	12	13	348	-9999	-9999	-9999	-9999	-9999
0031411012	2012	12	14	349	-9999	-9999	-9999	-9999	-9999
0031411012	2012	12	15	350	-9999	-9999	-9999	-9999	-9999
0031411012	2012	12	16	351	-9999	-9999	-9999	-9999	-9999
0031411012	2012	12	17	352	-9999	-9999	-9999	-9999	-9999
0031411012	2012	12	18	353	-9999	-9999	-9999	-9999	-9999
0031411012	2012	12	19	354	-9999	-9999	-9999	-9999	-9999
0031411012	2012	12	20	355	-9999	-9999	-9999	-9999	-9999
0031411012	2012	12	21	356	-9999	-9999	-9999	-9999	-9999
0031411012	2012	12	22	357	-9999	-9999	-9999	-9999	-9999
0031411012	2012	12	23	358	-9999	-9999	-9999	-9999	-9999
0031411012	2012	12	24	359	-9999	-9999	-9999	-9999	-9999
0031411012	2012	12	25	360	-9999	-9999	-9999	-9999	-9999
0031411012	2012	12	26	361	-9999	-9999	-9999	-9999	-9999
0031411012	2012	12	27	362	-9999	-9999	-9999	-9999	-9999
0031411012	2012	12	28	363	-9999	-9999	-9999	-9999	-9999
0031411012	2012	12	29	364	-9999	-9999	-9999	-9999	-9999
0031411012	2012	12	30	365	-9999	-9999	-9999	-9999	-9999
0031411012	2012	12	31	366	-9999	-9999	-9999	-9999	-9999
