stationID	Y	M	D	DOY	depth_5	depth_10	depth_20	depth_50	depth_55
0070410211	2010	1	1	1	-9999	-9999	-9999	-9999	-9999
0070410211	2010	1	2	2	-9999	-9999	-9999	-9999	-9999
0070410211	2010	1	3	3	-9999	-9999	-9999	-9999	-9999
0070410211	2010	1	4	4	-9999	-9999	-9999	-9999	-9999
0070410211	2010	1	5	5	-9999	-9999	-9999	-9999	-9999
0070410211	2010	1	6	6	-9999	-9999	-9999	-9999	-9999
0070410211	2010	1	7	7	-9999	-9999	-9999	-9999	-9999
0070410211	2010	1	8	8	-9999	-9999	-9999	-9999	-9999
0070410211	2010	1	9	9	-9999	-9999	-9999	-9999	-9999
0070410211	2010	1	10	10	-9999	-9999	-9999	-9999	-9999
0070410211	2010	1	11	11	-9999	-9999	-9999	-9999	-9999
0070410211	2010	1	12	12	-9999	-9999	-9999	-9999	-9999
0070410211	2010	1	13	13	-9999	-9999	-9999	-9999	-9999
0070410211	2010	1	14	14	-9999	-9999	-9999	-9999	-9999
0070410211	2010	1	15	15	-9999	-9999	-9999	-9999	-9999
0070410211	2010	1	16	16	-9999	-9999	-9999	-9999	-9999
0070410211	2010	1	17	17	-9999	-9999	-9999	-9999	-9999
0070410211	2010	1	18	18	-9999	-9999	-9999	-9999	-9999
0070410211	2010	1	19	19	-9999	-9999	-9999	-9999	-9999
0070410211	2010	1	20	20	-9999	-9999	-9999	-9999	-9999
0070410211	2010	1	21	21	-9999	-9999	-9999	-9999	-9999
0070410211	2010	1	22	22	-9999	-9999	-9999	-9999	-9999
0070410211	2010	1	23	23	-9999	-9999	-9999	-9999	-9999
0070410211	2010	1	24	24	-9999	-9999	-9999	-9999	-9999
0070410211	2010	1	25	25	-9999	-9999	-9999	-9999	-9999
0070410211	2010	1	26	26	-9999	-9999	-9999	-9999	-9999
0070410211	2010	1	27	27	-9999	-9999	-9999	-9999	-9999
0070410211	2010	1	28	28	-9999	-9999	-9999	-9999	-9999
0070410211	2010	1	29	29	-9999	-9999	-9999	-9999	-9999
0070410211	2010	1	30	30	-9999	-9999	-9999	-9999	-9999
0070410211	2010	1	31	31	-9999	-9999	-9999	-9999	-9999
0070410211	2010	2	1	32	-9999	-9999	-9999	-9999	-9999
0070410211	2010	2	2	33	-9999	-9999	-9999	-9999	-9999
0070410211	2010	2	3	34	-9999	-9999	-9999	-9999	-9999
0070410211	2010	2	4	35	-9999	-9999	-9999	-9999	-9999
0070410211	2010	2	5	36	-9999	-9999	-9999	-9999	-9999
0070410211	2010	2	6	37	-9999	-9999	-9999	-9999	-9999
0070410211	2010	2	7	38	-9999	-9999	-9999	-9999	-9999
0070410211	2010	2	8	39	-9999	-9999	-9999	-9999	-9999
0070410211	2010	2	9	40	-9999	-9999	-9999	-9999	-9999
0070410211	2010	2	10	41	-9999	-9999	-9999	-9999	-9999
0070410211	2010	2	11	42	-9999	-9999	-9999	-9999	-9999
0070410211	2010	2	12	43	-9999	-9999	-9999	-9999	-9999
0070410211	2010	2	13	44	-9999	-9999	-9999	-9999	-9999
0070410211	2010	2	14	45	-9999	-9999	-9999	-9999	-9999
0070410211	2010	2	15	46	-9999	-9999	-9999	-9999	-9999
0070410211	2010	2	16	47	-9999	-9999	-9999	-9999	-9999
0070410211	2010	2	17	48	-9999	-9999	-9999	-9999	-9999
0070410211	2010	2	18	49	-9999	-9999	-9999	-9999	-9999
0070410211	2010	2	19	50	-9999	-9999	-9999	-9999	-9999
0070410211	2010	2	20	51	-9999	-9999	-9999	-9999	-9999
0070410211	2010	2	21	52	-9999	-9999	-9999	-9999	-9999
0070410211	2010	2	22	53	-9999	-9999	-9999	-9999	-9999
0070410211	2010	2	23	54	-9999	-9999	-9999	-9999	-9999
0070410211	2010	2	24	55	-9999	-9999	-9999	-9999	-9999
0070410211	2010	2	25	56	-9999	-9999	-9999	-9999	-9999
0070410211	2010	2	26	57	-9999	-9999	-9999	-9999	-9999
0070410211	2010	2	27	58	-9999	-9999	-9999	-9999	-9999
0070410211	2010	2	28	59	-9999	-9999	-9999	-9999	-9999
0070410211	2010	3	1	60	-9999	-9999	-9999	-9999	-9999
0070410211	2010	3	2	61	-9999	-9999	-9999	-9999	-9999
0070410211	2010	3	3	62	-9999	-9999	-9999	-9999	-9999
0070410211	2010	3	4	63	-9999	-9999	-9999	-9999	-9999
0070410211	2010	3	5	64	-9999	-9999	-9999	-9999	-9999
0070410211	2010	3	6	65	-9999	-9999	-9999	-9999	-9999
0070410211	2010	3	7	66	-9999	-9999	-9999	-9999	-9999
0070410211	2010	3	8	67	-9999	-9999	-9999	-9999	-9999
0070410211	2010	3	9	68	-9999	-9999	-9999	-9999	-9999
0070410211	2010	3	10	69	-9999	-9999	-9999	-9999	-9999
0070410211	2010	3	11	70	-9999	-9999	-9999	-9999	-9999
0070410211	2010	3	12	71	-9999	-9999	-9999	-9999	-9999
0070410211	2010	3	13	72	-9999	-9999	-9999	-9999	-9999
0070410211	2010	3	14	73	-9999	-9999	-9999	-9999	-9999
0070410211	2010	3	15	74	-9999	-9999	-9999	-9999	-9999
0070410211	2010	3	16	75	-9999	-9999	-9999	-9999	-9999
0070410211	2010	3	17	76	-9999	-9999	-9999	-9999	-9999
0070410211	2010	3	18	77	-9999	-9999	-9999	-9999	-9999
0070410211	2010	3	19	78	-9999	-9999	-9999	-9999	-9999
0070410211	2010	3	20	79	-9999	-9999	-9999	-9999	-9999
0070410211	2010	3	21	80	-9999	-9999	-9999	-9999	-9999
0070410211	2010	3	22	81	-9999	-9999	-9999	-9999	-9999
0070410211	2010	3	23	82	-9999	-9999	-9999	-9999	-9999
0070410211	2010	3	24	83	-9999	-9999	-9999	-9999	-9999
0070410211	2010	3	25	84	-9999	-9999	-9999	-9999	-9999
0070410211	2010	3	26	85	-9999	-9999	-9999	-9999	-9999
0070410211	2010	3	27	86	-9999	-9999	-9999	-9999	-9999
0070410211	2010	3	28	87	-9999	-9999	-9999	-9999	-9999
0070410211	2010	3	29	88	-9999	-9999	-9999	-9999	-9999
0070410211	2010	3	30	89	-9999	-9999	-9999	-9999	-9999
0070410211	2010	3	31	90	-9999	-9999	-9999	-9999	-9999
0070410211	2010	4	1	91	-9999	-9999	-9999	-9999	-9999
0070410211	2010	4	2	92	-9999	-9999	-9999	-9999	-9999
0070410211	2010	4	3	93	-9999	-9999	-9999	-9999	-9999
0070410211	2010	4	4	94	-9999	-9999	-9999	-9999	-9999
0070410211	2010	4	5	95	-9999	-9999	-9999	-9999	-9999
0070410211	2010	4	6	96	-9999	-9999	-9999	-9999	-9999
0070410211	2010	4	7	97	-9999	-9999	-9999	-9999	-9999
0070410211	2010	4	8	98	-9999	-9999	-9999	-9999	-9999
0070410211	2010	4	9	99	-9999	-9999	-9999	-9999	-9999
0070410211	2010	4	10	100	-9999	-9999	-9999	-9999	-9999
0070410211	2010	4	11	101	-9999	-9999	-9999	-9999	-9999
0070410211	2010	4	12	102	-9999	-9999	-9999	-9999	-9999
0070410211	2010	4	13	103	-9999	-9999	-9999	-9999	-9999
0070410211	2010	4	14	104	-9999	-9999	-9999	-9999	-9999
0070410211	2010	4	15	105	-9999	-9999	-9999	-9999	-9999
0070410211	2010	4	16	106	-9999	-9999	-9999	-9999	-9999
0070410211	2010	4	17	107	-9999	-9999	-9999	-9999	-9999
0070410211	2010	4	18	108	-9999	-9999	-9999	-9999	-9999
0070410211	2010	4	19	109	-9999	-9999	-9999	-9999	-9999
0070410211	2010	4	20	110	-9999	-9999	-9999	-9999	-9999
0070410211	2010	4	21	111	-9999	-9999	-9999	-9999	-9999
0070410211	2010	4	22	112	-9999	-9999	-9999	-9999	-9999
0070410211	2010	4	23	113	-9999	-9999	-9999	-9999	-9999
0070410211	2010	4	24	114	-9999	-9999	-9999	-9999	-9999
0070410211	2010	4	25	115	-9999	-9999	-9999	-9999	-9999
0070410211	2010	4	26	116	-9999	-9999	-9999	-9999	-9999
0070410211	2010	4	27	117	-9999	-9999	-9999	-9999	-9999
0070410211	2010	4	28	118	-9999	-9999	-9999	-9999	-9999
0070410211	2010	4	29	119	-9999	-9999	-9999	-9999	-9999
0070410211	2010	4	30	120	-9999	-9999	-9999	-9999	-9999
0070410211	2010	5	1	121	-9999	-9999	-9999	-9999	-9999
0070410211	2010	5	2	122	-9999	-9999	-9999	-9999	-9999
0070410211	2010	5	3	123	-9999	-9999	-9999	-9999	-9999
0070410211	2010	5	4	124	-9999	-9999	-9999	-9999	-9999
0070410211	2010	5	5	125	-9999	-9999	-9999	-9999	-9999
0070410211	2010	5	6	126	-9999	-9999	-9999	-9999	-9999
0070410211	2010	5	7	127	-9999	-9999	-9999	-9999	-9999
0070410211	2010	5	8	128	-9999	-9999	-9999	-9999	-9999
0070410211	2010	5	9	129	-9999	-9999	-9999	-9999	-9999
0070410211	2010	5	10	130	-9999	-9999	-9999	-9999	-9999
0070410211	2010	5	11	131	-9999	-9999	-9999	-9999	-9999
0070410211	2010	5	12	132	-9999	-9999	-9999	-9999	-9999
0070410211	2010	5	13	133	-9999	-9999	-9999	-9999	-9999
0070410211	2010	5	14	134	-9999	-9999	-9999	-9999	-9999
0070410211	2010	5	15	135	-9999	-9999	-9999	-9999	-9999
0070410211	2010	5	16	136	-9999	-9999	-9999	-9999	-9999
0070410211	2010	5	17	137	-9999	-9999	-9999	-9999	-9999
0070410211	2010	5	18	138	-9999	-9999	-9999	-9999	-9999
0070410211	2010	5	19	139	-9999	-9999	-9999	-9999	-9999
0070410211	2010	5	20	140	-9999	-9999	-9999	-9999	-9999
0070410211	2010	5	21	141	-9999	-9999	-9999	-9999	-9999
0070410211	2010	5	22	142	-9999	-9999	-9999	-9999	-9999
0070410211	2010	5	23	143	-9999	-9999	-9999	-9999	-9999
0070410211	2010	5	24	144	-9999	-9999	-9999	-9999	-9999
0070410211	2010	5	25	145	-9999	-9999	-9999	-9999	-9999
0070410211	2010	5	26	146	-9999	-9999	-9999	-9999	-9999
0070410211	2010	5	27	147	-9999	-9999	-9999	-9999	-9999
0070410211	2010	5	28	148	-9999	-9999	-9999	-9999	-9999
0070410211	2010	5	29	149	-9999	-9999	-9999	-9999	-9999
0070410211	2010	5	30	150	-9999	-9999	-9999	-9999	-9999
0070410211	2010	5	31	151	-9999	-9999	-9999	-9999	-9999
0070410211	2010	6	1	152	-9999	-9999	-9999	-9999	-9999
0070410211	2010	6	2	153	-9999	-9999	-9999	-9999	-9999
0070410211	2010	6	3	154	-9999	-9999	-9999	-9999	-9999
0070410211	2010	6	4	155	-9999	-9999	-9999	-9999	-9999
0070410211	2010	6	5	156	-9999	-9999	-9999	-9999	-9999
0070410211	2010	6	6	157	-9999	-9999	-9999	-9999	-9999
0070410211	2010	6	7	158	-9999	-9999	-9999	-9999	-9999
0070410211	2010	6	8	159	-9999	-9999	-9999	-9999	-9999
0070410211	2010	6	9	160	-9999	-9999	-9999	-9999	-9999
0070410211	2010	6	10	161	-9999	-9999	-9999	-9999	-9999
0070410211	2010	6	11	162	-9999	-9999	-9999	-9999	-9999
0070410211	2010	6	12	163	-9999	-9999	-9999	-9999	-9999
0070410211	2010	6	13	164	-9999	-9999	-9999	-9999	-9999
0070410211	2010	6	14	165	-9999	-9999	-9999	-9999	-9999
0070410211	2010	6	15	166	-9999	-9999	-9999	-9999	-9999
0070410211	2010	6	16	167	-9999	-9999	-9999	-9999	-9999
0070410211	2010	6	17	168	-9999	-9999	-9999	-9999	-9999
0070410211	2010	6	18	169	-9999	-9999	-9999	-9999	-9999
0070410211	2010	6	19	170	-9999	-9999	-9999	-9999	-9999
0070410211	2010	6	20	171	-9999	-9999	-9999	-9999	-9999
0070410211	2010	6	21	172	-9999	-9999	-9999	-9999	-9999
0070410211	2010	6	22	173	-9999	-9999	-9999	-9999	-9999
0070410211	2010	6	23	174	-9999	-9999	-9999	-9999	-9999
0070410211	2010	6	24	175	-9999	-9999	-9999	-9999	-9999
0070410211	2010	6	25	176	-9999	-9999	-9999	-9999	-9999
0070410211	2010	6	26	177	-9999	-9999	-9999	-9999	-9999
0070410211	2010	6	27	178	-9999	-9999	-9999	-9999	-9999
0070410211	2010	6	28	179	-9999	-9999	-9999	-9999	-9999
0070410211	2010	6	29	180	-9999	-9999	-9999	-9999	-9999
0070410211	2010	6	30	181	-9999	-9999	-9999	-9999	-9999
0070410211	2010	7	1	182	-9999	-9999	-9999	-9999	-9999
0070410211	2010	7	2	183	-9999	-9999	-9999	-9999	-9999
0070410211	2010	7	3	184	-9999	-9999	-9999	-9999	-9999
0070410211	2010	7	4	185	-9999	-9999	-9999	-9999	-9999
0070410211	2010	7	5	186	-9999	-9999	-9999	-9999	-9999
0070410211	2010	7	6	187	-9999	-9999	-9999	-9999	-9999
0070410211	2010	7	7	188	-9999	-9999	-9999	-9999	-9999
0070410211	2010	7	8	189	-9999	-9999	-9999	-9999	-9999
0070410211	2010	7	9	190	-9999	-9999	-9999	-9999	-9999
0070410211	2010	7	10	191	-9999	-9999	-9999	-9999	-9999
0070410211	2010	7	11	192	-9999	-9999	-9999	-9999	-9999
0070410211	2010	7	12	193	-9999	-9999	-9999	-9999	-9999
0070410211	2010	7	13	194	-9999	-9999	-9999	-9999	-9999
0070410211	2010	7	14	195	-9999	-9999	-9999	-9999	-9999
0070410211	2010	7	15	196	-9999	-9999	-9999	-9999	-9999
0070410211	2010	7	16	197	-9999	-9999	-9999	-9999	-9999
0070410211	2010	7	17	198	-9999	-9999	-9999	-9999	-9999
0070410211	2010	7	18	199	-9999	-9999	-9999	-9999	-9999
0070410211	2010	7	19	200	-9999	-9999	-9999	-9999	-9999
0070410211	2010	7	20	201	-9999	-9999	-9999	-9999	-9999
0070410211	2010	7	21	202	-9999	-9999	-9999	-9999	-9999
0070410211	2010	7	22	203	-9999	-9999	-9999	-9999	-9999
0070410211	2010	7	23	204	-9999	-9999	-9999	-9999	-9999
0070410211	2010	7	24	205	-9999	-9999	-9999	-9999	-9999
0070410211	2010	7	25	206	-9999	-9999	-9999	-9999	-9999
0070410211	2010	7	26	207	-9999	-9999	-9999	-9999	-9999
0070410211	2010	7	27	208	-9999	-9999	-9999	-9999	-9999
0070410211	2010	7	28	209	0.106	0.093	0.132	0.145	0.182
0070410211	2010	7	29	210	0.106	0.093	0.132	0.145	0.182
0070410211	2010	7	30	211	0.106	0.093	0.132	0.145	0.182
0070410211	2010	7	31	212	0.106	0.093	0.132	0.145	0.182
0070410211	2010	8	1	213	0.106	0.093	0.132	0.145	0.182
0070410211	2010	8	2	214	0.106	0.093	0.132	0.145	0.182
0070410211	2010	8	3	215	0.106	0.093	0.132	0.145	0.182
0070410211	2010	8	4	216	0.106	0.093	0.132	0.145	0.182
0070410211	2010	8	5	217	0.106	0.093	0.132	0.145	0.182
0070410211	2010	8	6	218	0.106	0.093	0.132	0.145	0.182
0070410211	2010	8	7	219	0.1054166667	0.09275	0.1288333333	0.143875	0.168333333
0070410211	2010	8	8	220	0.09958333333	0.089125	0.1244166667	0.140083333	0.166625
0070410211	2010	8	9	221	0.09541666667	0.086708333	0.120625	0.136041667	0.163833333
0070410211	2010	8	10	222	0.096375	0.086916667	0.117125	0.133125	0.161083333
0070410211	2010	8	11	223	0.09520833333	0.085583333	0.1139166667	0.130375	0.158541667
0070410211	2010	8	12	224	0.09133333333	0.083125	0.1100833333	0.127291667	0.152625
0070410211	2010	8	13	225	0.08595833333	0.079208333	0.1054583333	0.124166667	0.14975
0070410211	2010	8	14	226	0.08120833333	0.075458333	0.100875	0.121541667	0.145375
0070410211	2010	8	15	227	0.07720833333	0.072583333	0.096625	0.11825	0.139208333
0070410211	2010	8	16	228	0.073375	0.06825	0.09279166667	0.114958333	0.13175
0070410211	2010	8	17	229	0.07541666667	0.069583333	0.09133333333	0.113041667	0.129791667
0070410211	2010	8	18	230	0.07345833333	0.068	0.089625	0.111291667	0.127083333
0070410211	2010	8	19	231	0.07216666667	0.067	0.087125	0.109333333	0.124708333
0070410211	2010	8	20	232	0.06904166667	0.065708333	0.084625	0.107208333	0.122041667
0070410211	2010	8	21	233	0.06708333333	0.0635	0.081875	0.105208333	0.12
0070410211	2010	8	22	234	0.06529166667	0.061291667	0.08020833333	0.103333333	0.117625
0070410211	2010	8	23	235	0.06383333333	0.059958333	0.07858333333	0.101375	0.115666667
0070410211	2010	8	24	236	0.06316666667	0.059583333	0.07625	0.100291667	0.114875
0070410211	2010	8	25	237	0.1354166667	0.1255625	0.1792291666	0.232854167	0.258208333
0070410211	2010	8	26	238	0.2076666667	0.191541667	0.2822083333	0.365416667	0.401541667
0070410211	2010	8	27	239	0.1535833333	0.135791667	0.2601666667	0.413708333	0.458583333
0070410211	2010	8	28	240	0.137125	0.118666667	0.2055	0.381875	0.459958333
0070410211	2010	8	29	241	0.1266666667	0.111083333	0.1589583333	0.3425	0.458583333
0070410211	2010	8	30	242	0.1157916667	0.104166667	0.143625	0.270291667	0.368916667
0070410211	2010	8	31	243	0.1052083333	0.096375	0.1342083333	0.183791667	0.271041667
0070410211	2010	9	1	244	0.09945833333	0.091958333	0.127375	0.157166667	0.194916667
0070410211	2010	9	2	245	0.09225	0.085583333	0.1202916667	0.141458333	0.163875
0070410211	2010	9	3	246	0.09066666667	0.083916667	0.114125	0.201	0.154583333
0070410211	2010	9	4	247	0.2006666667	0.166333333	0.2700416667	0.260541667	0.310166667
0070410211	2010	9	5	248	0.2239166667	0.203875	0.34025	0.3675	0.447166667
0070410211	2010	9	6	249	0.1569583333	0.124791667	0.3110416667	0.366291667	0.450666667
0070410211	2010	9	7	250	0.1609166667	0.129208333	0.2230416667	0.309166667	0.452875
0070410211	2010	9	8	251	0.245125	0.20075	0.3320416667	0.326083333	0.454458333
0070410211	2010	9	9	252	0.2754166667	0.22725	0.3494166667	0.341041667	0.455416667
0070410211	2010	9	10	253	0.2467083333	0.216791667	0.3229166667	0.343416667	0.456208333
0070410211	2010	9	11	254	0.1865416667	0.156083333	0.3190416667	0.343958333	0.457541667
0070410211	2010	9	12	255	0.1566666667	0.12475	0.2609583333	0.321083333	0.4575
0070410211	2010	9	13	256	0.146	0.118375	0.182375	0.311458333	0.457125
0070410211	2010	9	14	257	0.1557916667	0.126375	0.1732083333	0.306833333	0.430875
0070410211	2010	9	15	258	0.2520416667	0.216375	0.3134166667	0.335833333	0.445958333
0070410211	2010	9	16	259	0.18925	0.1625	0.3160416667	0.343333333	0.4585
0070410211	2010	9	17	260	0.195625	0.176083333	0.3167916667	0.341625	0.459625
0070410211	2010	9	18	261	0.1694166667	0.131541667	0.3159166667	0.343833333	0.459875
0070410211	2010	9	19	262	0.1535416667	0.121833333	0.202875	0.319833333	0.459208333
0070410211	2010	9	20	263	0.1465416667	0.117625	0.16725	0.311708333	0.45825
0070410211	2010	9	21	264	0.1370416667	0.112125	0.15425	0.275791667	0.41225
0070410211	2010	9	22	265	0.1317083333	0.109666667	0.1470833333	0.23375	0.33625
0070410211	2010	9	23	266	0.124	0.105958333	0.142125	0.201875	0.302416667
0070410211	2010	9	24	267	0.12925	0.108958333	0.1384583333	0.177166667	0.34975
0070410211	2010	9	25	268	0.2534583333	0.213416667	0.3255833333	0.33375	0.397083333
0070410211	2010	9	26	269	0.2497916667	0.218541667	0.332375	0.375875	0.449666667
0070410211	2010	9	27	270	0.17675	0.138958333	0.325875	0.378666667	0.451
0070410211	2010	9	28	271	0.2299583333	0.192416667	0.3617083333	0.376708333	0.452791667
0070410211	2010	9	29	272	0.2705416667	0.226041667	0.379	0.386625	0.453875
0070410211	2010	9	30	273	0.2770833333	0.220458333	0.3477916667	0.388916667	0.455166667
0070410211	2010	10	1	274	0.2593333333	0.251166667	0.4175833333	0.390291667	0.455666667
0070410211	2010	10	2	275	0.2415833333	0.265375	0.4205833333	0.391333333	0.456625
0070410211	2010	10	3	276	0.2415833333	0.206375	0.344875	0.392583333	0.459125
0070410211	2010	10	4	277	0.177125	0.137333333	0.3245833333	0.387083333	0.460416667
0070410211	2010	10	5	278	0.1615	0.127458333	0.2132916667	0.320291667	0.4605
0070410211	2010	10	6	279	0.151	0.122833333	0.1672083333	0.314208333	0.460625
0070410211	2010	10	7	280	0.2545	0.226083333	0.3288333333	0.337458333	0.458208333
0070410211	2010	10	8	281	0.2615833333	0.22825	0.300625	0.346416667	0.460791667
0070410211	2010	10	9	282	0.1927916667	0.170541667	0.2903333333	0.346083333	0.461666667
0070410211	2010	10	10	283	0.1612916667	0.128625	0.2653333333	0.323166667	0.46125
0070410211	2010	10	11	284	0.1505833333	0.122	0.1778333333	0.316125	0.461791667
0070410211	2010	10	12	285	0.14525	0.118916667	0.15625	0.30275	0.422458333
0070410211	2010	10	13	286	0.140875	0.116833333	0.14875	0.238875	0.346625
0070410211	2010	10	14	287	0.1360833333	0.113875	0.144125	0.212125	0.313416667
0070410211	2010	10	15	288	0.1447916667	0.120291667	0.147125	0.191583333	0.374916667
0070410211	2010	10	16	289	0.2570833333	0.23075	0.332625	0.327166667	0.436416667
0070410211	2010	10	17	290	0.215	0.20275	0.3326666667	0.340208333	0.4575
0070410211	2010	10	18	291	0.1707083333	0.135875	0.3287083333	0.337416667	0.459875
0070410211	2010	10	19	292	0.15625	0.125125	0.226	0.320791667	0.462208333
0070410211	2010	10	20	293	0.1495833333	0.121208333	0.1625	0.317958333	0.463541667
0070410211	2010	10	21	294	0.1454583333	0.118833333	0.1504583333	0.287833333	0.44225
0070410211	2010	10	22	295	0.25575	0.2275	0.3307083333	0.348166667	0.454208333
0070410211	2010	10	23	296	0.2589166667	0.230125	0.3406666667	0.366375	0.469916667
0070410211	2010	10	24	297	0.2142083333	0.200916667	0.3322916667	0.370958333	0.471
0070410211	2010	10	25	298	0.1903333333	0.161208333	0.3245833333	0.351416667	0.471375
0070410211	2010	10	26	299	0.263375	0.24025	0.3985833333	0.358458333	0.473291667
0070410211	2010	10	27	300	0.275375	0.235375	0.3671666667	0.359958333	0.473458333
0070410211	2010	10	28	301	0.266375	0.236083333	0.3669166667	0.360375	0.472458333
0070410211	2010	10	29	302	0.2619583333	0.226458333	0.3415416667	0.36225	0.472541667
0070410211	2010	10	30	303	0.2545416667	0.230416667	0.3412916667	0.364541667	0.473125
0070410211	2010	10	31	304	0.2021666667	0.181041667	0.3385	0.366416667	0.474125
0070410211	2010	11	1	305	0.1751666667	0.14425	0.269125	0.343083333	0.4745
0070410211	2010	11	2	306	0.1624583333	0.13925	0.1872083333	0.329666667	0.472375
0070410211	2010	11	3	307	0.156375	0.135125	0.1585833333	0.326541667	0.427583333
0070410211	2010	11	4	308	0.1509583333	0.133708333	0.1509166667	0.284666667	0.380291667
0070410211	2010	11	5	309	0.2985416667	0.238208333	0.3667916667	0.328166667	0.438208333
0070410211	2010	11	6	310	0.264125	0.237916667	0.337625	0.3525	0.458708333
0070410211	2010	11	7	311	0.232375	0.22175	0.325125	0.356333333	0.46025
0070410211	2010	11	8	312	0.2875	0.25425	0.3954583333	0.359708333	0.461541667
0070410211	2010	11	9	313	0.266125	0.250791667	0.375125	0.361958333	0.46225
0070410211	2010	11	10	314	0.2433333333	0.231625	0.3320416667	0.36425	0.46375
0070410211	2010	11	11	315	0.1855	0.162333333	0.3107083333	0.347375	0.464583333
0070410211	2010	11	12	316	0.16475	0.140375	0.2175	0.317958333	0.463791667
0070410211	2010	11	13	317	0.1562083333	0.135916667	0.1687083333	0.313833333	0.460333333
0070410211	2010	11	14	318	0.15375	0.133875	0.1564166667	0.301291667	0.411875
0070410211	2010	11	15	319	0.146625	0.132458333	0.1515833333	0.240666667	0.369125
0070410211	2010	11	16	320	0.1522083333	0.132791667	0.1492083333	0.197583333	0.319625
0070410211	2010	11	17	321	0.173375	0.150833333	0.1642083333	0.195458333	0.375395833
0070410211	2010	11	18	322	0.2673333333	0.240958333	0.358625	0.340708333	0.431166667
0070410211	2010	11	19	323	0.230125	0.220708333	0.3372916667	0.349333333	0.440416667
0070410211	2010	11	20	324	0.15125	0.151958333	0.3235	0.348541667	0.443166667
0070410211	2010	11	21	325	0.1376666667	0.14825	0.1845833333	0.311625	0.445333333
0070410211	2010	11	22	326	0.1335833333	0.142333333	0.162625	0.298291667	0.446875
0070410211	2010	11	23	327	0.13325	0.139625	0.1580416667	0.264125	0.42175
0070410211	2010	11	24	328	0.18475	0.170708333	0.3679583333	0.34725	0.445583333
0070410211	2010	11	25	329	0.206	0.2275	0.347	0.360166667	0.449875
0070410211	2010	11	26	330	0.26175	0.222333333	0.337	0.359166667	0.450833333
0070410211	2010	11	27	331	0.2090416667	0.198166667	0.333	0.363291667	0.4515
0070410211	2010	11	28	332	0.1861666667	0.156708333	0.3309583333	0.335708333	0.452041667
0070410211	2010	11	29	333	0.1726666667	0.146083333	0.2783333333	0.327333333	0.45325
0070410211	2010	11	30	334	0.1647083333	0.142208333	0.1984583333	0.324291667	0.451291667
0070410211	2010	12	1	335	0.1621666667	0.140291667	0.1774166667	0.321416667	0.398583333
0070410211	2010	12	2	336	0.2287916667	0.193875	0.2650833333	0.334416667	0.412166667
0070410211	2010	12	3	337	0.3142916667	0.253708333	0.419375	0.36275	0.453916667
0070410211	2010	12	4	338	0.3316666667	0.250875	0.41825	0.364708333	0.454375
0070410211	2010	12	5	339	0.2957083333	0.242458333	0.4042916667	0.365458333	0.454166667
0070410211	2010	12	6	340	0.3062916667	0.244958333	0.370625	0.366041667	0.454125
0070410211	2010	12	7	341	0.3015416667	0.2495	0.4076666667	0.377666667	0.454416667
0070410211	2010	12	8	342	0.274375	0.232791667	0.3448333333	0.399041667	0.455416667
0070410211	2010	12	9	343	0.2197916667	0.222375	0.33525	0.401333333	0.455875
0070410211	2010	12	10	344	0.1515416667	0.175791667	0.2747916667	0.357041667	0.455625
0070410211	2010	12	11	345	0.1347083333	0.161208333	0.2108333333	0.335416667	0.45575
0070410211	2010	12	12	346	0.1332916667	0.157166667	0.1866666667	0.32975	0.454791667
0070410211	2010	12	13	347	0.233375	0.220958333	0.28425	0.357666667	0.45175
0070410211	2010	12	14	348	0.2624583334	0.2391875	0.417173913	0.400478261	0.453565217
0070410211	2010	12	15	349	0.2915416667	0.257416667	0.4051666667	0.400708333	0.453
0070410211	2010	12	16	350	0.1990416667	0.213583333	0.3359583333	0.402208333	0.453666667
0070410211	2010	12	17	351	0.1487083333	0.167416667	0.2845	0.398	0.4535
0070410211	2010	12	18	352	0.1388333333	0.150428571	0.2007083333	0.34275	0.45275
0070410211	2010	12	19	353	0.1388333333	0.150428571	0.1813333333	0.327791667	0.451375
0070410211	2010	12	20	354	-9999	-9999	0.173875	0.277625	0.407583333
0070410211	2010	12	21	355	-9999	-9999	0.16875	0.239416667	0.320583333
0070410211	2010	12	22	356	-9999	-9999	0.1662083333	0.216375	0.265583333
0070410211	2010	12	23	357	-9999	-9999	0.1659583333	0.202625	0.238041667
0070410211	2010	12	24	358	-9999	-9999	0.1660833333	0.194041667	0.225375
0070410211	2010	12	25	359	-9999	-9999	0.14475	0.191041667	0.224583333
0070410211	2010	12	26	360	-9999	-9999	0.1268888889	0.191708333	0.218416667
0070410211	2010	12	27	361	-9999	-9999	0.1268888889	0.190875	0.22175
0070410211	2010	12	28	362	-9999	-9999	-9999	0.188583333	0.214375
0070410211	2010	12	29	363	-9999	-9999	-9999	0.185916667	0.210291667
0070410211	2010	12	30	364	-9999	-9999	-9999	0.185625	0.21075
0070410211	2010	12	31	365	-9999	-9999	-9999	0.187833333	0.205
0070410211	2011	1	1	1	-9999	-9999	-9999	0.187875	0.203791667
0070410211	2011	1	2	2	-9999	-9999	-9999	0.224708333	0.2425
0070410211	2011	1	3	3	-9999	-9999	-9999	0.236166667	0.256375
0070410211	2011	1	4	4	-9999	-9999	-9999	0.238166667	0.256208333
0070410211	2011	1	5	5	-9999	-9999	-9999	0.239416667	0.252583333
0070410211	2011	1	6	6	-9999	-9999	-9999	0.239333333	0.255875
0070410211	2011	1	7	7	-9999	-9999	-9999	0.2385	0.263083333
0070410211	2011	1	8	8	-9999	-9999	-9999	0.236291667	0.260583333
0070410211	2011	1	9	9	-9999	-9999	-9999	0.194666667	0.255125
0070410211	2011	1	10	10	-9999	-9999	-9999	0.1835	0.23
0070410211	2011	1	11	11	-9999	-9999	-9999	0.185666667	0.208375
0070410211	2011	1	12	12	-9999	-9999	-9999	0.183291667	0.205166667
0070410211	2011	1	13	13	-9999	-9999	-9999	0.183291667	0.21275
0070410211	2011	1	14	14	-9999	-9999	-9999	0.183208333	0.210375
0070410211	2011	1	15	15	-9999	-9999	-9999	0.182916667	0.209541667
0070410211	2011	1	16	16	-9999	-9999	-9999	0.18275	0.212166667
0070410211	2011	1	17	17	-9999	-9999	-9999	0.182708333	0.211458333
0070410211	2011	1	18	18	-9999	-9999	-9999	0.181166667	0.208166667
0070410211	2011	1	19	19	-9999	-9999	-9999	0.180333333	0.215208333
0070410211	2011	1	20	20	-9999	-9999	-9999	0.178708333	0.214083333
0070410211	2011	1	21	21	-9999	-9999	-9999	0.178083333	0.211666667
0070410211	2011	1	22	22	-9999	-9999	-9999	0.177625	0.214791667
0070410211	2011	1	23	23	-9999	-9999	-9999	0.176458333	0.21225
0070410211	2011	1	24	24	-9999	-9999	-9999	0.177875	0.2185
0070410211	2011	1	25	25	-9999	-9999	-9999	0.178	0.22175
0070410211	2011	1	26	26	-9999	-9999	-9999	0.165125	0.218541667
0070410211	2011	1	27	27	-9999	-9999	-9999	0.15825	0.216583333
0070410211	2011	1	28	28	-9999	-9999	-9999	0.157041667	0.218208333
0070410211	2011	1	29	29	-9999	-9999	-9999	0.155208333	0.216458333
0070410211	2011	1	30	30	-9999	-9999	-9999	0.154166667	0.2175
0070410211	2011	1	31	31	-9999	-9999	-9999	0.152666667	0.215291667
0070410211	2011	2	1	32	-9999	-9999	-9999	0.153291667	0.214041667
0070410211	2011	2	2	33	-9999	-9999	-9999	0.151333333	0.212458333
0070410211	2011	2	3	34	-9999	-9999	-9999	0.152041667	0.213166667
0070410211	2011	2	4	35	-9999	-9999	-9999	0.146291667	0.212166667
0070410211	2011	2	5	36	-9999	-9999	-9999	0.146458333	0.210875
0070410211	2011	2	6	37	-9999	-9999	-9999	0.146166667	0.212166667
0070410211	2011	2	7	38	-9999	-9999	-9999	0.146208333	0.210708333
0070410211	2011	2	8	39	-9999	-9999	-9999	0.144083333	0.210958333
0070410211	2011	2	9	40	-9999	-9999	-9999	0.143625	0.210333333
0070410211	2011	2	10	41	-9999	-9999	-9999	0.14575	0.211375
0070410211	2011	2	11	42	-9999	-9999	-9999	0.14425	0.208791667
0070410211	2011	2	12	43	-9999	-9999	-9999	0.143833333	0.209458333
0070410211	2011	2	13	44	-9999	-9999	-9999	0.144291667	0.211875
0070410211	2011	2	14	45	-9999	-9999	-9999	0.145666667	0.212083333
0070410211	2011	2	15	46	-9999	-9999	-9999	0.144875	0.210916667
0070410211	2011	2	16	47	-9999	-9999	-9999	0.14475	0.21
0070410211	2011	2	17	48	-9999	-9999	-9999	0.145666667	0.207875
0070410211	2011	2	18	49	-9999	-9999	-9999	0.14525	0.210333333
0070410211	2011	2	19	50	-9999	-9999	-9999	0.143875	0.263833333
0070410211	2011	2	20	51	-9999	-9999	-9999	0.144666667	0.267958333
0070410211	2011	2	21	52	-9999	-9999	-9999	0.147375	0.270708333
0070410211	2011	2	22	53	-9999	-9999	-9999	0.147458333	0.271375
0070410211	2011	2	23	54	-9999	-9999	-9999	0.145291667	0.2735
0070410211	2011	2	24	55	-9999	-9999	-9999	0.145583333	0.280958333
0070410211	2011	2	25	56	-9999	-9999	-9999	0.146583333	0.276416667
0070410211	2011	2	26	57	-9999	-9999	-9999	0.146708333	0.273291667
0070410211	2011	2	27	58	-9999	-9999	-9999	0.146583333	0.273583333
0070410211	2011	2	28	59	-9999	-9999	-9999	0.146333333	0.267708333
0070410211	2011	3	1	60	-9999	-9999	-9999	0.146708333	0.240625
0070410211	2011	3	2	61	-9999	-9999	-9999	0.1465	0.218125
0070410211	2011	3	3	62	-9999	-9999	-9999	0.146875	0.209333333
0070410211	2011	3	4	63	-9999	-9999	-9999	0.146291667	0.204833333
0070410211	2011	3	5	64	-9999	-9999	-9999	0.148125	0.204041667
0070410211	2011	3	6	65	-9999	-9999	-9999	0.273875	0.343041667
0070410211	2011	3	7	66	-9999	-9999	-9999	0.422958333	0.4515
0070410211	2011	3	8	67	-9999	-9999	-9999	0.422791667	0.452833333
0070410211	2011	3	9	68	-9999	-9999	-9999	0.424208333	0.453708333
0070410211	2011	3	10	69	-9999	-9999	-9999	0.422291667	0.45475
0070410211	2011	3	11	70	-9999	-9999	-9999	0.422291667	0.454916667
0070410211	2011	3	12	71	-9999	-9999	-9999	0.424458333	0.455708333
0070410211	2011	3	13	72	-9999	-9999	-9999	0.425791667	0.455833333
0070410211	2011	3	14	73	-9999	-9999	-9999	0.426916667	0.45675
0070410211	2011	3	15	74	-9999	-9999	-9999	0.427166667	0.457166667
0070410211	2011	3	16	75	-9999	-9999	-9999	0.427041667	0.457666667
0070410211	2011	3	17	76	-9999	-9999	-9999	0.42775	0.457833333
0070410211	2011	3	18	77	-9999	-9999	-9999	0.429208333	0.457708333
0070410211	2011	3	19	78	-9999	-9999	-9999	0.4315	0.457833333
0070410211	2011	3	20	79	-9999	-9999	-9999	0.432541667	0.458
0070410211	2011	3	21	80	-9999	-9999	-9999	0.43175	0.458041667
0070410211	2011	3	22	81	-9999	-9999	-9999	0.432458333	0.457916667
0070410211	2011	3	23	82	-9999	-9999	-9999	0.432708333	0.457458333
0070410211	2011	3	24	83	-9999	-9999	-9999	0.418458333	0.457208333
0070410211	2011	3	25	84	-9999	-9999	-9999	0.36925	0.457083333
0070410211	2011	3	26	85	-9999	-9999	-9999	0.3345	0.456916667
0070410211	2011	3	27	86	-9999	-9999	-9999	0.250791667	0.414541667
0070410211	2011	3	28	87	-9999	-9999	-9999	0.231208333	0.396541667
0070410211	2011	3	29	88	-9999	-9999	-9999	0.231458333	0.396
0070410211	2011	3	30	89	-9999	-9999	-9999	0.226041667	0.394875
0070410211	2011	3	31	90	-9999	-9999	-9999	0.22075	0.395208333
0070410211	2011	4	1	91	-9999	-9999	-9999	0.227958333	0.396416667
0070410211	2011	4	2	92	-9999	-9999	-9999	0.273583333	0.442166667
0070410211	2011	4	3	93	-9999	-9999	-9999	0.306791667	0.45775
0070410211	2011	4	4	94	-9999	-9999	-9999	0.334958333	0.458625
0070410211	2011	4	5	95	-9999	-9999	-9999	0.383	0.458125
0070410211	2011	4	6	96	-9999	-9999	-9999	0.387541667	0.458583333
0070410211	2011	4	7	97	-9999	-9999	-9999	0.3905	0.459208333
0070410211	2011	4	8	98	-9999	-9999	-9999	0.392708333	0.459541667
0070410211	2011	4	9	99	-9999	-9999	-9999	0.393416667	0.45975
0070410211	2011	4	10	100	-9999	0.282222222	0.4315555556	0.395916667	0.459833333
0070410211	2011	4	11	101	0.3159166667	0.282222222	0.4315555556	0.396583333	0.4595
0070410211	2011	4	12	102	0.3159166667	0.282222222	0.4315555556	0.398041667	0.459666667
0070410211	2011	4	13	103	0.3159166667	0.282222222	0.4315555556	0.399666667	0.460333333
0070410211	2011	4	14	104	0.3159166667	0.282222222	0.4315555556	0.400333333	0.460166667
0070410211	2011	4	15	105	0.3159166667	0.282222222	0.4315555556	0.402625	0.460625
0070410211	2011	4	16	106	0.3159166667	0.282222222	0.4315555556	0.403916667	0.460416667
0070410211	2011	4	17	107	0.3159166667	0.282222222	0.4315555556	0.404	0.459875
0070410211	2011	4	18	108	0.3159166667	0.282222222	0.4315555556	0.40475	0.459958333
0070410211	2011	4	19	109	0.3159166667	0.282222222	0.4315555556	0.406166667	0.46
0070410211	2011	4	20	110	0.3159166667	0.217470588	0.4475416667	0.406375	0.459916667
0070410211	2011	4	21	111	0.18175	0.240535294	0.3892916667	0.405791667	0.459958333
0070410211	2011	4	22	112	0.3335	0.2636	0.3597391304	0.407708333	0.460041667
0070410211	2011	4	23	113	0.3385	0.220933333	0.4607916667	0.407416667	0.460083333
0070410211	2011	4	24	114	0.3435	0.247125	0.452375	0.402958333	0.459916667
0070410211	2011	4	25	115	0.2933333333	0.260041667	0.4095416667	0.395958333	0.459291667
0070410211	2011	4	26	116	0.2047083333	0.181125	0.33225	0.395083333	0.458375
0070410211	2011	4	27	117	0.2497916667	0.220083333	0.3768333333	0.394916667	0.457833333
0070410211	2011	4	28	118	0.261875	0.238791667	0.3412916667	0.395083333	0.45725
0070410211	2011	4	29	119	0.2440833333	0.218375	0.3326666667	0.393875	0.457208333
0070410211	2011	4	30	120	0.186625	0.145666667	0.2531666667	0.391916667	0.456375
0070410211	2011	5	1	121	0.1692916667	0.13575	0.205125	0.343333333	0.456583333
0070410211	2011	5	2	122	0.1578333333	0.1295	0.1863333333	0.28325	0.407291667
0070410211	2011	5	3	123	0.1540833333	0.125125	0.1734583333	0.270541667	0.386208333
0070410211	2011	5	4	124	0.3124583333	0.243416667	0.3504583333	0.360333333	0.443541667
0070410211	2011	5	5	125	0.3069375	0.280291667	0.4125416667	0.3815	0.454833333
0070410211	2011	5	6	126	0.3014166667	0.286708333	0.4157916667	0.383791667	0.455625
0070410211	2011	5	7	127	0.3014166667	0.247958333	0.3904166667	0.384833333	0.455916667
0070410211	2011	5	8	128	0.2876666667	0.242666667	0.3675416667	0.386583333	0.455333333
0070410211	2011	5	9	129	0.2097083333	0.158458333	0.3015833333	0.387166667	0.45525
0070410211	2011	5	10	130	0.1975833333	0.141333333	0.218375	0.36475	0.454541667
0070410211	2011	5	11	131	0.197375	0.140916667	0.2015416667	0.335333333	0.454958333
0070410211	2011	5	12	132	0.185625	0.134083333	0.1856666667	0.284916667	0.412416667
0070410211	2011	5	13	133	0.1758333333	0.127916667	0.1745833333	0.269041667	0.384333333
0070410211	2011	5	14	134	0.1800833333	0.133708333	0.1678333333	0.232125	0.370916667
0070410211	2011	5	15	135	0.2393333333	0.222458333	0.264375	0.319916667	0.404375
0070410211	2011	5	16	136	0.2074583333	0.1525	0.2978333333	0.379125	0.45025
0070410211	2011	5	17	137	0.1964166667	0.141791667	0.2151666667	0.369291667	0.451666667
0070410211	2011	5	18	138	0.21875	0.187625	0.259125	0.358583333	0.452375
0070410211	2011	5	19	139	0.20575	0.151083333	0.2835	0.387625	0.451125
0070410211	2011	5	20	140	0.1912083333	0.138083333	0.2077916667	0.365916667	0.449333333
0070410211	2011	5	21	141	0.184	0.133708333	0.184375	0.302	0.420958333
0070410211	2011	5	22	142	0.174875	0.129166667	0.172375	0.260291667	0.376416667
0070410211	2011	5	23	143	0.159	0.122125	0.1650833333	0.215875	0.340541667
0070410211	2011	5	24	144	0.1595416667	0.121791667	0.1612083333	0.202833333	0.273041667
0070410211	2011	5	25	145	0.1699583333	0.127416667	0.1599583333	0.197375	0.236583333
0070410211	2011	5	26	146	0.1545	0.122583333	0.1584583333	0.194041667	0.231666667
0070410211	2011	5	27	147	0.167125	0.12875	0.1569166667	0.191666667	0.226666667
0070410211	2011	5	28	148	0.2672916667	0.223791667	0.3047083333	0.319916667	0.381375
0070410211	2011	5	29	149	0.2796666667	0.248166667	0.345125	0.368125	0.436416667
0070410211	2011	5	30	150	0.288625	0.241583333	0.3497916667	0.37225	0.438625
0070410211	2011	5	31	151	0.2018333333	0.149416667	0.2953333333	0.374875	0.43725
0070410211	2011	6	1	152	0.1787083333	0.132083333	0.2124583333	0.332875	0.437083333
0070410211	2011	6	2	153	0.1677916667	0.126625	0.1829166667	0.322333333	0.436083333
0070410211	2011	6	3	154	0.1802083333	0.133458333	0.1737083333	0.312375	0.437291667
0070410211	2011	6	4	155	0.1721666667	0.128875	0.1665833333	0.235708333	0.381583333
0070410211	2011	6	5	156	0.16025	0.124	0.1617083333	0.208083333	0.282708333
0070410211	2011	6	6	157	0.1440416667	0.117666667	0.157	0.1975	0.241416667
0070410211	2011	6	7	158	0.1265416667	0.109458333	0.152875	0.191833333	0.230458333
0070410211	2011	6	8	159	0.116125	0.103416667	0.1490416667	0.189208333	0.229166667
0070410211	2011	6	9	160	0.2070208333	0.174375	0.4089166667	0.385125	0.4255
0070410211	2011	6	10	161	0.2979166667	0.245333333	0.37725	0.392208333	0.437
0070410211	2011	6	11	162	0.194375	0.148541667	0.268875	0.395375	0.435541667
0070410211	2011	6	12	163	0.172125	0.1325	0.1936666667	0.357541667	0.436666667
0070410211	2011	6	13	164	0.2610416667	0.216375	0.3222083333	0.379791667	0.440625
0070410211	2011	6	14	165	0.2695416667	0.233875	0.3246666667	0.399291667	0.43925
0070410211	2011	6	15	166	0.197	0.151458333	0.2782916667	0.392625	0.437208333
0070410211	2011	6	16	167	0.1740833333	0.134	0.1985416667	0.348916667	0.4345
0070410211	2011	6	17	168	0.1655416667	0.129458333	0.1724166667	0.325583333	0.433541667
0070410211	2011	6	18	169	0.25425	0.198791667	0.2830416667	0.306166667	0.415958333
0070410211	2011	6	19	170	0.298625	0.25025	0.3575416667	0.37325	0.443541667
0070410211	2011	6	20	171	0.2410833333	0.217625	0.3225416667	0.376958333	0.442791667
0070410211	2011	6	21	172	0.192	0.14755	0.24825	0.3674	0.4441
0070410211	2011	6	22	173	0.169625	0.138166667	0.1134166667	0.325625	0.443166667
0070410211	2011	6	23	174	0.1599583333	0.131416667	0.1070833333	0.313333333	0.442708333
0070410211	2011	6	24	175	0.1485	0.125583333	0.1029583333	0.239291667	0.37675
0070410211	2011	6	25	176	0.1730833333	0.151041667	0.1643333333	0.229458333	0.406604167
0070410211	2011	6	26	177	0.2424166667	0.223916667	0.4229583333	0.370166667	0.436458333
0070410211	2011	6	27	178	0.2689583333	0.240458333	0.4410833333	0.377333333	0.439916667
0070410211	2011	6	28	179	0.1900833333	0.159208333	0.2583333333	0.37975	0.439875
0070410211	2011	6	29	180	0.1954583333	0.16075	0.17875	0.343208333	0.4395
0070410211	2011	6	30	181	0.301375	0.25275	0.4615	0.382041667	0.4405
0070410211	2011	7	1	182	0.261625	0.237	0.4237083333	0.383291667	0.44025
0070410211	2011	7	2	183	0.193375	0.163583333	0.2647083333	0.374125	0.440083333
0070410211	2011	7	3	184	0.1707083333	0.148375	0.135375	0.332166667	0.439875
0070410211	2011	7	4	185	0.2337083333	0.219458333	0.3282916667	0.352041667	0.439791667
0070410211	2011	7	5	186	0.259125	0.241375	0.4244583333	0.38225	0.439916667
0070410211	2011	7	6	187	0.1845833333	0.15925	0.1867083333	0.369416667	0.44
0070410211	2011	7	7	188	0.1836666667	0.153083333	0.1334166667	0.331041667	0.439625
0070410211	2011	7	8	189	0.1859166667	0.154875	0.1313333333	0.321875	0.439583333
0070410211	2011	7	9	190	0.171375	0.14575	0.1221666667	0.258208333	0.369875
0070410211	2011	7	10	191	0.1595416667	0.137458333	0.1133333333	0.21775	0.270291667
0070410211	2011	7	11	192	0.157625	0.13375	0.1090833333	0.205583333	0.239916667
0070410211	2011	7	12	193	0.177125	0.144833333	0.1145833333	0.201041667	0.232
0070410211	2011	7	13	194	0.1797083333	0.146333333	0.1160416667	0.19925	0.231166667
0070410211	2011	7	14	195	0.16	0.137	0.1105	0.198125	0.228375
0070410211	2011	7	15	196	0.1425416667	0.127666667	0.1050833333	0.196	0.22425
0070410211	2011	7	16	197	0.127625	0.118125	0.09916666667	0.194208333	0.2225
0070410211	2011	7	17	198	0.1134583333	0.108916667	0.09333333333	0.1925	0.220458333
0070410211	2011	7	18	199	0.107875	0.104333333	0.08779166667	0.189958333	0.2185
0070410211	2011	7	19	200	0.10175	0.098541667	0.08241666667	0.186666667	0.216208333
0070410211	2011	7	20	201	0.09241666667	0.091291667	0.2271666667	0.182125	0.2125
0070410211	2011	7	21	202	0.26025	0.236083333	0.3719166667	0.38275	0.428666667
0070410211	2011	7	22	203	0.263875	0.241833333	0.4265	0.396625	0.438416667
0070410211	2011	7	23	204	0.2975416667	0.255416667	0.4727083333	0.400083333	0.440083333
0070410211	2011	7	24	205	0.25975	0.231875	0.4165833333	0.401291667	0.441208333
0070410211	2011	7	25	206	0.1870416667	0.156625	0.1840833333	0.386833333	0.441208333
0070410211	2011	7	26	207	0.16975	0.142791667	0.1236666667	0.348208333	0.440375
0070410211	2011	7	27	208	0.1790833333	0.149666667	0.11475	0.341666667	0.440083333
0070410211	2011	7	28	209	0.1770833333	0.149375	0.115125	0.282458333	0.395291667
0070410211	2011	7	29	210	0.1593333333	0.138958333	0.1084166667	0.241708333	0.317083333
0070410211	2011	7	30	211	0.2766666667	0.227375	0.3555416667	0.313625	0.376458333
0070410211	2011	7	31	212	0.2472083333	0.224083333	0.3955833333	0.382333333	0.434791667
0070410211	2011	8	1	213	0.1969166667	0.1645	0.180125	0.371666667	0.434458333
0070410211	2011	8	2	214	0.2635208333	0.214229167	0.2928125	0.389041667	0.4365
0070410211	2011	8	3	215	0.330125	0.263958333	0.4055	0.3905	0.436791667
0070410211	2011	8	4	216	0.2514583333	0.229666667	0.4055	0.390541667	0.43675
0070410211	2011	8	5	217	0.1885833333	0.156166667	0.1661666667	0.361666667	0.436625
0070410211	2011	8	6	218	0.1715833333	0.144708333	0.1224166667	0.334083333	0.43525
0070410211	2011	8	7	219	0.2557916667	0.235375	0.381125	0.370708333	0.436041667
0070410211	2011	8	8	220	0.341125	0.275333333	0.4001875	0.388916667	0.43625
0070410211	2011	8	9	221	0.260875	0.234625	0.41925	0.389	0.43625
0070410211	2011	8	10	222	0.2040833333	0.169583333	0.212875	0.379875	0.435625
0070410211	2011	8	11	223	0.3101666667	0.265833333	0.289875	0.392583333	0.436916667
0070410211	2011	8	12	224	0.336375	0.267166667	0.366875	0.394208333	0.436916667
0070410211	2011	8	13	225	0.2263333333	0.204666667	0.366875	0.394125	0.436833333
0070410211	2011	8	14	226	0.2029583333	0.165333333	0.1904166667	0.363833333	0.436458333
0070410211	2011	8	15	227	0.1942083333	0.159583333	0.1427083333	0.337	0.435541667
0070410211	2011	8	16	228	0.2615	0.229083333	0.3585833333	0.365125	0.436458333
0070410211	2011	8	17	229	0.2724583333	0.247875	0.424375	0.392	0.436958333
0070410211	2011	8	18	230	0.1997083333	0.161666667	0.2128333333	0.377666667	0.436833333
0070410211	2011	8	19	231	0.1805833333	0.147666667	0.136375	0.337416667	0.436208333
0070410211	2011	8	20	232	0.1688333333	0.141666667	0.1223333333	0.321625	0.422791667
0070410211	2011	8	21	233	0.1557916667	0.138291667	0.113875	0.251791667	0.342541667
0070410211	2011	8	22	234	0.2120833333	0.191458333	0.2793333333	0.371625	0.430458333
0070410211	2011	8	23	235	0.268375	0.244625	0.4447916667	0.381625	0.436125
0070410211	2011	8	24	236	0.1980833333	0.166	0.204375	0.373375	0.437583333
0070410211	2011	8	25	237	0.1792083333	0.15275	0.1312083333	0.330458333	0.437125
0070410211	2011	8	26	238	0.1774166667	0.151333333	0.121	0.316375	0.43675
0070410211	2011	8	27	239	0.165125	0.145541667	0.11525	0.239166667	0.33875
0070410211	2011	8	28	240	0.185875	0.167208333	0.1633333333	0.231791667	0.274125
0070410211	2011	8	29	241	0.3115	0.273666667	0.2654166666	0.373	0.430875
0070410211	2011	8	30	242	0.2178333333	0.209666667	0.3675	0.379458333	0.433708333
0070410211	2011	8	31	243	0.18775	0.16025	0.1697916667	0.336958333	0.434916667
0070410211	2011	9	1	244	0.1729583333	0.151083333	0.1249166667	0.325416667	0.435208333
0070410211	2011	9	2	245	0.1606666667	0.143583333	0.1159583333	0.280291667	0.390791667
0070410211	2011	9	3	246	0.156125	0.139333333	0.110625	0.221791667	0.272708333
0070410211	2011	9	4	247	0.1653333333	0.144458333	0.1093333333	0.205958333	0.239333333
0070410211	2011	9	5	248	0.22425	0.1965	0.2444583333	0.253375	0.294541667
0070410211	2011	9	6	249	0.2994166667	0.269291667	0.3284791666	0.373375	0.430041667
0070410211	2011	9	7	250	0.2407916667	0.240291667	0.4125	0.379083333	0.431625
0070410211	2011	9	8	251	0.1989166667	0.170875	0.248625	0.360125	0.4325
0070410211	2011	9	9	252	0.1794583333	0.155416667	0.1366666667	0.328291667	0.432791667
0070410211	2011	9	10	253	0.1640416667	0.145708333	0.1200833333	0.32275	0.432583333
0070410211	2011	9	11	254	0.154	0.139666667	0.11275	0.252916667	0.372416667
0070410211	2011	9	12	255	0.142875	0.133208333	0.1074166667	0.210958333	0.256833333
0070410211	2011	9	13	256	0.1360833333	0.1285	0.103125	0.199458333	0.232541667
0070410211	2011	9	14	257	0.2013333333	0.199583333	0.2517083333	0.284208333	0.337083333
0070410211	2011	9	15	258	0.2063333333	0.17975	0.2022083333	0.32725	0.38525
0070410211	2011	9	16	259	0.2724583333	0.253875	0.4530833333	0.381666667	0.428333333
0070410211	2011	9	17	260	0.1845416667	0.228208333	0.401875	0.385833333	0.430375
0070410211	2011	9	18	261	0.1365	0.158666667	0.1709166667	0.357666667	0.431083333
0070410211	2011	9	19	262	0.1291666667	0.1495	0.1227083333	0.330666667	0.431
0070410211	2011	9	20	263	0.1236666667	0.143916667	0.1155	0.278916667	0.409583333
0070410211	2011	9	21	264	0.122625	0.1425	0.1115833333	0.216291667	0.2745
0070410211	2011	9	22	265	0.1173333333	0.138583333	0.1085833333	0.201708333	0.236916667
0070410211	2011	9	23	266	0.115875	0.137458333	0.1062916667	0.197	0.228416667
0070410211	2011	9	24	267	0.1109583333	0.13375	0.104375	0.194166667	0.223625
0070410211	2011	9	25	268	0.1172916667	0.1305	0.1022083333	0.1925	0.222583333
0070410211	2011	9	26	269	0.148625	0.125875	0.099	0.190625	0.221375
0070410211	2011	9	27	270	0.143375	0.121416667	0.0965	0.189291667	0.220416667
0070410211	2011	9	28	271	0.1375	0.116375	0.09320833333	0.187166667	0.220166667
0070410211	2011	9	29	272	0.134125	0.1135	0.09029166667	0.185875	0.219125
0070410211	2011	9	30	273	0.1363333333	0.113666667	0.088625	0.184916667	0.221208333
0070410211	2011	10	1	274	0.1320833333	0.1155	0.08825	0.183416667	0.219708333
0070410211	2011	10	2	275	0.109125	0.126791667	0.08991666667	0.183125	0.218291667
0070410211	2011	10	3	276	0.2152916667	0.206541667	0.3127916667	0.284625	0.345416667
0070410211	2011	10	4	277	0.244375	0.248666667	0.4142916667	0.35525	0.430958333
0070410211	2011	10	5	278	0.2059583333	0.191583333	0.3573333333	0.358666667	0.432791667
0070410211	2011	10	6	279	0.184	0.153375	0.1751666667	0.350541667	0.433833333
0070410211	2011	10	7	280	0.1733333333	0.146	0.122875	0.320666667	0.435416667
0070410211	2011	10	8	281	0.167375	0.143166667	0.1136666667	0.318291667	0.436
0070410211	2011	10	9	282	0.1605	0.1395	0.1099166667	0.286958333	0.417291667
0070410211	2011	10	10	283	0.1503333333	0.133708333	0.1063333333	0.233916667	0.338291667
0070410211	2011	10	11	284	0.1397083333	0.127166667	0.10175	0.2065	0.265125
0070410211	2011	10	12	285	0.1342083333	0.124208333	0.09883333333	0.194708333	0.232208333
0070410211	2011	10	13	286	0.13175	0.1225	0.09645833333	0.189875	0.226375
0070410211	2011	10	14	287	0.1495833333	0.126625	0.09583333333	0.188666667	0.223625
0070410211	2011	10	15	288	0.306625	0.263541667	0.414375	0.317833333	0.381416667
0070410211	2011	10	16	289	0.285	0.260166667	0.4363333333	0.359166667	0.428791667
0070410211	2011	10	17	290	0.265625	0.256583333	0.4225	0.363083333	0.431166667
0070410211	2011	10	18	291	0.2425416667	0.242	0.4181666667	0.36575	0.4325
0070410211	2011	10	19	292	0.1977083333	0.168333333	0.2722916667	0.36025	0.434166667
0070410211	2011	10	20	293	0.21575	0.200458333	0.2695416667	0.338	0.434916667
0070410211	2011	10	21	294	0.2335833333	0.2385	0.4199166667	0.370541667	0.43575
0070410211	2011	10	22	295	0.2662083333	0.250291667	0.4263333333	0.372958333	0.436
0070410211	2011	10	23	296	0.2257916667	0.227	0.4138333333	0.374083333	0.436333333
0070410211	2011	10	24	297	0.1938333333	0.163125	0.21	0.356166667	0.436208333
0070410211	2011	10	25	298	0.1956666667	0.175458333	0.23175	0.32925	0.435708333
0070410211	2011	10	26	299	0.199375	0.173833333	0.3025	0.330541667	0.4365
0070410211	2011	10	27	300	0.1839583333	0.155125	0.1514583333	0.32975	0.436541667
0070410211	2011	10	28	301	0.1765	0.150083333	0.1252083333	0.327333333	0.437125
0070410211	2011	10	29	302	0.17075	0.146625	0.1184583333	0.311	0.420791667
0070410211	2011	10	30	303	0.1754166667	0.150125	0.1161666667	0.2325	0.331833333
0070410211	2011	10	31	304	0.18525	0.157666667	0.1186666667	0.211791667	0.262916667
0070410211	2011	11	1	305	0.175625	0.1505	0.1180416667	0.206291667	0.245916667
0070410211	2011	11	2	306	0.1710833333	0.147625	0.1149583333	0.199708333	0.237416667
0070410211	2011	11	3	307	0.1682916667	0.14575	0.1136666667	0.196833333	0.233458333
0070410211	2011	11	4	308	0.1729583333	0.149333333	0.11425	0.194291667	0.230458333
0070410211	2011	11	5	309	0.17025	0.147375	0.1114166667	0.191791667	0.226375
0070410211	2011	11	6	310	0.164125	0.144125	0.1099583333	0.189833333	0.222583333
0070410211	2011	11	7	311	0.1615	0.141916667	0.1082916667	0.189083333	0.224916667
0070410211	2011	11	8	312	0.1597916667	0.140416667	0.1072916667	0.1885	0.2205
0070410211	2011	11	9	313	0.157875	0.139416667	0.1067916667	0.1875	0.220041667
0070410211	2011	11	10	314	0.1565416667	0.138416667	0.106	0.1875	0.219625
0070410211	2011	11	11	315	0.2697083333	0.23625	0.3842916667	0.314916667	0.36025
0070410211	2011	11	12	316	0.2736666667	0.254583333	0.4212083333	0.369333333	0.416583333
0070410211	2011	11	13	317	0.2200416667	0.222958333	0.4123333333	0.372416667	0.419291667
0070410211	2011	11	14	318	0.1974166667	0.168875	0.2921666667	0.373458333	0.420416667
0070410211	2011	11	15	319	0.204125	0.198083333	0.3315416667	0.34725	0.421166667
0070410211	2011	11	16	320	0.199125	0.171875	0.2786666667	0.378916667	0.4225
0070410211	2011	11	17	321	0.1879166667	0.158708333	0.1457083333	0.35175	0.423
0070410211	2011	11	18	322	0.1789583333	0.152166667	0.126375	0.3215	0.423833333
0070410211	2011	11	19	323	0.16125	0.147083333	0.1185416667	0.301416667	0.418666667
0070410211	2011	11	20	324	0.17	0.145958333	0.1155	0.261583333	0.361458333
0070410211	2011	11	21	325	0.152625	0.144166667	0.1140833333	0.216916667	0.314333333
0070410211	2011	11	22	326	0.1216666667	0.1365	0.1127916667	0.200166667	0.254791667
0070410211	2011	11	23	327	0.1087916667	0.139583333	0.1245416667	0.193375	0.231666667
0070410211	2011	11	24	328	0.1076666667	0.142666667	0.1173333333	0.190083333	0.227208333
0070410211	2011	11	25	329	0.1101666667	0.142666667	0.1057916667	0.187916667	0.222666667
0070410211	2011	11	26	330	0.133375	0.142666667	0.1034583333	0.186208333	0.220083333
0070410211	2011	11	27	331	0.161875	0.1395	0.1075	0.186	0.219916667
0070410211	2011	11	28	332	0.1984166667	0.20225	0.24375	0.236958333	0.289083333
0070410211	2011	11	29	333	0.2031666667	0.19825	0.3487083333	0.309208333	0.404375
0070410211	2011	11	30	334	0.222875	0.205416667	0.356125	0.326875	0.415958333
0070410211	2011	12	1	335	0.2793333333	0.254833333	0.4189166667	0.369583333	0.417833333
0070410211	2011	12	2	336	0.1892916667	0.176833333	0.3042083333	0.3715	0.419833333
0070410211	2011	12	3	337	0.1692083333	0.15575	0.1716666667	0.353791667	0.421416667
0070410211	2011	12	4	338	0.1404583333	0.134958333	0.14	0.316916667	0.422458333
0070410211	2011	12	5	339	0.1929166667	0.207291667	0.2557083333	0.30825	0.423
0070410211	2011	12	6	340	0.281125	0.261375	0.464125	0.351166667	0.424791667
0070410211	2011	12	7	341	0.281	0.2565	0.4294166667	0.370541667	0.425
0070410211	2011	12	8	342	0.2798333333	0.255416667	0.425	0.371083333	0.425166667
0070410211	2011	12	9	343	0.2776666667	0.252458333	0.4182916667	0.373625	0.426291667
0070410211	2011	12	10	344	0.2614583333	0.250708333	0.4150416667	0.374875	0.427
0070410211	2011	12	11	345	0.2289166667	0.240083333	0.4130416667	0.376041667	0.427791667
0070410211	2011	12	12	346	0.2019583333	0.174208333	0.3295833333	0.354916667	0.427958333
0070410211	2011	12	13	347	0.190875	0.159833333	0.1675416667	0.3215	0.428208333
0070410211	2011	12	14	348	0.1854166667	0.155625	0.1426666667	0.317625	0.428625
0070410211	2011	12	15	349	0.1832916667	0.15525	0.144375	0.316	0.427958333
0070410211	2011	12	16	350	0.1791458334	0.280791667	0.2974375	0.3765	0.428958333
0070410211	2011	12	17	351	0.175	0.280791667	0.4505	0.378833333	0.429458333
0070410211	2011	12	18	352	0.1413333333	-9999	0.19725	0.380333333	0.431083333
0070410211	2011	12	19	353	0.132	-9999	0.1345833333	0.3355	0.439541667
0070410211	2011	12	20	354	0.132	-9999	0.1019166667	0.249875	0.37775
0070410211	2011	12	21	355	-9999	-9999	0.09325	0.199458333	0.259625
0070410211	2011	12	22	356	-9999	-9999	0.088	0.179958333	0.212291667
0070410211	2011	12	23	357	-9999	-9999	0.08754166667	0.172833333	0.19975
0070410211	2011	12	24	358	-9999	-9999	0.08704166667	0.170583333	0.19625
0070410211	2011	12	25	359	-9999	-9999	0.087875	0.169875	0.189208333
0070410211	2011	12	26	360	-9999	-9999	0.08704166667	0.169166667	0.1885
0070410211	2011	12	27	361	-9999	-9999	0.086	0.169083333	0.18775
0070410211	2011	12	28	362	-9999	-9999	0.1642631579	0.24575	0.27875
0070410211	2011	12	29	363	-9999	-9999	0.2433125	0.402375	0.45025
0070410211	2011	12	30	364	-9999	-9999	0.1270416667	0.404583333	0.457541667
0070410211	2011	12	31	365	-9999	-9999	0.1037	0.388333333	0.469666667
0070410211	2012	1	1	1	-9999	-9999	0.1037	0.315833333	0.455458333
0070410211	2012	1	2	2	-9999	-9999	-9999	0.231625	0.345458333
0070410211	2012	1	3	3	-9999	-9999	-9999	0.20625	0.2495
0070410211	2012	1	4	4	-9999	-9999	-9999	0.186458333	0.191416667
0070410211	2012	1	5	5	-9999	-9999	-9999	0.179833333	0.169791667
0070410211	2012	1	6	6	-9999	-9999	-9999	0.167625	0.154916667
0070410211	2012	1	7	7	-9999	-9999	-9999	0.170166667	0.143625
0070410211	2012	1	8	8	-9999	-9999	-9999	0.181208333	0.139375
0070410211	2012	1	9	9	-9999	-9999	-9999	0.173541667	0.134541667
0070410211	2012	1	10	10	-9999	-9999	-9999	0.172958333	0.135333333
0070410211	2012	1	11	11	-9999	-9999	-9999	0.172666667	0.132625
0070410211	2012	1	12	12	-9999	-9999	-9999	0.171208333	0.135583333
0070410211	2012	1	13	13	-9999	-9999	-9999	0.169083333	0.166416667
0070410211	2012	1	14	14	-9999	-9999	-9999	0.16825	0.161083333
0070410211	2012	1	15	15	-9999	-9999	-9999	0.167791667	0.139583333
0070410211	2012	1	16	16	-9999	-9999	-9999	0.167333333	0.128125
0070410211	2012	1	17	17	-9999	-9999	-9999	0.167166667	0.132166667
0070410211	2012	1	18	18	-9999	-9999	-9999	0.166791667	0.141333333
0070410211	2012	1	19	19	-9999	-9999	-9999	0.166208333	0.130916667
0070410211	2012	1	20	20	-9999	-9999	-9999	0.166458333	0.12825
0070410211	2012	1	21	21	-9999	-9999	-9999	0.16725	0.126875
0070410211	2012	1	22	22	-9999	-9999	-9999	0.170083333	0.127
0070410211	2012	1	23	23	-9999	-9999	-9999	0.168125	0.137333333
0070410211	2012	1	24	24	-9999	-9999	-9999	0.266458333	0.173208333
0070410211	2012	1	25	25	-9999	-9999	-9999	0.413125	0.230625
0070410211	2012	1	26	26	-9999	-9999	-9999	0.350625	0.193333333
0070410211	2012	1	27	27	-9999	-9999	-9999	0.288125	0.190083333
0070410211	2012	1	28	28	-9999	-9999	-9999	0.228625	0.188916667
0070410211	2012	1	29	29	-9999	-9999	-9999	0.216333333	0.189708333
0070410211	2012	1	30	30	-9999	-9999	-9999	0.21075	0.189875
0070410211	2012	1	31	31	-9999	-9999	-9999	0.205541667	0.171458333
0070410211	2012	2	1	32	-9999	-9999	-9999	0.199541667	0.149291667
0070410211	2012	2	2	33	-9999	-9999	-9999	0.192458333	0.137333333
0070410211	2012	2	3	34	-9999	-9999	-9999	0.189	0.129708333
0070410211	2012	2	4	35	-9999	-9999	-9999	0.185458333	0.129083333
0070410211	2012	2	5	36	-9999	-9999	-9999	0.183166667	0.124583333
0070410211	2012	2	6	37	-9999	-9999	-9999	0.182583333	0.125416667
0070410211	2012	2	7	38	-9999	-9999	-9999	0.182	0.128041667
0070410211	2012	2	8	39	-9999	-9999	-9999	0.180291667	0.127791667
0070410211	2012	2	9	40	-9999	-9999	-9999	0.179458333	0.125375
0070410211	2012	2	10	41	-9999	-9999	-9999	0.179208333	0.126333333
0070410211	2012	2	11	42	-9999	-9999	-9999	0.179166667	0.127
0070410211	2012	2	12	43	-9999	-9999	-9999	0.17875	0.126375
0070410211	2012	2	13	44	-9999	-9999	-9999	0.178791667	0.126333333
0070410211	2012	2	14	45	-9999	-9999	-9999	0.178541667	0.126291667
0070410211	2012	2	15	46	-9999	-9999	-9999	0.177708333	0.124958333
0070410211	2012	2	16	47	-9999	-9999	-9999	0.177541667	0.123958333
0070410211	2012	2	17	48	-9999	-9999	-9999	0.177125	0.124166667
0070410211	2012	2	18	49	-9999	-9999	-9999	0.176875	0.124083333
0070410211	2012	2	19	50	-9999	-9999	-9999	0.176291667	0.1245
0070410211	2012	2	20	51	-9999	-9999	-9999	0.175666667	0.124208333
0070410211	2012	2	21	52	-9999	-9999	-9999	0.175333333	0.124541667
0070410211	2012	2	22	53	-9999	-9999	-9999	0.175458333	0.125416667
0070410211	2012	2	23	54	-9999	-9999	-9999	0.175875	0.125166667
0070410211	2012	2	24	55	-9999	-9999	-9999	0.1755	0.125208333
0070410211	2012	2	25	56	-9999	-9999	-9999	0.17625	0.126083333
0070410211	2012	2	26	57	-9999	-9999	-9999	0.175333333	0.126875
0070410211	2012	2	27	58	-9999	-9999	-9999	0.17475	0.127625
0070410211	2012	2	28	59	-9999	-9999	-9999	0.175708333	0.129125
0070410211	2012	2	29	60	-9999	-9999	-9999	0.176125	0.13075
0070410211	2012	3	1	61	-9999	-9999	-9999	0.176708333	0.132375
0070410211	2012	3	2	62	-9999	-9999	-9999	0.176875	0.133833333
0070410211	2012	3	3	63	-9999	-9999	-9999	0.1775	0.136
0070410211	2012	3	4	64	-9999	-9999	-9999	0.177875	0.137875
0070410211	2012	3	5	65	-9999	-9999	-9999	0.178714286	0.138428571
0070410211	2012	3	6	66	-9999	-9999	-9999	0.178714286	0.138428571
0070410211	2012	3	7	67	-9999	-9999	-9999	-9999	-9999
0070410211	2012	3	8	68	-9999	-9999	-9999	-9999	-9999
0070410211	2012	3	9	69	-9999	-9999	-9999	-9999	-9999
0070410211	2012	3	10	70	-9999	-9999	-9999	-9999	-9999
0070410211	2012	3	11	71	-9999	-9999	-9999	-9999	-9999
0070410211	2012	3	12	72	-9999	-9999	-9999	-9999	-9999
0070410211	2012	3	13	73	-9999	-9999	-9999	-9999	-9999
0070410211	2012	3	14	74	-9999	-9999	-9999	-9999	-9999
0070410211	2012	3	15	75	-9999	-9999	-9999	-9999	-9999
0070410211	2012	3	16	76	-9999	-9999	-9999	-9999	-9999
0070410211	2012	3	17	77	-9999	-9999	-9999	-9999	-9999
0070410211	2012	3	18	78	-9999	-9999	-9999	-9999	-9999
0070410211	2012	3	19	79	-9999	-9999	-9999	-9999	-9999
0070410211	2012	3	20	80	-9999	-9999	-9999	-9999	-9999
0070410211	2012	3	21	81	-9999	-9999	-9999	-9999	-9999
0070410211	2012	3	22	82	-9999	-9999	-9999	-9999	-9999
0070410211	2012	3	23	83	-9999	-9999	-9999	-9999	-9999
0070410211	2012	3	24	84	-9999	-9999	-9999	-9999	-9999
0070410211	2012	3	25	85	-9999	-9999	-9999	-9999	-9999
0070410211	2012	3	26	86	-9999	-9999	-9999	-9999	-9999
0070410211	2012	3	27	87	-9999	-9999	-9999	-9999	-9999
0070410211	2012	3	28	88	-9999	-9999	-9999	-9999	-9999
0070410211	2012	3	29	89	-9999	-9999	-9999	-9999	-9999
0070410211	2012	3	30	90	-9999	-9999	-9999	-9999	-9999
0070410211	2012	3	31	91	-9999	-9999	-9999	-9999	-9999
0070410211	2012	4	1	92	-9999	-9999	-9999	-9999	-9999
0070410211	2012	4	2	93	-9999	-9999	-9999	-9999	-9999
0070410211	2012	4	3	94	-9999	-9999	-9999	-9999	-9999
0070410211	2012	4	4	95	-9999	-9999	-9999	-9999	-9999
0070410211	2012	4	5	96	-9999	-9999	-9999	-9999	-9999
0070410211	2012	4	6	97	-9999	-9999	-9999	-9999	-9999
0070410211	2012	4	7	98	-9999	-9999	-9999	-9999	-9999
0070410211	2012	4	8	99	-9999	-9999	-9999	-9999	-9999
0070410211	2012	4	9	100	-9999	-9999	-9999	-9999	-9999
0070410211	2012	4	10	101	-9999	-9999	-9999	-9999	-9999
0070410211	2012	4	11	102	-9999	-9999	-9999	-9999	-9999
0070410211	2012	4	12	103	-9999	-9999	-9999	-9999	-9999
0070410211	2012	4	13	104	-9999	-9999	-9999	-9999	-9999
0070410211	2012	4	14	105	-9999	-9999	-9999	-9999	-9999
0070410211	2012	4	15	106	-9999	-9999	-9999	-9999	-9999
0070410211	2012	4	16	107	-9999	-9999	-9999	-9999	-9999
0070410211	2012	4	17	108	-9999	-9999	-9999	-9999	-9999
0070410211	2012	4	18	109	-9999	-9999	-9999	-9999	-9999
0070410211	2012	4	19	110	-9999	-9999	-9999	-9999	-9999
0070410211	2012	4	20	111	-9999	-9999	-9999	-9999	-9999
0070410211	2012	4	21	112	-9999	-9999	-9999	-9999	-9999
0070410211	2012	4	22	113	-9999	-9999	-9999	-9999	-9999
0070410211	2012	4	23	114	-9999	-9999	-9999	-9999	-9999
0070410211	2012	4	24	115	-9999	-9999	-9999	-9999	-9999
0070410211	2012	4	25	116	-9999	-9999	-9999	-9999	-9999
0070410211	2012	4	26	117	-9999	-9999	-9999	-9999	-9999
0070410211	2012	4	27	118	-9999	-9999	-9999	-9999	-9999
0070410211	2012	4	28	119	-9999	-9999	-9999	-9999	-9999
0070410211	2012	4	29	120	-9999	-9999	-9999	-9999	-9999
0070410211	2012	4	30	121	-9999	-9999	-9999	-9999	-9999
0070410211	2012	5	1	122	-9999	-9999	-9999	-9999	-9999
0070410211	2012	5	2	123	-9999	-9999	-9999	-9999	-9999
0070410211	2012	5	3	124	-9999	-9999	-9999	-9999	-9999
0070410211	2012	5	4	125	-9999	-9999	-9999	-9999	-9999
0070410211	2012	5	5	126	-9999	-9999	-9999	-9999	-9999
0070410211	2012	5	6	127	-9999	-9999	-9999	-9999	-9999
0070410211	2012	5	7	128	-9999	-9999	-9999	-9999	-9999
0070410211	2012	5	8	129	-9999	-9999	-9999	-9999	-9999
0070410211	2012	5	9	130	-9999	-9999	-9999	-9999	-9999
0070410211	2012	5	10	131	-9999	-9999	-9999	-9999	-9999
0070410211	2012	5	11	132	-9999	-9999	-9999	-9999	-9999
0070410211	2012	5	12	133	-9999	-9999	-9999	-9999	-9999
0070410211	2012	5	13	134	-9999	-9999	-9999	-9999	-9999
0070410211	2012	5	14	135	-9999	-9999	-9999	-9999	-9999
0070410211	2012	5	15	136	-9999	-9999	-9999	-9999	-9999
0070410211	2012	5	16	137	-9999	-9999	-9999	-9999	-9999
0070410211	2012	5	17	138	-9999	-9999	-9999	-9999	-9999
0070410211	2012	5	18	139	-9999	-9999	-9999	-9999	-9999
0070410211	2012	5	19	140	-9999	-9999	-9999	-9999	-9999
0070410211	2012	5	20	141	-9999	-9999	-9999	-9999	-9999
0070410211	2012	5	21	142	-9999	-9999	-9999	-9999	-9999
0070410211	2012	5	22	143	-9999	-9999	-9999	-9999	-9999
0070410211	2012	5	23	144	-9999	-9999	-9999	-9999	-9999
0070410211	2012	5	24	145	-9999	-9999	-9999	-9999	-9999
0070410211	2012	5	25	146	-9999	-9999	-9999	-9999	-9999
0070410211	2012	5	26	147	-9999	-9999	-9999	-9999	-9999
0070410211	2012	5	27	148	-9999	-9999	-9999	-9999	-9999
0070410211	2012	5	28	149	-9999	-9999	-9999	-9999	-9999
0070410211	2012	5	29	150	-9999	-9999	-9999	-9999	-9999
0070410211	2012	5	30	151	-9999	-9999	-9999	-9999	-9999
0070410211	2012	5	31	152	-9999	-9999	-9999	-9999	-9999
0070410211	2012	6	1	153	-9999	-9999	-9999	-9999	-9999
0070410211	2012	6	2	154	-9999	-9999	-9999	-9999	-9999
0070410211	2012	6	3	155	-9999	-9999	-9999	-9999	-9999
0070410211	2012	6	4	156	-9999	-9999	-9999	-9999	-9999
0070410211	2012	6	5	157	-9999	-9999	-9999	-9999	-9999
0070410211	2012	6	6	158	-9999	-9999	-9999	-9999	-9999
0070410211	2012	6	7	159	-9999	-9999	-9999	-9999	-9999
0070410211	2012	6	8	160	-9999	-9999	-9999	-9999	-9999
0070410211	2012	6	9	161	-9999	-9999	-9999	-9999	-9999
0070410211	2012	6	10	162	-9999	-9999	-9999	-9999	-9999
0070410211	2012	6	11	163	-9999	-9999	-9999	-9999	-9999
0070410211	2012	6	12	164	-9999	-9999	-9999	-9999	-9999
0070410211	2012	6	13	165	-9999	-9999	-9999	-9999	-9999
0070410211	2012	6	14	166	-9999	-9999	-9999	-9999	-9999
0070410211	2012	6	15	167	-9999	-9999	-9999	-9999	-9999
0070410211	2012	6	16	168	-9999	-9999	-9999	-9999	-9999
0070410211	2012	6	17	169	-9999	-9999	-9999	-9999	-9999
0070410211	2012	6	18	170	-9999	-9999	-9999	-9999	-9999
0070410211	2012	6	19	171	-9999	-9999	-9999	-9999	-9999
0070410211	2012	6	20	172	-9999	-9999	-9999	-9999	-9999
0070410211	2012	6	21	173	-9999	-9999	-9999	-9999	-9999
0070410211	2012	6	22	174	-9999	-9999	-9999	-9999	-9999
0070410211	2012	6	23	175	-9999	-9999	-9999	-9999	-9999
0070410211	2012	6	24	176	-9999	-9999	-9999	-9999	-9999
0070410211	2012	6	25	177	-9999	-9999	-9999	-9999	-9999
0070410211	2012	6	26	178	-9999	-9999	-9999	-9999	-9999
0070410211	2012	6	27	179	-9999	-9999	-9999	-9999	-9999
0070410211	2012	6	28	180	-9999	-9999	-9999	-9999	-9999
0070410211	2012	6	29	181	-9999	-9999	-9999	-9999	-9999
0070410211	2012	6	30	182	-9999	-9999	-9999	-9999	-9999
0070410211	2012	7	1	183	-9999	-9999	-9999	-9999	-9999
0070410211	2012	7	2	184	-9999	-9999	-9999	-9999	-9999
0070410211	2012	7	3	185	-9999	-9999	-9999	-9999	-9999
0070410211	2012	7	4	186	-9999	-9999	-9999	-9999	-9999
0070410211	2012	7	5	187	-9999	-9999	-9999	-9999	-9999
0070410211	2012	7	6	188	-9999	-9999	-9999	-9999	-9999
0070410211	2012	7	7	189	-9999	-9999	-9999	-9999	-9999
0070410211	2012	7	8	190	-9999	-9999	-9999	-9999	-9999
0070410211	2012	7	9	191	-9999	-9999	-9999	-9999	-9999
0070410211	2012	7	10	192	-9999	-9999	-9999	-9999	-9999
0070410211	2012	7	11	193	-9999	-9999	-9999	-9999	-9999
0070410211	2012	7	12	194	-9999	-9999	-9999	-9999	-9999
0070410211	2012	7	13	195	-9999	-9999	-9999	-9999	-9999
0070410211	2012	7	14	196	-9999	-9999	-9999	-9999	-9999
0070410211	2012	7	15	197	-9999	-9999	-9999	-9999	-9999
0070410211	2012	7	16	198	-9999	-9999	-9999	-9999	-9999
0070410211	2012	7	17	199	-9999	-9999	-9999	-9999	-9999
0070410211	2012	7	18	200	-9999	-9999	-9999	-9999	-9999
0070410211	2012	7	19	201	-9999	-9999	-9999	-9999	-9999
0070410211	2012	7	20	202	-9999	-9999	-9999	-9999	-9999
0070410211	2012	7	21	203	-9999	-9999	-9999	-9999	-9999
0070410211	2012	7	22	204	-9999	-9999	-9999	-9999	-9999
0070410211	2012	7	23	205	-9999	-9999	-9999	-9999	-9999
0070410211	2012	7	24	206	-9999	-9999	-9999	-9999	-9999
0070410211	2012	7	25	207	-9999	-9999	-9999	-9999	-9999
0070410211	2012	7	26	208	-9999	-9999	-9999	-9999	-9999
0070410211	2012	7	27	209	-9999	-9999	-9999	-9999	-9999
0070410211	2012	7	28	210	-9999	-9999	-9999	-9999	-9999
0070410211	2012	7	29	211	-9999	-9999	-9999	-9999	-9999
0070410211	2012	7	30	212	-9999	-9999	-9999	-9999	-9999
0070410211	2012	7	31	213	-9999	-9999	-9999	-9999	-9999
0070410211	2012	8	1	214	-9999	-9999	-9999	-9999	-9999
0070410211	2012	8	2	215	-9999	-9999	-9999	-9999	-9999
0070410211	2012	8	3	216	-9999	-9999	-9999	-9999	-9999
0070410211	2012	8	4	217	-9999	-9999	-9999	-9999	-9999
0070410211	2012	8	5	218	-9999	-9999	-9999	-9999	-9999
0070410211	2012	8	6	219	-9999	-9999	-9999	-9999	-9999
0070410211	2012	8	7	220	-9999	-9999	-9999	-9999	-9999
0070410211	2012	8	8	221	-9999	-9999	-9999	-9999	-9999
0070410211	2012	8	9	222	-9999	-9999	-9999	-9999	-9999
0070410211	2012	8	10	223	-9999	-9999	-9999	-9999	-9999
0070410211	2012	8	11	224	-9999	-9999	-9999	-9999	-9999
0070410211	2012	8	12	225	-9999	-9999	-9999	-9999	-9999
0070410211	2012	8	13	226	-9999	-9999	-9999	-9999	-9999
0070410211	2012	8	14	227	-9999	-9999	-9999	-9999	-9999
0070410211	2012	8	15	228	-9999	-9999	-9999	-9999	-9999
0070410211	2012	8	16	229	-9999	-9999	-9999	-9999	-9999
0070410211	2012	8	17	230	-9999	-9999	-9999	-9999	-9999
0070410211	2012	8	18	231	-9999	-9999	-9999	-9999	-9999
0070410211	2012	8	19	232	-9999	-9999	-9999	-9999	-9999
0070410211	2012	8	20	233	-9999	-9999	-9999	-9999	-9999
0070410211	2012	8	21	234	-9999	-9999	-9999	-9999	-9999
0070410211	2012	8	22	235	-9999	-9999	-9999	-9999	-9999
0070410211	2012	8	23	236	-9999	-9999	-9999	-9999	-9999
0070410211	2012	8	24	237	-9999	-9999	-9999	-9999	-9999
0070410211	2012	8	25	238	-9999	-9999	-9999	-9999	-9999
0070410211	2012	8	26	239	-9999	-9999	-9999	-9999	-9999
0070410211	2012	8	27	240	-9999	-9999	-9999	-9999	-9999
0070410211	2012	8	28	241	-9999	-9999	-9999	-9999	-9999
0070410211	2012	8	29	242	-9999	-9999	-9999	-9999	-9999
0070410211	2012	8	30	243	-9999	-9999	-9999	-9999	-9999
0070410211	2012	8	31	244	-9999	-9999	-9999	-9999	-9999
0070410211	2012	9	1	245	-9999	-9999	-9999	-9999	-9999
0070410211	2012	9	2	246	-9999	-9999	-9999	-9999	-9999
0070410211	2012	9	3	247	-9999	-9999	-9999	-9999	-9999
0070410211	2012	9	4	248	-9999	-9999	-9999	-9999	-9999
0070410211	2012	9	5	249	-9999	-9999	-9999	-9999	-9999
0070410211	2012	9	6	250	-9999	-9999	-9999	-9999	-9999
0070410211	2012	9	7	251	-9999	-9999	-9999	-9999	-9999
0070410211	2012	9	8	252	-9999	-9999	-9999	-9999	-9999
0070410211	2012	9	9	253	-9999	-9999	-9999	-9999	-9999
0070410211	2012	9	10	254	-9999	-9999	-9999	-9999	-9999
0070410211	2012	9	11	255	-9999	-9999	-9999	-9999	-9999
0070410211	2012	9	12	256	-9999	-9999	-9999	-9999	-9999
0070410211	2012	9	13	257	-9999	-9999	-9999	-9999	-9999
0070410211	2012	9	14	258	-9999	-9999	-9999	-9999	-9999
0070410211	2012	9	15	259	-9999	-9999	-9999	-9999	-9999
0070410211	2012	9	16	260	-9999	-9999	-9999	-9999	-9999
0070410211	2012	9	17	261	-9999	-9999	-9999	-9999	-9999
0070410211	2012	9	18	262	-9999	-9999	-9999	-9999	-9999
0070410211	2012	9	19	263	-9999	-9999	-9999	-9999	-9999
0070410211	2012	9	20	264	-9999	-9999	-9999	-9999	-9999
0070410211	2012	9	21	265	-9999	-9999	-9999	-9999	-9999
0070410211	2012	9	22	266	-9999	-9999	-9999	-9999	-9999
0070410211	2012	9	23	267	-9999	-9999	-9999	-9999	-9999
0070410211	2012	9	24	268	-9999	-9999	-9999	-9999	-9999
0070410211	2012	9	25	269	-9999	-9999	-9999	-9999	-9999
0070410211	2012	9	26	270	-9999	-9999	-9999	-9999	-9999
0070410211	2012	9	27	271	-9999	-9999	-9999	-9999	-9999
0070410211	2012	9	28	272	-9999	-9999	-9999	-9999	-9999
0070410211	2012	9	29	273	-9999	-9999	-9999	-9999	-9999
0070410211	2012	9	30	274	-9999	-9999	-9999	-9999	-9999
0070410211	2012	10	1	275	-9999	-9999	-9999	-9999	-9999
0070410211	2012	10	2	276	-9999	-9999	-9999	-9999	-9999
0070410211	2012	10	3	277	-9999	-9999	-9999	-9999	-9999
0070410211	2012	10	4	278	-9999	-9999	-9999	-9999	-9999
0070410211	2012	10	5	279	-9999	-9999	-9999	-9999	-9999
0070410211	2012	10	6	280	-9999	-9999	-9999	-9999	-9999
0070410211	2012	10	7	281	-9999	-9999	-9999	-9999	-9999
0070410211	2012	10	8	282	-9999	-9999	-9999	-9999	-9999
0070410211	2012	10	9	283	-9999	-9999	-9999	-9999	-9999
0070410211	2012	10	10	284	-9999	-9999	-9999	-9999	-9999
0070410211	2012	10	11	285	-9999	-9999	-9999	-9999	-9999
0070410211	2012	10	12	286	-9999	-9999	-9999	-9999	-9999
0070410211	2012	10	13	287	-9999	-9999	-9999	-9999	-9999
0070410211	2012	10	14	288	-9999	-9999	-9999	-9999	-9999
0070410211	2012	10	15	289	-9999	-9999	-9999	-9999	-9999
0070410211	2012	10	16	290	-9999	-9999	-9999	-9999	-9999
0070410211	2012	10	17	291	-9999	-9999	-9999	-9999	-9999
0070410211	2012	10	18	292	-9999	-9999	-9999	-9999	-9999
0070410211	2012	10	19	293	-9999	-9999	-9999	-9999	-9999
0070410211	2012	10	20	294	-9999	-9999	-9999	-9999	-9999
0070410211	2012	10	21	295	-9999	-9999	-9999	-9999	-9999
0070410211	2012	10	22	296	-9999	-9999	-9999	-9999	-9999
0070410211	2012	10	23	297	-9999	-9999	-9999	-9999	-9999
0070410211	2012	10	24	298	-9999	-9999	-9999	-9999	-9999
0070410211	2012	10	25	299	-9999	-9999	-9999	-9999	-9999
0070410211	2012	10	26	300	-9999	-9999	-9999	-9999	-9999
0070410211	2012	10	27	301	-9999	-9999	-9999	-9999	-9999
0070410211	2012	10	28	302	-9999	-9999	-9999	-9999	-9999
0070410211	2012	10	29	303	-9999	-9999	-9999	-9999	-9999
0070410211	2012	10	30	304	-9999	-9999	-9999	-9999	-9999
0070410211	2012	10	31	305	-9999	-9999	-9999	-9999	-9999
0070410211	2012	11	1	306	-9999	-9999	-9999	-9999	-9999
0070410211	2012	11	2	307	-9999	-9999	-9999	-9999	-9999
0070410211	2012	11	3	308	-9999	-9999	-9999	-9999	-9999
0070410211	2012	11	4	309	-9999	-9999	-9999	-9999	-9999
0070410211	2012	11	5	310	-9999	-9999	-9999	-9999	-9999
0070410211	2012	11	6	311	-9999	-9999	-9999	-9999	-9999
0070410211	2012	11	7	312	-9999	-9999	-9999	-9999	-9999
0070410211	2012	11	8	313	-9999	-9999	-9999	-9999	-9999
0070410211	2012	11	9	314	-9999	-9999	-9999	-9999	-9999
0070410211	2012	11	10	315	-9999	-9999	-9999	-9999	-9999
0070410211	2012	11	11	316	-9999	-9999	-9999	-9999	-9999
0070410211	2012	11	12	317	-9999	-9999	-9999	-9999	-9999
0070410211	2012	11	13	318	-9999	-9999	-9999	-9999	-9999
0070410211	2012	11	14	319	-9999	-9999	-9999	-9999	-9999
0070410211	2012	11	15	320	-9999	-9999	-9999	-9999	-9999
0070410211	2012	11	16	321	-9999	-9999	-9999	-9999	-9999
0070410211	2012	11	17	322	-9999	-9999	-9999	-9999	-9999
0070410211	2012	11	18	323	-9999	-9999	-9999	-9999	-9999
0070410211	2012	11	19	324	-9999	-9999	-9999	-9999	-9999
0070410211	2012	11	20	325	-9999	-9999	-9999	-9999	-9999
0070410211	2012	11	21	326	-9999	-9999	-9999	-9999	-9999
0070410211	2012	11	22	327	-9999	-9999	-9999	-9999	-9999
0070410211	2012	11	23	328	-9999	-9999	-9999	-9999	-9999
0070410211	2012	11	24	329	-9999	-9999	-9999	-9999	-9999
0070410211	2012	11	25	330	-9999	-9999	-9999	-9999	-9999
0070410211	2012	11	26	331	-9999	-9999	-9999	-9999	-9999
0070410211	2012	11	27	332	-9999	-9999	-9999	-9999	-9999
0070410211	2012	11	28	333	-9999	-9999	-9999	-9999	-9999
0070410211	2012	11	29	334	-9999	-9999	-9999	-9999	-9999
0070410211	2012	11	30	335	-9999	-9999	-9999	-9999	-9999
0070410211	2012	12	1	336	-9999	-9999	-9999	-9999	-9999
0070410211	2012	12	2	337	-9999	-9999	-9999	-9999	-9999
0070410211	2012	12	3	338	-9999	-9999	-9999	-9999	-9999
0070410211	2012	12	4	339	-9999	-9999	-9999	-9999	-9999
0070410211	2012	12	5	340	-9999	-9999	-9999	-9999	-9999
0070410211	2012	12	6	341	-9999	-9999	-9999	-9999	-9999
0070410211	2012	12	7	342	-9999	-9999	-9999	-9999	-9999
0070410211	2012	12	8	343	-9999	-9999	-9999	-9999	-9999
0070410211	2012	12	9	344	-9999	-9999	-9999	-9999	-9999
0070410211	2012	12	10	345	-9999	-9999	-9999	-9999	-9999
0070410211	2012	12	11	346	-9999	-9999	-9999	-9999	-9999
0070410211	2012	12	12	347	-9999	-9999	-9999	-9999	-9999
0070410211	2012	12	13	348	-9999	-9999	-9999	-9999	-9999
0070410211	2012	12	14	349	-9999	-9999	-9999	-9999	-9999
0070410211	2012	12	15	350	-9999	-9999	-9999	-9999	-9999
0070410211	2012	12	16	351	-9999	-9999	-9999	-9999	-9999
0070410211	2012	12	17	352	-9999	-9999	-9999	-9999	-9999
0070410211	2012	12	18	353	-9999	-9999	-9999	-9999	-9999
0070410211	2012	12	19	354	-9999	-9999	-9999	-9999	-9999
0070410211	2012	12	20	355	-9999	-9999	-9999	-9999	-9999
0070410211	2012	12	21	356	-9999	-9999	-9999	-9999	-9999
0070410211	2012	12	22	357	-9999	-9999	-9999	-9999	-9999
0070410211	2012	12	23	358	-9999	-9999	-9999	-9999	-9999
0070410211	2012	12	24	359	-9999	-9999	-9999	-9999	-9999
0070410211	2012	12	25	360	-9999	-9999	-9999	-9999	-9999
0070410211	2012	12	26	361	-9999	-9999	-9999	-9999	-9999
0070410211	2012	12	27	362	-9999	-9999	-9999	-9999	-9999
0070410211	2012	12	28	363	-9999	-9999	-9999	-9999	-9999
0070410211	2012	12	29	364	-9999	-9999	-9999	-9999	-9999
0070410211	2012	12	30	365	-9999	-9999	-9999	-9999	-9999
0070410211	2012	12	31	366	-9999	-9999	-9999	-9999	-9999
