stationID	Y	M	D	DOY	depth_5	depth_10	depth_20	depth_30	depth_40
0070740412	2010	1	1	1	-9999	-9999	-9999	-9999	-9999
0070740412	2010	1	2	2	-9999	-9999	-9999	-9999	-9999
0070740412	2010	1	3	3	-9999	-9999	-9999	-9999	-9999
0070740412	2010	1	4	4	-9999	-9999	-9999	-9999	-9999
0070740412	2010	1	5	5	-9999	-9999	-9999	-9999	-9999
0070740412	2010	1	6	6	-9999	-9999	-9999	-9999	-9999
0070740412	2010	1	7	7	-9999	-9999	-9999	-9999	-9999
0070740412	2010	1	8	8	-9999	-9999	-9999	-9999	-9999
0070740412	2010	1	9	9	-9999	-9999	-9999	-9999	-9999
0070740412	2010	1	10	10	-9999	-9999	-9999	-9999	-9999
0070740412	2010	1	11	11	-9999	-9999	-9999	-9999	-9999
0070740412	2010	1	12	12	-9999	-9999	-9999	-9999	-9999
0070740412	2010	1	13	13	-9999	-9999	-9999	-9999	-9999
0070740412	2010	1	14	14	-9999	-9999	-9999	-9999	-9999
0070740412	2010	1	15	15	-9999	-9999	-9999	-9999	-9999
0070740412	2010	1	16	16	-9999	-9999	-9999	-9999	-9999
0070740412	2010	1	17	17	-9999	-9999	-9999	-9999	-9999
0070740412	2010	1	18	18	-9999	-9999	-9999	-9999	-9999
0070740412	2010	1	19	19	-9999	-9999	-9999	-9999	-9999
0070740412	2010	1	20	20	-9999	-9999	-9999	-9999	-9999
0070740412	2010	1	21	21	-9999	-9999	-9999	-9999	-9999
0070740412	2010	1	22	22	-9999	-9999	-9999	-9999	-9999
0070740412	2010	1	23	23	-9999	-9999	-9999	-9999	-9999
0070740412	2010	1	24	24	-9999	-9999	-9999	-9999	-9999
0070740412	2010	1	25	25	-9999	-9999	-9999	-9999	-9999
0070740412	2010	1	26	26	-9999	-9999	-9999	-9999	-9999
0070740412	2010	1	27	27	-9999	-9999	-9999	-9999	-9999
0070740412	2010	1	28	28	-9999	-9999	-9999	-9999	-9999
0070740412	2010	1	29	29	-9999	-9999	-9999	-9999	-9999
0070740412	2010	1	30	30	-9999	-9999	-9999	-9999	-9999
0070740412	2010	1	31	31	-9999	-9999	-9999	-9999	-9999
0070740412	2010	2	1	32	-9999	-9999	-9999	-9999	-9999
0070740412	2010	2	2	33	-9999	-9999	-9999	-9999	-9999
0070740412	2010	2	3	34	-9999	-9999	-9999	-9999	-9999
0070740412	2010	2	4	35	-9999	-9999	-9999	-9999	-9999
0070740412	2010	2	5	36	-9999	-9999	-9999	-9999	-9999
0070740412	2010	2	6	37	-9999	-9999	-9999	-9999	-9999
0070740412	2010	2	7	38	-9999	-9999	-9999	-9999	-9999
0070740412	2010	2	8	39	-9999	-9999	-9999	-9999	-9999
0070740412	2010	2	9	40	-9999	-9999	-9999	-9999	-9999
0070740412	2010	2	10	41	-9999	-9999	-9999	-9999	-9999
0070740412	2010	2	11	42	-9999	-9999	-9999	-9999	-9999
0070740412	2010	2	12	43	-9999	-9999	-9999	-9999	-9999
0070740412	2010	2	13	44	-9999	-9999	-9999	-9999	-9999
0070740412	2010	2	14	45	-9999	-9999	-9999	-9999	-9999
0070740412	2010	2	15	46	-9999	-9999	-9999	-9999	-9999
0070740412	2010	2	16	47	-9999	-9999	-9999	-9999	-9999
0070740412	2010	2	17	48	-9999	-9999	-9999	-9999	-9999
0070740412	2010	2	18	49	-9999	-9999	-9999	-9999	-9999
0070740412	2010	2	19	50	-9999	-9999	-9999	-9999	-9999
0070740412	2010	2	20	51	-9999	-9999	-9999	-9999	-9999
0070740412	2010	2	21	52	-9999	-9999	-9999	-9999	-9999
0070740412	2010	2	22	53	-9999	-9999	-9999	-9999	-9999
0070740412	2010	2	23	54	-9999	-9999	-9999	-9999	-9999
0070740412	2010	2	24	55	-9999	-9999	-9999	-9999	-9999
0070740412	2010	2	25	56	-9999	-9999	-9999	-9999	-9999
0070740412	2010	2	26	57	-9999	-9999	-9999	-9999	-9999
0070740412	2010	2	27	58	-9999	-9999	-9999	-9999	-9999
0070740412	2010	2	28	59	-9999	-9999	-9999	-9999	-9999
0070740412	2010	3	1	60	-9999	-9999	-9999	-9999	-9999
0070740412	2010	3	2	61	-9999	-9999	-9999	-9999	-9999
0070740412	2010	3	3	62	-9999	-9999	-9999	-9999	-9999
0070740412	2010	3	4	63	-9999	-9999	-9999	-9999	-9999
0070740412	2010	3	5	64	-9999	-9999	-9999	-9999	-9999
0070740412	2010	3	6	65	-9999	-9999	-9999	-9999	-9999
0070740412	2010	3	7	66	-9999	-9999	-9999	-9999	-9999
0070740412	2010	3	8	67	-9999	-9999	-9999	-9999	-9999
0070740412	2010	3	9	68	-9999	-9999	-9999	-9999	-9999
0070740412	2010	3	10	69	-9999	-9999	-9999	-9999	-9999
0070740412	2010	3	11	70	-9999	-9999	-9999	-9999	-9999
0070740412	2010	3	12	71	-9999	-9999	-9999	-9999	-9999
0070740412	2010	3	13	72	-9999	-9999	-9999	-9999	-9999
0070740412	2010	3	14	73	-9999	-9999	-9999	-9999	-9999
0070740412	2010	3	15	74	-9999	-9999	-9999	-9999	-9999
0070740412	2010	3	16	75	-9999	-9999	-9999	-9999	-9999
0070740412	2010	3	17	76	-9999	-9999	-9999	-9999	-9999
0070740412	2010	3	18	77	-9999	-9999	-9999	-9999	-9999
0070740412	2010	3	19	78	-9999	-9999	-9999	-9999	-9999
0070740412	2010	3	20	79	-9999	-9999	-9999	-9999	-9999
0070740412	2010	3	21	80	-9999	-9999	-9999	-9999	-9999
0070740412	2010	3	22	81	-9999	-9999	-9999	-9999	-9999
0070740412	2010	3	23	82	-9999	-9999	-9999	-9999	-9999
0070740412	2010	3	24	83	-9999	-9999	-9999	-9999	-9999
0070740412	2010	3	25	84	-9999	-9999	-9999	-9999	-9999
0070740412	2010	3	26	85	-9999	-9999	-9999	-9999	-9999
0070740412	2010	3	27	86	-9999	-9999	-9999	-9999	-9999
0070740412	2010	3	28	87	0.054	0.0645	0.04625	0.04825	0.0535
0070740412	2010	3	29	88	0.054	0.0645	0.04625	0.04825	0.0535
0070740412	2010	3	30	89	0.054	0.0645	0.04625	0.04825	0.0535
0070740412	2010	3	31	90	0.054	0.0645	0.04625	0.04825	0.0535
0070740412	2010	4	1	91	0.054	0.0645	0.04625	0.04825	0.0535
0070740412	2010	4	2	92	0.054	0.0645	0.04625	0.04825	0.0535
0070740412	2010	4	3	93	0.054	0.0645	0.04625	0.04825	0.0535
0070740412	2010	4	4	94	0.054	0.0645	0.04625	0.04825	0.0535
0070740412	2010	4	5	95	0.054	0.0645	0.04625	0.04825	0.0535
0070740412	2010	4	6	96	0.054	0.0645	0.04625	0.04825	0.0535
0070740412	2010	4	7	97	0.04991666667	0.063083333	0.04620833333	0.048666667	0.052958333
0070740412	2010	4	8	98	0.04979166667	0.063125	0.046625	0.04825	0.053
0070740412	2010	4	9	99	0.04983333333	0.063708333	0.04658333333	0.048166667	0.052958333
0070740412	2010	4	10	100	0.04883333333	0.063416667	0.04629166667	0.047625	0.053041667
0070740412	2010	4	11	101	0.04779166667	0.062416667	0.04570833333	0.047166667	0.052541667
0070740412	2010	4	12	102	0.051125	0.061541667	0.04375	0.047083333	0.052083333
0070740412	2010	4	13	103	0.05445833333	0.06375	0.043375	0.045916667	0.051875
0070740412	2010	4	14	104	0.05445833333	0.064041667	0.04416666667	0.0455	0.051375
0070740412	2010	4	15	105	0.05195833333	0.063083333	0.04404166667	0.045583333	0.051083333
0070740412	2010	4	16	106	0.051125	0.063375	0.04433333333	0.0455	0.050208333
0070740412	2010	4	17	107	0.04954166667	0.062666667	0.04325	0.045208333	0.04975
0070740412	2010	4	18	108	0.04770833333	0.062208333	0.04316666667	0.04475	0.049375
0070740412	2010	4	19	109	0.04583333333	0.0615	0.04225	0.044	0.048833333
0070740412	2010	4	20	110	0.04395833333	0.060208333	0.0415	0.043166667	0.048
0070740412	2010	4	21	111	0.04020833333	0.05725	0.03975	0.042666667	0.047
0070740412	2010	4	22	112	0.04129166667	0.054541667	0.03783333333	0.0405	0.045166667
0070740412	2010	4	23	113	0.047625	0.05575	0.03679166667	0.038958333	0.044958333
0070740412	2010	4	24	114	0.05395833333	0.059958333	0.03829166667	0.039291667	0.044583333
0070740412	2010	4	25	115	0.05033333333	0.060125	0.03925	0.03925	0.044083333
0070740412	2010	4	26	116	0.04775	0.059333333	0.039125	0.038916667	0.043583333
0070740412	2010	4	27	117	0.04520833333	0.058625	0.03904166667	0.038333333	0.042708333
0070740412	2010	4	28	118	0.0415	0.05625	0.03891666667	0.036333333	0.042
0070740412	2010	4	29	119	0.039	0.054541667	0.036875	0.03575	0.0415
0070740412	2010	4	30	120	0.03616666667	0.052083333	0.035125	0.035041667	0.040666667
0070740412	2010	5	1	121	0.03520833333	0.052458333	0.03520833333	0.035125	0.04
0070740412	2010	5	2	122	0.03320833333	0.052791667	0.03533333333	0.034333333	0.039333333
0070740412	2010	5	3	123	0.030625	0.052166667	0.03504166667	0.033625	0.039083333
0070740412	2010	5	4	124	0.02875	0.052625	0.03508333333	0.033916667	0.039333333
0070740412	2010	5	5	125	0.02675	0.052833333	0.03516666667	0.03375	0.03925
0070740412	2010	5	6	126	0.02508333333	0.051958333	0.03495833333	0.032208333	0.038625
0070740412	2010	5	7	127	0.02329166667	0.05	0.03404166667	0.031041667	0.037708333
0070740412	2010	5	8	128	0.02325	0.049958333	0.03383333333	0.031208333	0.038
0070740412	2010	5	9	129	0.02216666667	0.049541667	0.03379166667	0.031125	0.037666667
0070740412	2010	5	10	130	0.02216666667	0.04775	0.03266666667	0.032041667	0.037125
0070740412	2010	5	11	131	0.02145833333	0.04625	0.032	0.030375	0.036875
0070740412	2010	5	12	132	0.02083333333	0.045958333	0.03141666667	0.028708333	0.036666667
0070740412	2010	5	13	133	0.022	0.045875	0.03195833333	0.029458333	0.036416667
0070740412	2010	5	14	134	0.02133333333	0.046375	0.032375	0.029541667	0.036291667
0070740412	2010	5	15	135	0.02241666667	0.046875	0.032375	0.029291667	0.036416667
0070740412	2010	5	16	136	0.022625	0.04625	0.033	0.029541667	0.036583333
0070740412	2010	5	17	137	0.02158333333	0.045375	0.03283333333	0.029416667	0.036375
0070740412	2010	5	18	138	0.022625	0.042791667	0.03145833333	0.028916667	0.036958333
0070740412	2010	5	19	139	0.02316666667	0.043083333	0.03129166667	0.029333333	0.036
0070740412	2010	5	20	140	0.02270833333	0.0435	0.031875	0.029666667	0.035875
0070740412	2010	5	21	141	0.02225	0.04325	0.03179166667	0.029458333	0.036375
0070740412	2010	5	22	142	0.02229166667	0.041791667	0.03154166667	0.02925	0.036
0070740412	2010	5	23	143	0.02083333333	0.039833333	0.0305	0.029583333	0.035583333
0070740412	2010	5	24	144	0.02675	0.037041667	0.02708333333	0.027333333	0.034166667
0070740412	2010	5	25	145	0.03258333333	0.039458333	0.02883333333	0.026916667	0.034666667
0070740412	2010	5	26	146	0.03195833333	0.041	0.02983333333	0.027083333	0.035
0070740412	2010	5	27	147	0.0285	0.040958333	0.02958333333	0.027125	0.034583333
0070740412	2010	5	28	148	0.02558333333	0.040875	0.0295	0.027291667	0.034708333
0070740412	2010	5	29	149	0.02233333333	0.041708333	0.02945833333	0.027375	0.034625
0070740412	2010	5	30	150	0.02	0.042541667	0.03045833333	0.027791667	0.034333333
0070740412	2010	5	31	151	0.01979166667	0.042583333	0.030625	0.027625	0.034708333
0070740412	2010	6	1	152	0.01908333333	0.043041667	0.03079166667	0.028041667	0.035375
0070740412	2010	6	2	153	0.01975	0.041916667	0.031	0.027791667	0.035541667
0070740412	2010	6	3	154	0.01983333333	0.042	0.03145833333	0.02875	0.035333333
0070740412	2010	6	4	155	0.020625	0.041833333	0.031625	0.02875	0.034916667
0070740412	2010	6	5	156	0.018625	0.041708333	0.03191666667	0.029125	0.035916667
0070740412	2010	6	6	157	0.01895833333	0.041416667	0.03279166667	0.030291667	0.036208333
0070740412	2010	6	7	158	0.01729166667	0.040791667	0.03266666667	0.029666667	0.036416667
0070740412	2010	6	8	159	0.01695833333	0.039958333	0.03220833333	0.0295	0.037208333
0070740412	2010	6	9	160	0.01758333333	0.038666667	0.03229166667	0.0295	0.037833333
0070740412	2010	6	10	161	0.018375	0.037833333	0.03120833333	0.029666667	0.037083333
0070740412	2010	6	11	162	0.01741666667	0.036541667	0.02975	0.030625	0.036375
0070740412	2010	6	12	163	0.01645833333	0.035916667	0.02870833333	0.029583333	0.036458333
0070740412	2010	6	13	164	0.01579166667	0.033958333	0.02783333333	0.028333333	0.034708333
0070740412	2010	6	14	165	0.01675	0.034791667	0.02858333333	0.028041667	0.035125
0070740412	2010	6	15	166	0.01645833333	0.035291667	0.02920833333	0.0285	0.034916667
0070740412	2010	6	16	167	0.016875	0.034875	0.02941666667	0.029166667	0.034708333
0070740412	2010	6	17	168	0.01604166667	0.033875	0.02879166667	0.028958333	0.0345
0070740412	2010	6	18	169	0.01591666667	0.034208333	0.028375	0.02875	0.034833333
0070740412	2010	6	19	170	0.01591666667	0.033958333	0.02816666667	0.0285	0.034708333
0070740412	2010	6	20	171	0.01554166667	0.033625	0.02791666667	0.028625	0.034958333
0070740412	2010	6	21	172	0.01566666667	0.032833333	0.02754166667	0.028375	0.03525
0070740412	2010	6	22	173	0.01529166667	0.033	0.027	0.028208333	0.03525
0070740412	2010	6	23	174	0.01575	0.033583333	0.027125	0.028666667	0.03475
0070740412	2010	6	24	175	0.01483333333	0.032875	0.02733333333	0.029125	0.035125
0070740412	2010	6	25	176	0.01491666667	0.032291667	0.026875	0.029541667	0.035791667
0070740412	2010	6	26	177	0.01516666667	0.032916667	0.02629166667	0.029333333	0.035541667
0070740412	2010	6	27	178	0.01558333333	0.032541667	0.02645833333	0.029458333	0.035666667
0070740412	2010	6	28	179	0.015375	0.031708333	0.02670833333	0.029625	0.036291667
0070740412	2010	6	29	180	0.01554166667	0.031166667	0.02691666667	0.029541667	0.036916667
0070740412	2010	6	30	181	0.01483333333	0.031208333	0.02625	0.029458333	0.037166667
0070740412	2010	7	1	182	0.01441666667	0.030791667	0.02541666667	0.02975	0.037333333
0070740412	2010	7	2	183	0.013875	0.031875	0.02429166667	0.029083333	0.037208333
0070740412	2010	7	3	184	0.014125	0.030625	0.02429166667	0.029208333	0.036166667
0070740412	2010	7	4	185	0.01383333333	0.029916667	0.02375	0.02875	0.035875
0070740412	2010	7	5	186	0.01366666667	0.03025	0.02383333333	0.02875	0.035958333
0070740412	2010	7	6	187	0.01395833333	0.030458333	0.02366666667	0.028583333	0.03625
0070740412	2010	7	7	188	0.01416666667	0.031541667	0.02383333333	0.0285	0.036583333
0070740412	2010	7	8	189	0.01425	0.030625	0.02325	0.028416667	0.036791667
0070740412	2010	7	9	190	0.01383333333	0.031666667	0.02258333333	0.02825	0.036708333
0070740412	2010	7	10	191	0.013625	0.03025	0.02216666667	0.02825	0.036666667
0070740412	2010	7	11	192	0.01470833333	0.030791667	0.02275	0.028375	0.03725
0070740412	2010	7	12	193	0.01458333333	0.029708333	0.02245833333	0.028875	0.037333333
0070740412	2010	7	13	194	0.01445833333	0.029416667	0.02208333333	0.029583333	0.037583333
0070740412	2010	7	14	195	0.01416666667	0.029708333	0.02179166667	0.029416667	0.037666667
0070740412	2010	7	15	196	0.014	0.029208333	0.021375	0.029083333	0.037916667
0070740412	2010	7	16	197	0.01458333333	0.028416667	0.021625	0.029083333	0.037125
0070740412	2010	7	17	198	0.01454166667	0.029333333	0.02120833333	0.02975	0.036541667
0070740412	2010	7	18	199	0.015125	0.03025	0.02154166667	0.02975	0.036708333
0070740412	2010	7	19	200	0.01454166667	0.029833333	0.02158333333	0.029541667	0.036791667
0070740412	2010	7	20	201	0.01466666667	0.030041667	0.02145833333	0.0295	0.036875
0070740412	2010	7	21	202	0.01433333333	0.028958333	0.020875	0.028958333	0.037083333
0070740412	2010	7	22	203	0.01369565217	0.028125	0.02008333333	0.028666667	0.036708333
0070740412	2010	7	23	204	0.01345833333	0.028333333	0.02008333333	0.028208333	0.036416667
0070740412	2010	7	24	205	0.01369565217	0.028875	0.02025	0.028166667	0.036958333
0070740412	2010	7	25	206	0.01391666667	0.029416667	0.020125	0.028333333	0.036583333
0070740412	2010	7	26	207	0.01320833333	0.029666667	0.02020833333	0.027833333	0.036
0070740412	2010	7	27	208	0.01379166667	0.029291667	0.01870833333	0.028375	0.037083333
0070740412	2010	7	28	209	0.017875	0.029	0.01895833333	0.027708333	0.037583333
0070740412	2010	7	29	210	0.02770833333	0.028208333	0.019625	0.02825	0.038
0070740412	2010	7	30	211	0.021875	0.028625	0.01933333333	0.028083333	0.037875
0070740412	2010	7	31	212	0.01670833333	0.029291667	0.01958333333	0.028	0.037708333
0070740412	2010	8	1	213	0.01504166667	0.028583333	0.01954166667	0.027708333	0.037416667
0070740412	2010	8	2	214	0.014375	0.02875	0.01904166667	0.028208333	0.037541667
0070740412	2010	8	3	215	0.014375	0.028458333	0.01945833333	0.028541667	0.037333333
0070740412	2010	8	4	216	0.01479166667	0.028458333	0.01916666667	0.02875	0.037833333
0070740412	2010	8	5	217	0.01408333333	0.028291667	0.01933333333	0.028166667	0.0375
0070740412	2010	8	6	218	0.013375	0.02825	0.01970833333	0.027416667	0.036791667
0070740412	2010	8	7	219	0.01338095238	0.028541667	0.01895833333	0.027125	0.036291667
0070740412	2010	8	8	220	0.01325	0.029	0.019	0.026958333	0.035833333
0070740412	2010	8	9	221	0.01270833333	0.029208333	0.01795833333	0.026083333	0.034958333
0070740412	2010	8	10	222	0.01291666667	0.029125	0.01766666667	0.02525	0.033916667
0070740412	2010	8	11	223	0.01263636364	0.029791667	0.01704166667	0.025583333	0.035291667
0070740412	2010	8	12	224	0.01325	0.02875	0.017125	0.025833333	0.034208333
0070740412	2010	8	13	225	0.01273913043	0.028666667	0.01691666667	0.024958333	0.034083333
0070740412	2010	8	14	226	0.01347368421	0.028833333	0.017375	0.024833333	0.034416667
0070740412	2010	8	15	227	0.01319047619	0.029291667	0.01720833333	0.024916667	0.034458333
0070740412	2010	8	16	228	0.0133	0.030416667	0.017125	0.024708333	0.0345
0070740412	2010	8	17	229	0.013375	0.031583333	0.01804166667	0.025	0.034583333
0070740412	2010	8	18	230	0.01329166667	0.030958333	0.01783333333	0.025583333	0.034375
0070740412	2010	8	19	231	0.013625	0.030791667	0.01795833333	0.026166667	0.034416667
0070740412	2010	8	20	232	0.013125	0.030166667	0.01770833333	0.026083333	0.034416667
0070740412	2010	8	21	233	0.01308695652	0.030458333	0.01816666667	0.025291667	0.034541667
0070740412	2010	8	22	234	0.01304166667	0.030416667	0.01766666667	0.024541667	0.033791667
0070740412	2010	8	23	235	0.013	0.0295	0.01816666667	0.024375	0.034125
0070740412	2010	8	24	236	0.01335	0.030166667	0.01779166667	0.024416667	0.034
0070740412	2010	8	25	237	0.01368421053	0.028666667	0.01754166667	0.024708333	0.033666667
0070740412	2010	8	26	238	0.01345454545	0.030125	0.018125	0.024666667	0.033708333
0070740412	2010	8	27	239	0.01285714286	0.030416667	0.01816666667	0.02475	0.03325
0070740412	2010	8	28	240	0.01255	0.029666667	0.01779166667	0.024166667	0.033125
0070740412	2010	8	29	241	0.01207142857	0.030041667	0.017125	0.022541667	0.034125
0070740412	2010	8	30	242	0.01235714286	0.032041667	0.01725	0.022833333	0.03425
0070740412	2010	8	31	243	0.01284615385	0.030708333	0.017625	0.022541667	0.033958333
0070740412	2010	9	1	244	0.01278571429	0.029708333	0.0175	0.022041667	0.034
0070740412	2010	9	2	245	0.0126	0.029791667	0.01766666667	0.021791667	0.033458333
0070740412	2010	9	3	246	0.01236842105	0.030166667	0.01816666667	0.022333333	0.033791667
0070740412	2010	9	4	247	0.01205	0.030208333	0.01804166667	0.02275	0.034083333
0070740412	2010	9	5	248	0.01180952381	0.029083333	0.01808333333	0.022666667	0.034375
0070740412	2010	9	6	249	0.012	0.030708333	0.01829166667	0.022416667	0.033958333
0070740412	2010	9	7	250	0.01175	0.029625	0.01820833333	0.022166667	0.032875
0070740412	2010	9	8	251	0.01141176471	0.029875	0.01675	0.021875	0.032791667
0070740412	2010	9	9	252	0.0115625	0.029916667	0.01658333333	0.024333333	0.031416667
0070740412	2010	9	10	253	0.01225	0.029791667	0.01691666667	0.026041667	0.031916667
0070740412	2010	9	11	254	0.01272222222	0.030458333	0.01620833333	0.025208333	0.03375
0070740412	2010	9	12	255	0.01253333333	0.029375	0.01604166667	0.026791667	0.033583333
0070740412	2010	9	13	256	0.01192857143	0.029541667	0.0163125	0.027375	0.032666667
0070740412	2010	9	14	257	0.01171428571	0.0295	0.01658333333	0.027416667	0.032375
0070740412	2010	9	15	258	0.01193333333	0.029291667	0.017	0.026041667	0.031875
0070740412	2010	9	16	259	0.012875	0.028652174	0.0172173913	0.023391304	0.031956522
0070740412	2010	9	17	260	0.01277777778	0.028458333	0.01725	0.020833333	0.031291667
0070740412	2010	9	18	261	0.013	0.027833333	0.017125	0.021458333	0.02975
0070740412	2010	9	19	262	0.01261111111	0.028291667	0.01720833333	0.023583333	0.029916667
0070740412	2010	9	20	263	0.01128571429	0.030333333	0.01808333333	0.022958333	0.030583333
0070740412	2010	9	21	264	0.01252941176	0.029666667	0.01758333333	0.022208333	0.030833333
0070740412	2010	9	22	265	0.01269230769	0.028541667	0.01704166667	0.018791667	0.031666667
0070740412	2010	9	23	266	0.01346666667	0.027875	0.018125	0.020083333	0.030416667
0070740412	2010	9	24	267	0.0124375	0.029083333	0.01808333333	0.021458333	0.031083333
0070740412	2010	9	25	268	0.01294117647	0.027958333	0.01833333333	0.022166667	0.03125
0070740412	2010	9	26	269	0.013	0.0305	0.01758333333	0.022458333	0.031166667
0070740412	2010	9	27	270	0.01258823529	0.029625	0.01758333333	0.022	0.031125
0070740412	2010	9	28	271	0.01246666667	0.030166667	0.01808333333	0.022791667	0.030708333
0070740412	2010	9	29	272	0.0124375	0.028583333	0.01741666667	0.0225	0.030333333
0070740412	2010	9	30	273	0.0117	0.031625	0.01754166667	0.021916667	0.030416667
0070740412	2010	10	1	274	0.011	0.032625	0.018125	0.023166667	0.031041667
0070740412	2010	10	2	275	0.01166666667	0.02975	0.01808333333	0.0235	0.031083333
0070740412	2010	10	3	276	0.01233333333	0.026583333	0.01841666667	0.02175	0.031375
0070740412	2010	10	4	277	0.01965217391	0.031125	0.01754166667	0.017541667	0.029708333
0070740412	2010	10	5	278	0.03495833333	0.032666667	0.01733333333	0.020916667	0.029583333
0070740412	2010	10	6	279	0.0325	0.036458333	0.01758333333	0.019875	0.02925
0070740412	2010	10	7	280	0.03054166667	0.032083333	0.01654166667	0.020875	0.028791667
0070740412	2010	10	8	281	0.02629166667	0.029416667	0.01708333333	0.022708333	0.027708333
0070740412	2010	10	9	282	0.02391666667	0.027333333	0.01754166667	0.023	0.027791667
0070740412	2010	10	10	283	0.021125	0.025541667	0.01841666667	0.023125	0.027166667
0070740412	2010	10	11	284	0.01783333333	0.025791667	0.01879166667	0.0225	0.02775
0070740412	2010	10	12	285	0.01566666667	0.024791667	0.01766666667	0.022583333	0.0275
0070740412	2010	10	13	286	0.0135	0.024958333	0.01725	0.021291667	0.028208333
0070740412	2010	10	14	287	0.013125	0.024958333	0.017625	0.021125	0.027708333
0070740412	2010	10	15	288	0.01333333333	0.027291667	0.01791666667	0.021041667	0.027833333
0070740412	2010	10	16	289	0.01291666667	0.032125	0.01725	0.022166667	0.028125
0070740412	2010	10	17	290	0.01391304348	0.0295	0.016625	0.021958333	0.027833333
0070740412	2010	10	18	291	0.03104347826	0.028208333	0.01758333333	0.022416667	0.027625
0070740412	2010	10	19	292	0.037	0.034125	0.0175	0.02225	0.027666667
0070740412	2010	10	20	293	0.03466666667	0.0245	0.01804166667	0.0203125	0.02825
0070740412	2010	10	21	294	0.03708333333	0.024541667	0.0175	0.018375	0.028791667
0070740412	2010	10	22	295	0.03466666667	0.023791667	0.01779166667	0.020708333	0.028041667
0070740412	2010	10	23	296	0.03345833333	0.024375	0.01741666667	0.017875	0.026541667
0070740412	2010	10	24	297	0.03233333333	0.025041667	0.01670833333	0.020375	0.02625
0070740412	2010	10	25	298	0.03133333333	0.025291667	0.01720833333	0.021041667	0.025833333
0070740412	2010	10	26	299	0.02975	0.025666667	0.01820833333	0.021	0.026166667
0070740412	2010	10	27	300	0.027875	0.0255	0.01775	0.020083333	0.026541667
0070740412	2010	10	28	301	0.026625	0.024291667	0.017625	0.017791667	0.02625
0070740412	2010	10	29	302	0.02575	0.025208333	0.01729166667	0.018166667	0.026541667
0070740412	2010	10	30	303	0.02491666667	0.025875	0.0165	0.018916667	0.025708333
0070740412	2010	10	31	304	0.02345833333	0.025166667	0.01633333333	0.018875	0.025166667
0070740412	2010	11	1	305	0.02266666667	0.026166667	0.01795833333	0.019833333	0.02475
0070740412	2010	11	2	306	0.02225	0.027083333	0.01808333333	0.018625	0.025208333
0070740412	2010	11	3	307	0.02033333333	0.028041667	0.017125	0.019375	0.026541667
0070740412	2010	11	4	308	0.01895833333	0.028041667	0.01816666667	0.019625	0.027166667
0070740412	2010	11	5	309	0.01775	0.028291667	0.01891666667	0.019541667	0.026583333
0070740412	2010	11	6	310	0.016625	0.028375	0.017875	0.019041667	0.026916667
0070740412	2010	11	7	311	0.01633333333	0.027208333	0.01933333333	0.019208333	0.027
0070740412	2010	11	8	312	0.0195	0.02575	0.017375	0.02	0.026458333
0070740412	2010	11	9	313	0.02833333333	0.027125	0.01716666667	0.018708333	0.025625
0070740412	2010	11	10	314	0.02691666667	0.024625	0.01754166667	0.019791667	0.025125
0070740412	2010	11	11	315	0.02629166667	0.0245	0.017375	0.018125	0.025166667
0070740412	2010	11	12	316	0.02541666667	0.024708333	0.01745833333	0.018375	0.026
0070740412	2010	11	13	317	0.025375	0.024541667	0.01770833333	0.017666667	0.025875
0070740412	2010	11	14	318	0.024125	0.025041667	0.01779166667	0.017791667	0.025541667
0070740412	2010	11	15	319	0.02325	0.025333333	0.017625	0.018916667	0.026083333
0070740412	2010	11	16	320	0.02241666667	0.02575	0.017875	0.018208333	0.026666667
0070740412	2010	11	17	321	0.0205	0.026166667	0.01770833333	0.018166667	0.026041667
0070740412	2010	11	18	322	0.01845833333	0.025708333	0.01841666667	0.018125	0.025875
0070740412	2010	11	19	323	0.01641666667	0.025083333	0.01741666667	0.018458333	0.026916667
0070740412	2010	11	20	324	0.016375	0.024625	0.01725	0.018083333	0.026708333
0070740412	2010	11	21	325	0.01470833333	0.025291667	0.01729166667	0.018416667	0.026583333
0070740412	2010	11	22	326	0.01408333333	0.024	0.01783333333	0.018583333	0.025916667
0070740412	2010	11	23	327	0.01458333333	0.025083333	0.01733333333	0.016166667	0.026041667
0070740412	2010	11	24	328	0.0155	0.029520833	0.016	0.016125	0.023
0070740412	2010	11	25	329	0.01395833333	0.033958333	0.01695833333	0.015916667	0.022333333
0070740412	2010	11	26	330	0.01358333333	0.031583333	0.01566666667	0.016166667	0.023291667
0070740412	2010	11	27	331	0.01386363636	0.029708333	0.01516666667	0.015875	0.022666667
0070740412	2010	11	28	332	0.01441666667	0.025708333	0.01445833333	0.016791667	0.022833333
0070740412	2010	11	29	333	0.01338095238	0.034333333	0.01495833333	0.016083333	0.023333333
0070740412	2010	11	30	334	0.01258333333	0.031416667	0.01483333333	0.016375	0.023958333
0070740412	2010	12	1	335	0.013625	0.032625	0.01470833333	0.015666667	0.023833333
0070740412	2010	12	2	336	0.01441666667	0.033125	0.01483333333	0.01625	0.023541667
0070740412	2010	12	3	337	0.01320833333	0.025541667	0.01625	0.016708333	0.023583333
0070740412	2010	12	4	338	0.01358333333	0.028791667	0.01670833333	0.017541667	0.023833333
0070740412	2010	12	5	339	0.01404166667	0.028166667	0.01666666667	0.01725	0.0235
0070740412	2010	12	6	340	0.04333333333	0.026875	0.01570833333	0.016791667	0.023583333
0070740412	2010	12	7	341	0.05508333333	0.037541667	0.01654166667	0.016083333	0.023791667
0070740412	2010	12	8	342	0.04683333333	0.03775	0.01666666667	0.015916667	0.023958333
0070740412	2010	12	9	343	0.04308333333	0.038375	0.016125	0.015625	0.024083333
0070740412	2010	12	10	344	0.04066666667	0.039666667	0.01675	0.015625	0.023958333
0070740412	2010	12	11	345	0.03991666667	0.041875	0.01570833333	0.015916667	0.023958333
0070740412	2010	12	12	346	0.03925	0.043708333	0.015	0.016291667	0.023708333
0070740412	2010	12	13	347	0.038	0.044333333	0.015375	0.016958333	0.023541667
0070740412	2010	12	14	348	0.036875	0.04325	0.016375	0.017333333	0.023458333
0070740412	2010	12	15	349	0.03525	0.043458333	0.016375	0.017083333	0.02325
0070740412	2010	12	16	350	0.03458333333	0.04325	0.016375	0.016916667	0.023041667
0070740412	2010	12	17	351	0.03675	0.041083333	0.01658333333	0.017	0.023333333
0070740412	2010	12	18	352	0.03675	0.04825	0.01479166667	0.016625	0.024125
0070740412	2010	12	19	353	-9999	0.058208333	0.01941666667	0.017416667	0.024125
0070740412	2010	12	20	354	-9999	0.06075	0.02141666667	0.029416667	0.023916667
0070740412	2010	12	21	355	-9999	0.06075	0.02141666667	0.041416667	0.025916667
0070740412	2010	12	22	356	0.056	-9999	-9999	0.041416667	0.025916667
0070740412	2010	12	23	357	0.056	-9999	-9999	-9999	-9999
0070740412	2010	12	24	358	0.056	-9999	-9999	-9999	-9999
0070740412	2010	12	25	359	0.056	-9999	-9999	-9999	-9999
0070740412	2010	12	26	360	0.056	-9999	-9999	-9999	-9999
0070740412	2010	12	27	361	0.056	-9999	-9999	-9999	-9999
0070740412	2010	12	28	362	0.056	-9999	-9999	-9999	-9999
0070740412	2010	12	29	363	0.056	-9999	-9999	-9999	-9999
0070740412	2010	12	30	364	0.056	-9999	-9999	-9999	-9999
0070740412	2010	12	31	365	0.056	-9999	0.06466666667	-9999	-9999
0070740412	2011	1	1	1	0.05458823529	0.081083333	0.06466666667	-9999	0.081333333
0070740412	2011	1	2	2	0.055	0.081083333	0.06466666667	0.071791667	0.081333333
0070740412	2011	1	3	3	0.05639583333	0.081083333	0.06466666667	0.071791667	0.081333333
0070740412	2011	1	4	4	0.05779166667	0.081083333	0.06466666667	0.071791667	0.081333333
0070740412	2011	1	5	5	0.05779166667	0.081083333	0.06466666667	0.071791667	0.081333333
0070740412	2011	1	6	6	0.05591666667	0.081083333	0.06466666667	0.071791667	0.081333333
0070740412	2011	1	7	7	0.0555	0.081083333	0.06466666667	0.071791667	0.081333333
0070740412	2011	1	8	8	0.05341666667	0.081083333	0.06466666667	0.071791667	0.081333333
0070740412	2011	1	9	9	0.05229166667	0.081083333	0.06466666667	0.071791667	0.081333333
0070740412	2011	1	10	10	0.051375	0.081083333	0.06433333333	0.071791667	0.081333333
0070740412	2011	1	11	11	0.04995833333	0.079833333	0.063625	0.071791667	0.08075
0070740412	2011	1	12	12	0.05075	0.079541667	0.0625	0.071666667	0.080083333
0070740412	2011	1	13	13	0.050875	0.07975	0.0625	0.071916667	0.079416667
0070740412	2011	1	14	14	0.05108333333	0.079791667	0.06266666667	0.071	0.079125
0070740412	2011	1	15	15	0.05125	0.079583333	0.06283333333	0.07025	0.07875
0070740412	2011	1	16	16	0.051125	0.079833333	0.06254166667	0.070291667	0.078
0070740412	2011	1	17	17	0.05141666667	0.079416667	0.06225	0.068666667	0.0775
0070740412	2011	1	18	18	0.05120833333	0.079625	0.06275	0.067916667	0.077625
0070740412	2011	1	19	19	0.05033333333	0.078416667	0.062	0.066958333	0.077041667
0070740412	2011	1	20	20	0.04920833333	0.077333333	0.06083333333	0.066416667	0.075666667
0070740412	2011	1	21	21	0.0485	0.0765	0.06016666667	0.068875	0.076416667
0070740412	2011	1	22	22	0.04875	0.076375	0.06020833333	0.067416667	0.076083333
0070740412	2011	1	23	23	0.04858333333	0.075833333	0.05983333333	0.066666667	0.075583333
0070740412	2011	1	24	24	0.04729166667	0.074333333	0.05916666667	0.067125	0.07475
0070740412	2011	1	25	25	0.04816666667	0.074375	0.058875	0.067916667	0.074
0070740412	2011	1	26	26	0.04820833333	0.074541667	0.059125	0.067625	0.074125
0070740412	2011	1	27	27	0.04733333333	0.073958333	0.058625	0.065666667	0.073916667
0070740412	2011	1	28	28	0.04720833333	0.073291667	0.05866666667	0.066041667	0.073833333
0070740412	2011	1	29	29	0.04679166667	0.07275	0.058125	0.064833333	0.073291667
0070740412	2011	1	30	30	0.04683333333	0.072208333	0.05825	0.066041667	0.073
0070740412	2011	1	31	31	0.04629166667	0.0715	0.05779166667	0.065041667	0.073125
0070740412	2011	2	1	32	0.046	0.070791667	0.057375	0.06275	0.072583333
0070740412	2011	2	2	33	0.04320833333	0.068833333	0.056	0.063875	0.071416667
0070740412	2011	2	3	34	0.0435	0.068416667	0.05491666667	0.064208333	0.07025
0070740412	2011	2	4	35	0.04591666667	0.069416667	0.055625	0.063583333	0.069583333
0070740412	2011	2	5	36	0.04658333333	0.070875	0.056375	0.062125	0.069916667
0070740412	2011	2	6	37	0.04645833333	0.070833333	0.056625	0.06275	0.069625
0070740412	2011	2	7	38	0.046125	0.070541667	0.05604166667	0.062625	0.069125
0070740412	2011	2	8	39	0.04575	0.070458333	0.05595833333	0.061	0.068916667
0070740412	2011	2	9	40	0.04383333333	0.068791667	0.05525	0.062083333	0.068708333
0070740412	2011	2	10	41	0.043875	0.067833333	0.05504166667	0.062875	0.06975
0070740412	2011	2	11	42	0.044	0.067666667	0.05454166667	0.06325	0.069583333
0070740412	2011	2	12	43	0.044375	0.068083333	0.054625	0.062791667	0.069791667
0070740412	2011	2	13	44	0.04404166667	0.067791667	0.05466666667	0.060625	0.069875
0070740412	2011	2	14	45	0.04379166667	0.067083333	0.05391666667	0.061125	0.069041667
0070740412	2011	2	15	46	0.04375	0.067375	0.05433333333	0.061291667	0.068375
0070740412	2011	2	16	47	0.04408333333	0.067833333	0.05404166667	0.057166667	0.067875
0070740412	2011	2	17	48	0.04295833333	0.066458333	0.05341666667	0.059208333	0.067416667
0070740412	2011	2	18	49	0.04316666667	0.066458333	0.05329166667	0.059291667	0.067875
0070740412	2011	2	19	50	0.04970833333	0.067083333	0.05345833333	0.056958333	0.067708333
0070740412	2011	2	20	51	0.05104166667	0.069666667	0.05375	0.059041667	0.067416667
0070740412	2011	2	21	52	0.04741666667	0.069166667	0.05408333333	0.060458333	0.066875
0070740412	2011	2	22	53	0.04558333333	0.068041667	0.05375	0.059375	0.067
0070740412	2011	2	23	54	0.044875	0.067666667	0.053875	0.058583333	0.06725
0070740412	2011	2	24	55	0.04433333333	0.067125	0.053625	0.057041667	0.067416667
0070740412	2011	2	25	56	0.044	0.066842105	0.05368421053	0.057210526	0.067631579
0070740412	2011	2	26	57	0.04733333333	0.066958333	0.05333333333	0.060333333	0.067
0070740412	2011	2	27	58	0.0485	0.067416667	0.053125	0.060416667	0.066083333
0070740412	2011	2	28	59	0.046125	0.067875	0.053375	0.061041667	0.066416667
0070740412	2011	3	1	60	0.0455	0.068083333	0.05391666667	0.061333333	0.066875
0070740412	2011	3	2	61	0.04529166667	0.068041667	0.0535	0.06125	0.067541667
0070740412	2011	3	3	62	0.04620833333	0.068875	0.054125	0.060833333	0.066833333
0070740412	2011	3	4	63	0.045	0.068583333	0.05391666667	0.061041667	0.06625
0070740412	2011	3	5	64	0.04454166667	0.067833333	0.053875	0.060375	0.066041667
0070740412	2011	3	6	65	0.04404166667	0.06725	0.05366666667	0.060166667	0.066291667
0070740412	2011	3	7	66	0.04370833333	0.066791667	0.05345833333	0.060125	0.067
0070740412	2011	3	8	67	0.042625	0.066125	0.05291666667	0.06	0.066708333
0070740412	2011	3	9	68	0.04308333333	0.065916667	0.05275	0.059708333	0.066333333
0070740412	2011	3	10	69	0.04341666667	0.066125	0.053	0.059708333	0.066208333
0070740412	2011	3	11	70	0.04279166667	0.065875	0.05266666667	0.059375	0.066458333
0070740412	2011	3	12	71	0.04241666667	0.06575	0.05225	0.059416667	0.066333333
0070740412	2011	3	13	72	0.04183333333	0.064833333	0.05175	0.059041667	0.066
0070740412	2011	3	14	73	0.04175	0.064666667	0.05116666667	0.058791667	0.065875
0070740412	2011	3	15	74	0.04091666667	0.0645	0.05095833333	0.058375	0.065916667
0070740412	2011	3	16	75	0.04091666667	0.064083333	0.05054166667	0.058375	0.065541667
0070740412	2011	3	17	76	0.03970833333	0.063625	0.049875	0.058041667	0.065416667
0070740412	2011	3	18	77	0.03770833333	0.060958333	0.048125	0.056416667	0.0645
0070740412	2011	3	19	78	0.03820833333	0.060875	0.04820833333	0.056916667	0.06375
0070740412	2011	3	20	79	0.03595833333	0.05925	0.04725	0.055916667	0.064208333
0070740412	2011	3	21	80	0.037	0.058416667	0.046625	0.054875	0.062625
0070740412	2011	3	22	81	0.039375	0.057583333	0.04583333333	0.054375	0.062458333
0070740412	2011	3	23	82	0.04070833333	0.059	0.04616666667	0.054541667	0.062208333
0070740412	2011	3	24	83	0.04758333333	0.068	0.047125	0.054958333	0.062041667
0070740412	2011	3	25	84	0.05445833333	0.072791667	0.049	0.055416667	0.060583333
0070740412	2011	3	26	85	0.04908333333	0.06975	0.04979166667	0.055875	0.060333333
0070740412	2011	3	27	86	0.047	0.068541667	0.05045833333	0.055791667	0.060916667
0070740412	2011	3	28	87	0.04554166667	0.067541667	0.05004166667	0.055666667	0.060708333
0070740412	2011	3	29	88	0.04445833333	0.067208333	0.050375	0.055666667	0.061291667
0070740412	2011	3	30	89	0.04304166667	0.066	0.04979166667	0.055958333	0.060958333
0070740412	2011	3	31	90	0.04229166667	0.065041667	0.049625	0.056041667	0.06075
0070740412	2011	4	1	91	0.040875	0.0645	0.04945833333	0.055666667	0.060541667
0070740412	2011	4	2	92	0.03883333333	0.063166667	0.048125	0.055333333	0.059875
0070740412	2011	4	3	93	0.03620833333	0.060833333	0.04670833333	0.05425	0.0585
0070740412	2011	4	4	94	0.03375	0.058583333	0.04483333333	0.05275	0.057541667
0070740412	2011	4	5	95	0.03208333333	0.057291667	0.04383333333	0.051125	0.056583333
0070740412	2011	4	6	96	0.0305	0.056916667	0.042625	0.050041667	0.054958333
0070740412	2011	4	7	97	0.02929166667	0.055875	0.04220833333	0.049	0.054875
0070740412	2011	4	8	98	0.027625	0.053	0.04058333333	0.048833333	0.054375
0070740412	2011	4	9	99	0.02770833333	0.051625	0.03941666667	0.047666667	0.053416667
0070740412	2011	4	10	100	0.027375	0.051375	0.03904166667	0.048	0.053625
0070740412	2011	4	11	101	0.02791666667	0.053166667	0.03945833333	0.047583333	0.052541667
0070740412	2011	4	12	102	0.02733333333	0.053166667	0.039375	0.047041667	0.052458333
0070740412	2011	4	13	103	0.025125	0.053208333	0.039375	0.046916667	0.05175
0070740412	2011	4	14	104	0.024625	0.051375	0.03804166667	0.046458333	0.05125
0070740412	2011	4	15	105	0.02458333333	0.051791667	0.03816666667	0.04575	0.050375
0070740412	2011	4	16	106	0.02379166667	0.052666667	0.03829166667	0.045583333	0.049958333
0070740412	2011	4	17	107	0.02329166667	0.05275	0.03816666667	0.045375	0.049625
0070740412	2011	4	18	108	0.02420833333	0.052416667	0.03808333333	0.044666667	0.048958333
0070740412	2011	4	19	109	0.023875	0.051125	0.03675	0.044625	0.048875
0070740412	2011	4	20	110	0.02308333333	0.050666667	0.03641666667	0.043666667	0.047666667
0070740412	2011	4	21	111	0.02295833333	0.050083333	0.035625	0.043666667	0.046958333
0070740412	2011	4	22	112	0.02395833333	0.050083333	0.03545833333	0.043916667	0.047166667
0070740412	2011	4	23	113	0.02379166667	0.049791667	0.035625	0.042583333	0.047208333
0070740412	2011	4	24	114	0.02295833333	0.049583333	0.03466666667	0.042	0.046583333
0070740412	2011	4	25	115	0.02391666667	0.048916667	0.03475	0.042541667	0.046791667
0070740412	2011	4	26	116	0.02316666667	0.048375	0.03408333333	0.041875	0.046041667
0070740412	2011	4	27	117	0.021625	0.0475	0.03370833333	0.041083333	0.044833333
0070740412	2011	4	28	118	0.02166666667	0.048041667	0.03383333333	0.040458333	0.04425
0070740412	2011	4	29	119	0.02158333333	0.048083333	0.033875	0.039833333	0.044291667
0070740412	2011	4	30	120	0.02229166667	0.04575	0.032625	0.039541667	0.043666667
0070740412	2011	5	1	121	0.02204166667	0.045375	0.03220833333	0.040083333	0.0435
0070740412	2011	5	2	122	0.02254166667	0.046125	0.032125	0.039333333	0.043833333
0070740412	2011	5	3	123	0.02291666667	0.046458333	0.03266666667	0.039666667	0.043916667
0070740412	2011	5	4	124	0.02220833333	0.046375	0.03320833333	0.0405	0.043291667
0070740412	2011	5	5	125	0.02220833333	0.046458333	0.033125	0.040333333	0.04275
0070740412	2011	5	6	126	0.02108333333	0.046125	0.03370833333	0.040208333	0.042791667
0070740412	2011	5	7	127	0.01995833333	0.045416667	0.03345833333	0.0405	0.042416667
0070740412	2011	5	8	128	0.020875	0.044541667	0.03354166667	0.039625	0.042583333
0070740412	2011	5	9	129	0.02970833333	0.04225	0.03170833333	0.038458333	0.043291667
0070740412	2011	5	10	130	0.03233333333	0.040958333	0.030125	0.036791667	0.042
0070740412	2011	5	11	131	0.03158333333	0.042	0.03041666667	0.038291667	0.04125
0070740412	2011	5	12	132	0.03066666667	0.044208333	0.03175	0.037875	0.041
0070740412	2011	5	13	133	0.02866666667	0.045625	0.03225	0.037791667	0.041291667
0070740412	2011	5	14	134	0.02575	0.04525	0.032	0.037291667	0.041416667
0070740412	2011	5	15	135	0.02345833333	0.045458333	0.031625	0.037458333	0.041375
0070740412	2011	5	16	136	0.02279166667	0.043583333	0.03033333333	0.037375	0.0405
0070740412	2011	5	17	137	0.02275	0.042333333	0.02958333333	0.036083333	0.041875
0070740412	2011	5	18	138	0.02183333333	0.042291667	0.029375	0.036083333	0.041375
0070740412	2011	5	19	139	0.02458333333	0.041333333	0.02883333333	0.035333333	0.039125
0070740412	2011	5	20	140	0.02954166667	0.042875	0.029125	0.03575	0.039666667
0070740412	2011	5	21	141	0.028875	0.045458333	0.03070833333	0.036083333	0.039708333
0070740412	2011	5	22	142	0.02570833333	0.046166667	0.03154166667	0.036541667	0.040541667
0070740412	2011	5	23	143	0.024	0.046625	0.03154166667	0.037041667	0.041458333
0070740412	2011	5	24	144	0.02279166667	0.046166667	0.03154166667	0.037166667	0.041708333
0070740412	2011	5	25	145	0.023125	0.046583333	0.03166666667	0.037083333	0.041833333
0070740412	2011	5	26	146	0.02316666667	0.046875	0.03179166667	0.037083333	0.041916667
0070740412	2011	5	27	147	0.021875	0.046916667	0.03166666667	0.037083333	0.041666667
0070740412	2011	5	28	148	0.02220833333	0.046791667	0.031875	0.037166667	0.041791667
0070740412	2011	5	29	149	0.01925	0.044458333	0.03095833333	0.037166667	0.041833333
0070740412	2011	5	30	150	0.02166666667	0.041208333	0.02883333333	0.03525	0.040041667
0070740412	2011	5	31	151	0.02641666667	0.043291667	0.0295	0.03575	0.039333333
0070740412	2011	6	1	152	0.02425	0.04325	0.02966666667	0.035708333	0.039333333
0070740412	2011	6	2	153	0.02145833333	0.043083333	0.02991666667	0.035458333	0.039583333
0070740412	2011	6	3	154	0.02095833333	0.044083333	0.02975	0.035708333	0.03925
0070740412	2011	6	4	155	0.0205	0.044666667	0.030125	0.035333333	0.039041667
0070740412	2011	6	5	156	0.02058333333	0.04525	0.0305	0.035375	0.039583333
0070740412	2011	6	6	157	0.01970833333	0.0445	0.03054166667	0.035291667	0.039541667
0070740412	2011	6	7	158	0.01970833333	0.043583333	0.03041666667	0.035375	0.039833333
0070740412	2011	6	8	159	0.01966666667	0.043625	0.03058333333	0.035125	0.039458333
0070740412	2011	6	9	160	0.01983333333	0.043791667	0.030625	0.035291667	0.039625
0070740412	2011	6	10	161	0.01858333333	0.043625	0.03129166667	0.035166667	0.039541667
0070740412	2011	6	11	162	0.01858333333	0.043041667	0.03083333333	0.035041667	0.040083333
0070740412	2011	6	12	163	0.01754166667	0.042291667	0.03079166667	0.035291667	0.040166667
0070740412	2011	6	13	164	0.01929166667	0.041791667	0.030625	0.035458333	0.040166667
0070740412	2011	6	14	165	0.01945833333	0.04175	0.031375	0.035458333	0.04025
0070740412	2011	6	15	166	0.019875	0.041291667	0.0315	0.035583333	0.040541667
0070740412	2011	6	16	167	0.01908333333	0.041291667	0.03133333333	0.035625	0.040666667
0070740412	2011	6	17	168	0.01829166667	0.040416667	0.03095833333	0.035583333	0.041
0070740412	2011	6	18	169	0.01745833333	0.0395	0.031	0.035708333	0.040791667
0070740412	2011	6	19	170	0.01845833333	0.038791667	0.03075	0.035625	0.040458333
0070740412	2011	6	20	171	0.01754166667	0.038166667	0.03	0.035541667	0.039875
0070740412	2011	6	21	172	0.017125	0.037916667	0.02995833333	0.035791667	0.039833333
0070740412	2011	6	22	173	0.01745833333	0.037708333	0.03016666667	0.035708333	0.039833333
0070740412	2011	6	23	174	0.01725	0.037541667	0.02970833333	0.035708333	0.039541667
0070740412	2011	6	24	175	0.01683333333	0.036833333	0.02979166667	0.035875	0.039458333
0070740412	2011	6	25	176	0.01658333333	0.035875	0.02958333333	0.035708333	0.03975
0070740412	2011	6	26	177	0.01604166667	0.035416667	0.02995833333	0.035291667	0.040041667
0070740412	2011	6	27	178	0.01558333333	0.0355	0.028875	0.035541667	0.04
0070740412	2011	6	28	179	0.01575	0.034666667	0.02941666667	0.035166667	0.040541667
0070740412	2011	6	29	180	0.015375	0.034208333	0.03045833333	0.035041667	0.040541667
0070740412	2011	6	30	181	0.014875	0.033	0.0285	0.035375	0.039541667
0070740412	2011	7	1	182	0.01554166667	0.032875	0.02870833333	0.035291667	0.039208333
0070740412	2011	7	2	183	0.01570833333	0.033125	0.02870833333	0.035333333	0.039958333
0070740412	2011	7	3	184	0.01570833333	0.033583333	0.02816666667	0.035125	0.040083333
0070740412	2011	7	4	185	0.015	0.032583333	0.02891666667	0.035	0.040583333
0070740412	2011	7	5	186	0.01516666667	0.033166667	0.03	0.035	0.040541667
0070740412	2011	7	6	187	0.04025	0.037833333	0.028375	0.034833333	0.040125
0070740412	2011	7	7	188	0.04672916667	0.056416667	0.02725	0.033833333	0.039166667
0070740412	2011	7	8	189	0.05320833333	0.070833333	0.03004166667	0.033958333	0.040125
0070740412	2011	7	9	190	0.04854166667	0.07	0.03520833333	0.033875	0.039083333
0070740412	2011	7	10	191	0.045125	0.068083333	0.036875	0.034666667	0.039583333
0070740412	2011	7	11	192	0.04145833333	0.065958333	0.03670833333	0.035333333	0.04025
0070740412	2011	7	12	193	0.03666666667	0.063458333	0.03645833333	0.0355	0.040166667
0070740412	2011	7	13	194	0.032875	0.061416667	0.035375	0.035583333	0.039708333
0070740412	2011	7	14	195	0.030625	0.05975	0.03491666667	0.034541667	0.040208333
0070740412	2011	7	15	196	0.02916666667	0.058833333	0.03441666667	0.034166667	0.03925
0070740412	2011	7	16	197	0.02783333333	0.0575	0.034	0.034541667	0.03925
0070740412	2011	7	17	198	0.02633333333	0.056791667	0.033375	0.033958333	0.039708333
0070740412	2011	7	18	199	0.02541666667	0.05625	0.03391666667	0.03425	0.039291667
0070740412	2011	7	19	200	0.02508333333	0.056708333	0.03458333333	0.034958333	0.039333333
0070740412	2011	7	20	201	0.02833333333	0.05575	0.03420833333	0.034916667	0.039416667
0070740412	2011	7	21	202	0.02454166667	0.054875	0.03366666667	0.0355	0.039625
0070740412	2011	7	22	203	0.02445833333	0.054041667	0.03325	0.035458333	0.03975
0070740412	2011	7	23	204	0.02558333333	0.052791667	0.03316666667	0.034916667	0.04
0070740412	2011	7	24	205	0.02383333333	0.052666667	0.033875	0.034916667	0.04
0070740412	2011	7	25	206	0.02329166667	0.05175	0.03404166667	0.035958333	0.039458333
0070740412	2011	7	26	207	0.022875	0.05	0.03308333333	0.035708333	0.038625
0070740412	2011	7	27	208	0.022875	0.049083333	0.03283333333	0.035416667	0.038958333
0070740412	2011	7	28	209	0.0225	0.048625	0.03283333333	0.035375	0.039541667
0070740412	2011	7	29	210	0.02158333333	0.047916667	0.03308333333	0.035541667	0.039541667
0070740412	2011	7	30	211	0.02095833333	0.046291667	0.032	0.035458333	0.038791667
0070740412	2011	7	31	212	0.02604166667	0.045708333	0.03179166667	0.035	0.039791667
0070740412	2011	8	1	213	0.03964583333	0.065625	0.02941666667	0.033375	0.039833333
0070740412	2011	8	2	214	0.05325	0.071666667	0.034625	0.033708333	0.039291667
0070740412	2011	8	3	215	0.04895833333	0.0695	0.037375	0.034625	0.039666667
0070740412	2011	8	4	216	0.04470833333	0.06725	0.03770833333	0.034791667	0.039333333
0070740412	2011	8	5	217	0.04091666667	0.064125	0.03675	0.035208333	0.039708333
0070740412	2011	8	6	218	0.03695833333	0.0625	0.036125	0.035083333	0.039916667
0070740412	2011	8	7	219	0.03329166667	0.061458333	0.03566666667	0.035208333	0.039916667
0070740412	2011	8	8	220	0.031875	0.060375	0.03554166667	0.035333333	0.039583333
0070740412	2011	8	9	221	0.02945833333	0.059	0.03533333333	0.035458333	0.039958333
0070740412	2011	8	10	222	0.027625	0.058458333	0.03491666667	0.035291667	0.040458333
0070740412	2011	8	11	223	0.02620833333	0.057208333	0.03454166667	0.035625	0.040125
0070740412	2011	8	12	224	0.02483333333	0.056041667	0.03404166667	0.035541667	0.039833333
0070740412	2011	8	13	225	0.02333333333	0.055208333	0.03379166667	0.035458333	0.039708333
0070740412	2011	8	14	226	0.02304166667	0.054333333	0.033125	0.035583333	0.039541667
0070740412	2011	8	15	227	0.026125	0.054041667	0.033375	0.035333333	0.039541667
0070740412	2011	8	16	228	0.02491666667	0.052916667	0.03279166667	0.035291667	0.039625
0070740412	2011	8	17	229	0.02345833333	0.051916667	0.03195833333	0.035125	0.03975
0070740412	2011	8	18	230	0.02466666667	0.051416667	0.03220833333	0.035041667	0.039458333
0070740412	2011	8	19	231	0.02208333333	0.0505	0.031875	0.035166667	0.039541667
0070740412	2011	8	20	232	0.021125	0.048541667	0.03129166667	0.034875	0.039375
0070740412	2011	8	21	233	0.02266666667	0.04775	0.03120833333	0.034833333	0.039208333
0070740412	2011	8	22	234	0.02266666667	0.046666667	0.031125	0.034958333	0.039416667
0070740412	2011	8	23	235	0.02116666667	0.045666667	0.03070833333	0.035	0.0395
0070740412	2011	8	24	236	0.02154166667	0.045	0.03104166667	0.03475	0.03975
0070740412	2011	8	25	237	0.02095833333	0.044708333	0.03133333333	0.034541667	0.039791667
0070740412	2011	8	26	238	0.02033333333	0.043541667	0.03120833333	0.034708333	0.039125
0070740412	2011	8	27	239	0.02	0.043083333	0.03120833333	0.034666667	0.038916667
0070740412	2011	8	28	240	0.01954166667	0.041958333	0.03208333333	0.034625	0.040166667
0070740412	2011	8	29	241	0.02066666667	0.040708333	0.03154166667	0.03425	0.040916667
0070740412	2011	8	30	242	0.01854166667	0.039666667	0.03095833333	0.034041667	0.040208333
0070740412	2011	8	31	243	0.01779166667	0.037875	0.03029166667	0.03425	0.039208333
0070740412	2011	9	1	244	0.01725	0.03725	0.029125	0.034833333	0.040166667
0070740412	2011	9	2	245	0.01691666667	0.0365	0.02866666667	0.0345	0.038541667
0070740412	2011	9	3	246	0.01695833333	0.036125	0.02808333333	0.033916667	0.038875
0070740412	2011	9	4	247	0.01666666667	0.03575	0.028125	0.0335	0.038083333
0070740412	2011	9	5	248	0.017	0.035541667	0.02791666667	0.034041667	0.03825
0070740412	2011	9	6	249	0.016375	0.034583333	0.02691666667	0.033958333	0.037083333
0070740412	2011	9	7	250	0.01629166667	0.034666667	0.02733333333	0.032708333	0.037875
0070740412	2011	9	8	251	0.01633333333	0.034458333	0.027	0.033041667	0.037958333
0070740412	2011	9	9	252	0.01595833333	0.033541667	0.026375	0.032541667	0.03825
0070740412	2011	9	10	253	0.01608333333	0.033083333	0.02616666667	0.032333333	0.038333333
0070740412	2011	9	11	254	0.01545833333	0.030958333	0.02416666667	0.032208333	0.038
0070740412	2011	9	12	255	0.017375	0.032041667	0.023875	0.031583333	0.038
0070740412	2011	9	13	256	0.0155	0.032208333	0.02391666667	0.031875	0.037625
0070740412	2011	9	14	257	0.01579166667	0.03175	0.02325	0.032041667	0.037416667
0070740412	2011	9	15	258	0.019375	0.030458333	0.02345833333	0.031208333	0.03625
0070740412	2011	9	16	259	0.02229166667	0.032541667	0.02254166667	0.030958333	0.036041667
0070740412	2011	9	17	260	0.019125	0.032833333	0.02345833333	0.031083333	0.035958333
0070740412	2011	9	18	261	0.01695833333	0.033083333	0.02333333333	0.031458333	0.035958333
0070740412	2011	9	19	262	0.01670833333	0.033291667	0.02325	0.031416667	0.035791667
0070740412	2011	9	20	263	0.01758333333	0.03325	0.02395833333	0.0315	0.036041667
0070740412	2011	9	21	264	0.01695833333	0.032916667	0.02408333333	0.032	0.036083333
0070740412	2011	9	22	265	0.016	0.032375	0.023875	0.032	0.035875
0070740412	2011	9	23	266	0.0155	0.031875	0.02391666667	0.031708333	0.035916667
0070740412	2011	9	24	267	0.01533333333	0.032291667	0.024375	0.031291667	0.035958333
0070740412	2011	9	25	268	0.01458333333	0.030875	0.02445833333	0.031458333	0.036041667
0070740412	2011	9	26	269	0.01504166667	0.030875	0.02333333333	0.031666667	0.035875
0070740412	2011	9	27	270	0.01429166667	0.030291667	0.024375	0.031833333	0.036125
0070740412	2011	9	28	271	0.01404166667	0.029666667	0.02495833333	0.031875	0.035791667
0070740412	2011	9	29	272	0.014125	0.03025	0.02570833333	0.031916667	0.035625
0070740412	2011	9	30	273	0.014375	0.03	0.02525	0.031875	0.035708333
0070740412	2011	10	1	274	0.014	0.029125	0.02633333333	0.031333333	0.036041667
0070740412	2011	10	2	275	0.01404166667	0.029833333	0.02516666667	0.031208333	0.03625
0070740412	2011	10	3	276	0.014125	0.029208333	0.02654166667	0.031291667	0.036458333
0070740412	2011	10	4	277	0.014	0.028875	0.02575	0.030708333	0.036625
0070740412	2011	10	5	278	0.01416666667	0.028583333	0.02491666667	0.030291667	0.035458333
0070740412	2011	10	6	279	0.048875	0.039666667	0.02295833333	0.027708333	0.035916667
0070740412	2011	10	7	280	0.03625	0.035666667	0.02179166667	0.03	0.033333333
0070740412	2011	10	8	281	0.035	0.037	0.022	0.029875	0.032583333
0070740412	2011	10	9	282	0.033625	0.038416667	0.02233333333	0.028166667	0.0325
0070740412	2011	10	10	283	0.03170833333	0.039041667	0.02120833333	0.029166667	0.032083333
0070740412	2011	10	11	284	0.03066666667	0.039541667	0.02004166667	0.029041667	0.032
0070740412	2011	10	12	285	0.02966666667	0.040708333	0.02033333333	0.030875	0.032875
0070740412	2011	10	13	286	0.02845833333	0.042	0.020875	0.034291667	0.0335
0070740412	2011	10	14	287	0.02625	0.04275	0.02216666667	0.033625	0.034291667
0070740412	2011	10	15	288	0.02429166667	0.043208333	0.02241666667	0.0305	0.034375
0070740412	2011	10	16	289	0.022625	0.043291667	0.02283333333	0.028791667	0.03325
0070740412	2011	10	17	290	0.0215	0.043041667	0.02304166667	0.028125	0.0335
0070740412	2011	10	18	291	0.02054166667	0.042583333	0.022875	0.02825	0.034041667
0070740412	2011	10	19	292	0.01995833333	0.041833333	0.02275	0.029333333	0.033833333
0070740412	2011	10	20	293	0.01983333333	0.04125	0.02245833333	0.0305	0.033875
0070740412	2011	10	21	294	0.022625	0.041	0.02254166667	0.031583333	0.034333333
0070740412	2011	10	22	295	0.02295833333	0.040791667	0.022375	0.03325	0.03375
0070740412	2011	10	23	296	0.02016666667	0.0415	0.0225	0.033	0.033041667
0070740412	2011	10	24	297	0.02129166667	0.040958333	0.02295833333	0.033083333	0.033
0070740412	2011	10	25	298	0.02054166667	0.04075	0.022375	0.034041667	0.032958333
0070740412	2011	10	26	299	0.020375	0.040166667	0.02245833333	0.033708333	0.032916667
0070740412	2011	10	27	300	0.01916666667	0.037875	0.02266666667	0.033541667	0.032416667
0070740412	2011	10	28	301	0.02008333333	0.036958333	0.02183333333	0.027125	0.032333333
0070740412	2011	10	29	302	0.01983333333	0.036833333	0.02175	0.02825	0.0315
0070740412	2011	10	30	303	0.02079166667	0.037	0.02133333333	0.028208333	0.031833333
0070740412	2011	10	31	304	0.01933333333	0.037083333	0.02195833333	0.027875	0.031708333
0070740412	2011	11	1	305	0.019125	0.03675	0.02225	0.028083333	0.031541667
0070740412	2011	11	2	306	0.01829166667	0.03525	0.02025	0.027708333	0.031875
0070740412	2011	11	3	307	0.01683333333	0.033541667	0.022	0.026583333	0.032416667
0070740412	2011	11	4	308	0.01820833333	0.033666667	0.01975	0.028625	0.031208333
0070740412	2011	11	5	309	0.016	0.032083333	0.02158333333	0.031333333	0.031458333
0070740412	2011	11	6	310	0.01545833333	0.030916667	0.02220833333	0.031666667	0.030666667
0070740412	2011	11	7	311	0.01495833333	0.029541667	0.02091666667	0.029708333	0.030083333
0070740412	2011	11	8	312	0.015625	0.030291667	0.02120833333	0.031208333	0.029416667
0070740412	2011	11	9	313	0.01620833333	0.030416667	0.02145833333	0.032041667	0.030416667
0070740412	2011	11	10	314	0.01629166667	0.030708333	0.02133333333	0.03175	0.030666667
0070740412	2011	11	11	315	0.0165	0.030458333	0.02070833333	0.032166667	0.030333333
0070740412	2011	11	12	316	0.01670833333	0.031125	0.02145833333	0.031958333	0.030333333
0070740412	2011	11	13	317	0.01566666667	0.030416667	0.021125	0.031958333	0.0305
0070740412	2011	11	14	318	0.01570833333	0.03075	0.02158333333	0.032166667	0.030166667
0070740412	2011	11	15	319	0.015125	0.030458333	0.02129166667	0.032625	0.030041667
0070740412	2011	11	16	320	0.01541666667	0.030625	0.02125	0.032541667	0.030083333
0070740412	2011	11	17	321	0.01554166667	0.030625	0.02120833333	0.032166667	0.03025
0070740412	2011	11	18	322	0.01583333333	0.0305	0.02154166667	0.032208333	0.030541667
0070740412	2011	11	19	323	0.015625	0.030458333	0.02220833333	0.032458333	0.0305
0070740412	2011	11	20	324	0.01533333333	0.029625	0.02133333333	0.032125	0.030333333
0070740412	2011	11	21	325	0.01554166667	0.029958333	0.02095833333	0.032666667	0.030375
0070740412	2011	11	22	326	0.01475	0.029083333	0.02175	0.032958333	0.03
0070740412	2011	11	23	327	0.01508333333	0.029291667	0.02179166667	0.032708333	0.030041667
0070740412	2011	11	24	328	0.01483333333	0.029125	0.021875	0.032583333	0.03075
0070740412	2011	11	25	329	0.01429166667	0.029083333	0.02145833333	0.032708333	0.031
0070740412	2011	11	26	330	0.01495833333	0.029125	0.022375	0.032416667	0.031
0070740412	2011	11	27	331	0.014625	0.029125	0.02195833333	0.032541667	0.030541667
0070740412	2011	11	28	332	0.01466666667	0.029583333	0.022	0.032708333	0.030083333
0070740412	2011	11	29	333	0.01483333333	0.028666667	0.02166666667	0.032916667	0.030833333
0070740412	2011	11	30	334	0.01375	0.02875	0.02175	0.032916667	0.030583333
0070740412	2011	12	1	335	0.0145	0.028541667	0.02154166667	0.032625	0.030291667
0070740412	2011	12	2	336	0.01345833333	0.027541667	0.02195833333	0.03325	0.03125
0070740412	2011	12	3	337	0.013375	0.030083333	0.02179166667	0.032	0.030958333
0070740412	2011	12	4	338	0.01304166667	0.028083333	0.02095833333	0.031666667	0.029125
0070740412	2011	12	5	339	0.01325	0.028208333	0.020375	0.030708333	0.028416667
0070740412	2011	12	6	340	0.01265217391	0.029083333	0.01958333333	0.027416667	0.027208333
0070740412	2011	12	7	341	0.01266666667	0.029291667	0.02020833333	0.025333333	0.027708333
0070740412	2011	12	8	342	0.012625	0.029708333	0.02016666667	0.02525	0.026666667
0070740412	2011	12	9	343	0.01341666667	0.028625	0.02075	0.027541667	0.026791667
0070740412	2011	12	10	344	0.01316666667	0.029125	0.02045833333	0.025666667	0.026791667
0070740412	2011	12	11	345	0.01258333333	0.029541667	0.020375	0.026958333	0.027166667
0070740412	2011	12	12	346	0.01245833333	0.029625	0.02033333333	0.030041667	0.026625
0070740412	2011	12	13	347	0.018375	0.02975	0.01958333333	0.02975	0.026583333
0070740412	2011	12	14	348	0.02214285714	0.034833333	0.01991666667	0.02975	0.026958333
0070740412	2011	12	15	349	0.02104347826	0.034041667	0.01916666667	0.030041667	0.027208333
0070740412	2011	12	16	350	0.02382608696	0.02825	0.019125	0.02875	0.026041667
0070740412	2011	12	17	351	0.024	0.027666667	0.02029166667	0.030083333	0.026583333
0070740412	2011	12	18	352	0.02320833333	0.027875	0.02054166667	0.030375	0.027125
0070740412	2011	12	19	353	0.02	0.03	0.02058333333	0.030833333	0.027375
0070740412	2011	12	20	354	0.02266666667	0.027125	0.02083333333	0.031	0.0275
0070740412	2011	12	21	355	0.02041666667	0.026666667	0.02054166667	0.030708333	0.027291667
0070740412	2011	12	22	356	0.02125	0.026583333	0.0205	0.031	0.027708333
0070740412	2011	12	23	357	0.01860869565	0.026416667	0.01904166667	0.029916667	0.026916667
0070740412	2011	12	24	358	0.02	0.026541667	0.01891666667	0.02925	0.02625
0070740412	2011	12	25	359	0.02029166667	0.027416667	0.01983333333	0.029875	0.026583333
0070740412	2011	12	26	360	0.01895833333	0.02675	0.01925	0.029583333	0.026208333
0070740412	2011	12	27	361	0.018625	0.027333333	0.019125	0.029166667	0.026166667
0070740412	2011	12	28	362	0.01829166667	0.02725	0.018875	0.029041667	0.026375
0070740412	2011	12	29	363	0.019375	0.027333333	0.02008333333	0.029791667	0.026833333
0070740412	2011	12	30	364	0.01883333333	0.028083333	0.021	0.030875	0.0265
0070740412	2011	12	31	365	0.01745833333	0.027958333	0.02025	0.030833333	0.027291667
0070740412	2012	1	1	1	0.01641666667	0.028125	0.02075	0.03075	0.027375
0070740412	2012	1	2	2	0.01675	0.028666667	0.02054166667	0.030416667	0.027083333
0070740412	2012	1	3	3	0.016375	0.029125	0.02041666667	0.0305	0.027125
0070740412	2012	1	4	4	0.01645833333	0.029333333	0.0205	0.030291667	0.027416667
0070740412	2012	1	5	5	0.01704166667	0.02925	0.02033333333	0.0305	0.027958333
0070740412	2012	1	6	6	0.016625	0.029375	0.02066666667	0.030125	0.028708333
0070740412	2012	1	7	7	0.01666666667	0.029416667	0.020625	0.029958333	0.028708333
0070740412	2012	1	8	8	0.01641666667	0.029	0.02058333333	0.030375	0.028458333
0070740412	2012	1	9	9	0.01554166667	0.028958333	0.01991666667	0.029958333	0.027291667
0070740412	2012	1	10	10	0.01595833333	0.028875	0.020875	0.030375	0.027833333
0070740412	2012	1	11	11	0.01475	0.028541667	0.02058333333	0.029791667	0.027708333
0070740412	2012	1	12	12	0.015375	0.028166667	0.020625	0.030125	0.027083333
0070740412	2012	1	13	13	0.015875	0.027458333	0.01979166667	0.03025	0.027125
0070740412	2012	1	14	14	0.014875	0.02725	0.02020833333	0.03	0.027
0070740412	2012	1	15	15	0.015125	0.027041667	0.02008333333	0.030416667	0.027125
0070740412	2012	1	16	16	0.0155	0.027541667	0.02025	0.030375	0.027541667
0070740412	2012	1	17	17	0.01495833333	0.028666667	0.02029166667	0.03	0.027041667
0070740412	2012	1	18	18	0.01441666667	0.02725	0.019875	0.030041667	0.027166667
0070740412	2012	1	19	19	0.01408333333	0.027041667	0.020125	0.030333333	0.027416667
0070740412	2012	1	20	20	0.01429166667	0.027375	0.02016666667	0.030791667	0.026791667
0070740412	2012	1	21	21	0.014875	0.028416667	0.02083333333	0.03125	0.026958333
0070740412	2012	1	22	22	0.01441666667	0.027083333	0.02058333333	0.030291667	0.027708333
0070740412	2012	1	23	23	0.014	0.026625	0.01983333333	0.030166667	0.027416667
0070740412	2012	1	24	24	0.01375	0.027375	0.01966666667	0.030625	0.027333333
0070740412	2012	1	25	25	0.01566666667	0.027708333	0.02016666667	0.029416667	0.026
0070740412	2012	1	26	26	0.019875	0.027166667	0.02033333333	0.030208333	0.026333333
0070740412	2012	1	27	27	0.020625	0.027041667	0.02075	0.031458333	0.02775
0070740412	2012	1	28	28	0.019125	0.027	0.02070833333	0.030958333	0.027791667
0070740412	2012	1	29	29	0.019	0.027583333	0.02075	0.030833333	0.027291667
0070740412	2012	1	30	30	0.01829166667	0.027375	0.02075	0.030708333	0.027458333
0070740412	2012	1	31	31	0.017875	0.028166667	0.02070833333	0.030458333	0.027416667
0070740412	2012	2	1	32	0.01691666667	0.028291667	0.02191666667	0.03	0.027541667
0070740412	2012	2	2	33	0.01570833333	0.028375	0.02133333333	0.029708333	0.028041667
0070740412	2012	2	3	34	0.01525	0.028375	0.02070833333	0.030458333	0.027875
0070740412	2012	2	4	35	0.01495833333	0.027416667	0.020875	0.030458333	0.027833333
0070740412	2012	2	5	36	0.015375	0.027833333	0.02079166667	0.030333333	0.027458333
0070740412	2012	2	6	37	0.014875	0.027708333	0.020625	0.030166667	0.0275
0070740412	2012	2	7	38	0.014125	0.027791667	0.02095833333	0.030375	0.027541667
0070740412	2012	2	8	39	0.01479166667	0.02825	0.022	0.03025	0.027875
0070740412	2012	2	9	40	0.01516666667	0.028958333	0.0215	0.030458333	0.028916667
0070740412	2012	2	10	41	0.01545833333	0.02925	0.02141666667	0.028541667	0.028791667
0070740412	2012	2	11	42	0.01583333333	0.029458333	0.02170833333	0.030875	0.028833333
0070740412	2012	2	12	43	0.015125	0.028833333	0.02191666667	0.032291667	0.028375
0070740412	2012	2	13	44	0.015	0.028421053	0.02184210526	0.032105263	0.028526316
0070740412	2012	2	14	45	0.02020833333	0.028041667	0.02058333333	0.030666667	0.027541667
0070740412	2012	2	15	46	0.02916666667	0.026291667	0.02075	0.03	0.029083333
0070740412	2012	2	16	47	0.033125	0.02675	0.02041666667	0.03025	0.0285
0070740412	2012	2	17	48	0.028	0.028375	0.021	0.030541667	0.028125
0070740412	2012	2	18	49	0.02879166667	0.029791667	0.02083333333	0.030541667	0.028375
0070740412	2012	2	19	50	0.028375	0.031375	0.021125	0.030375	0.028416667
0070740412	2012	2	20	51	0.02720833333	0.032166667	0.020875	0.030333333	0.028791667
0070740412	2012	2	21	52	0.02704166667	0.033291667	0.02066666667	0.030125	0.0285
0070740412	2012	2	22	53	0.02683333333	0.034833333	0.02145833333	0.029958333	0.028625
0070740412	2012	2	23	54	0.02641666667	0.03675	0.02233333333	0.0315	0.028416667
0070740412	2012	2	24	55	0.02525	0.036916667	0.02270833333	0.032583333	0.029916667
0070740412	2012	2	25	56	0.02454166667	0.036625	0.02175	0.032625	0.03125
0070740412	2012	2	26	57	0.02358333333	0.036833333	0.022125	0.0325	0.030875
0070740412	2012	2	27	58	0.02270833333	0.036458333	0.02166666667	0.032083333	0.031166667
0070740412	2012	2	28	59	0.02233333333	0.03425	0.02104166667	0.0315	0.030166667
0070740412	2012	2	29	60	0.02308333333	0.034666667	0.02133333333	0.030041667	0.028041667
0070740412	2012	3	1	61	0.023375	0.035125	0.02091666667	0.030083333	0.027875
0070740412	2012	3	2	62	0.02320833333	0.035375	0.02125	0.030833333	0.027916667
0070740412	2012	3	3	63	0.02225	0.034625	0.021375	0.03025	0.027916667
0070740412	2012	3	4	64	0.02120833333	0.036	0.02179166667	0.031125	0.028041667
0070740412	2012	3	5	65	0.02142857143	0.039714286	0.02071428571	0.031428571	0.028285714
0070740412	2012	3	6	66	0.02142857143	0.039714286	0.02071428571	0.031428571	0.028285714
0070740412	2012	3	7	67	-9999	-9999	-9999	-9999	-9999
0070740412	2012	3	8	68	-9999	-9999	-9999	-9999	-9999
0070740412	2012	3	9	69	-9999	-9999	-9999	-9999	-9999
0070740412	2012	3	10	70	-9999	-9999	-9999	-9999	-9999
0070740412	2012	3	11	71	-9999	-9999	-9999	-9999	-9999
0070740412	2012	3	12	72	-9999	-9999	-9999	-9999	-9999
0070740412	2012	3	13	73	-9999	-9999	-9999	-9999	-9999
0070740412	2012	3	14	74	-9999	-9999	-9999	-9999	-9999
0070740412	2012	3	15	75	-9999	-9999	-9999	-9999	-9999
0070740412	2012	3	16	76	-9999	-9999	-9999	-9999	-9999
0070740412	2012	3	17	77	-9999	-9999	-9999	-9999	-9999
0070740412	2012	3	18	78	-9999	-9999	-9999	-9999	-9999
0070740412	2012	3	19	79	-9999	-9999	-9999	-9999	-9999
0070740412	2012	3	20	80	-9999	-9999	-9999	-9999	-9999
0070740412	2012	3	21	81	-9999	-9999	-9999	-9999	-9999
0070740412	2012	3	22	82	-9999	-9999	-9999	-9999	-9999
0070740412	2012	3	23	83	-9999	-9999	-9999	-9999	-9999
0070740412	2012	3	24	84	-9999	-9999	-9999	-9999	-9999
0070740412	2012	3	25	85	-9999	-9999	-9999	-9999	-9999
0070740412	2012	3	26	86	-9999	-9999	-9999	-9999	-9999
0070740412	2012	3	27	87	-9999	-9999	-9999	-9999	-9999
0070740412	2012	3	28	88	-9999	-9999	-9999	-9999	-9999
0070740412	2012	3	29	89	-9999	-9999	-9999	-9999	-9999
0070740412	2012	3	30	90	-9999	-9999	-9999	-9999	-9999
0070740412	2012	3	31	91	-9999	-9999	-9999	-9999	-9999
0070740412	2012	4	1	92	-9999	-9999	-9999	-9999	-9999
0070740412	2012	4	2	93	-9999	-9999	-9999	-9999	-9999
0070740412	2012	4	3	94	-9999	-9999	-9999	-9999	-9999
0070740412	2012	4	4	95	-9999	-9999	-9999	-9999	-9999
0070740412	2012	4	5	96	-9999	-9999	-9999	-9999	-9999
0070740412	2012	4	6	97	-9999	-9999	-9999	-9999	-9999
0070740412	2012	4	7	98	-9999	-9999	-9999	-9999	-9999
0070740412	2012	4	8	99	-9999	-9999	-9999	-9999	-9999
0070740412	2012	4	9	100	-9999	-9999	-9999	-9999	-9999
0070740412	2012	4	10	101	-9999	-9999	-9999	-9999	-9999
0070740412	2012	4	11	102	-9999	-9999	-9999	-9999	-9999
0070740412	2012	4	12	103	-9999	-9999	-9999	-9999	-9999
0070740412	2012	4	13	104	-9999	-9999	-9999	-9999	-9999
0070740412	2012	4	14	105	-9999	-9999	-9999	-9999	-9999
0070740412	2012	4	15	106	-9999	-9999	-9999	-9999	-9999
0070740412	2012	4	16	107	-9999	-9999	-9999	-9999	-9999
0070740412	2012	4	17	108	-9999	-9999	-9999	-9999	-9999
0070740412	2012	4	18	109	-9999	-9999	-9999	-9999	-9999
0070740412	2012	4	19	110	-9999	-9999	-9999	-9999	-9999
0070740412	2012	4	20	111	-9999	-9999	-9999	-9999	-9999
0070740412	2012	4	21	112	-9999	-9999	-9999	-9999	-9999
0070740412	2012	4	22	113	-9999	-9999	-9999	-9999	-9999
0070740412	2012	4	23	114	-9999	-9999	-9999	-9999	-9999
0070740412	2012	4	24	115	-9999	-9999	-9999	-9999	-9999
0070740412	2012	4	25	116	-9999	-9999	-9999	-9999	-9999
0070740412	2012	4	26	117	-9999	-9999	-9999	-9999	-9999
0070740412	2012	4	27	118	-9999	-9999	-9999	-9999	-9999
0070740412	2012	4	28	119	-9999	-9999	-9999	-9999	-9999
0070740412	2012	4	29	120	-9999	-9999	-9999	-9999	-9999
0070740412	2012	4	30	121	-9999	-9999	-9999	-9999	-9999
0070740412	2012	5	1	122	-9999	-9999	-9999	-9999	-9999
0070740412	2012	5	2	123	-9999	-9999	-9999	-9999	-9999
0070740412	2012	5	3	124	-9999	-9999	-9999	-9999	-9999
0070740412	2012	5	4	125	-9999	-9999	-9999	-9999	-9999
0070740412	2012	5	5	126	-9999	-9999	-9999	-9999	-9999
0070740412	2012	5	6	127	-9999	-9999	-9999	-9999	-9999
0070740412	2012	5	7	128	-9999	-9999	-9999	-9999	-9999
0070740412	2012	5	8	129	-9999	-9999	-9999	-9999	-9999
0070740412	2012	5	9	130	-9999	-9999	-9999	-9999	-9999
0070740412	2012	5	10	131	-9999	-9999	-9999	-9999	-9999
0070740412	2012	5	11	132	-9999	-9999	-9999	-9999	-9999
0070740412	2012	5	12	133	-9999	-9999	-9999	-9999	-9999
0070740412	2012	5	13	134	-9999	-9999	-9999	-9999	-9999
0070740412	2012	5	14	135	-9999	-9999	-9999	-9999	-9999
0070740412	2012	5	15	136	-9999	-9999	-9999	-9999	-9999
0070740412	2012	5	16	137	-9999	-9999	-9999	-9999	-9999
0070740412	2012	5	17	138	-9999	-9999	-9999	-9999	-9999
0070740412	2012	5	18	139	-9999	-9999	-9999	-9999	-9999
0070740412	2012	5	19	140	-9999	-9999	-9999	-9999	-9999
0070740412	2012	5	20	141	-9999	-9999	-9999	-9999	-9999
0070740412	2012	5	21	142	-9999	-9999	-9999	-9999	-9999
0070740412	2012	5	22	143	-9999	-9999	-9999	-9999	-9999
0070740412	2012	5	23	144	-9999	-9999	-9999	-9999	-9999
0070740412	2012	5	24	145	-9999	-9999	-9999	-9999	-9999
0070740412	2012	5	25	146	-9999	-9999	-9999	-9999	-9999
0070740412	2012	5	26	147	-9999	-9999	-9999	-9999	-9999
0070740412	2012	5	27	148	-9999	-9999	-9999	-9999	-9999
0070740412	2012	5	28	149	-9999	-9999	-9999	-9999	-9999
0070740412	2012	5	29	150	-9999	-9999	-9999	-9999	-9999
0070740412	2012	5	30	151	-9999	-9999	-9999	-9999	-9999
0070740412	2012	5	31	152	-9999	-9999	-9999	-9999	-9999
0070740412	2012	6	1	153	-9999	-9999	-9999	-9999	-9999
0070740412	2012	6	2	154	-9999	-9999	-9999	-9999	-9999
0070740412	2012	6	3	155	-9999	-9999	-9999	-9999	-9999
0070740412	2012	6	4	156	-9999	-9999	-9999	-9999	-9999
0070740412	2012	6	5	157	-9999	-9999	-9999	-9999	-9999
0070740412	2012	6	6	158	-9999	-9999	-9999	-9999	-9999
0070740412	2012	6	7	159	-9999	-9999	-9999	-9999	-9999
0070740412	2012	6	8	160	-9999	-9999	-9999	-9999	-9999
0070740412	2012	6	9	161	-9999	-9999	-9999	-9999	-9999
0070740412	2012	6	10	162	-9999	-9999	-9999	-9999	-9999
0070740412	2012	6	11	163	-9999	-9999	-9999	-9999	-9999
0070740412	2012	6	12	164	-9999	-9999	-9999	-9999	-9999
0070740412	2012	6	13	165	-9999	-9999	-9999	-9999	-9999
0070740412	2012	6	14	166	-9999	-9999	-9999	-9999	-9999
0070740412	2012	6	15	167	-9999	-9999	-9999	-9999	-9999
0070740412	2012	6	16	168	-9999	-9999	-9999	-9999	-9999
0070740412	2012	6	17	169	-9999	-9999	-9999	-9999	-9999
0070740412	2012	6	18	170	-9999	-9999	-9999	-9999	-9999
0070740412	2012	6	19	171	-9999	-9999	-9999	-9999	-9999
0070740412	2012	6	20	172	-9999	-9999	-9999	-9999	-9999
0070740412	2012	6	21	173	-9999	-9999	-9999	-9999	-9999
0070740412	2012	6	22	174	-9999	-9999	-9999	-9999	-9999
0070740412	2012	6	23	175	-9999	-9999	-9999	-9999	-9999
0070740412	2012	6	24	176	-9999	-9999	-9999	-9999	-9999
0070740412	2012	6	25	177	-9999	-9999	-9999	-9999	-9999
0070740412	2012	6	26	178	-9999	-9999	-9999	-9999	-9999
0070740412	2012	6	27	179	-9999	-9999	-9999	-9999	-9999
0070740412	2012	6	28	180	-9999	-9999	-9999	-9999	-9999
0070740412	2012	6	29	181	-9999	-9999	-9999	-9999	-9999
0070740412	2012	6	30	182	-9999	-9999	-9999	-9999	-9999
0070740412	2012	7	1	183	-9999	-9999	-9999	-9999	-9999
0070740412	2012	7	2	184	-9999	-9999	-9999	-9999	-9999
0070740412	2012	7	3	185	-9999	-9999	-9999	-9999	-9999
0070740412	2012	7	4	186	-9999	-9999	-9999	-9999	-9999
0070740412	2012	7	5	187	-9999	-9999	-9999	-9999	-9999
0070740412	2012	7	6	188	-9999	-9999	-9999	-9999	-9999
0070740412	2012	7	7	189	-9999	-9999	-9999	-9999	-9999
0070740412	2012	7	8	190	-9999	-9999	-9999	-9999	-9999
0070740412	2012	7	9	191	-9999	-9999	-9999	-9999	-9999
0070740412	2012	7	10	192	-9999	-9999	-9999	-9999	-9999
0070740412	2012	7	11	193	-9999	-9999	-9999	-9999	-9999
0070740412	2012	7	12	194	-9999	-9999	-9999	-9999	-9999
0070740412	2012	7	13	195	-9999	-9999	-9999	-9999	-9999
0070740412	2012	7	14	196	-9999	-9999	-9999	-9999	-9999
0070740412	2012	7	15	197	-9999	-9999	-9999	-9999	-9999
0070740412	2012	7	16	198	-9999	-9999	-9999	-9999	-9999
0070740412	2012	7	17	199	-9999	-9999	-9999	-9999	-9999
0070740412	2012	7	18	200	-9999	-9999	-9999	-9999	-9999
0070740412	2012	7	19	201	-9999	-9999	-9999	-9999	-9999
0070740412	2012	7	20	202	-9999	-9999	-9999	-9999	-9999
0070740412	2012	7	21	203	-9999	-9999	-9999	-9999	-9999
0070740412	2012	7	22	204	-9999	-9999	-9999	-9999	-9999
0070740412	2012	7	23	205	-9999	-9999	-9999	-9999	-9999
0070740412	2012	7	24	206	-9999	-9999	-9999	-9999	-9999
0070740412	2012	7	25	207	-9999	-9999	-9999	-9999	-9999
0070740412	2012	7	26	208	-9999	-9999	-9999	-9999	-9999
0070740412	2012	7	27	209	-9999	-9999	-9999	-9999	-9999
0070740412	2012	7	28	210	-9999	-9999	-9999	-9999	-9999
0070740412	2012	7	29	211	-9999	-9999	-9999	-9999	-9999
0070740412	2012	7	30	212	-9999	-9999	-9999	-9999	-9999
0070740412	2012	7	31	213	-9999	-9999	-9999	-9999	-9999
0070740412	2012	8	1	214	-9999	-9999	-9999	-9999	-9999
0070740412	2012	8	2	215	-9999	-9999	-9999	-9999	-9999
0070740412	2012	8	3	216	-9999	-9999	-9999	-9999	-9999
0070740412	2012	8	4	217	-9999	-9999	-9999	-9999	-9999
0070740412	2012	8	5	218	-9999	-9999	-9999	-9999	-9999
0070740412	2012	8	6	219	-9999	-9999	-9999	-9999	-9999
0070740412	2012	8	7	220	-9999	-9999	-9999	-9999	-9999
0070740412	2012	8	8	221	-9999	-9999	-9999	-9999	-9999
0070740412	2012	8	9	222	-9999	-9999	-9999	-9999	-9999
0070740412	2012	8	10	223	-9999	-9999	-9999	-9999	-9999
0070740412	2012	8	11	224	-9999	-9999	-9999	-9999	-9999
0070740412	2012	8	12	225	-9999	-9999	-9999	-9999	-9999
0070740412	2012	8	13	226	-9999	-9999	-9999	-9999	-9999
0070740412	2012	8	14	227	-9999	-9999	-9999	-9999	-9999
0070740412	2012	8	15	228	-9999	-9999	-9999	-9999	-9999
0070740412	2012	8	16	229	-9999	-9999	-9999	-9999	-9999
0070740412	2012	8	17	230	-9999	-9999	-9999	-9999	-9999
0070740412	2012	8	18	231	-9999	-9999	-9999	-9999	-9999
0070740412	2012	8	19	232	-9999	-9999	-9999	-9999	-9999
0070740412	2012	8	20	233	-9999	-9999	-9999	-9999	-9999
0070740412	2012	8	21	234	-9999	-9999	-9999	-9999	-9999
0070740412	2012	8	22	235	-9999	-9999	-9999	-9999	-9999
0070740412	2012	8	23	236	-9999	-9999	-9999	-9999	-9999
0070740412	2012	8	24	237	-9999	-9999	-9999	-9999	-9999
0070740412	2012	8	25	238	-9999	-9999	-9999	-9999	-9999
0070740412	2012	8	26	239	-9999	-9999	-9999	-9999	-9999
0070740412	2012	8	27	240	-9999	-9999	-9999	-9999	-9999
0070740412	2012	8	28	241	-9999	-9999	-9999	-9999	-9999
0070740412	2012	8	29	242	-9999	-9999	-9999	-9999	-9999
0070740412	2012	8	30	243	-9999	-9999	-9999	-9999	-9999
0070740412	2012	8	31	244	-9999	-9999	-9999	-9999	-9999
0070740412	2012	9	1	245	-9999	-9999	-9999	-9999	-9999
0070740412	2012	9	2	246	-9999	-9999	-9999	-9999	-9999
0070740412	2012	9	3	247	-9999	-9999	-9999	-9999	-9999
0070740412	2012	9	4	248	-9999	-9999	-9999	-9999	-9999
0070740412	2012	9	5	249	-9999	-9999	-9999	-9999	-9999
0070740412	2012	9	6	250	-9999	-9999	-9999	-9999	-9999
0070740412	2012	9	7	251	-9999	-9999	-9999	-9999	-9999
0070740412	2012	9	8	252	-9999	-9999	-9999	-9999	-9999
0070740412	2012	9	9	253	-9999	-9999	-9999	-9999	-9999
0070740412	2012	9	10	254	-9999	-9999	-9999	-9999	-9999
0070740412	2012	9	11	255	-9999	-9999	-9999	-9999	-9999
0070740412	2012	9	12	256	-9999	-9999	-9999	-9999	-9999
0070740412	2012	9	13	257	-9999	-9999	-9999	-9999	-9999
0070740412	2012	9	14	258	-9999	-9999	-9999	-9999	-9999
0070740412	2012	9	15	259	-9999	-9999	-9999	-9999	-9999
0070740412	2012	9	16	260	-9999	-9999	-9999	-9999	-9999
0070740412	2012	9	17	261	-9999	-9999	-9999	-9999	-9999
0070740412	2012	9	18	262	-9999	-9999	-9999	-9999	-9999
0070740412	2012	9	19	263	-9999	-9999	-9999	-9999	-9999
0070740412	2012	9	20	264	-9999	-9999	-9999	-9999	-9999
0070740412	2012	9	21	265	-9999	-9999	-9999	-9999	-9999
0070740412	2012	9	22	266	-9999	-9999	-9999	-9999	-9999
0070740412	2012	9	23	267	-9999	-9999	-9999	-9999	-9999
0070740412	2012	9	24	268	-9999	-9999	-9999	-9999	-9999
0070740412	2012	9	25	269	-9999	-9999	-9999	-9999	-9999
0070740412	2012	9	26	270	-9999	-9999	-9999	-9999	-9999
0070740412	2012	9	27	271	-9999	-9999	-9999	-9999	-9999
0070740412	2012	9	28	272	-9999	-9999	-9999	-9999	-9999
0070740412	2012	9	29	273	-9999	-9999	-9999	-9999	-9999
0070740412	2012	9	30	274	-9999	-9999	-9999	-9999	-9999
0070740412	2012	10	1	275	-9999	-9999	-9999	-9999	-9999
0070740412	2012	10	2	276	-9999	-9999	-9999	-9999	-9999
0070740412	2012	10	3	277	-9999	-9999	-9999	-9999	-9999
0070740412	2012	10	4	278	-9999	-9999	-9999	-9999	-9999
0070740412	2012	10	5	279	-9999	-9999	-9999	-9999	-9999
0070740412	2012	10	6	280	-9999	-9999	-9999	-9999	-9999
0070740412	2012	10	7	281	-9999	-9999	-9999	-9999	-9999
0070740412	2012	10	8	282	-9999	-9999	-9999	-9999	-9999
0070740412	2012	10	9	283	-9999	-9999	-9999	-9999	-9999
0070740412	2012	10	10	284	-9999	-9999	-9999	-9999	-9999
0070740412	2012	10	11	285	-9999	-9999	-9999	-9999	-9999
0070740412	2012	10	12	286	-9999	-9999	-9999	-9999	-9999
0070740412	2012	10	13	287	-9999	-9999	-9999	-9999	-9999
0070740412	2012	10	14	288	-9999	-9999	-9999	-9999	-9999
0070740412	2012	10	15	289	-9999	-9999	-9999	-9999	-9999
0070740412	2012	10	16	290	-9999	-9999	-9999	-9999	-9999
0070740412	2012	10	17	291	-9999	-9999	-9999	-9999	-9999
0070740412	2012	10	18	292	-9999	-9999	-9999	-9999	-9999
0070740412	2012	10	19	293	-9999	-9999	-9999	-9999	-9999
0070740412	2012	10	20	294	-9999	-9999	-9999	-9999	-9999
0070740412	2012	10	21	295	-9999	-9999	-9999	-9999	-9999
0070740412	2012	10	22	296	-9999	-9999	-9999	-9999	-9999
0070740412	2012	10	23	297	-9999	-9999	-9999	-9999	-9999
0070740412	2012	10	24	298	-9999	-9999	-9999	-9999	-9999
0070740412	2012	10	25	299	-9999	-9999	-9999	-9999	-9999
0070740412	2012	10	26	300	-9999	-9999	-9999	-9999	-9999
0070740412	2012	10	27	301	-9999	-9999	-9999	-9999	-9999
0070740412	2012	10	28	302	-9999	-9999	-9999	-9999	-9999
0070740412	2012	10	29	303	-9999	-9999	-9999	-9999	-9999
0070740412	2012	10	30	304	-9999	-9999	-9999	-9999	-9999
0070740412	2012	10	31	305	-9999	-9999	-9999	-9999	-9999
0070740412	2012	11	1	306	-9999	-9999	-9999	-9999	-9999
0070740412	2012	11	2	307	-9999	-9999	-9999	-9999	-9999
0070740412	2012	11	3	308	-9999	-9999	-9999	-9999	-9999
0070740412	2012	11	4	309	-9999	-9999	-9999	-9999	-9999
0070740412	2012	11	5	310	-9999	-9999	-9999	-9999	-9999
0070740412	2012	11	6	311	-9999	-9999	-9999	-9999	-9999
0070740412	2012	11	7	312	-9999	-9999	-9999	-9999	-9999
0070740412	2012	11	8	313	-9999	-9999	-9999	-9999	-9999
0070740412	2012	11	9	314	-9999	-9999	-9999	-9999	-9999
0070740412	2012	11	10	315	-9999	-9999	-9999	-9999	-9999
0070740412	2012	11	11	316	-9999	-9999	-9999	-9999	-9999
0070740412	2012	11	12	317	-9999	-9999	-9999	-9999	-9999
0070740412	2012	11	13	318	-9999	-9999	-9999	-9999	-9999
0070740412	2012	11	14	319	-9999	-9999	-9999	-9999	-9999
0070740412	2012	11	15	320	-9999	-9999	-9999	-9999	-9999
0070740412	2012	11	16	321	-9999	-9999	-9999	-9999	-9999
0070740412	2012	11	17	322	-9999	-9999	-9999	-9999	-9999
0070740412	2012	11	18	323	-9999	-9999	-9999	-9999	-9999
0070740412	2012	11	19	324	-9999	-9999	-9999	-9999	-9999
0070740412	2012	11	20	325	-9999	-9999	-9999	-9999	-9999
0070740412	2012	11	21	326	-9999	-9999	-9999	-9999	-9999
0070740412	2012	11	22	327	-9999	-9999	-9999	-9999	-9999
0070740412	2012	11	23	328	-9999	-9999	-9999	-9999	-9999
0070740412	2012	11	24	329	-9999	-9999	-9999	-9999	-9999
0070740412	2012	11	25	330	-9999	-9999	-9999	-9999	-9999
0070740412	2012	11	26	331	-9999	-9999	-9999	-9999	-9999
0070740412	2012	11	27	332	-9999	-9999	-9999	-9999	-9999
0070740412	2012	11	28	333	-9999	-9999	-9999	-9999	-9999
0070740412	2012	11	29	334	-9999	-9999	-9999	-9999	-9999
0070740412	2012	11	30	335	-9999	-9999	-9999	-9999	-9999
0070740412	2012	12	1	336	-9999	-9999	-9999	-9999	-9999
0070740412	2012	12	2	337	-9999	-9999	-9999	-9999	-9999
0070740412	2012	12	3	338	-9999	-9999	-9999	-9999	-9999
0070740412	2012	12	4	339	-9999	-9999	-9999	-9999	-9999
0070740412	2012	12	5	340	-9999	-9999	-9999	-9999	-9999
0070740412	2012	12	6	341	-9999	-9999	-9999	-9999	-9999
0070740412	2012	12	7	342	-9999	-9999	-9999	-9999	-9999
0070740412	2012	12	8	343	-9999	-9999	-9999	-9999	-9999
0070740412	2012	12	9	344	-9999	-9999	-9999	-9999	-9999
0070740412	2012	12	10	345	-9999	-9999	-9999	-9999	-9999
0070740412	2012	12	11	346	-9999	-9999	-9999	-9999	-9999
0070740412	2012	12	12	347	-9999	-9999	-9999	-9999	-9999
0070740412	2012	12	13	348	-9999	-9999	-9999	-9999	-9999
0070740412	2012	12	14	349	-9999	-9999	-9999	-9999	-9999
0070740412	2012	12	15	350	-9999	-9999	-9999	-9999	-9999
0070740412	2012	12	16	351	-9999	-9999	-9999	-9999	-9999
0070740412	2012	12	17	352	-9999	-9999	-9999	-9999	-9999
0070740412	2012	12	18	353	-9999	-9999	-9999	-9999	-9999
0070740412	2012	12	19	354	-9999	-9999	-9999	-9999	-9999
0070740412	2012	12	20	355	-9999	-9999	-9999	-9999	-9999
0070740412	2012	12	21	356	-9999	-9999	-9999	-9999	-9999
0070740412	2012	12	22	357	-9999	-9999	-9999	-9999	-9999
0070740412	2012	12	23	358	-9999	-9999	-9999	-9999	-9999
0070740412	2012	12	24	359	-9999	-9999	-9999	-9999	-9999
0070740412	2012	12	25	360	-9999	-9999	-9999	-9999	-9999
0070740412	2012	12	26	361	-9999	-9999	-9999	-9999	-9999
0070740412	2012	12	27	362	-9999	-9999	-9999	-9999	-9999
0070740412	2012	12	28	363	-9999	-9999	-9999	-9999	-9999
0070740412	2012	12	29	364	-9999	-9999	-9999	-9999	-9999
0070740412	2012	12	30	365	-9999	-9999	-9999	-9999	-9999
0070740412	2012	12	31	366	-9999	-9999	-9999	-9999	-9999
