stationID	Y	M	D	DOY	depth_24
0080061012	2010	1	1	1	-9999
0080061012	2010	1	2	2	-9999
0080061012	2010	1	3	3	-9999
0080061012	2010	1	4	4	-9999
0080061012	2010	1	5	5	-9999
0080061012	2010	1	6	6	-9999
0080061012	2010	1	7	7	-9999
0080061012	2010	1	8	8	-9999
0080061012	2010	1	9	9	-9999
0080061012	2010	1	10	10	-9999
0080061012	2010	1	11	11	-9999
0080061012	2010	1	12	12	-9999
0080061012	2010	1	13	13	-9999
0080061012	2010	1	14	14	-9999
0080061012	2010	1	15	15	-9999
0080061012	2010	1	16	16	-9999
0080061012	2010	1	17	17	-9999
0080061012	2010	1	18	18	-9999
0080061012	2010	1	19	19	-9999
0080061012	2010	1	20	20	-9999
0080061012	2010	1	21	21	-9999
0080061012	2010	1	22	22	-9999
0080061012	2010	1	23	23	-9999
0080061012	2010	1	24	24	-9999
0080061012	2010	1	25	25	-9999
0080061012	2010	1	26	26	-9999
0080061012	2010	1	27	27	-9999
0080061012	2010	1	28	28	-9999
0080061012	2010	1	29	29	-9999
0080061012	2010	1	30	30	-9999
0080061012	2010	1	31	31	-9999
0080061012	2010	2	1	32	-9999
0080061012	2010	2	2	33	-9999
0080061012	2010	2	3	34	-9999
0080061012	2010	2	4	35	-9999
0080061012	2010	2	5	36	-9999
0080061012	2010	2	6	37	-9999
0080061012	2010	2	7	38	-9999
0080061012	2010	2	8	39	-9999
0080061012	2010	2	9	40	-9999
0080061012	2010	2	10	41	-9999
0080061012	2010	2	11	42	-9999
0080061012	2010	2	12	43	-9999
0080061012	2010	2	13	44	-9999
0080061012	2010	2	14	45	-9999
0080061012	2010	2	15	46	-9999
0080061012	2010	2	16	47	-9999
0080061012	2010	2	17	48	-9999
0080061012	2010	2	18	49	-9999
0080061012	2010	2	19	50	-9999
0080061012	2010	2	20	51	-9999
0080061012	2010	2	21	52	-9999
0080061012	2010	2	22	53	-9999
0080061012	2010	2	23	54	-9999
0080061012	2010	2	24	55	-9999
0080061012	2010	2	25	56	-9999
0080061012	2010	2	26	57	-9999
0080061012	2010	2	27	58	-9999
0080061012	2010	2	28	59	-9999
0080061012	2010	3	1	60	-9999
0080061012	2010	3	2	61	-9999
0080061012	2010	3	3	62	-9999
0080061012	2010	3	4	63	-9999
0080061012	2010	3	5	64	-9999
0080061012	2010	3	6	65	-9999
0080061012	2010	3	7	66	-9999
0080061012	2010	3	8	67	-9999
0080061012	2010	3	9	68	-9999
0080061012	2010	3	10	69	-9999
0080061012	2010	3	11	70	-9999
0080061012	2010	3	12	71	-9999
0080061012	2010	3	13	72	-9999
0080061012	2010	3	14	73	-9999
0080061012	2010	3	15	74	-9999
0080061012	2010	3	16	75	-9999
0080061012	2010	3	17	76	-9999
0080061012	2010	3	18	77	-9999
0080061012	2010	3	19	78	-9999
0080061012	2010	3	20	79	-9999
0080061012	2010	3	21	80	-9999
0080061012	2010	3	22	81	-9999
0080061012	2010	3	23	82	-9999
0080061012	2010	3	24	83	-9999
0080061012	2010	3	25	84	-9999
0080061012	2010	3	26	85	-9999
0080061012	2010	3	27	86	-9999
0080061012	2010	3	28	87	-9999
0080061012	2010	3	29	88	-9999
0080061012	2010	3	30	89	-9999
0080061012	2010	3	31	90	-9999
0080061012	2010	4	1	91	-9999
0080061012	2010	4	2	92	-9999
0080061012	2010	4	3	93	-9999
0080061012	2010	4	4	94	-9999
0080061012	2010	4	5	95	-9999
0080061012	2010	4	6	96	-9999
0080061012	2010	4	7	97	-9999
0080061012	2010	4	8	98	-9999
0080061012	2010	4	9	99	-9999
0080061012	2010	4	10	100	-9999
0080061012	2010	4	11	101	-9999
0080061012	2010	4	12	102	-9999
0080061012	2010	4	13	103	-9999
0080061012	2010	4	14	104	-9999
0080061012	2010	4	15	105	-9999
0080061012	2010	4	16	106	-9999
0080061012	2010	4	17	107	-9999
0080061012	2010	4	18	108	-9999
0080061012	2010	4	19	109	-9999
0080061012	2010	4	20	110	-9999
0080061012	2010	4	21	111	-9999
0080061012	2010	4	22	112	-9999
0080061012	2010	4	23	113	-9999
0080061012	2010	4	24	114	-9999
0080061012	2010	4	25	115	-9999
0080061012	2010	4	26	116	-9999
0080061012	2010	4	27	117	-9999
0080061012	2010	4	28	118	-9999
0080061012	2010	4	29	119	-9999
0080061012	2010	4	30	120	-9999
0080061012	2010	5	1	121	-9999
0080061012	2010	5	2	122	-9999
0080061012	2010	5	3	123	-9999
0080061012	2010	5	4	124	-9999
0080061012	2010	5	5	125	-9999
0080061012	2010	5	6	126	-9999
0080061012	2010	5	7	127	-9999
0080061012	2010	5	8	128	-9999
0080061012	2010	5	9	129	-9999
0080061012	2010	5	10	130	-9999
0080061012	2010	5	11	131	-9999
0080061012	2010	5	12	132	-9999
0080061012	2010	5	13	133	-9999
0080061012	2010	5	14	134	-9999
0080061012	2010	5	15	135	-9999
0080061012	2010	5	16	136	-9999
0080061012	2010	5	17	137	-9999
0080061012	2010	5	18	138	-9999
0080061012	2010	5	19	139	-9999
0080061012	2010	5	20	140	-9999
0080061012	2010	5	21	141	-9999
0080061012	2010	5	22	142	-9999
0080061012	2010	5	23	143	-9999
0080061012	2010	5	24	144	-9999
0080061012	2010	5	25	145	-9999
0080061012	2010	5	26	146	-9999
0080061012	2010	5	27	147	-9999
0080061012	2010	5	28	148	-9999
0080061012	2010	5	29	149	-9999
0080061012	2010	5	30	150	-9999
0080061012	2010	5	31	151	-9999
0080061012	2010	6	1	152	-9999
0080061012	2010	6	2	153	-9999
0080061012	2010	6	3	154	-9999
0080061012	2010	6	4	155	-9999
0080061012	2010	6	5	156	-9999
0080061012	2010	6	6	157	-9999
0080061012	2010	6	7	158	-9999
0080061012	2010	6	8	159	-9999
0080061012	2010	6	9	160	-9999
0080061012	2010	6	10	161	-9999
0080061012	2010	6	11	162	-9999
0080061012	2010	6	12	163	-9999
0080061012	2010	6	13	164	-9999
0080061012	2010	6	14	165	-9999
0080061012	2010	6	15	166	-9999
0080061012	2010	6	16	167	-9999
0080061012	2010	6	17	168	-9999
0080061012	2010	6	18	169	-9999
0080061012	2010	6	19	170	-9999
0080061012	2010	6	20	171	-9999
0080061012	2010	6	21	172	-9999
0080061012	2010	6	22	173	-9999
0080061012	2010	6	23	174	-9999
0080061012	2010	6	24	175	-9999
0080061012	2010	6	25	176	-9999
0080061012	2010	6	26	177	-9999
0080061012	2010	6	27	178	-9999
0080061012	2010	6	28	179	-9999
0080061012	2010	6	29	180	-9999
0080061012	2010	6	30	181	-9999
0080061012	2010	7	1	182	-9999
0080061012	2010	7	2	183	-9999
0080061012	2010	7	3	184	-9999
0080061012	2010	7	4	185	-9999
0080061012	2010	7	5	186	-9999
0080061012	2010	7	6	187	-9999
0080061012	2010	7	7	188	-9999
0080061012	2010	7	8	189	-9999
0080061012	2010	7	9	190	-9999
0080061012	2010	7	10	191	-9999
0080061012	2010	7	11	192	-9999
0080061012	2010	7	12	193	-9999
0080061012	2010	7	13	194	-9999
0080061012	2010	7	14	195	-9999
0080061012	2010	7	15	196	-9999
0080061012	2010	7	16	197	-9999
0080061012	2010	7	17	198	-9999
0080061012	2010	7	18	199	-9999
0080061012	2010	7	19	200	-9999
0080061012	2010	7	20	201	-9999
0080061012	2010	7	21	202	-9999
0080061012	2010	7	22	203	-9999
0080061012	2010	7	23	204	-9999
0080061012	2010	7	24	205	-9999
0080061012	2010	7	25	206	-9999
0080061012	2010	7	26	207	-9999
0080061012	2010	7	27	208	-9999
0080061012	2010	7	28	209	-9999
0080061012	2010	7	29	210	-9999
0080061012	2010	7	30	211	-9999
0080061012	2010	7	31	212	-9999
0080061012	2010	8	1	213	-9999
0080061012	2010	8	2	214	-9999
0080061012	2010	8	3	215	-9999
0080061012	2010	8	4	216	-9999
0080061012	2010	8	5	217	-9999
0080061012	2010	8	6	218	-9999
0080061012	2010	8	7	219	-9999
0080061012	2010	8	8	220	-9999
0080061012	2010	8	9	221	-9999
0080061012	2010	8	10	222	-9999
0080061012	2010	8	11	223	-9999
0080061012	2010	8	12	224	-9999
0080061012	2010	8	13	225	-9999
0080061012	2010	8	14	226	-9999
0080061012	2010	8	15	227	-9999
0080061012	2010	8	16	228	-9999
0080061012	2010	8	17	229	-9999
0080061012	2010	8	18	230	-9999
0080061012	2010	8	19	231	-9999
0080061012	2010	8	20	232	-9999
0080061012	2010	8	21	233	-9999
0080061012	2010	8	22	234	-9999
0080061012	2010	8	23	235	-9999
0080061012	2010	8	24	236	-9999
0080061012	2010	8	25	237	-9999
0080061012	2010	8	26	238	-9999
0080061012	2010	8	27	239	-9999
0080061012	2010	8	28	240	-9999
0080061012	2010	8	29	241	-9999
0080061012	2010	8	30	242	-9999
0080061012	2010	8	31	243	-9999
0080061012	2010	9	1	244	-9999
0080061012	2010	9	2	245	-9999
0080061012	2010	9	3	246	-9999
0080061012	2010	9	4	247	-9999
0080061012	2010	9	5	248	-9999
0080061012	2010	9	6	249	-9999
0080061012	2010	9	7	250	-9999
0080061012	2010	9	8	251	-9999
0080061012	2010	9	9	252	-9999
0080061012	2010	9	10	253	-9999
0080061012	2010	9	11	254	-9999
0080061012	2010	9	12	255	-9999
0080061012	2010	9	13	256	-9999
0080061012	2010	9	14	257	-9999
0080061012	2010	9	15	258	-9999
0080061012	2010	9	16	259	-9999
0080061012	2010	9	17	260	-9999
0080061012	2010	9	18	261	-9999
0080061012	2010	9	19	262	-9999
0080061012	2010	9	20	263	-9999
0080061012	2010	9	21	264	-9999
0080061012	2010	9	22	265	-9999
0080061012	2010	9	23	266	-9999
0080061012	2010	9	24	267	-9999
0080061012	2010	9	25	268	-9999
0080061012	2010	9	26	269	-9999
0080061012	2010	9	27	270	-9999
0080061012	2010	9	28	271	-9999
0080061012	2010	9	29	272	-9999
0080061012	2010	9	30	273	-9999
0080061012	2010	10	1	274	-9999
0080061012	2010	10	2	275	-9999
0080061012	2010	10	3	276	-9999
0080061012	2010	10	4	277	-9999
0080061012	2010	10	5	278	-9999
0080061012	2010	10	6	279	-9999
0080061012	2010	10	7	280	-9999
0080061012	2010	10	8	281	-9999
0080061012	2010	10	9	282	-9999
0080061012	2010	10	10	283	-9999
0080061012	2010	10	11	284	-9999
0080061012	2010	10	12	285	-9999
0080061012	2010	10	13	286	-9999
0080061012	2010	10	14	287	-9999
0080061012	2010	10	15	288	-9999
0080061012	2010	10	16	289	-9999
0080061012	2010	10	17	290	-9999
0080061012	2010	10	18	291	-9999
0080061012	2010	10	19	292	-9999
0080061012	2010	10	20	293	-9999
0080061012	2010	10	21	294	-9999
0080061012	2010	10	22	295	-9999
0080061012	2010	10	23	296	-9999
0080061012	2010	10	24	297	-9999
0080061012	2010	10	25	298	-9999
0080061012	2010	10	26	299	-9999
0080061012	2010	10	27	300	-9999
0080061012	2010	10	28	301	-9999
0080061012	2010	10	29	302	-9999
0080061012	2010	10	30	303	-9999
0080061012	2010	10	31	304	-9999
0080061012	2010	11	1	305	-9999
0080061012	2010	11	2	306	-9999
0080061012	2010	11	3	307	-9999
0080061012	2010	11	4	308	-9999
0080061012	2010	11	5	309	-9999
0080061012	2010	11	6	310	-9999
0080061012	2010	11	7	311	-9999
0080061012	2010	11	8	312	-9999
0080061012	2010	11	9	313	-9999
0080061012	2010	11	10	314	-9999
0080061012	2010	11	11	315	-9999
0080061012	2010	11	12	316	-9999
0080061012	2010	11	13	317	-9999
0080061012	2010	11	14	318	-9999
0080061012	2010	11	15	319	-9999
0080061012	2010	11	16	320	-9999
0080061012	2010	11	17	321	-9999
0080061012	2010	11	18	322	-9999
0080061012	2010	11	19	323	-9999
0080061012	2010	11	20	324	-9999
0080061012	2010	11	21	325	-9999
0080061012	2010	11	22	326	-9999
0080061012	2010	11	23	327	-9999
0080061012	2010	11	24	328	-9999
0080061012	2010	11	25	329	-9999
0080061012	2010	11	26	330	-9999
0080061012	2010	11	27	331	-9999
0080061012	2010	11	28	332	-9999
0080061012	2010	11	29	333	-9999
0080061012	2010	11	30	334	-9999
0080061012	2010	12	1	335	-9999
0080061012	2010	12	2	336	-9999
0080061012	2010	12	3	337	-9999
0080061012	2010	12	4	338	-9999
0080061012	2010	12	5	339	0.069786
0080061012	2010	12	6	340	0.069786
0080061012	2010	12	7	341	0.069786
0080061012	2010	12	8	342	0.069786
0080061012	2010	12	9	343	0.069786
0080061012	2010	12	10	344	0.069786
0080061012	2010	12	11	345	0.069786
0080061012	2010	12	12	346	0.069786
0080061012	2010	12	13	347	0.069786
0080061012	2010	12	14	348	0.069786
0080061012	2010	12	15	349	0.067167
0080061012	2010	12	16	350	0.084737
0080061012	2010	12	17	351	0.11388
0080061012	2010	12	18	352	0.1265
0080061012	2010	12	19	353	0.1456
0080061012	2010	12	20	354	0.1445
0080061012	2010	12	21	355	0.12333
0080061012	2010	12	22	356	0.13495
0080061012	2010	12	23	357	0.13367
0080061012	2010	12	24	358	0.13709
0080061012	2010	12	25	359	0.12745
0080061012	2010	12	26	360	0.12096
0080061012	2010	12	27	361	0.11955
0080061012	2010	12	28	362	0.11862
0080061012	2010	12	29	363	0.11905
0080061012	2010	12	30	364	0.15673
0080061012	2010	12	31	365	0.16262
0080061012	2011	1	1	1	0.15986
0080061012	2011	1	2	2	0.14938
0080061012	2011	1	3	3	0.14533
0080061012	2011	1	4	4	0.14771
0080061012	2011	1	5	5	0.14708
0080061012	2011	1	6	6	0.13842
0080061012	2011	1	7	7	0.13754
0080061012	2011	1	8	8	0.13988
0080061012	2011	1	9	9	0.14388
0080061012	2011	1	10	10	0.1445
0080061012	2011	1	11	11	0.13425
0080061012	2011	1	12	12	0.13646
0080061012	2011	1	13	13	0.13554
0080061012	2011	1	14	14	0.14332
0080061012	2011	1	15	15	0.135
0080061012	2011	1	16	16	0.139
0080061012	2011	1	17	17	0.14954
0080061012	2011	1	18	18	0.14146
0080061012	2011	1	19	19	0.1401
0080061012	2011	1	20	20	0.13973
0080061012	2011	1	21	21	0.14075
0080061012	2011	1	22	22	0.14333
0080061012	2011	1	23	23	0.13591
0080061012	2011	1	24	24	0.13671
0080061012	2011	1	25	25	0.1335
0080061012	2011	1	26	26	0.13804
0080061012	2011	1	27	27	0.13637
0080061012	2011	1	28	28	0.13717
0080061012	2011	1	29	29	0.137
0080061012	2011	1	30	30	0.13288
0080061012	2011	1	31	31	0.13833
0080061012	2011	2	1	32	0.14262
0080061012	2011	2	2	33	0.13348
0080061012	2011	2	3	34	0.12917
0080061012	2011	2	4	35	0.13035
0080061012	2011	2	5	36	0.13545
0080061012	2011	2	6	37	0.13442
0080061012	2011	2	7	38	0.13661
0080061012	2011	2	8	39	0.14423
0080061012	2011	2	9	40	0.13812
0080061012	2011	2	10	41	0.1343
0080061012	2011	2	11	42	0.13483
0080061012	2011	2	12	43	0.13233
0080061012	2011	2	13	44	0.13617
0080061012	2011	2	14	45	0.1387
0080061012	2011	2	15	46	0.13655
0080061012	2011	2	16	47	0.13926
0080061012	2011	2	17	48	0.14852
0080061012	2011	2	18	49	0.13582
0080061012	2011	2	19	50	0.14157
0080061012	2011	2	20	51	0.14367
0080061012	2011	2	21	52	0.13835
0080061012	2011	2	22	53	0.13275
0080061012	2011	2	23	54	0.13283
0080061012	2011	2	24	55	0.13433
0080061012	2011	2	25	56	0.13692
0080061012	2011	2	26	57	0.13492
0080061012	2011	2	27	58	0.13533
0080061012	2011	2	28	59	0.13646
0080061012	2011	3	1	60	0.13067
0080061012	2011	3	2	61	0.13308
0080061012	2011	3	3	62	0.13558
0080061012	2011	3	4	63	0.13187
0080061012	2011	3	5	64	0.12552
0080061012	2011	3	6	65	0.12787
0080061012	2011	3	7	66	0.1385
0080061012	2011	3	8	67	0.15204
0080061012	2011	3	9	68	0.14279
0080061012	2011	3	10	69	0.13755
0080061012	2011	3	11	70	0.1335
0080061012	2011	3	12	71	0.13045
0080061012	2011	3	13	72	0.13241
0080061012	2011	3	14	73	0.12595
0080061012	2011	3	15	74	0.12627
0080061012	2011	3	16	75	0.12514
0080061012	2011	3	17	76	0.11857
0080061012	2011	3	18	77	0.12192
0080061012	2011	3	19	78	0.11791
0080061012	2011	3	20	79	0.11113
0080061012	2011	3	21	80	0.10917
0080061012	2011	3	22	81	0.1142
0080061012	2011	3	23	82	0.11217
0080061012	2011	3	24	83	0.10818
0080061012	2011	3	25	84	0.10877
0080061012	2011	3	26	85	0.11217
0080061012	2011	3	27	86	0.1162
0080061012	2011	3	28	87	0.10922
0080061012	2011	3	29	88	0.10555
0080061012	2011	3	30	89	0.10216
0080061012	2011	3	31	90	0.1019
0080061012	2011	4	1	91	0.099522
0080061012	2011	4	2	92	0.097048
0080061012	2011	4	3	93	0.10185
0080061012	2011	4	4	94	0.089455
0080061012	2011	4	5	95	0.084227
0080061012	2011	4	6	96	0.09165
0080061012	2011	4	7	97	0.10754
0080061012	2011	4	8	98	0.10665
0080061012	2011	4	9	99	0.10183
0080061012	2011	4	10	100	0.10164
0080061012	2011	4	11	101	0.0946
0080061012	2011	4	12	102	0.088417
0080061012	2011	4	13	103	0.089364
0080061012	2011	4	14	104	0.094042
0080061012	2011	4	15	105	0.088917
0080061012	2011	4	16	106	0.089083
0080061012	2011	4	17	107	0.088045
0080061012	2011	4	18	108	0.088333
0080061012	2011	4	19	109	0.091833
0080061012	2011	4	20	110	0.085333
0080061012	2011	4	21	111	0.080208
0080061012	2011	4	22	112	0.081875
0080061012	2011	4	23	113	0.079227
0080061012	2011	4	24	114	0.090045
0080061012	2011	4	25	115	0.10391
0080061012	2011	4	26	116	0.10405
0080061012	2011	4	27	117	0.10142
0080061012	2011	4	28	118	0.0895
0080061012	2011	4	29	119	0.09
0080061012	2011	4	30	120	0.086542
0080061012	2011	5	1	121	0.093045
0080061012	2011	5	2	122	0.11917
0080061012	2011	5	3	123	0.10596
0080061012	2011	5	4	124	0.095917
0080061012	2011	5	5	125	0.088955
0080061012	2011	5	6	126	0.08525
0080061012	2011	5	7	127	0.0805
0080061012	2011	5	8	128	0.078727
0080061012	2011	5	9	129	0.076682
0080061012	2011	5	10	130	0.080333
0080061012	2011	5	11	131	0.078043
0080061012	2011	5	12	132	0.07635
0080061012	2011	5	13	133	0.075773
0080061012	2011	5	14	134	0.072864
0080061012	2011	5	15	135	0.068053
0080061012	2011	5	16	136	0.06715
0080061012	2011	5	17	137	0.064389
0080061012	2011	5	18	138	0.06655
0080061012	2011	5	19	139	0.07525
0080061012	2011	5	20	140	0.080682
0080061012	2011	5	21	141	0.07695
0080061012	2011	5	22	142	0.0704
0080061012	2011	5	23	143	0.068053
0080061012	2011	5	24	144	0.06855
0080061012	2011	5	25	145	0.064857
0080061012	2011	5	26	146	0.063333
0080061012	2011	5	27	147	0.059789
0080061012	2011	5	28	148	0.060714
0080061012	2011	5	29	149	0.0565
0080061012	2011	5	30	150	0.055083
0080061012	2011	5	31	151	0.047773
0080061012	2011	6	1	152	0.056136
0080061012	2011	6	2	153	0.050917
0080061012	2011	6	3	154	0.048857
0080061012	2011	6	4	155	0.04745
0080061012	2011	6	5	156	0.050955
0080061012	2011	6	6	157	0.05045
0080061012	2011	6	7	158	0.045083
0080061012	2011	6	8	159	0.041864
0080061012	2011	6	9	160	0.041708
0080061012	2011	6	10	161	0.04275
0080061012	2011	6	11	162	0.045409
0080061012	2011	6	12	163	0.039917
0080061012	2011	6	13	164	0.038167
0080061012	2011	6	14	165	0.041
0080061012	2011	6	15	166	0.0399
0080061012	2011	6	16	167	0.038
0080061012	2011	6	17	168	0.036792
0080061012	2011	6	18	169	0.03765
0080061012	2011	6	19	170	0.037182
0080061012	2011	6	20	171	0.041545
0080061012	2011	6	21	172	0.039875
0080061012	2011	6	22	173	0.03845
0080061012	2011	6	23	174	0.034125
0080061012	2011	6	24	175	0.035045
0080061012	2011	6	25	176	0.034381
0080061012	2011	6	26	177	0.03505
0080061012	2011	6	27	178	0.03513
0080061012	2011	6	28	179	0.038364
0080061012	2011	6	29	180	0.038091
0080061012	2011	6	30	181	0.039542
0080061012	2011	7	1	182	0.036842
0080061012	2011	7	2	183	0.039167
0080061012	2011	7	3	184	0.043
0080061012	2011	7	4	185	0.0439
0080061012	2011	7	5	186	0.043125
0080061012	2011	7	6	187	0.041727
0080061012	2011	7	7	188	0.04
0080061012	2011	7	8	189	0.039045
0080061012	2011	7	9	190	0.038
0080061012	2011	7	10	191	0.039529
0080061012	2011	7	11	192	0.04805
0080061012	2011	7	12	193	0.058227
0080061012	2011	7	13	194	0.051647
0080061012	2011	7	14	195	0.051083
0080061012	2011	7	15	196	0.044909
0080061012	2011	7	16	197	0.0432
0080061012	2011	7	17	198	0.0455
0080061012	2011	7	18	199	0.04765
0080061012	2011	7	19	200	0.043864
0080061012	2011	7	20	201	0.043217
0080061012	2011	7	21	202	0.046458
0080061012	2011	7	22	203	0.0569
0080061012	2011	7	23	204	0.061125
0080061012	2011	7	24	205	0.060842
0080061012	2011	7	25	206	0.073136
0080061012	2011	7	26	207	0.076227
0080061012	2011	7	27	208	0.082
0080061012	2011	7	28	209	0.077833
0080061012	2011	7	29	210	0.078471
0080061012	2011	7	30	211	0.098333
0080061012	2011	7	31	212	0.10229
0080061012	2011	8	1	213	0.096043
0080061012	2011	8	2	214	0.09075
0080061012	2011	8	3	215	0.094304
0080061012	2011	8	4	216	0.101
0080061012	2011	8	5	217	0.096261
0080061012	2011	8	6	218	0.097864
0080061012	2011	8	7	219	0.08645
0080061012	2011	8	8	220	0.073739
0080061012	2011	8	9	221	0.067556
0080061012	2011	8	10	222	0.073333
0080061012	2011	8	11	223	0.077474
0080061012	2011	8	12	224	0.079579
0080061012	2011	8	13	225	0.078905
0080061012	2011	8	14	226	0.081875
0080061012	2011	8	15	227	0.076875
0080061012	2011	8	16	228	0.070471
0080061012	2011	8	17	229	0.076833
0080061012	2011	8	18	230	0.0811
0080061012	2011	8	19	231	0.080235
0080061012	2011	8	20	232	0.091542
0080061012	2011	8	21	233	0.09875
0080061012	2011	8	22	234	0.10481
0080061012	2011	8	23	235	0.095909
0080061012	2011	8	24	236	0.090579
0080061012	2011	8	25	237	0.091857
0080061012	2011	8	26	238	0.0864
0080061012	2011	8	27	239	0.087895
0080061012	2011	8	28	240	0.090824
0080061012	2011	8	29	241	0.0885
0080061012	2011	8	30	242	0.080278
0080061012	2011	8	31	243	0.072091
0080061012	2011	9	1	244	0.07519
0080061012	2011	9	2	245	0.074562
0080061012	2011	9	3	246	0.066333
0080061012	2011	9	4	247	0.080647
0080061012	2011	9	5	248	0.0894
0080061012	2011	9	6	249	0.08325
0080061012	2011	9	7	250	0.078875
0080061012	2011	9	8	251	0.0743
0080061012	2011	9	9	252	0.07875
0080061012	2011	9	10	253	0.1035
0080061012	2011	9	11	254	0.097333
0080061012	2011	9	12	255	0.1014
0080061012	2011	9	13	256	0.096312
0080061012	2011	9	14	257	0.098846
0080061012	2011	9	15	258	0.10431
0080061012	2011	9	16	259	0.10708
0080061012	2011	9	17	260	0.0997
0080061012	2011	9	18	261	0.10023
0080061012	2011	9	19	262	0.094
0080061012	2011	9	20	263	0.087167
0080061012	2011	9	21	264	0.0848
0080061012	2011	9	22	265	0.08
0080061012	2011	9	23	266	0.077833
0080061012	2011	9	24	267	0.073333
0080061012	2011	9	25	268	0.0693
0080061012	2011	9	26	269	0.070125
0080061012	2011	9	27	270	0.072375
0080061012	2011	9	28	271	0.071786
0080061012	2011	9	29	272	0.066455
0080061012	2011	9	30	273	0.073286
0080061012	2011	10	1	274	0.068368
0080061012	2011	10	2	275	0.065
0080061012	2011	10	3	276	0.092529
0080061012	2011	10	4	277	0.096
0080061012	2011	10	5	278	0.10945
0080061012	2011	10	6	279	0.10611
0080061012	2011	10	7	280	0.1
0080061012	2011	10	8	281	0.1105
0080061012	2011	10	9	282	0.10577
0080061012	2011	10	10	283	0.098579
0080061012	2011	10	11	284	0.089263
0080061012	2011	10	12	285	0.086591
0080061012	2011	10	13	286	0.088765
0080061012	2011	10	14	287	0.092045
0080061012	2011	10	15	288	0.090217
0080061012	2011	10	16	289	0.086368
0080061012	2011	10	17	290	0.087682
0080061012	2011	10	18	291	0.082048
0080061012	2011	10	19	292	0.076588
0080061012	2011	10	20	293	0.07919
0080061012	2011	10	21	294	0.078304
0080061012	2011	10	22	295	0.074813
0080061012	2011	10	23	296	0.075833
0080061012	2011	10	24	297	0.072318
0080061012	2011	10	25	298	0.079889
0080061012	2011	10	26	299	0.090591
0080061012	2011	10	27	300	0.12059
0080061012	2011	10	28	301	0.11064
0080061012	2011	10	29	302	0.09525
0080061012	2011	10	30	303	0.09381
0080061012	2011	10	31	304	0.093391
0080061012	2011	11	1	305	0.08995
0080061012	2011	11	2	306	0.093762
0080061012	2011	11	3	307	0.084435
0080061012	2011	11	4	308	0.085667
0080061012	2011	11	5	309	0.095958
0080061012	2011	11	6	310	0.097682
0080061012	2011	11	7	311	0.10573
0080061012	2011	11	8	312	0.1035
0080061012	2011	11	9	313	0.10204
0080061012	2011	11	10	314	0.10091
0080061012	2011	11	11	315	0.10342
0080061012	2011	11	12	316	0.10367
0080061012	2011	11	13	317	0.12032
0080061012	2011	11	14	318	0.15064
0080061012	2011	11	15	319	0.1385
0080061012	2011	11	16	320	0.12909
0080061012	2011	11	17	321	0.12276
0080061012	2011	11	18	322	0.12125
0080061012	2011	11	19	323	0.11923
0080061012	2011	11	20	324	0.12118
0080061012	2011	11	21	325	0.12292
0080061012	2011	11	22	326	0.12133
0080061012	2011	11	23	327	0.117
0080061012	2011	11	24	328	0.11418
0080061012	2011	11	25	329	0.14335
0080061012	2011	11	26	330	0.14117
0080061012	2011	11	27	331	0.12559
0080061012	2011	11	28	332	0.12417
0080061012	2011	11	29	333	0.12425
0080061012	2011	11	30	334	0.12053
0080061012	2011	12	1	335	0.12579
0080061012	2011	12	2	336	0.12859
0080061012	2011	12	3	337	0.1312
0080061012	2011	12	4	338	0.14275
0080061012	2011	12	5	339	0.15483
0080061012	2011	12	6	340	0.1529
0080061012	2011	12	7	341	0.14156
0080061012	2011	12	8	342	0.14771
0080061012	2011	12	9	343	0.14563
0080061012	2011	12	10	344	0.14346
0080061012	2011	12	11	345	0.14742
0080061012	2011	12	12	346	0.14659
0080061012	2011	12	13	347	0.17114
0080061012	2011	12	14	348	0.17271
0080061012	2011	12	15	349	0.1675
0080061012	2011	12	16	350	0.16185
0080061012	2011	12	17	351	0.15704
0080061012	2011	12	18	352	0.168
0080061012	2011	12	19	353	0.17341
0080061012	2011	12	20	354	0.16367
0080061012	2011	12	21	355	0.16205
0080061012	2011	12	22	356	0.1535
0080061012	2011	12	23	357	0.17375
0080061012	2011	12	24	358	0.16184
0080061012	2011	12	25	359	0.16188
0080061012	2011	12	26	360	0.16358
0080061012	2011	12	27	361	0.15695
0080061012	2011	12	28	362	0.16575
0080061012	2011	12	29	363	0.169
0080061012	2011	12	30	364	0.16695
0080061012	2011	12	31	365	0.15829
0080061012	2012	1	1	1	0.14895
0080061012	2012	1	2	2	0.15448
0080061012	2012	1	3	3	0.14836
0080061012	2012	1	4	4	0.149
0080061012	2012	1	5	5	0.14873
0080061012	2012	1	6	6	0.15168
0080061012	2012	1	7	7	0.1489
0080061012	2012	1	8	8	0.15292
0080061012	2012	1	9	9	0.1475
0080061012	2012	1	10	10	0.151
0080061012	2012	1	11	11	0.15125
0080061012	2012	1	12	12	0.14377
0080061012	2012	1	13	13	0.1416
0080061012	2012	1	14	14	0.14471
0080061012	2012	1	15	15	0.15036
0080061012	2012	1	16	16	0.18217
0080061012	2012	1	17	17	0.17492
0080061012	2012	1	18	18	0.168
0080061012	2012	1	19	19	0.16423
0080061012	2012	1	20	20	0.15808
0080061012	2012	1	21	21	0.15509
0080061012	2012	1	22	22	0.16575
0080061012	2012	1	23	23	0.16183
0080061012	2012	1	24	24	0.16655
0080061012	2012	1	25	25	0.16371
0080061012	2012	1	26	26	0.16464
0080061012	2012	1	27	27	0.17225
0080061012	2012	1	28	28	0.16025
0080061012	2012	1	29	29	0.15927
0080061012	2012	1	30	30	0.16671
0080061012	2012	1	31	31	0.16742
0080061012	2012	2	1	32	0.17541
0080061012	2012	2	2	33	0.17483
0080061012	2012	2	3	34	0.17441
0080061012	2012	2	4	35	0.17472
0080061012	2012	2	5	36	0.17762
0080061012	2012	2	6	37	0.17727
0080061012	2012	2	7	38	0.17119
0080061012	2012	2	8	39	0.16387
0080061012	2012	2	9	40	0.17673
0080061012	2012	2	10	41	0.17105
0080061012	2012	2	11	42	0.16887
0080061012	2012	2	12	43	0.17508
0080061012	2012	2	13	44	0.178895
0080061012	2012	2	14	45	0.18271
0080061012	2012	2	15	46	0.18404
0080061012	2012	2	16	47	0.17938
0080061012	2012	2	17	48	0.18087
0080061012	2012	2	18	49	0.17671
0080061012	2012	2	19	50	0.17146
0080061012	2012	2	20	51	0.18254
0080061012	2012	2	21	52	0.16884
0080061012	2012	2	22	53	0.17591
0080061012	2012	2	23	54	0.17695
0080061012	2012	2	24	55	0.16129
0080061012	2012	2	25	56	0.16212
0080061012	2012	2	26	57	0.16342
0080061012	2012	2	27	58	0.175
0080061012	2012	2	28	59	0.17737
0080061012	2012	2	29	60	0.16922
0080061012	2012	3	1	61	0.17445
0080061012	2012	3	2	62	0.17487
0080061012	2012	3	3	63	0.17809
0080061012	2012	3	4	64	0.17329
0080061012	2012	3	5	65	0.17021
0080061012	2012	3	6	66	0.16694
0080061012	2012	3	7	67	0.17053
0080061012	2012	3	8	68	0.16657
0080061012	2012	3	9	69	0.16657
0080061012	2012	3	10	70	-9999
0080061012	2012	3	11	71	-9999
0080061012	2012	3	12	72	-9999
0080061012	2012	3	13	73	-9999
0080061012	2012	3	14	74	-9999
0080061012	2012	3	15	75	-9999
0080061012	2012	3	16	76	-9999
0080061012	2012	3	17	77	-9999
0080061012	2012	3	18	78	-9999
0080061012	2012	3	19	79	-9999
0080061012	2012	3	20	80	-9999
0080061012	2012	3	21	81	-9999
0080061012	2012	3	22	82	-9999
0080061012	2012	3	23	83	-9999
0080061012	2012	3	24	84	-9999
0080061012	2012	3	25	85	-9999
0080061012	2012	3	26	86	-9999
0080061012	2012	3	27	87	-9999
0080061012	2012	3	28	88	-9999
0080061012	2012	3	29	89	-9999
0080061012	2012	3	30	90	-9999
0080061012	2012	3	31	91	-9999
0080061012	2012	4	1	92	-9999
0080061012	2012	4	2	93	-9999
0080061012	2012	4	3	94	-9999
0080061012	2012	4	4	95	-9999
0080061012	2012	4	5	96	-9999
0080061012	2012	4	6	97	-9999
0080061012	2012	4	7	98	-9999
0080061012	2012	4	8	99	-9999
0080061012	2012	4	9	100	-9999
0080061012	2012	4	10	101	-9999
0080061012	2012	4	11	102	-9999
0080061012	2012	4	12	103	-9999
0080061012	2012	4	13	104	-9999
0080061012	2012	4	14	105	-9999
0080061012	2012	4	15	106	-9999
0080061012	2012	4	16	107	-9999
0080061012	2012	4	17	108	-9999
0080061012	2012	4	18	109	-9999
0080061012	2012	4	19	110	-9999
0080061012	2012	4	20	111	-9999
0080061012	2012	4	21	112	-9999
0080061012	2012	4	22	113	-9999
0080061012	2012	4	23	114	-9999
0080061012	2012	4	24	115	-9999
0080061012	2012	4	25	116	-9999
0080061012	2012	4	26	117	-9999
0080061012	2012	4	27	118	-9999
0080061012	2012	4	28	119	-9999
0080061012	2012	4	29	120	-9999
0080061012	2012	4	30	121	-9999
0080061012	2012	5	1	122	-9999
0080061012	2012	5	2	123	-9999
0080061012	2012	5	3	124	-9999
0080061012	2012	5	4	125	-9999
0080061012	2012	5	5	126	-9999
0080061012	2012	5	6	127	-9999
0080061012	2012	5	7	128	-9999
0080061012	2012	5	8	129	-9999
0080061012	2012	5	9	130	-9999
0080061012	2012	5	10	131	-9999
0080061012	2012	5	11	132	-9999
0080061012	2012	5	12	133	-9999
0080061012	2012	5	13	134	-9999
0080061012	2012	5	14	135	-9999
0080061012	2012	5	15	136	-9999
0080061012	2012	5	16	137	-9999
0080061012	2012	5	17	138	-9999
0080061012	2012	5	18	139	-9999
0080061012	2012	5	19	140	-9999
0080061012	2012	5	20	141	-9999
0080061012	2012	5	21	142	-9999
0080061012	2012	5	22	143	-9999
0080061012	2012	5	23	144	-9999
0080061012	2012	5	24	145	-9999
0080061012	2012	5	25	146	-9999
0080061012	2012	5	26	147	-9999
0080061012	2012	5	27	148	-9999
0080061012	2012	5	28	149	-9999
0080061012	2012	5	29	150	-9999
0080061012	2012	5	30	151	-9999
0080061012	2012	5	31	152	-9999
0080061012	2012	6	1	153	-9999
0080061012	2012	6	2	154	-9999
0080061012	2012	6	3	155	-9999
0080061012	2012	6	4	156	-9999
0080061012	2012	6	5	157	-9999
0080061012	2012	6	6	158	-9999
0080061012	2012	6	7	159	-9999
0080061012	2012	6	8	160	-9999
0080061012	2012	6	9	161	-9999
0080061012	2012	6	10	162	-9999
0080061012	2012	6	11	163	-9999
0080061012	2012	6	12	164	-9999
0080061012	2012	6	13	165	-9999
0080061012	2012	6	14	166	-9999
0080061012	2012	6	15	167	-9999
0080061012	2012	6	16	168	-9999
0080061012	2012	6	17	169	-9999
0080061012	2012	6	18	170	-9999
0080061012	2012	6	19	171	-9999
0080061012	2012	6	20	172	-9999
0080061012	2012	6	21	173	-9999
0080061012	2012	6	22	174	-9999
0080061012	2012	6	23	175	-9999
0080061012	2012	6	24	176	-9999
0080061012	2012	6	25	177	-9999
0080061012	2012	6	26	178	-9999
0080061012	2012	6	27	179	-9999
0080061012	2012	6	28	180	-9999
0080061012	2012	6	29	181	-9999
0080061012	2012	6	30	182	-9999
0080061012	2012	7	1	183	-9999
0080061012	2012	7	2	184	-9999
0080061012	2012	7	3	185	-9999
0080061012	2012	7	4	186	-9999
0080061012	2012	7	5	187	-9999
0080061012	2012	7	6	188	-9999
0080061012	2012	7	7	189	-9999
0080061012	2012	7	8	190	-9999
0080061012	2012	7	9	191	-9999
0080061012	2012	7	10	192	-9999
0080061012	2012	7	11	193	-9999
0080061012	2012	7	12	194	-9999
0080061012	2012	7	13	195	-9999
0080061012	2012	7	14	196	-9999
0080061012	2012	7	15	197	-9999
0080061012	2012	7	16	198	-9999
0080061012	2012	7	17	199	-9999
0080061012	2012	7	18	200	-9999
0080061012	2012	7	19	201	-9999
0080061012	2012	7	20	202	-9999
0080061012	2012	7	21	203	-9999
0080061012	2012	7	22	204	-9999
0080061012	2012	7	23	205	-9999
0080061012	2012	7	24	206	-9999
0080061012	2012	7	25	207	-9999
0080061012	2012	7	26	208	-9999
0080061012	2012	7	27	209	-9999
0080061012	2012	7	28	210	-9999
0080061012	2012	7	29	211	-9999
0080061012	2012	7	30	212	-9999
0080061012	2012	7	31	213	-9999
0080061012	2012	8	1	214	-9999
0080061012	2012	8	2	215	-9999
0080061012	2012	8	3	216	-9999
0080061012	2012	8	4	217	-9999
0080061012	2012	8	5	218	-9999
0080061012	2012	8	6	219	-9999
0080061012	2012	8	7	220	-9999
0080061012	2012	8	8	221	-9999
0080061012	2012	8	9	222	-9999
0080061012	2012	8	10	223	-9999
0080061012	2012	8	11	224	-9999
0080061012	2012	8	12	225	-9999
0080061012	2012	8	13	226	-9999
0080061012	2012	8	14	227	-9999
0080061012	2012	8	15	228	-9999
0080061012	2012	8	16	229	-9999
0080061012	2012	8	17	230	-9999
0080061012	2012	8	18	231	-9999
0080061012	2012	8	19	232	-9999
0080061012	2012	8	20	233	-9999
0080061012	2012	8	21	234	-9999
0080061012	2012	8	22	235	-9999
0080061012	2012	8	23	236	-9999
0080061012	2012	8	24	237	-9999
0080061012	2012	8	25	238	-9999
0080061012	2012	8	26	239	-9999
0080061012	2012	8	27	240	-9999
0080061012	2012	8	28	241	-9999
0080061012	2012	8	29	242	-9999
0080061012	2012	8	30	243	-9999
0080061012	2012	8	31	244	-9999
0080061012	2012	9	1	245	-9999
0080061012	2012	9	2	246	-9999
0080061012	2012	9	3	247	-9999
0080061012	2012	9	4	248	-9999
0080061012	2012	9	5	249	-9999
0080061012	2012	9	6	250	-9999
0080061012	2012	9	7	251	-9999
0080061012	2012	9	8	252	-9999
0080061012	2012	9	9	253	-9999
0080061012	2012	9	10	254	-9999
0080061012	2012	9	11	255	-9999
0080061012	2012	9	12	256	-9999
0080061012	2012	9	13	257	-9999
0080061012	2012	9	14	258	-9999
0080061012	2012	9	15	259	-9999
0080061012	2012	9	16	260	-9999
0080061012	2012	9	17	261	-9999
0080061012	2012	9	18	262	-9999
0080061012	2012	9	19	263	-9999
0080061012	2012	9	20	264	-9999
0080061012	2012	9	21	265	-9999
0080061012	2012	9	22	266	-9999
0080061012	2012	9	23	267	-9999
0080061012	2012	9	24	268	-9999
0080061012	2012	9	25	269	-9999
0080061012	2012	9	26	270	-9999
0080061012	2012	9	27	271	-9999
0080061012	2012	9	28	272	-9999
0080061012	2012	9	29	273	-9999
0080061012	2012	9	30	274	-9999
0080061012	2012	10	1	275	-9999
0080061012	2012	10	2	276	-9999
0080061012	2012	10	3	277	-9999
0080061012	2012	10	4	278	-9999
0080061012	2012	10	5	279	-9999
0080061012	2012	10	6	280	-9999
0080061012	2012	10	7	281	-9999
0080061012	2012	10	8	282	-9999
0080061012	2012	10	9	283	-9999
0080061012	2012	10	10	284	-9999
0080061012	2012	10	11	285	-9999
0080061012	2012	10	12	286	-9999
0080061012	2012	10	13	287	-9999
0080061012	2012	10	14	288	-9999
0080061012	2012	10	15	289	-9999
0080061012	2012	10	16	290	-9999
0080061012	2012	10	17	291	-9999
0080061012	2012	10	18	292	-9999
0080061012	2012	10	19	293	-9999
0080061012	2012	10	20	294	-9999
0080061012	2012	10	21	295	-9999
0080061012	2012	10	22	296	-9999
0080061012	2012	10	23	297	-9999
0080061012	2012	10	24	298	-9999
0080061012	2012	10	25	299	-9999
0080061012	2012	10	26	300	-9999
0080061012	2012	10	27	301	-9999
0080061012	2012	10	28	302	-9999
0080061012	2012	10	29	303	-9999
0080061012	2012	10	30	304	-9999
0080061012	2012	10	31	305	-9999
0080061012	2012	11	1	306	-9999
0080061012	2012	11	2	307	-9999
0080061012	2012	11	3	308	-9999
0080061012	2012	11	4	309	-9999
0080061012	2012	11	5	310	-9999
0080061012	2012	11	6	311	-9999
0080061012	2012	11	7	312	-9999
0080061012	2012	11	8	313	-9999
0080061012	2012	11	9	314	-9999
0080061012	2012	11	10	315	-9999
0080061012	2012	11	11	316	-9999
0080061012	2012	11	12	317	-9999
0080061012	2012	11	13	318	-9999
0080061012	2012	11	14	319	-9999
0080061012	2012	11	15	320	-9999
0080061012	2012	11	16	321	-9999
0080061012	2012	11	17	322	-9999
0080061012	2012	11	18	323	-9999
0080061012	2012	11	19	324	-9999
0080061012	2012	11	20	325	-9999
0080061012	2012	11	21	326	-9999
0080061012	2012	11	22	327	-9999
0080061012	2012	11	23	328	-9999
0080061012	2012	11	24	329	-9999
0080061012	2012	11	25	330	-9999
0080061012	2012	11	26	331	-9999
0080061012	2012	11	27	332	-9999
0080061012	2012	11	28	333	-9999
0080061012	2012	11	29	334	-9999
0080061012	2012	11	30	335	-9999
0080061012	2012	12	1	336	-9999
0080061012	2012	12	2	337	-9999
0080061012	2012	12	3	338	-9999
0080061012	2012	12	4	339	-9999
0080061012	2012	12	5	340	-9999
0080061012	2012	12	6	341	-9999
0080061012	2012	12	7	342	-9999
0080061012	2012	12	8	343	-9999
0080061012	2012	12	9	344	-9999
0080061012	2012	12	10	345	-9999
0080061012	2012	12	11	346	-9999
0080061012	2012	12	12	347	-9999
0080061012	2012	12	13	348	-9999
0080061012	2012	12	14	349	-9999
0080061012	2012	12	15	350	-9999
0080061012	2012	12	16	351	-9999
0080061012	2012	12	17	352	-9999
0080061012	2012	12	18	353	-9999
0080061012	2012	12	19	354	-9999
0080061012	2012	12	20	355	-9999
0080061012	2012	12	21	356	-9999
0080061012	2012	12	22	357	-9999
0080061012	2012	12	23	358	-9999
0080061012	2012	12	24	359	-9999
0080061012	2012	12	25	360	-9999
0080061012	2012	12	26	361	-9999
0080061012	2012	12	27	362	-9999
0080061012	2012	12	28	363	-9999
0080061012	2012	12	29	364	-9999
0080061012	2012	12	30	365	-9999
0080061012	2012	12	31	366	-9999
