stationID	Y	M	D	DOY	depth_5	depth_10
0180030813	2008	1	1	1		
0180030813	2008	1	2	2		
0180030813	2008	1	3	3		
0180030813	2008	1	4	4		
0180030813	2008	1	5	5		
0180030813	2008	1	6	6		
0180030813	2008	1	7	7		
0180030813	2008	1	8	8		
0180030813	2008	1	9	9		
0180030813	2008	1	10	10		
0180030813	2008	1	11	11		
0180030813	2008	1	12	12		
0180030813	2008	1	13	13		
0180030813	2008	1	14	14		
0180030813	2008	1	15	15		
0180030813	2008	1	16	16		
0180030813	2008	1	17	17		
0180030813	2008	1	18	18		
0180030813	2008	1	19	19		
0180030813	2008	1	20	20		
0180030813	2008	1	21	21		
0180030813	2008	1	22	22		
0180030813	2008	1	23	23		
0180030813	2008	1	24	24		
0180030813	2008	1	25	25		
0180030813	2008	1	26	26		
0180030813	2008	1	27	27		
0180030813	2008	1	28	28		
0180030813	2008	1	29	29		
0180030813	2008	1	30	30		
0180030813	2008	1	31	31		
0180030813	2008	2	1	32		
0180030813	2008	2	2	33		
0180030813	2008	2	3	34		
0180030813	2008	2	4	35		
0180030813	2008	2	5	36		
0180030813	2008	2	6	37		
0180030813	2008	2	7	38		
0180030813	2008	2	8	39		
0180030813	2008	2	9	40		
0180030813	2008	2	10	41		
0180030813	2008	2	11	42		
0180030813	2008	2	12	43		
0180030813	2008	2	13	44		
0180030813	2008	2	14	45		
0180030813	2008	2	15	46		
0180030813	2008	2	16	47		
0180030813	2008	2	17	48		
0180030813	2008	2	18	49		
0180030813	2008	2	19	50		
0180030813	2008	2	20	51		
0180030813	2008	2	21	52		
0180030813	2008	2	22	53		
0180030813	2008	2	23	54		
0180030813	2008	2	24	55		
0180030813	2008	2	25	56		
0180030813	2008	2	26	57		
0180030813	2008	2	27	58		
0180030813	2008	2	28	59		
0180030813	2008	2	29	60		
0180030813	2008	3	1	61		
0180030813	2008	3	2	62		
0180030813	2008	3	3	63		
0180030813	2008	3	4	64		
0180030813	2008	3	5	65		
0180030813	2008	3	6	66		
0180030813	2008	3	7	67		
0180030813	2008	3	8	68		
0180030813	2008	3	9	69		
0180030813	2008	3	10	70		
0180030813	2008	3	11	71		
0180030813	2008	3	12	72		
0180030813	2008	3	13	73		
0180030813	2008	3	14	74		
0180030813	2008	3	15	75		
0180030813	2008	3	16	76		
0180030813	2008	3	17	77		
0180030813	2008	3	18	78		
0180030813	2008	3	19	79		
0180030813	2008	3	20	80		
0180030813	2008	3	21	81		
0180030813	2008	3	22	82		
0180030813	2008	3	23	83		
0180030813	2008	3	24	84		
0180030813	2008	3	25	85		
0180030813	2008	3	26	86		
0180030813	2008	3	27	87		
0180030813	2008	3	28	88		
0180030813	2008	3	29	89		
0180030813	2008	3	30	90		
0180030813	2008	3	31	91		
0180030813	2008	4	1	92		
0180030813	2008	4	2	93		
0180030813	2008	4	3	94		
0180030813	2008	4	4	95		
0180030813	2008	4	5	96		
0180030813	2008	4	6	97		
0180030813	2008	4	7	98		
0180030813	2008	4	8	99		
0180030813	2008	4	9	100		
0180030813	2008	4	10	101		
0180030813	2008	4	11	102		
0180030813	2008	4	12	103		
0180030813	2008	4	13	104		
0180030813	2008	4	14	105		
0180030813	2008	4	15	106		
0180030813	2008	4	16	107		
0180030813	2008	4	17	108		
0180030813	2008	4	18	109		
0180030813	2008	4	19	110		
0180030813	2008	4	20	111		
0180030813	2008	4	21	112		
0180030813	2008	4	22	113		
0180030813	2008	4	23	114		
0180030813	2008	4	24	115		
0180030813	2008	4	25	116		
0180030813	2008	4	26	117		
0180030813	2008	4	27	118		
0180030813	2008	4	28	119		
0180030813	2008	4	29	120		
0180030813	2008	4	30	121		
0180030813	2008	5	1	122		
0180030813	2008	5	2	123		
0180030813	2008	5	3	124		
0180030813	2008	5	4	125		
0180030813	2008	5	5	126		
0180030813	2008	5	6	127		
0180030813	2008	5	7	128		
0180030813	2008	5	8	129		
0180030813	2008	5	9	130		
0180030813	2008	5	10	131		
0180030813	2008	5	11	132		
0180030813	2008	5	12	133		
0180030813	2008	5	13	134		
0180030813	2008	5	14	135		
0180030813	2008	5	15	136		
0180030813	2008	5	16	137		
0180030813	2008	5	17	138		
0180030813	2008	5	18	139		
0180030813	2008	5	19	140		
0180030813	2008	5	20	141		
0180030813	2008	5	21	142	0.04387	0.038843
0180030813	2008	5	22	143	0.02112	0.01732
0180030813	2008	5	23	144	0.11604	0.10705
0180030813	2008	5	24	145	0.19441	0.15795
0180030813	2008	5	25	146	0.18095	0.14287
0180030813	2008	5	26	147	0.16651	0.1127
0180030813	2008	5	27	148	0.14968	0.073657
0180030813	2008	5	28	149	0.126	0.051162
0180030813	2008	5	29	150	0.094976	0.039103
0180030813	2008	5	30	151	0.072895	0.032045
0180030813	2008	5	31	152	0.060318	0.026864
0180030813	2008	6	1	153	0.0524	0.023361
0180030813	2008	6	2	154	0.047635	0.020138
0180030813	2008	6	3	155	0.044148	0.016508
0180030813	2008	6	4	156	0.037532	0.013991
0180030813	2008	6	5	157	0.034655	0.011489
0180030813	2008	6	6	158	0.033767	0.0084346
0180030813	2008	6	7	159	0.035927	0.012913
0180030813	2008	6	8	160	0.035233	0.010114
0180030813	2008	6	9	161	0.035276	0.0085556
0180030813	2008	6	10	162	0.034361	0.0058925
0180030813	2008	6	11	163	0.031936	0.0046765
0180030813	2008	6	12	164	0.032183	0.003041
0180030813	2008	6	13	165	0.03148	0.0031239
0180030813	2008	6	14	166	0.031162	0.0029687
0180030813	2008	6	15	167	0.029783	4E-05
0180030813	2008	6	16	168	0.03149	
0180030813	2008	6	17	169	0.031876	0.0037147
0180030813	2008	6	18	170	0.031709	0.001638
0180030813	2008	6	19	171	0.03037	0.0016779
0180030813	2008	6	20	172	0.028384	0.0012131
0180030813	2008	6	21	173	0.026292	0.00074111
0180030813	2008	6	22	174	0.026855	0.000165
0180030813	2008	6	23	175	0.026932	0.00207
0180030813	2008	6	24	176	0.025747	
0180030813	2008	6	25	177	0.024151	
0180030813	2008	6	26	178	0.085936	0.10866
0180030813	2008	6	27	179		
0180030813	2008	6	28	180		0.19608
0180030813	2008	6	29	181	0.25527	0.14572
0180030813	2008	6	30	182	0.25526	0.13276
0180030813	2008	7	1	183	0.23558	0.091252
0180030813	2008	7	2	184	0.23586	0.10901
0180030813	2008	7	3	185	0.22457	0.061357
0180030813	2008	7	4	186	0.20769	0.043637
0180030813	2008	7	5	187	0.19056	0.031644
0180030813	2008	7	6	188	0.16844	0.025603
0180030813	2008	7	7	189	0.15837	0.022156
0180030813	2008	7	8	190	0.1444	0.011871
0180030813	2008	7	9	191	0.23221	0.052335
0180030813	2008	7	10	192	0.25536	0.065044
0180030813	2008	7	11	193		0.086568
0180030813	2008	7	12	194		0.083595
0180030813	2008	7	13	195		0.078316
0180030813	2008	7	14	196		0.07372
0180030813	2008	7	15	197		0.075643
0180030813	2008	7	16	198		0.058883
0180030813	2008	7	17	199		0.043813
0180030813	2008	7	18	200	0.234	0.040081
0180030813	2008	7	19	201		
0180030813	2008	7	20	202		
0180030813	2008	7	21	203		
0180030813	2008	7	22	204		0.067727
0180030813	2008	7	23	205		0.069099
0180030813	2008	7	24	206		0.067926
0180030813	2008	7	25	207		0.056852
0180030813	2008	7	26	208		0.064022
0180030813	2008	7	27	209		0.051968
0180030813	2008	7	28	210		0.041849
0180030813	2008	7	29	211	0.24385	0.035955
0180030813	2008	7	30	212	0.21052	0.028344
0180030813	2008	7	31	213	0.18321	0.023711
0180030813	2008	8	1	214	0.16398	0.015646
0180030813	2008	8	2	215	0.14475	0.0043887
0180030813	2008	8	3	216		0.064388
0180030813	2008	8	4	217		0.043259
0180030813	2008	8	5	218		0.036878
0180030813	2008	8	6	219		0.041369
0180030813	2008	8	7	220		0.042799
0180030813	2008	8	8	221		0.032635
0180030813	2008	8	9	222		0.031374
0180030813	2008	8	10	223		0.031647
0180030813	2008	8	11	224	0.23243	0.023215
0180030813	2008	8	12	225	0.20885	0.019203
0180030813	2008	8	13	226	0.19031	0.014101
0180030813	2008	8	14	227	0.18227	0.01041
0180030813	2008	8	15	228		0.03157
0180030813	2008	8	16	229		0.028314
0180030813	2008	8	17	230		0.02544
0180030813	2008	8	18	231	0.22788	0.016033
0180030813	2008	8	19	232	0.19844	0.011949
0180030813	2008	8	20	233	0.17535	0.0064308
0180030813	2008	8	21	234	0.16053	0.0017286
0180030813	2008	8	22	235	0.14752	
0180030813	2008	8	23	236	0.13279	
0180030813	2008	8	24	237	0.11927	0.054038
0180030813	2008	8	25	238	0.13063	0.04777
0180030813	2008	8	26	239		0.012403
0180030813	2008	8	27	240		0.010961
0180030813	2008	8	28	241	0.24755	0.0065478
0180030813	2008	8	29	242		0.0086915
0180030813	2008	8	30	243	0.22391	0.0047689
0180030813	2008	8	31	244	0.20373	0.0014443
0180030813	2008	9	1	245	0.24537	0.0054264
0180030813	2008	9	2	246	0.23043	0.0091401
0180030813	2008	9	3	247		0.0093777
0180030813	2008	9	4	248	0.21874	0.0067003
0180030813	2008	9	5	249	0.18348	0.0039507
0180030813	2008	9	6	250	0.16068	0.00092417
0180030813	2008	9	7	251	0.14803	
0180030813	2008	9	8	252	0.13258	
0180030813	2008	9	9	253	0.1238	
0180030813	2008	9	10	254	0.12208	
0180030813	2008	9	11	255	0.16717	0.0043914
0180030813	2008	9	12	256	0.18249	0.00429
0180030813	2008	9	13	257	0.15753	0.0020027
0180030813	2008	9	14	258	0.13959	0.00038733
0180030813	2008	9	15	259	0.12893	
0180030813	2008	9	16	260	0.11781	
0180030813	2008	9	17	261	0.1086	
0180030813	2008	9	18	262	0.096767	0.001795
0180030813	2008	9	19	263	0.086619	
0180030813	2008	9	20	264	0.080621	
0180030813	2008	9	21	265	0.076123	
0180030813	2008	9	22	266	0.070652	
0180030813	2008	9	23	267	0.066114	
0180030813	2008	9	24	268	0.062077	
0180030813	2008	9	25	269	0.056387	
0180030813	2008	9	26	270	0.055056	
0180030813	2008	9	27	271	0.052135	0.025251
0180030813	2008	9	28	272	0.049053	0.001305
0180030813	2008	9	29	273	0.053201	
0180030813	2008	9	30	274	0.055041	
0180030813	2008	10	1	275	0.052522	
0180030813	2008	10	2	276	0.049394	
0180030813	2008	10	3	277	0.046894	
0180030813	2008	10	4	278	0.044473	
0180030813	2008	10	5	279	0.043628	
0180030813	2008	10	6	280	0.039418	
0180030813	2008	10	7	281	0.038669	0.00342
0180030813	2008	10	8	282	0.037785	
0180030813	2008	10	9	283	0.038357	
0180030813	2008	10	10	284	0.036993	
0180030813	2008	10	11	285	0.121	0.0024028
0180030813	2008	10	12	286	0.2272	
0180030813	2008	10	13	287	0.18667	0.11596
0180030813	2008	10	14	288	0.16735	0.00126
0180030813	2008	10	15	289	0.15291	0.00101
0180030813	2008	10	16	290	0.14159	
0180030813	2008	10	17	291	0.12991	
0180030813	2008	10	18	292	0.11835	
0180030813	2008	10	19	293	0.1081	
0180030813	2008	10	20	294	0.095078	
0180030813	2008	10	21	295	0.084774	
0180030813	2008	10	22	296	0.074005	
0180030813	2008	10	23	297	0.064307	
0180030813	2008	10	24	298	0.058114	
0180030813	2008	10	25	299	0.051683	
0180030813	2008	10	26	300	0.048539	
0180030813	2008	10	27	301	0.046369	
0180030813	2008	10	28	302	0.042518	
0180030813	2008	10	29	303	0.042489	
0180030813	2008	10	30	304	0.041223	
0180030813	2008	10	31	305	0.03981	
0180030813	2008	11	1	306	0.038729	
0180030813	2008	11	2	307	0.037476	
0180030813	2008	11	3	308	0.036717	
0180030813	2008	11	4	309	0.03611	
0180030813	2008	11	5	310	0.032406	
0180030813	2008	11	6	311	0.026367	
0180030813	2008	11	7	312	0.024318	
0180030813	2008	11	8	313	0.022388	
0180030813	2008	11	9	314	0.022445	
0180030813	2008	11	10	315	0.023567	
0180030813	2008	11	11	316	0.021457	
0180030813	2008	11	12	317	0.02044	
0180030813	2008	11	13	318	0.020717	
0180030813	2008	11	14	319	0.022175	
0180030813	2008	11	15	320	0.022272	
0180030813	2008	11	16	321	0.019851	
0180030813	2008	11	17	322	0.020392	
0180030813	2008	11	18	323	0.020279	
0180030813	2008	11	19	324	0.020121	
0180030813	2008	11	20	325	0.01982	
0180030813	2008	11	21	326	0.017466	
0180030813	2008	11	22	327	0.016017	
0180030813	2008	11	23	328	0.018528	
0180030813	2008	11	24	329	0.018422	
0180030813	2008	11	25	330	0.016635	
0180030813	2008	11	26	331	0.021837	
0180030813	2008	11	27	332	0.23403	0.0064092
0180030813	2008	11	28	333	0.24731	0.0033788
0180030813	2008	11	29	334	0.22643	0.00037979
0180030813	2008	11	30	335	0.20838	0.000103
0180030813	2008	12	1	336	0.19628	
0180030813	2008	12	2	337	0.18628	
0180030813	2008	12	3	338	0.17677	
0180030813	2008	12	4	339	0.16443	
0180030813	2008	12	5	340	0.15894	
0180030813	2008	12	6	341	0.15335	
0180030813	2008	12	7	342	0.14641	
0180030813	2008	12	8	343	0.1445	
0180030813	2008	12	9	344	0.1382	
0180030813	2008	12	10	345	0.13009	
0180030813	2008	12	11	346	0.12612	
0180030813	2008	12	12	347	0.12324	
0180030813	2008	12	13	348	0.12087	
0180030813	2008	12	14	349	0.11498	
0180030813	2008	12	15	350	0.10904	
0180030813	2008	12	16	351	0.10535	
0180030813	2008	12	17	352	0.10348	
0180030813	2008	12	18	353	0.1106	
0180030813	2008	12	19	354	0.1352	
0180030813	2008	12	20	355	0.13721	
0180030813	2008	12	21	356	0.13253	
0180030813	2008	12	22	357	0.13101	
0180030813	2008	12	23	358	0.12927	
0180030813	2008	12	24	359	0.12449	
0180030813	2008	12	25	360	0.12482	
0180030813	2008	12	26	361	0.14873	
0180030813	2008	12	27	362	0.2202	
0180030813	2008	12	28	363	0.19428	
0180030813	2008	12	29	364	0.19111	
0180030813	2008	12	30	365	0.18633	
0180030813	2008	12	31	366	0.18212	
0180030813	2009	1	1	1	0.17601	
0180030813	2009	1	2	2	0.16861	
0180030813	2009	1	3	3	0.16564	
0180030813	2009	1	4	4	0.16061	
0180030813	2009	1	5	5	0.15465	
0180030813	2009	1	6	6	0.1488	
0180030813	2009	1	7	7	0.14434	
0180030813	2009	1	8	8	0.14282	
0180030813	2009	1	9	9	0.1419	
0180030813	2009	1	10	10	0.13624	
0180030813	2009	1	11	11	0.13016	
0180030813	2009	1	12	12	0.12806	
0180030813	2009	1	13	13	0.12653	
0180030813	2009	1	14	14	0.11855	
0180030813	2009	1	15	15	0.1155	
0180030813	2009	1	16	16	0.11123	
0180030813	2009	1	17	17	0.10734	
0180030813	2009	1	18	18	0.10307	
0180030813	2009	1	19	19	0.099542	
0180030813	2009	1	20	20	0.094952	
0180030813	2009	1	21	21	0.092176	
0180030813	2009	1	22	22	0.087552	
0180030813	2009	1	23	23	0.08722	
0180030813	2009	1	24	24	0.089722	
0180030813	2009	1	25	25	0.091768	
0180030813	2009	1	26	26	0.094487	
0180030813	2009	1	27	27	0.091605	
0180030813	2009	1	28	28	0.087497	
0180030813	2009	1	29	29	0.087285	
0180030813	2009	1	30	30	0.084671	
0180030813	2009	1	31	31	0.083301	
0180030813	2009	2	1	32	0.080699	
0180030813	2009	2	2	33	0.076162	
0180030813	2009	2	3	34	0.072131	
0180030813	2009	2	4	35	0.068453	
0180030813	2009	2	5	36	0.066787	
0180030813	2009	2	6	37	0.065453	
0180030813	2009	2	7	38	0.059796	
0180030813	2009	2	8	39	0.060164	
0180030813	2009	2	9	40	0.16029	
0180030813	2009	2	10	41	0.18978	3.27E-05
0180030813	2009	2	11	42	0.21559	
0180030813	2009	2	12	43	0.20243	
0180030813	2009	2	13	44	0.18331	
0180030813	2009	2	14	45	0.17385	
0180030813	2009	2	15	46	0.16524	
0180030813	2009	2	16	47	0.1608	
0180030813	2009	2	17	48	0.15902	
0180030813	2009	2	18	49	0.15209	
0180030813	2009	2	19	50	0.14574	
0180030813	2009	2	20	51	0.13954	
0180030813	2009	2	21	52	0.13367	
0180030813	2009	2	22	53	0.12722	
0180030813	2009	2	23	54	0.12137	
0180030813	2009	2	24	55	0.11224	
0180030813	2009	2	25	56	0.10577	
0180030813	2009	2	26	57	0.095941	
0180030813	2009	2	27	58	0.085979	
0180030813	2009	2	28	59	0.078997	
0180030813	2009	3	1	60	0.072939	
0180030813	2009	3	2	61	0.067697	
0180030813	2009	3	3	62	0.064085	
0180030813	2009	3	4	63	0.05966	
0180030813	2009	3	5	64	0.056106	
0180030813	2009	3	6	65	0.053418	
0180030813	2009	3	7	66	0.051144	
0180030813	2009	3	8	67	0.044951	
0180030813	2009	3	9	68	0.081687	
0180030813	2009	3	10	69	0.13903	
0180030813	2009	3	11	70	0.13289	
0180030813	2009	3	12	71	0.12432	
0180030813	2009	3	13	72	0.11896	
0180030813	2009	3	14	73	0.11158	
0180030813	2009	3	15	74	0.1057	
0180030813	2009	3	16	75	0.10465	
0180030813	2009	3	17	76	0.10062	
0180030813	2009	3	18	77	0.093062	
0180030813	2009	3	19	78	0.08281	
0180030813	2009	3	20	79	0.073431	
0180030813	2009	3	21	80	0.067145	
0180030813	2009	3	22	81	0.062243	
0180030813	2009	3	23	82	0.052952	
0180030813	2009	3	24	83	0.043961	
0180030813	2009	3	25	84	0.042024	
0180030813	2009	3	26	85	0.039742	
0180030813	2009	3	27	86	0.035314	
0180030813	2009	3	28	87	0.031917	
0180030813	2009	3	29	88	0.032512	
0180030813	2009	3	30	89	0.03203	
0180030813	2009	3	31	90	0.03092	
0180030813	2009	4	1	91	0.030003	
0180030813	2009	4	2	92	0.029692	
0180030813	2009	4	3	93	0.031203	
0180030813	2009	4	4	94	0.028348	
0180030813	2009	4	5	95	0.027158	
0180030813	2009	4	6	96	0.029711	
0180030813	2009	4	7	97	0.029413	
0180030813	2009	4	8	98	0.031281	
0180030813	2009	4	9	99	0.025707	
0180030813	2009	4	10	100	0.027094	
0180030813	2009	4	11	101	0.020626	
0180030813	2009	4	12	102	0.033144	
0180030813	2009	4	13	103	0.055907	
0180030813	2009	4	14	104	0.070843	
0180030813	2009	4	15	105	0.067512	
0180030813	2009	4	16	106	0.054826	
0180030813	2009	4	17	107	0.046742	
0180030813	2009	4	18	108	0.042354	
0180030813	2009	4	19	109	0.041409	0.0002
0180030813	2009	4	20	110	0.038712	0.0005
0180030813	2009	4	21	111	0.035823	0.01104
0180030813	2009	4	22	112	0.03452	0.00027
0180030813	2009	4	23	113	0.030549	0.012232
0180030813	2009	4	24	114	0.02768	
0180030813	2009	4	25	115	0.026101	0.0013957
0180030813	2009	4	26	116	0.046917	
0180030813	2009	4	27	117	0.021526	0.0014688
0180030813	2009	4	28	118	0.021774	
0180030813	2009	4	29	119	0.022854	
0180030813	2009	4	30	120	0.02361	
0180030813	2009	5	1	121	0.021893	
0180030813	2009	5	2	122	0.023561	
0180030813	2009	5	3	123	0.023347	
0180030813	2009	5	4	124	0.02495	
0180030813	2009	5	5	125	0.024524	
0180030813	2009	5	6	126	0.024747	
0180030813	2009	5	7	127	0.02691	
0180030813	2009	5	8	128	0.026849	
0180030813	2009	5	9	129	0.026272	
0180030813	2009	5	10	130	0.025285	
0180030813	2009	5	11	131	0.023931	
0180030813	2009	5	12	132	0.022774	
0180030813	2009	5	13	133	0.02221	
0180030813	2009	5	14	134	0.022642	
0180030813	2009	5	15	135	0.021194	
0180030813	2009	5	16	136	0.021573	
0180030813	2009	5	17	137	0.022584	
0180030813	2009	5	18	138	0.021463	
0180030813	2009	5	19	139	0.019127	
0180030813	2009	5	20	140	0.034123	
0180030813	2009	5	21	141	0.08658	0.08466
0180030813	2009	5	22	142	0.22191	0.00358
0180030813	2009	5	23	143	0.18751	0.00336
0180030813	2009	5	24	144	0.16358	
0180030813	2009	5	25	145	0.14272	
0180030813	2009	5	26	146	0.12035	
0180030813	2009	5	27	147	0.094092	
0180030813	2009	5	28	148	0.07464	
0180030813	2009	5	29	149	0.06498	
0180030813	2009	5	30	150	0.063306	
0180030813	2009	5	31	151	0.05376	
0180030813	2009	6	1	152	0.045434	
0180030813	2009	6	2	153	0.040683	0.0002
0180030813	2009	6	3	154	0.03667	
0180030813	2009	6	4	155	0.031828	
0180030813	2009	6	5	156	0.02564	
0180030813	2009	6	6	157	0.024295	
0180030813	2009	6	7	158	0.023605	
0180030813	2009	6	8	159	0.022081	
0180030813	2009	6	9	160	0.018145	
0180030813	2009	6	10	161	0.020203	
0180030813	2009	6	11	162	0.031633	0.00018
0180030813	2009	6	12	163	0.027339	
0180030813	2009	6	13	164	0.024867	
0180030813	2009	6	14	165	0.024928	
0180030813	2009	6	15	166	0.023828	
0180030813	2009	6	16	167	0.021587	
0180030813	2009	6	17	168	0.019505	
0180030813	2009	6	18	169	0.01873	
0180030813	2009	6	19	170	0.016191	
0180030813	2009	6	20	171	0.017069	
0180030813	2009	6	21	172	0.022135	
0180030813	2009	6	22	173	0.022004	
0180030813	2009	6	23	174	0.023805	
0180030813	2009	6	24	175	0.025216	
0180030813	2009	6	25	176	0.021395	
0180030813	2009	6	26	177	0.021293	0.045832
0180030813	2009	6	27	178	0.023574	0.02402
0180030813	2009	6	28	179	0.022022	0.017437
0180030813	2009	6	29	180	0.024044	0.015566
0180030813	2009	6	30	181	0.02752	0.015983
0180030813	2009	7	1	182	0.12225	0.015264
0180030813	2009	7	2	183	0.13441	0.022531
0180030813	2009	7	3	184	0.13226	0.050661
0180030813	2009	7	4	185	0.12417	0.066318
0180030813	2009	7	5	186	0.1155	0.073662
0180030813	2009	7	6	187	0.10469	0.071927
0180030813	2009	7	7	188	0.098026	0.067463
0180030813	2009	7	8	189	0.14931	0.068991
0180030813	2009	7	9	190	0.13126	0.082433
0180030813	2009	7	10	191	0.12168	0.087017
0180030813	2009	7	11	192	0.10737	0.080891
0180030813	2009	7	12	193	0.10041	0.077795
0180030813	2009	7	13	194	0.088848	0.070959
0180030813	2009	7	14	195	0.080122	0.065977
0180030813	2009	7	15	196	0.065644	0.057491
0180030813	2009	7	16	197	0.063138	0.056859
0180030813	2009	7	17	198	0.060024	0.054696
0180030813	2009	7	18	199	0.054646	0.050556
0180030813	2009	7	19	200	0.048924	0.045513
0180030813	2009	7	20	201	0.042962	0.041151
0180030813	2009	7	21	202	0.040292	0.038661
0180030813	2009	7	22	203	0.037044	0.036098
0180030813	2009	7	23	204	0.03081	0.031506
0180030813	2009	7	24	205	0.026585	0.028552
0180030813	2009	7	25	206	0.040703	0.026504
0180030813	2009	7	26	207	0.05883	0.028896
0180030813	2009	7	27	208	0.069164	0.039379
0180030813	2009	7	28	209	0.067096	0.043609
0180030813	2009	7	29	210	0.059164	0.042057
0180030813	2009	7	30	211	0.05211	0.039681
0180030813	2009	7	31	212	0.047549	0.038451
0180030813	2009	8	1	213	0.042432	0.035728
0180030813	2009	8	2	214	0.041513	0.035815
0180030813	2009	8	3	215	0.037124	0.033525
0180030813	2009	8	4	216	0.03354	0.031893
0180030813	2009	8	5	217	0.031053	0.031696
0180030813	2009	8	6	218	0.026147	0.028904
0180030813	2009	8	7	219	0.024697	0.028991
0180030813	2009	8	8	220	0.020245	0.026555
0180030813	2009	8	9	221	0.016706	0.024608
0180030813	2009	8	10	222	0.013568	0.02327
0180030813	2009	8	11	223	0.0068624	0.017926
0180030813	2009	8	12	224	0.0095321	0.019458
0180030813	2009	8	13	225	0.056788	0.046072
0180030813	2009	8	14	226	0.17104	0.17035
0180030813	2009	8	15	227	0.13869	0.14488
0180030813	2009	8	16	228	0.12241	0.1286
0180030813	2009	8	17	229	0.11026	0.11615
0180030813	2009	8	18	230	0.098936	0.1034
0180030813	2009	8	19	231	0.088016	0.090642
0180030813	2009	8	20	232	0.076692	0.078968
0180030813	2009	8	21	233	0.063079	0.068767
0180030813	2009	8	22	234	0.051007	0.060814
0180030813	2009	8	23	235	0.046506	0.057509
0180030813	2009	8	24	236	0.084625	0.05555
0180030813	2009	8	25	237	0.086323	0.056357
0180030813	2009	8	26	238	0.082481	0.060512
0180030813	2009	8	27	239	0.071485	0.059661
0180030813	2009	8	28	240	0.061002	0.056612
0180030813	2009	8	29	241	0.052014	0.052425
0180030813	2009	8	30	242	0.045918	0.048379
0180030813	2009	8	31	243	0.040372	0.044142
0180030813	2009	9	1	244	0.036016	0.040205
0180030813	2009	9	2	245	0.03263	0.037214
0180030813	2009	9	3	246	0.026232	0.032355
0180030813	2009	9	4	247	0.021489	0.028373
0180030813	2009	9	5	248	0.023755	0.029764
0180030813	2009	9	6	249	0.07609	0.074463
0180030813	2009	9	7	250	0.15712	0.16493
0180030813	2009	9	8	251	0.14451	0.15539
0180030813	2009	9	9	252	0.15085	0.16041
0180030813	2009	9	10	253	0.13223	0.14734
0180030813	2009	9	11	254	0.11802	0.13457
0180030813	2009	9	12	255	0.10521	0.12425
0180030813	2009	9	13	256	0.094034	0.11526
0180030813	2009	9	14	257	0.089613	0.11061
0180030813	2009	9	15	258	0.083475	0.10513
0180030813	2009	9	16	259	0.073875	0.097815
0180030813	2009	9	17	260	0.063846	0.089404
0180030813	2009	9	18	261	0.055012	0.081022
0180030813	2009	9	19	262	0.048674	0.07383
0180030813	2009	9	20	263	0.043374	0.067217
0180030813	2009	9	21	264	0.040909	0.062065
0180030813	2009	9	22	265	0.038216	0.056888
0180030813	2009	9	23	266	0.034033	0.05089
0180030813	2009	9	24	267	0.031675	0.046434
0180030813	2009	9	25	268	0.03024	0.042978
0180030813	2009	9	26	269	0.029252	0.040158
0180030813	2009	9	27	270	0.028105	0.037518
0180030813	2009	9	28	271	0.026167	0.034771
0180030813	2009	9	29	272	0.024508	0.03258
0180030813	2009	9	30	273	0.02286	0.030812
0180030813	2009	10	1	274	0.019941	0.028608
0180030813	2009	10	2	275	0.016057	0.025442
0180030813	2009	10	3	276	0.012158	0.02246
0180030813	2009	10	4	277	0.012192	0.017906
0180030813	2009	10	5	278	0.021912	0.018902
0180030813	2009	10	6	279	0.028697	0.022554
0180030813	2009	10	7	280	0.030777	0.025222
0180030813	2009	10	8	281	0.028495	0.025019
0180030813	2009	10	9	282	0.024097	0.02256
0180030813	2009	10	10	283	0.024117	0.023264
0180030813	2009	10	11	284	0.02301	0.022898
0180030813	2009	10	12	285	0.022914	0.023442
0180030813	2009	10	13	286	0.022394	0.023398
0180030813	2009	10	14	287	0.021062	0.022547
0180030813	2009	10	15	288	0.020716	0.022313
0180030813	2009	10	16	289	0.020649	0.022132
0180030813	2009	10	17	290	0.020419	0.021979
0180030813	2009	10	18	291	0.020784	0.022134
0180030813	2009	10	19	292	0.01929	0.021397
0180030813	2009	10	20	293	0.015717	0.019077
0180030813	2009	10	21	294	0.0081047	0.013156
0180030813	2009	10	22	295	0.0081642	0.012802
0180030813	2009	10	23	296	0.0090157	0.013204
0180030813	2009	10	24	297	0.00834	0.012487
0180030813	2009	10	25	298	0.0094693	0.013031
0180030813	2009	10	26	299	0.0071264	0.011646
0180030813	2009	10	27	300	0.0059659	0.010517
0180030813	2009	10	28	301	0.0037683	0.009084
0180030813	2009	10	29	302	0.001369	0.002737
0180030813	2009	10	30	303	0.0016037	0.0029767
0180030813	2009	10	31	304	0.0027614	0.0031326
0180030813	2009	11	1	305	0.00402	0.0049794
0180030813	2009	11	2	306	0.004531	0.0062201
0180030813	2009	11	3	307	0.0047359	0.0066033
0180030813	2009	11	4	308	0.004	0.0066001
0180030813	2009	11	5	309	0.0035895	0.0067002
0180030813	2009	11	6	310	0.0037692	0.0068964
0180030813	2009	11	7	311	0.0029307	0.0061184
0180030813	2009	11	8	312	0.0032179	0.0062935
0180030813	2009	11	9	313	0.0028878	0.0051237
0180030813	2009	11	10	314	0.0025578	0.004943
0180030813	2009	11	11	315	0.0019732	0.0044211
0180030813	2009	11	12	316	0.0015069	0.0046515
0180030813	2009	11	13	317	0.00060604	0.0044042
0180030813	2009	11	14	318	4.56E-05	0.0019066
0180030813	2009	11	15	319		0.00092322
0180030813	2009	11	16	320		0.00087049
0180030813	2009	11	17	321	1E-05	0.00060284
0180030813	2009	11	18	322	1E-05	0.00066861
0180030813	2009	11	19	323	2.1E-05	0.00071842
0180030813	2009	11	20	324		0.00098426
0180030813	2009	11	21	325	1E-05	0.00077754
0180030813	2009	11	22	326	1.63E-05	0.00080544
0180030813	2009	11	23	327	3.13E-05	0.00077342
0180030813	2009	11	24	328		0.00064989
0180030813	2009	11	25	329		0.00031487
0180030813	2009	11	26	330		0.000168
0180030813	2009	11	27	331		0.00011925
0180030813	2009	11	28	332		0.00014125
0180030813	2009	11	29	333		1.25E-05
0180030813	2009	11	30	334		
0180030813	2009	12	1	335		
0180030813	2009	12	2	336		
0180030813	2009	12	3	337		
0180030813	2009	12	4	338		
0180030813	2009	12	5	339		
0180030813	2009	12	6	340		
0180030813	2009	12	7	341		
0180030813	2009	12	8	342		
0180030813	2009	12	9	343		
0180030813	2009	12	10	344		
0180030813	2009	12	11	345		
0180030813	2009	12	12	346		2E-05
0180030813	2009	12	13	347		2E-05
0180030813	2009	12	14	348		1E-05
0180030813	2009	12	15	349		
0180030813	2009	12	16	350		
0180030813	2009	12	17	351	1E-05	
0180030813	2009	12	18	352	1.75E-05	1.88E-05
0180030813	2009	12	19	353	1.75E-05	2E-05
0180030813	2009	12	20	354	1E-05	2E-05
0180030813	2009	12	21	355		1.5E-05
0180030813	2009	12	22	356		1.5E-05
0180030813	2009	12	23	357		3E-05
0180030813	2009	12	24	358		
0180030813	2009	12	25	359	0.00094471	
0180030813	2009	12	26	360	0.0012742	
0180030813	2009	12	27	361	0.0022755	
0180030813	2009	12	28	362	0.0018467	
0180030813	2009	12	29	363	0.0040593	
0180030813	2009	12	30	364	0.0056462	4.14E-05
0180030813	2009	12	31	365	0.0087863	
0180030813	2010	1	1	1	0.0065858	0.00067918
0180030813	2010	1	2	2	0.0069968	0.00082293
0180030813	2010	1	3	3	0.0084875	0.0017886
0180030813	2010	1	4	4	0.0088706	0.0022333
0180030813	2010	1	5	5	0.0088706	0.0026404
0180030813	2010	1	6	6	0.0096275	0.0030016
0180030813	2010	1	7	7	0.010857	0.0043253
0180030813	2010	1	8	8	0.009777	0.0044549
0180030813	2010	1	9	9	0.0076709	0.003383
0180030813	2010	1	10	10	0.0066611	0.0029906
0180030813	2010	1	11	11	0.0060732	0.0026316
0180030813	2010	1	12	12	0.0073157	0.0038214
0180030813	2010	1	13	13	0.0084564	0.0050197
0180030813	2010	1	14	14	0.0080739	0.0052471
0180030813	2010	1	15	15	0.0062218	0.0039592
0180030813	2010	1	16	16	0.0063107	0.0042301
0180030813	2010	1	17	17	0.0058355	0.0041693
0180030813	2010	1	18	18	0.0070505	0.00501
0180030813	2010	1	19	19	0.010008	0.0076268
0180030813	2010	1	20	20	0.035454	0.0063118
0180030813	2010	1	21	21	0.11932	0.070796
0180030813	2010	1	22	22	0.24598	
0180030813	2010	1	23	23	0.22668	
0180030813	2010	1	24	24	0.21021	
0180030813	2010	1	25	25	0.19774	
0180030813	2010	1	26	26	0.18569	0.21801
0180030813	2010	1	27	27	0.17473	0.20497
0180030813	2010	1	28	28	0.2034	
0180030813	2010	1	29	29	0.1921	0.22295
0180030813	2010	1	30	30	0.17974	0.20979
0180030813	2010	1	31	31	0.17043	0.19956
0180030813	2010	2	1	32	0.16401	0.19176
0180030813	2010	2	2	33	0.15849	0.18494
0180030813	2010	2	3	34	0.18767	0.21379
0180030813	2010	2	4	35	0.20575	
0180030813	2010	2	5	36	0.18829	0.21876
0180030813	2010	2	6	37	0.17664	0.20561
0180030813	2010	2	7	38	0.1657	0.19321
0180030813	2010	2	8	39	0.1648	0.19248
0180030813	2010	2	9	40	0.15825	0.18581
0180030813	2010	2	10	41	0.15531	0.1806
0180030813	2010	2	11	42	0.18283	0.20976
0180030813	2010	2	12	43	0.17647	0.20472
0180030813	2010	2	13	44	0.17044	0.19781
0180030813	2010	2	14	45	0.1641	0.19033
0180030813	2010	2	15	46	0.1576	0.18288
0180030813	2010	2	16	47	0.15098	0.17521
0180030813	2010	2	17	48	0.14487	0.1681
0180030813	2010	2	18	49	0.13854	0.16122
0180030813	2010	2	19	50	0.13235	0.15459
0180030813	2010	2	20	51	0.12678	0.14831
0180030813	2010	2	21	52	0.14945	0.16388
0180030813	2010	2	22	53	0.14933	0.16671
0180030813	2010	2	23	54	0.17745	0.20268
0180030813	2010	2	24	55	0.16502	0.19162
0180030813	2010	2	25	56	0.16081	0.18565
0180030813	2010	2	26	57	0.15291	0.17741
0180030813	2010	2	27	58	0.14568	0.17
0180030813	2010	2	28	59	0.16388	0.18436
0180030813	2010	3	1	60	0.19335	0.22096
0180030813	2010	3	2	61	0.1846	0.21129
0180030813	2010	3	3	62	0.17509	0.20087
0180030813	2010	3	4	63	0.16448	0.18941
0180030813	2010	3	5	64	0.15371	0.17783
0180030813	2010	3	6	65	0.14718	0.16961
0180030813	2010	3	7	66	0.1429	0.1636
0180030813	2010	3	8	67	0.19829	0.22103
0180030813	2010	3	9	68	0.19198	0.21944
0180030813	2010	3	10	69	0.18166	0.20893
0180030813	2010	3	11	70	0.17678	0.20216
0180030813	2010	3	12	71	0.17105	0.196
0180030813	2010	3	13	72	0.16568	0.1889
0180030813	2010	3	14	73	0.15832	0.18052
0180030813	2010	3	15	74	0.14869	0.17063
0180030813	2010	3	16	75	0.14242	0.16317
0180030813	2010	3	17	76	0.13706	0.15699
0180030813	2010	3	18	77	0.13369	0.15252
0180030813	2010	3	19	78	0.1291	0.14772
0180030813	2010	3	20	79	0.12462	0.14287
0180030813	2010	3	21	80	0.12058	0.13907
0180030813	2010	3	22	81	0.12009	0.13726
0180030813	2010	3	23	82	0.11825	0.13551
0180030813	2010	3	24	83	0.11241	0.13053
0180030813	2010	3	25	84	0.11211	0.12975
0180030813	2010	3	26	85	0.1114	0.12857
0180030813	2010	3	27	86	0.10742	0.12567
0180030813	2010	3	28	87	0.10424	0.12286
0180030813	2010	3	29	88	0.10311	0.12127
0180030813	2010	3	30	89	0.10403	0.12088
0180030813	2010	3	31	90	0.10135	0.11882
0180030813	2010	4	1	91	0.094319	0.11436
0180030813	2010	4	2	92	0.085278	0.10852
0180030813	2010	4	3	93	0.088948	0.10944
0180030813	2010	4	4	94	0.089773	0.11004
0180030813	2010	4	5	95	0.088709	0.10631
0180030813	2010	4	6	96	0.085069	0.10468
0180030813	2010	4	7	97	0.08013	0.10103
0180030813	2010	4	8	98	0.077891	0.098252
0180030813	2010	4	9	99	0.075866	0.0957
0180030813	2010	4	10	100	0.071786	0.091911
0180030813	2010	4	11	101	0.06888	0.088773
0180030813	2010	4	12	102	0.065619	0.085525
0180030813	2010	4	13	103	0.060045	0.080947
0180030813	2010	4	14	104	0.055734	0.077061
0180030813	2010	4	15	105	0.054123	0.074682
0180030813	2010	4	16	106	0.051605	0.071991
0180030813	2010	4	17	107	0.047211	0.068081
0180030813	2010	4	18	108	0.045398	0.065921
0180030813	2010	4	19	109	0.040917	0.06244
0180030813	2010	4	20	110	0.037748	0.059851
0180030813	2010	4	21	111	0.037024	0.058882
0180030813	2010	4	22	112	0.03078	0.054641
0180030813	2010	4	23	113	0.025357	0.048996
0180030813	2010	4	24	114	0.072441	0.050006
0180030813	2010	4	25	115	0.0843	0.056855
0180030813	2010	4	26	116	0.08295	0.06257
0180030813	2010	4	27	117	0.078147	0.06516
0180030813	2010	4	28	118	0.070391	0.064697
0180030813	2010	4	29	119	0.061079	0.061839
0180030813	2010	4	30	120	0.04918	0.056658
0180030813	2010	5	1	121	0.042537	0.053119
0180030813	2010	5	2	122	0.042692	0.053515
0180030813	2010	5	3	123	0.043722	0.05401
0180030813	2010	5	4	124	0.044833	0.054607
0180030813	2010	5	5	125	0.044514	0.054099
0180030813	2010	5	6	126	0.043086	0.052457
0180030813	2010	5	7	127	0.040873	0.050138
0180030813	2010	5	8	128	0.038418	0.047955
0180030813	2010	5	9	129	0.036052	0.045675
0180030813	2010	5	10	130	0.033954	0.044119
0180030813	2010	5	11	131	0.030742	0.04195
0180030813	2010	5	12	132	0.026554	0.038891
0180030813	2010	5	13	133	0.027018	0.037717
0180030813	2010	5	14	134	0.025629	0.037032
0180030813	2010	5	15	135	0.024384	0.036606
0180030813	2010	5	16	136	0.022711	0.035916
0180030813	2010	5	17	137	0.020403	0.034548
0180030813	2010	5	18	138	0.017629	0.03264
0180030813	2010	5	19	139	0.016791	0.031952
0180030813	2010	5	20	140	0.01648	0.031646
0180030813	2010	5	21	141	0.016072	0.031178
0180030813	2010	5	22	142	0.013827	0.029338
0180030813	2010	5	23	143	0.010994	0.026804
0180030813	2010	5	24	144	0.0077142	0.02318
0180030813	2010	5	25	145	0.007956	0.022468
0180030813	2010	5	26	146	0.0082169	0.02273
0180030813	2010	5	27	147	0.0084458	0.022774
0180030813	2010	5	28	148	0.008661	0.022441
0180030813	2010	5	29	149	0.0081475	0.021436
0180030813	2010	5	30	150	0.0074041	0.019367
0180030813	2010	5	31	151	0.0071489	0.018083
0180030813	2010	6	1	152	0.0066689	0.017116
0180030813	2010	6	2	153	0.0063991	0.015525
0180030813	2010	6	3	154	0.0065443	0.014957
0180030813	2010	6	4	155	0.0070333	0.014939
0180030813	2010	6	5	156	0.0072411	0.014753
0180030813	2010	6	6	157	0.0074706	0.014518
0180030813	2010	6	7	158	0.0072878	0.013974
0180030813	2010	6	8	159	0.0068299	0.012537
0180030813	2010	6	9	160	0.0058877	0.011259
0180030813	2010	6	10	161	0.0051489	0.0097047
0180030813	2010	6	11	162	0.0038215	0.0075817
0180030813	2010	6	12	163	0.0025526	0.0051233
0180030813	2010	6	13	164	0.0035649	0.0046716
0180030813	2010	6	14	165	0.0049493	0.0054043
0180030813	2010	6	15	166	0.0050009	0.0062263
0180030813	2010	6	16	167	0.0042084	0.0058311
0180030813	2010	6	17	168	0.0043494	0.0054562
0180030813	2010	6	18	169	0.0046595	0.0056291
0180030813	2010	6	19	170	0.004401	0.0053511
0180030813	2010	6	20	171	0.0043312	0.0060833
0180030813	2010	6	21	172	0.0043591	0.0058093
0180030813	2010	6	22	173	0.0044617	0.0052964
0180030813	2010	6	23	174	0.0051235	0.0051745
0180030813	2010	6	24	175	0.004546	0.0060709
0180030813	2010	6	25	176	0.0032605	0.0044776
0180030813	2010	6	26	177	0.0037148	0.0045449
0180030813	2010	6	27	178	0.0037728	0.0044196
0180030813	2010	6	28	179	0.0037059	0.0040594
0180030813	2010	6	29	180	0.002328	0.0034982
0180030813	2010	6	30	181	0.0040477	
0180030813	2010	7	1	182	0.0048671	0.0018202
0180030813	2010	7	2	183	0.0066386	0.0025689
0180030813	2010	7	3	184	0.0104	0.0034918
0180030813	2010	7	4	185	0.015237	0.0060385
0180030813	2010	7	5	186	0.017552	0.0073332
0180030813	2010	7	6	187	0.019472	0.0093861
0180030813	2010	7	7	188	0.014333	0.0069118
0180030813	2010	7	8	189	0.014466	0.0077594
0180030813	2010	7	9	190	0.013721	0.007042
0180030813	2010	7	10	191	0.013771	0.0077734
0180030813	2010	7	11	192	0.010266	0.0053768
0180030813	2010	7	12	193	0.010866	0.0052887
0180030813	2010	7	13	194	0.015302	0.0084285
0180030813	2010	7	14	195	0.011626	0.0059683
0180030813	2010	7	15	196	0.015354	0.0083629
0180030813	2010	7	16	197	0.015076	0.0085435
0180030813	2010	7	17	198	0.016936	0.0099222
0180030813	2010	7	18	199	0.14049	0.1039
0180030813	2010	7	19	200	0.14077	0.13062
0180030813	2010	7	20	201	0.12503	0.11788
0180030813	2010	7	21	202	0.12005	0.11144
0180030813	2010	7	22	203	0.14535	0.12856
0180030813	2010	7	23	204	0.13768	0.12947
0180030813	2010	7	24	205	0.15399	0.14092
0180030813	2010	7	25	206	0.13824	0.13408
0180030813	2010	7	26	207	0.12389	0.12291
0180030813	2010	7	27	208	0.12849	0.12355
0180030813	2010	7	28	209	0.19517	0.19474
0180030813	2010	7	29	210	0.20559	0.20705
0180030813	2010	7	30	211	0.25077	
0180030813	2010	7	31	212	0.25633	
0180030813	2010	8	1	213	0.24048	
0180030813	2010	8	2	214	0.21628	
0180030813	2010	8	3	215	0.19886	0.20602
0180030813	2010	8	4	216	0.17897	0.18572
0180030813	2010	8	5	217	0.16154	0.16787
0180030813	2010	8	6	218	0.14676	0.15346
0180030813	2010	8	7	219	0.14937	0.14961
0180030813	2010	8	8	220	0.20555	0.20015
0180030813	2010	8	9	221	0.18685	0.19468
0180030813	2010	8	10	222	0.16985	0.17748
0180030813	2010	8	11	223	0.20102	0.19895
0180030813	2010	8	12	224	0.17891	0.18651
0180030813	2010	8	13	225	0.16006	0.16822
0180030813	2010	8	14	226	0.14332	0.15259
0180030813	2010	8	15	227	0.12328	0.13592
0180030813	2010	8	16	228	0.17925	0.17354
0180030813	2010	8	17	229	0.21413	0.21163
0180030813	2010	8	18	230	0.19319	0.19343
0180030813	2010	8	19	231	0.1738	0.17491
0180030813	2010	8	20	232	0.15627	0.15772
0180030813	2010	8	21	233	0.13853	0.1423
0180030813	2010	8	22	234	0.12478	0.13104
0180030813	2010	8	23	235	0.11648	0.12441
0180030813	2010	8	24	236	0.10693	0.11576
0180030813	2010	8	25	237	0.24503	
0180030813	2010	8	26	238	0.23208	
0180030813	2010	8	27	239	0.21491	0.21768
0180030813	2010	8	28	240	0.20162	0.2047
0180030813	2010	8	29	241	0.18277	0.18664
0180030813	2010	8	30	242	0.21748	0.2161
0180030813	2010	8	31	243	0.19756	0.20189
0180030813	2010	9	1	244	0.18136	0.18532
0180030813	2010	9	2	245	0.16339	0.16817
0180030813	2010	9	3	246	0.14546	0.1522
0180030813	2010	9	4	247	0.13157	0.13907
0180030813	2010	9	5	248	0.12023	0.12636
0180030813	2010	9	6	249	0.10777	0.1129
0180030813	2010	9	7	250	0.098561	0.10128
0180030813	2010	9	8	251	0.1005	0.097103
0180030813	2010	9	9	252	0.097543	0.094867
0180030813	2010	9	10	253	0.091303	0.090231
0180030813	2010	9	11	254	0.085555	0.085008
0180030813	2010	9	12	255	0.07961	0.079713
0180030813	2010	9	13	256	0.074547	0.074705
0180030813	2010	9	14	257	0.075825	0.07322
0180030813	2010	9	15	258	0.071837	0.068856
0180030813	2010	9	16	259	0.069671	0.065254
0180030813	2010	9	17	260	0.067554	0.061646
0180030813	2010	9	18	261	0.065596	0.058445
0180030813	2010	9	19	262	0.065079	0.056528
0180030813	2010	9	20	263	0.06306	0.054289
0180030813	2010	9	21	264	0.05952	0.051536
0180030813	2010	9	22	265	0.05507	0.048546
0180030813	2010	9	23	266	0.18455	0.12865
0180030813	2010	9	24	267	0.14898	0.13412
0180030813	2010	9	25	268	0.13183	0.11981
0180030813	2010	9	26	269	0.11879	0.10899
0180030813	2010	9	27	270	0.10584	0.098836
0180030813	2010	9	28	271	0.094258	0.090321
0180030813	2010	9	29	272	0.087201	0.084146
0180030813	2010	9	30	273	0.081323	0.079407
0180030813	2010	10	1	274	0.076465	0.074803
0180030813	2010	10	2	275	0.072025	0.070953
0180030813	2010	10	3	276	0.065531	0.065655
0180030813	2010	10	4	277	0.064313	0.064197
0180030813	2010	10	5	278	0.057189	0.058752
0180030813	2010	10	6	279	0.057238	0.056842
0180030813	2010	10	7	280	0.059854	0.057935
0180030813	2010	10	8	281	0.059665	0.058009
0180030813	2010	10	9	282	0.058401	0.057531
0180030813	2010	10	10	283	0.05706	0.056896
0180030813	2010	10	11	284	0.056027	0.056162
0180030813	2010	10	12	285	0.055388	0.055514
0180030813	2010	10	13	286	0.054228	0.054651
0180030813	2010	10	14	287	0.052813	0.052873
0180030813	2010	10	15	288	0.053405	0.053165
0180030813	2010	10	16	289	0.055003	0.046489
0180030813	2010	10	17	290	0.068858	0.046564
0180030813	2010	10	18	291	0.069627	0.048567
0180030813	2010	10	19	292	0.065491	0.048805
0180030813	2010	10	20	293	0.062262	0.048993
0180030813	2010	10	21	294	0.056641	0.047215
0180030813	2010	10	22	295	0.053408	0.046001
0180030813	2010	10	23	296	0.05246	0.046275
0180030813	2010	10	24	297	0.051322	0.046178
0180030813	2010	10	25	298	0.053015	0.047958
0180030813	2010	10	26	299	0.051304	0.047586
0180030813	2010	10	27	300	0.051018	0.047847
0180030813	2010	10	28	301	0.049627	0.047525
0180030813	2010	10	29	302	0.048889	0.047362
0180030813	2010	10	30	303	0.049473	0.047817
0180030813	2010	10	31	304	0.045749	0.045624
0180030813	2010	11	1	305	0.042891	0.043374
0180030813	2010	11	2	306	0.042664	0.043079
0180030813	2010	11	3	307	0.041935	0.042583
0180030813	2010	11	4	308	0.04236	0.042713
0180030813	2010	11	5	309	0.038772	0.040359
0180030813	2010	11	6	310	0.038284	0.039723
0180030813	2010	11	7	311	0.037985	0.039461
0180030813	2010	11	8	312	0.036289	0.0382
0180030813	2010	11	9	313	0.035781	0.03749
0180030813	2010	11	10	314	0.031024	0.034364
0180030813	2010	11	11	315	0.030012	0.033315
0180030813	2010	11	12	316	0.027633	0.03159
0180030813	2010	11	13	317	0.025557	0.029806
0180030813	2010	11	14	318	0.026381	0.030208
0180030813	2010	11	15	319	0.026042	0.030058
0180030813	2010	11	16	320	0.025557	0.029585
0180030813	2010	11	17	321	0.025768	0.029677
0180030813	2010	11	18	322	0.024812	0.028996
0180030813	2010	11	19	323	0.025832	0.029574
0180030813	2010	11	20	324	0.026234	0.029831
0180030813	2010	11	21	325	0.024913	0.029023
0180030813	2010	11	22	326	0.022149	0.02709
0180030813	2010	11	23	327	0.019915	0.025446
0180030813	2010	11	24	328	0.019455	0.024718
0180030813	2010	11	25	329	0.017957	0.023762
0180030813	2010	11	26	330	0.014231	0.020819
0180030813	2010	11	27	331	0.014656	0.020812
0180030813	2010	11	28	332	0.016933	0.02261
0180030813	2010	11	29	333	0.013012	0.020025
0180030813	2010	11	30	334	0.0082706	0.016163
0180030813	2010	12	1	335	0.010139	0.01711
0180030813	2010	12	2	336	0.013457	0.019496
0180030813	2010	12	3	337	0.016409	0.021583
0180030813	2010	12	4	338	0.016944	0.021989
0180030813	2010	12	5	339	0.017575	0.022176
0180030813	2010	12	6	340	0.019819	0.023758
0180030813	2010	12	7	341	0.020524	0.024572
0180030813	2010	12	8	342	0.016019	0.021165
0180030813	2010	12	9	343	0.01626	0.021067
0180030813	2010	12	10	344	0.017538	0.02195
0180030813	2010	12	11	345	0.017759	0.022153
0180030813	2010	12	12	346	0.017121	0.021788
0180030813	2010	12	13	347	0.016084	0.02105
0180030813	2010	12	14	348	0.01587	0.020681
0180030813	2010	12	15	349	0.01666	0.021411
0180030813	2010	12	16	350	0.015445	0.020712
0180030813	2010	12	17	351	0.013879	0.01951
0180030813	2010	12	18	352	0.013012	0.018694
0180030813	2010	12	19	353	0.013481	0.018905
0180030813	2010	12	20	354	0.015118	0.019949
0180030813	2010	12	21	355	0.015254	0.019635
0180030813	2010	12	22	356	0.016206	0.020231
0180030813	2010	12	23	357	0.016197	0.02001
0180030813	2010	12	24	358	0.011248	0.016308
0180030813	2010	12	25	359	0.010462	0.015454
0180030813	2010	12	26	360	0.010924	0.01563
0180030813	2010	12	27	361	0.011224	0.015778
0180030813	2010	12	28	362	0.0094044	0.014329
0180030813	2010	12	29	363	0.010248	0.014909
0180030813	2010	12	30	364	0.04734	0.01336
0180030813	2010	12	31	365	0.13728	0.051722
0180030813	2011	1	1	1	0.12931	0.080223
0180030813	2011	1	2	2	0.1213	0.08676
0180030813	2011	1	3	3	0.11729	0.087793
0180030813	2011	1	4	4	0.11164	0.086892
0180030813	2011	1	5	5	0.10677	0.085119
0180030813	2011	1	6	6	0.10375	0.083337
0180030813	2011	1	7	7	0.10408	0.083579
0180030813	2011	1	8	8	0.098434	0.080602
0180030813	2011	1	9	9	0.092569	0.076979
0180030813	2011	1	10	10	0.088678	0.074327
0180030813	2011	1	11	11	0.083599	0.071136
0180030813	2011	1	12	12	0.079994	0.068602
0180030813	2011	1	13	13	0.075798	0.065874
0180030813	2011	1	14	14	0.071927	0.063337
0180030813	2011	1	15	15	0.068252	0.061066
0180030813	2011	1	16	16	0.064717	0.058842
0180030813	2011	1	17	17	0.062721	0.057596
0180030813	2011	1	18	18	0.060424	0.056446
0180030813	2011	1	19	19	0.057613	0.054916
0180030813	2011	1	20	20	0.054832	0.053624
0180030813	2011	1	21	21	0.050788	0.051479
0180030813	2011	1	22	22	0.048129	0.049962
0180030813	2011	1	23	23	0.045208	0.048497
0180030813	2011	1	24	24	0.041304	0.046134
0180030813	2011	1	25	25	0.038986	0.044951
0180030813	2011	1	26	26	0.037708	0.044271
0180030813	2011	1	27	27	0.03635	0.043651
0180030813	2011	1	28	28	0.035751	0.043278
0180030813	2011	1	29	29	0.036842	0.044208
0180030813	2011	1	30	30	0.036303	0.043989
0180030813	2011	1	31	31	0.036186	0.044236
0180030813	2011	2	1	32	0.030786	0.040974
0180030813	2011	2	2	33	0.027308	0.038737
0180030813	2011	2	3	34	0.02254	0.035499
0180030813	2011	2	4	35	0.021097	0.03396
0180030813	2011	2	5	36	0.025526	0.036793
0180030813	2011	2	6	37	0.029237	0.039647
0180030813	2011	2	7	38	0.030468	0.040711
0180030813	2011	2	8	39	0.033816	0.043197
0180030813	2011	2	9	40	0.033997	0.043677
0180030813	2011	2	10	41	0.032049	0.042591
0180030813	2011	2	11	42	0.030878	0.041815
0180030813	2011	2	12	43	0.029989	0.041248
0180030813	2011	2	13	44	0.030823	0.0419
0180030813	2011	2	14	45	0.034148	0.044223
0180030813	2011	2	15	46	0.034532	0.044776
0180030813	2011	2	16	47	0.035289	0.045253
0180030813	2011	2	17	48	0.035993	0.045824
0180030813	2011	2	18	49	0.032977	0.043805
0180030813	2011	2	19	50	0.031227	0.042692
0180030813	2011	2	20	51	0.03004	0.042002
0180030813	2011	2	21	52	0.027288	0.039726
0180030813	2011	2	22	53	0.027103	0.039944
0180030813	2011	2	23	54	0.026258	0.039338
0180030813	2011	2	24	55	0.025359	0.03866
0180030813	2011	2	25	56	0.026146	0.039185
0180030813	2011	2	26	57	0.026639	0.039782
0180030813	2011	2	27	58	0.022275	0.036948
0180030813	2011	2	28	59	0.027986	0.031932
0180030813	2011	3	1	60	0.056392	0.035524
0180030813	2011	3	2	61	0.065715	0.038701
0180030813	2011	3	3	62	0.067464	0.041359
0180030813	2011	3	4	63	0.064025	0.04205
0180030813	2011	3	5	64	0.05905	0.041619
0180030813	2011	3	6	65	0.05602	0.041858
0180030813	2011	3	7	66	0.056357	0.043999
0180030813	2011	3	8	67	0.053678	0.043984
0180030813	2011	3	9	68	0.050542	0.043541
0180030813	2011	3	10	69	0.050251	0.044543
0180030813	2011	3	11	70	0.050514	0.045921
0180030813	2011	3	12	71	0.050635	0.047243
0180030813	2011	3	13	72	0.048676	0.046579
0180030813	2011	3	14	73	0.048677	0.047591
0180030813	2011	3	15	74	0.048426	0.048074
0180030813	2011	3	16	75	0.047845	0.048387
0180030813	2011	3	17	76	0.047512	0.04878
0180030813	2011	3	18	77	0.04682	0.04877
0180030813	2011	3	19	78	0.044836	0.047941
0180030813	2011	3	20	79	0.041298	0.045647
0180030813	2011	3	21	80	0.040094	0.044526
0180030813	2011	3	22	81	0.036917	0.042709
0180030813	2011	3	23	82	0.034858	0.041338
0180030813	2011	3	24	83	0.035329	0.041886
0180030813	2011	3	25	84	0.034819	0.04174
0180030813	2011	3	26	85	0.034592	0.041657
0180030813	2011	3	27	86	0.035002	0.04196
0180030813	2011	3	28	87	0.035361	0.042389
0180030813	2011	3	29	88	0.034637	0.042118
0180030813	2011	3	30	89	0.034123	0.041867
0180030813	2011	3	31	90	0.03361	0.041597
0180030813	2011	4	1	91	0.033628	0.041724
0180030813	2011	4	2	92	0.033624	0.042041
0180030813	2011	4	3	93	0.031611	0.040655
0180030813	2011	4	4	94	0.028363	0.038134
0180030813	2011	4	5	95	0.02719	0.037297
0180030813	2011	4	6	96	0.026506	0.03715
0180030813	2011	4	7	97	0.020057	0.031953
0180030813	2011	4	8	98	0.020907	0.032404
0180030813	2011	4	9	99	0.017862	0.030197
0180030813	2011	4	10	100	0.010541	0.023937
0180030813	2011	4	11	101	0.013382	0.025578
0180030813	2011	4	12	102	0.019209	0.028825
0180030813	2011	4	13	103	0.021905	0.030094
0180030813	2011	4	14	104	0.023894	0.030531
0180030813	2011	4	15	105	0.024554	0.030158
0180030813	2011	4	16	106	0.027259	0.031494
0180030813	2011	4	17	107	0.029331	0.033141
0180030813	2011	4	18	108	0.02875	0.033128
0180030813	2011	4	19	109	0.027093	0.032367
0180030813	2011	4	20	110	0.025766	0.03188
0180030813	2011	4	21	111	0.026223	0.032628
0180030813	2011	4	22	112	0.025405	0.032552
0180030813	2011	4	23	113	0.024069	0.031917
0180030813	2011	4	24	114	0.021723	0.030369
0180030813	2011	4	25	115	0.02058	0.029525
0180030813	2011	4	26	116	0.020733	0.029822
0180030813	2011	4	27	117	0.020304	0.029659
0180030813	2011	4	28	118	0.019931	0.029561
0180030813	2011	4	29	119	0.020331	0.030026
0180030813	2011	4	30	120	0.018017	0.028537
0180030813	2011	5	1	121	0.01469	0.025891
0180030813	2011	5	2	122	0.012423	0.023844
0180030813	2011	5	3	123	0.012796	0.024071
0180030813	2011	5	4	124	0.013927	0.025104
0180030813	2011	5	5	125	0.013892	0.025121
0180030813	2011	5	6	126	0.015563	0.026342
0180030813	2011	5	7	127	0.016304	0.026961
0180030813	2011	5	8	128	0.014466	0.025533
0180030813	2011	5	9	129	0.013515	0.024771
0180030813	2011	5	10	130	0.010804	0.022485
0180030813	2011	5	11	131	0.0090859	0.020561
0180030813	2011	5	12	132	0.011774	0.022407
0180030813	2011	5	13	133	0.013904	0.024124
0180030813	2011	5	14	134	0.014601	0.024843
0180030813	2011	5	15	135	0.013447	0.023974
0180030813	2011	5	16	136	0.01233	0.023057
0180030813	2011	5	17	137	0.010881	0.021738
0180030813	2011	5	18	138	0.009624	0.020655
0180030813	2011	5	19	139	0.008159	0.01924
0180030813	2011	5	20	140	0.0084433	0.018944
0180030813	2011	5	21	141	0.010838	0.020686
0180030813	2011	5	22	142	0.012324	0.021977
0180030813	2011	5	23	143	0.011582	0.021578
0180030813	2011	5	24	144	0.010694	0.020691
0180030813	2011	5	25	145	0.010958	0.020787
0180030813	2011	5	26	146	0.012567	0.022071
0180030813	2011	5	27	147	0.013683	0.023007
0180030813	2011	5	28	148	0.01437	0.023652
0180030813	2011	5	29	149	0.012974	0.022616
0180030813	2011	5	30	150	0.010355	0.020205
0180030813	2011	5	31	151	0.010299	0.019808
0180030813	2011	6	1	152	0.010879	0.020342
0180030813	2011	6	2	153	0.010815	0.020336
0180030813	2011	6	3	154	0.010548	0.020123
0180030813	2011	6	4	155	0.01098	0.020381
0180030813	2011	6	5	156	0.012167	0.02129
0180030813	2011	6	6	157	0.012682	0.021764
0180030813	2011	6	7	158	0.010845	0.020204
0180030813	2011	6	8	159	0.010633	0.019912
0180030813	2011	6	9	160	0.0095294	0.018797
0180030813	2011	6	10	161	0.0095585	0.018644
0180030813	2011	6	11	162	0.0096799	0.01873
0180030813	2011	6	12	163	0.0096282	0.018738
0180030813	2011	6	13	164	0.009277	0.018357
0180030813	2011	6	14	165	0.010146	0.018895
0180030813	2011	6	15	166	0.011645	0.020278
0180030813	2011	6	16	167	0.011637	0.020292
0180030813	2011	6	17	168	0.010052	0.018898
0180030813	2011	6	18	169	0.010987	0.019284
0180030813	2011	6	19	170	0.010591	0.018862
0180030813	2011	6	20	171	0.0093786	0.017629
0180030813	2011	6	21	172	0.01023	0.018334
0180030813	2011	6	22	173	0.011308	0.019202
0180030813	2011	6	23	174	0.011946	0.019962
0180030813	2011	6	24	175	0.011826	0.019794
0180030813	2011	6	25	176	0.012301	0.020049
0180030813	2011	6	26	177	0.011961	0.019947
0180030813	2011	6	27	178	0.011249	0.019196
0180030813	2011	6	28	179	0.010096	0.018031
0180030813	2011	6	29	180	0.0091438	0.017098
0180030813	2011	6	30	181	0.010673	0.017852
0180030813	2011	7	1	182	0.010755	0.017853
0180030813	2011	7	2	183	0.01284	0.01982
0180030813	2011	7	3	184	0.011777	0.019234
0180030813	2011	7	4	185	0.0080965	0.015348
0180030813	2011	7	5	186	0.013429	0.0099297
0180030813	2011	7	6	187	0.038509	0.011386
0180030813	2011	7	7	188	0.05782	0.012263
0180030813	2011	7	8	189	0.05987	0.013852
0180030813	2011	7	9	190	0.067146	0.018377
0180030813	2011	7	10	191	0.1298	0.016838
0180030813	2011	7	11	192	0.12091	0.022064
0180030813	2011	7	12	193	0.11024	0.027222
0180030813	2011	7	13	194	0.098317	0.03492
0180030813	2011	7	14	195	0.084086	0.039831
0180030813	2011	7	15	196	0.071667	0.041721
0180030813	2011	7	16	197	0.065297	0.044167
0180030813	2011	7	17	198	0.06066	0.045936
0180030813	2011	7	18	199	0.048751	0.03872
0180030813	2011	7	19	200	0.046763	0.038076
0180030813	2011	7	20	201	0.041731	0.034555
0180030813	2011	7	21	202	0.040616	0.03358
0180030813	2011	7	22	203	0.044061	0.035512
0180030813	2011	7	23	204	0.053522	0.035468
0180030813	2011	7	24	205	0.17015	0.05204
0180030813	2011	7	25	206	0.17649	0.13138
0180030813	2011	7	26	207	0.16163	0.1296
0180030813	2011	7	27	208	0.13143	0.11459
0180030813	2011	7	28	209	0.11203	0.10169
0180030813	2011	7	29	210	0.095023	0.089051
0180030813	2011	7	30	211	0.086	0.078735
0180030813	2011	7	31	212	0.078982	0.072382
0180030813	2011	8	1	213	0.0733	0.068006
0180030813	2011	8	2	214	0.070912	0.065347
0180030813	2011	8	3	215	0.066635	0.062853
0180030813	2011	8	4	216	0.062385	0.059922
0180030813	2011	8	5	217	0.056992	0.056763
0180030813	2011	8	6	218	0.049686	0.051387
0180030813	2011	8	7	219	0.050053	0.050952
0180030813	2011	8	8	220	0.045624	0.047531
0180030813	2011	8	9	221	0.056267	0.048813
0180030813	2011	8	10	222	0.17713	0.051629
0180030813	2011	8	11	223	0.15544	0.071016
0180030813	2011	8	12	224	0.20337	0.14927
0180030813	2011	8	13	225	0.17766	0.15202
0180030813	2011	8	14	226	0.14738	0.13735
0180030813	2011	8	15	227	0.12135	0.11855
0180030813	2011	8	16	228	0.10684	0.10715
0180030813	2011	8	17	229	0.09546	0.096544
0180030813	2011	8	18	230	0.090623	0.087287
0180030813	2011	8	19	231	0.088057	0.080269
0180030813	2011	8	20	232	0.083293	0.076359
0180030813	2011	8	21	233	0.097047	0.073239
0180030813	2011	8	22	234	0.098242	0.072258
0180030813	2011	8	23	235	0.083937	0.070493
0180030813	2011	8	24	236	0.089714	0.066179
0180030813	2011	8	25	237	0.10689	0.065968
0180030813	2011	8	26	238	0.10408	0.065935
0180030813	2011	8	27	239	0.13855	0.065752
0180030813	2011	8	28	240	0.12338	0.068156
0180030813	2011	8	29	241	0.095981	0.068649
0180030813	2011	8	30	242	0.079898	0.067347
0180030813	2011	8	31	243	0.070755	0.064582
0180030813	2011	9	1	244	0.062586	0.05999
0180030813	2011	9	2	245	0.058502	0.056208
0180030813	2011	9	3	246	0.059289	0.054969
0180030813	2011	9	4	247	0.060116	0.055182
0180030813	2011	9	5	248	0.05507	0.051913
0180030813	2011	9	6	249	0.053268	0.049896
0180030813	2011	9	7	250	0.052015	0.048525
0180030813	2011	9	8	251	0.052897	0.048627
0180030813	2011	9	9	252	0.052673	0.048391
0180030813	2011	9	10	253	0.048472	0.044514
0180030813	2011	9	11	254	0.048077	0.041594
0180030813	2011	9	12	255	0.052593	0.043457
0180030813	2011	9	13	256	0.050028	0.041415
0180030813	2011	9	14	257	0.049593	0.041358
0180030813	2011	9	15	258	0.048974	0.040578
0180030813	2011	9	16	259	0.051511	0.042177
0180030813	2011	9	17	260	0.052673	0.043289
0180030813	2011	9	18	261	0.051485	0.043274
0180030813	2011	9	19	262	0.050597	0.043283
0180030813	2011	9	20	263	0.049483	0.042984
0180030813	2011	9	21	264	0.047477	0.041734
0180030813	2011	9	22	265	0.044749	0.039363
0180030813	2011	9	23	266	0.043382	0.038138
0180030813	2011	9	24	267	0.041651	0.036556
0180030813	2011	9	25	268	0.041405	0.035961
0180030813	2011	9	26	269	0.039317	0.035088
0180030813	2011	9	27	270	0.03542	0.032532
0180030813	2011	9	28	271	0.033284	0.030622
0180030813	2011	9	29	272	0.034991	0.032019
0180030813	2011	9	30	273	0.035058	0.032415
0180030813	2011	10	1	274	0.032377	0.031081
0180030813	2011	10	2	275	0.025271	0.02617
0180030813	2011	10	3	276	0.022559	0.023711
0180030813	2011	10	4	277	0.024511	0.024512
0180030813	2011	10	5	278	0.023914	0.023583
0180030813	2011	10	6	279	0.024746	0.023797
0180030813	2011	10	7	280	0.022127	0.021652
0180030813	2011	10	8	281	0.017273	0.017621
0180030813	2011	10	9	282	0.018406	0.018181
0180030813	2011	10	10	283	0.019607	0.019092
0180030813	2011	10	11	284	0.020209	0.019855
0180030813	2011	10	12	285	0.020846	0.020536
0180030813	2011	10	13	286	0.021169	0.021309
0180030813	2011	10	14	287	0.021462	0.021896
0180030813	2011	10	15	288	0.022778	0.024282
0180030813	2011	10	16	289	0.020567	0.020319
0180030813	2011	10	17	290	0.019046	0.021075
0180030813	2011	10	18	291	0.016924	0.019663
0180030813	2011	10	19	292	0.0154	0.01872
0180030813	2011	10	20	293	0.015389	0.018742
0180030813	2011	10	21	294	0.014464	0.018165
0180030813	2011	10	22	295	0.014082	0.0179
0180030813	2011	10	23	296	0.013673	0.017428
0180030813	2011	10	24	297	0.01314	0.016987
0180030813	2011	10	25	298	0.012087	0.01608
0180030813	2011	10	26	299	0.011239	0.015402
0180030813	2011	10	27	300	0.0070773	0.011742
0180030813	2011	10	28	301	0.006091	0.010323
0180030813	2011	10	29	302	0.0066317	0.010652
0180030813	2011	10	30	303	0.0064577	0.010315
0180030813	2011	10	31	304	0.0069442	0.010841
0180030813	2011	11	1	305	0.007	0.010944
0180030813	2011	11	2	306	0.006177	0.01017
0180030813	2011	11	3	307	0.0054139	0.0088378
0180030813	2011	11	4	308	0.0046182	0.008646
0180030813	2011	11	5	309	0.0035435	0.0078044
0180030813	2011	11	6	310	0.0014428	0.003937
0180030813	2011	11	7	311	0.001248	0.0022836
0180030813	2011	11	8	312	0.00088043	0.001374
0180030813	2011	11	9	313	0.0016879	0.0016221
0180030813	2011	11	10	314	0.0027585	0.0019812
0180030813	2011	11	11	315	0.0021784	0.0017699
0180030813	2011	11	12	316	0.0027639	0.0026253
0180030813	2011	11	13	317	0.0029265	0.0026851
0180030813	2011	11	14	318	0.0045191	0.0024802
0180030813	2011	11	15	319	0.010099	0.0032724
0180030813	2011	11	16	320	0.013563	0.0034409
0180030813	2011	11	17	321	0.016829	0.0037078
0180030813	2011	11	18	322	0.020111	0.0045817
0180030813	2011	11	19	323	0.021708	0.00552
0180030813	2011	11	20	324	0.022737	0.0060386
0180030813	2011	11	21	325	0.023742	0.0072231
0180030813	2011	11	22	326	0.020202	0.0050909
0180030813	2011	11	23	327	0.019407	0.0047876
0180030813	2011	11	24	328	0.022724	0.0072907
0180030813	2011	11	25	329	0.021582	0.0071116
0180030813	2011	11	26	330	0.016444	0.0039463
0180030813	2011	11	27	331	0.015231	0.0033487
0180030813	2011	11	28	332	0.015391	0.003367
0180030813	2011	11	29	333	0.01819	0.0051136
0180030813	2011	11	30	334	0.01849	0.0056874
0180030813	2011	12	1	335	0.021251	0.0077957
0180030813	2011	12	2	336	0.018267	0.006221
0180030813	2011	12	3	337	0.011529	0.0019569
0180030813	2011	12	4	338	0.011028	0.0013561
0180030813	2011	12	5	339	0.0081661	0.0013846
0180030813	2011	12	6	340	0.0044404	9.96E-05
0180030813	2011	12	7	341	0.0054342	0.00047112
0180030813	2011	12	8	342	0.007728	0.0011085
0180030813	2011	12	9	343	0.009434	0.0017751
0180030813	2011	12	10	344	0.011535	0.0020139
0180030813	2011	12	11	345	0.013032	0.0028808
0180030813	2011	12	12	346	0.035911	0.0068008
0180030813	2011	12	13	347	0.20376	0.13141
0180030813	2011	12	14	348		
0180030813	2011	12	15	349	0.22583	0.20894
0180030813	2011	12	16	350	0.21109	0.19667
0180030813	2011	12	17	351	0.2024	0.18835
0180030813	2011	12	18	352	0.1958	0.18225
0180030813	2011	12	19	353	0.21217	0.19296
0180030813	2011	12	20	354	0.2063	0.19099
0180030813	2011	12	21	355	0.19744	0.18456
0180030813	2011	12	22	356	0.19172	0.17915
0180030813	2011	12	23	357	0.18051	0.17138
0180030813	2011	12	24	358	0.17118	0.16371
0180030813	2011	12	25	359	0.16772	0.15927
0180030813	2011	12	26	360	0.16304	0.15469
0180030813	2011	12	27	361	0.16116	0.15183
0180030813	2011	12	28	362	0.15861	0.14868
0180030813	2011	12	29	363	0.15662	0.1463
0180030813	2011	12	30	364	0.15563	0.14441
0180030813	2011	12	31	365	0.15323	0.14194
0180030813	2012	1	1	1	0.14876	0.13797
0180030813	2012	1	2	2	0.14526	0.135
0180030813	2012	1	3	3	0.14089	0.13137
0180030813	2012	1	4	4	0.13921	0.12941
0180030813	2012	1	5	5	0.13459	0.1257
0180030813	2012	1	6	6	0.13109	0.12269
0180030813	2012	1	7	7	0.12921	0.12071
0180030813	2012	1	8	8	0.1261	0.11834
0180030813	2012	1	9	9	0.12061	0.11473
0180030813	2012	1	10	10	0.11815	0.11282
0180030813	2012	1	11	11	0.1178	0.1121
0180030813	2012	1	12	12	0.11768	0.11136
0180030813	2012	1	13	13	0.1142	0.1086
0180030813	2012	1	14	14	0.11033	0.10572
0180030813	2012	1	15	15	0.112	0.10598
0180030813	2012	1	16	16	0.11222	0.1055
0180030813	2012	1	17	17	0.11544	0.10367
0180030813	2012	1	18	18	0.11555	0.1033
0180030813	2012	1	19	19	0.11416	0.10268
0180030813	2012	1	20	20	0.11308	0.10205
0180030813	2012	1	21	21	0.11131	0.10076
0180030813	2012	1	22	22	0.10926	0.099207
0180030813	2012	1	23	23	0.10548	0.097041
0180030813	2012	1	24	24	0.10492	0.096508
0180030813	2012	1	25	25	0.099576	0.093571
0180030813	2012	1	26	26	0.097737	0.092061
0180030813	2012	1	27	27	0.09738	0.091175
0180030813	2012	1	28	28	0.097115	0.090184
0180030813	2012	1	29	29	0.0921	0.086696
0180030813	2012	1	30	30	0.088459	0.083664
0180030813	2012	1	31	31	0.085819	0.081335
0180030813	2012	2	1	32	0.081508	0.078289
0180030813	2012	2	2	33	0.078583	0.076019
0180030813	2012	2	3	34	0.074007	0.073023
0180030813	2012	2	4	35	0.071821	0.071488
0180030813	2012	2	5	36	0.0708	0.070695
0180030813	2012	2	6	37	0.069687	0.069824
0180030813	2012	2	7	38	0.067645	0.068234
0180030813	2012	2	8	39	0.066985	0.067829
0180030813	2012	2	9	40	0.061476	0.06437
0180030813	2012	2	10	41	0.061878	0.064307
0180030813	2012	2	11	42	0.060152	0.06306
0180030813	2012	2	12	43	0.059638	0.062385
0180030813	2012	2	13	44	0.055323	0.059824
0180030813	2012	2	14	45	0.054348	0.059323
0180030813	2012	2	15	46	0.048432	0.055935
0180030813	2012	2	16	47	0.049964	0.056666
0180030813	2012	2	17	48	0.049053	0.056464
0180030813	2012	2	18	49	0.044985	0.053846
0180030813	2012	2	19	50	0.046777	0.054739
0180030813	2012	2	20	51	0.04653	0.054434
0180030813	2012	2	21	52	0.046151	0.054009
0180030813	2012	2	22	53	0.04648	0.05379
0180030813	2012	2	23	54	0.046643	0.053484
0180030813	2012	2	24	55	0.04699	0.053279
0180030813	2012	2	25	56	0.047226	0.053005
0180030813	2012	2	26	57	0.046656	0.052479
0180030813	2012	2	27	58	0.046277	0.051966
0180030813	2012	2	28	59	0.044423	0.050698
0180030813	2012	2	29	60	0.041638	0.049038
0180030813	2012	3	1	61	0.041855	0.048889
0180030813	2012	3	2	62	0.042211	0.049026
0180030813	2012	3	3	63	0.0393	0.047238
0180030813	2012	3	4	64	0.04006	0.047376
0180030813	2012	3	5	65	0.041104	0.048051
0180030813	2012	3	6	66	0.041307	0.047921
0180030813	2012	3	7	67	0.041289	0.047995
0180030813	2012	3	8	68	0.036732	0.045343
0180030813	2012	3	9	69	0.036277	0.044971
0180030813	2012	3	10	70	0.035601	0.044451
0180030813	2012	3	11	71	0.035202	0.044386
0180030813	2012	3	12	72	0.036368	0.04515
0180030813	2012	3	13	73	0.036091	0.04506
0180030813	2012	3	14	74	0.036407	0.045199
0180030813	2012	3	15	75	0.035887	0.044932
0180030813	2012	3	16	76	0.036033	0.045028
0180030813	2012	3	17	77	0.03549	0.044851
0180030813	2012	3	18	78	0.031905	0.042937
0180030813	2012	3	19	79	0.019273	0.034264
0180030813	2012	3	20	80	0.07499	0.032421
0180030813	2012	3	21	81	0.11998	0.037352
0180030813	2012	3	22	82	0.12233	0.04506
0180030813	2012	3	23	83	0.11367	0.05011
0180030813	2012	3	24	84	0.1053	0.052973
0180030813	2012	3	25	85	0.097361	0.054566
0180030813	2012	3	26	86	0.088815	0.053922
0180030813	2012	3	27	87	0.083371	0.054758
0180030813	2012	3	28	88	0.079195	0.055376
0180030813	2012	3	29	89	0.074571	0.055444
0180030813	2012	3	30	90	0.070677	0.055451
0180030813	2012	3	31	91	0.069032	0.056259
0180030813	2012	4	1	92	0.066708	0.056344
0180030813	2012	4	2	93	0.060118	0.053592
0180030813	2012	4	3	94	0.056065	0.051613
0180030813	2012	4	4	95	0.055977	0.05219
0180030813	2012	4	5	96	0.056217	0.052876
0180030813	2012	4	6	97	0.055668	0.053149
0180030813	2012	4	7	98	0.053955	0.052571
0180030813	2012	4	8	99	0.052824	0.052001
0180030813	2012	4	9	100	0.052609	0.052487
0180030813	2012	4	10	101	0.049945	0.051229
0180030813	2012	4	11	102	0.047756	0.05024
0180030813	2012	4	12	103	0.043762	0.048184
0180030813	2012	4	13	104	0.041129	0.046719
0180030813	2012	4	14	105	0.03785	0.045116
0180030813	2012	4	15	106	0.029849	0.039192
0180030813	2012	4	16	107	0.034346	0.042264
0180030813	2012	4	17	108	0.036764	0.044055
0180030813	2012	4	18	109	0.037906	0.04495
0180030813	2012	4	19	110	0.036478	0.044551
0180030813	2012	4	20	111	0.034911	0.043737
0180030813	2012	4	21	112	0.038545	0.044411
0180030813	2012	4	22	113	0.035593	0.043719
0180030813	2012	4	23	114	0.033986	0.042633
0180030813	2012	4	24	115	0.031244	0.040786
0180030813	2012	4	25	116	0.028639	0.038869
0180030813	2012	4	26	117	0.025463	0.036169
0180030813	2012	4	27	118	0.022401	0.033714
0180030813	2012	4	28	119	0.02337	0.034074
0180030813	2012	4	29	120	0.023883	0.033964
0180030813	2012	4	30	121	0.022731	0.032728
0180030813	2012	5	1	122	0.022145	0.031794
0180030813	2012	5	2	123	0.020544	0.030051
0180030813	2012	5	3	124	0.018885	0.028378
0180030813	2012	5	4	125	0.01862	0.027726
0180030813	2012	5	5	126	0.01845	0.02712
0180030813	2012	5	6	127	0.016514	0.025442
0180030813	2012	5	7	128	0.014688	0.02363
0180030813	2012	5	8	129	0.013087	0.021829
0180030813	2012	5	9	130	0.026599	0.020948
0180030813	2012	5	10	131	0.2042	0.13346
0180030813	2012	5	11	132	0.16443	0.13012
0180030813	2012	5	12	133	0.14422	0.11748
0180030813	2012	5	13	134	0.12887	0.1076
0180030813	2012	5	14	135	0.11419	0.099048
0180030813	2012	5	15	136	0.099128	0.093115
0180030813	2012	5	16	137	0.090518	0.085141
0180030813	2012	5	17	138	0.076979	0.078532
0180030813	2012	5	18	139	0.069242	0.07254
0180030813	2012	5	19	140	0.063758	0.067315
0180030813	2012	5	20	141	0.060459	0.063525
0180030813	2012	5	21	142	0.059171	0.060913
0180030813	2012	5	22	143	0.056266	0.057777
0180030813	2012	5	23	144	0.052159	0.054504
0180030813	2012	5	24	145	0.043943	0.048938
0180030813	2012	5	25	146	0.040472	0.046772
0180030813	2012	5	26	147	0.033456	0.042341
0180030813	2012	5	27	148	0.03308	0.041186
0180030813	2012	5	28	149	0.030197	0.039147
0180030813	2012	5	29	150	0.029351	0.038371
0180030813	2012	5	30	151	0.028109	0.037565
0180030813	2012	5	31	152	0.026201	0.036112
0180030813	2012	6	1	153	0.026261	0.035776
0180030813	2012	6	2	154	0.025025	0.03496
0180030813	2012	6	3	155	0.02132	0.031713
0180030813	2012	6	4	156	0.019742	0.029846
0180030813	2012	6	5	157	0.020392	0.029723
0180030813	2012	6	6	158	0.019759	0.028872
0180030813	2012	6	7	159	0.018049	0.026984
0180030813	2012	6	8	160	0.017173	0.025784
0180030813	2012	6	9	161	0.016068	0.024464
0180030813	2012	6	10	162	0.014759	0.022874
0180030813	2012	6	11	163	0.015029	0.022376
0180030813	2012	6	12	164	0.016463	0.023023
0180030813	2012	6	13	165	0.016128	0.022327
0180030813	2012	6	14	166	0.015189	0.02127
0180030813	2012	6	15	167	0.013966	0.019906
0180030813	2012	6	16	168	0.011705	0.01782
0180030813	2012	6	17	169	0.0072743	0.012679
0180030813	2012	6	18	170	0.015492	0.017852
0180030813	2012	6	19	171	0.017031	0.019507
0180030813	2012	6	20	172	0.014284	0.019239
0180030813	2012	6	21	173	0.015956	0.01922
0180030813	2012	6	22	174	0.016223	0.01948
0180030813	2012	6	23	175	0.014059	0.017506
0180030813	2012	6	24	176	0.012971	0.016475
0180030813	2012	6	25	177	0.0072913	0.010957
0180030813	2012	6	26	178	0.0086998	0.0098581
0180030813	2012	6	27	179	0.010193	0.010403
0180030813	2012	6	28	180	0.025	0.0076391
0180030813	2012	6	29	181	0.18429	0.040434
0180030813	2012	6	30	182	0.14816	0.064732
0180030813	2012	7	1	183	0.12499	0.069446
0180030813	2012	7	2	184	0.10763	0.066234
0180030813	2012	7	3	185	0.20545	0.097083
0180030813	2012	7	4	186		
0180030813	2012	7	5	187		
0180030813	2012	7	6	188	0.23179	0.22029
0180030813	2012	7	7	189	0.2021	0.19679
0180030813	2012	7	8	190	0.1826	0.17926
0180030813	2012	7	9	191	0.16914	0.16495
0180030813	2012	7	10	192	0.15656	0.15332
0180030813	2012	7	11	193	0.14146	0.1425
0180030813	2012	7	12	194	0.12414	0.13002
0180030813	2012	7	13	195	0.23292	0.20643
0180030813	2012	7	14	196		
0180030813	2012	7	15	197		
0180030813	2012	7	16	198		
0180030813	2012	7	17	199		
0180030813	2012	7	18	200	0.25171	
0180030813	2012	7	19	201	0.22378	0.21494
0180030813	2012	7	20	202	0.24509	
0180030813	2012	7	21	203	0.24333	
0180030813	2012	7	22	204		
0180030813	2012	7	23	205	0.25613	
0180030813	2012	7	24	206	0.25676	
0180030813	2012	7	25	207		
0180030813	2012	7	26	208	0.24369	
0180030813	2012	7	27	209	0.21859	0.21273
0180030813	2012	7	28	210		
0180030813	2012	7	29	211		
0180030813	2012	7	30	212		
0180030813	2012	7	31	213		
0180030813	2012	8	1	214		
0180030813	2012	8	2	215	0.244	0.21962
0180030813	2012	8	3	216	0.21623	0.19796
0180030813	2012	8	4	217	0.19526	0.17959
0180030813	2012	8	5	218	0.18052	0.16508
0180030813	2012	8	6	219	0.16806	0.15301
0180030813	2012	8	7	220	0.15199	0.13751
0180030813	2012	8	8	221	0.13293	0.11964
0180030813	2012	8	9	222	0.11759	0.10521
0180030813	2012	8	10	223	0.10898	0.094744
0180030813	2012	8	11	224	0.10257	0.087356
0180030813	2012	8	12	225	0.095408	0.07947
0180030813	2012	8	13	226	0.091902	0.074375
0180030813	2012	8	14	227	0.088198	0.069954
0180030813	2012	8	15	228	0.082903	0.065313
0180030813	2012	8	16	229	0.198	0.060132
0180030813	2012	8	17	230	0.17936	0.067008
0180030813	2012	8	18	231	0.17018	0.072265
0180030813	2012	8	19	232	0.16479	0.076737
0180030813	2012	8	20	233	0.15793	0.080001
0180030813	2012	8	21	234	0.13959	0.079232
0180030813	2012	8	22	235	0.1241	0.075791
0180030813	2012	8	23	236	0.17577	0.075315
0180030813	2012	8	24	237	0.15756	0.079165
0180030813	2012	8	25	238	0.13554	0.080025
0180030813	2012	8	26	239	0.11795	0.078279
0180030813	2012	8	27	240	0.10698	0.07566
0180030813	2012	8	28	241	0.095288	0.07046
0180030813	2012	8	29	242	0.090593	0.067661
0180030813	2012	8	30	243	0.088741	0.066261
0180030813	2012	8	31	244	0.084697	0.063198
0180030813	2012	9	1	245	0.082851	0.061679
0180030813	2012	9	2	246	0.081301	0.060094
0180030813	2012	9	3	247	0.078918	0.058539
0180030813	2012	9	4	248	0.094984	0.054654
0180030813	2012	9	5	249	0.14904	0.054444
0180030813	2012	9	6	250	0.15409	0.05449
0180030813	2012	9	7	251		0.1604
0180030813	2012	9	8	252		
0180030813	2012	9	9	253		
0180030813	2012	9	10	254	0.24581	0.21591
0180030813	2012	9	11	255	0.24528	0.21414
0180030813	2012	9	12	256	0.25477	0.22033
0180030813	2012	9	13	257	0.23533	0.20864
0180030813	2012	9	14	258	0.24077	0.20887
0180030813	2012	9	15	259	0.21778	0.19501
0180030813	2012	9	16	260	0.20006	0.18034
0180030813	2012	9	17	261	0.18535	0.16744
0180030813	2012	9	18	262	0.17494	0.15753
0180030813	2012	9	19	263	0.16406	0.14781
0180030813	2012	9	20	264	0.1537	0.13875
0180030813	2012	9	21	265	0.14147	0.12823
0180030813	2012	9	22	266	0.13019	0.11816
0180030813	2012	9	23	267	0.11837	0.10697
0180030813	2012	9	24	268	0.10845	0.096649
0180030813	2012	9	25	269	0.10189	0.089236
0180030813	2012	9	26	270	0.096621	0.083247
0180030813	2012	9	27	271	0.092095	0.07822
0180030813	2012	9	28	272	0.086649	0.073504
0180030813	2012	9	29	273	0.079684	0.068364
0180030813	2012	9	30	274	0.082323	0.069163
0180030813	2012	10	1	275	0.082136	0.067742
0180030813	2012	10	2	276	0.081599	0.06593
0180030813	2012	10	3	277	0.080939	0.064062
0180030813	2012	10	4	278	0.078956	0.061739
0180030813	2012	10	5	279	0.07582	0.058834
0180030813	2012	10	6	280	0.073736	0.056637
0180030813	2012	10	7	281	0.071595	0.054571
0180030813	2012	10	8	282	0.070116	0.05308
0180030813	2012	10	9	283	0.068562	0.051683
0180030813	2012	10	10	284	0.067071	0.050422
0180030813	2012	10	11	285	0.065518	0.049344
0180030813	2012	10	12	286	0.063616	0.047824
0180030813	2012	10	13	287	0.05833	0.044647
0180030813	2012	10	14	288	0.0577	0.043858
0180030813	2012	10	15	289	0.057485	0.043709
0180030813	2012	10	16	290	0.056245	0.042814
0180030813	2012	10	17	291	0.055471	0.042171
0180030813	2012	10	18	292	0.058153	0.044186
0180030813	2012	10	19	293	0.056518	0.043304
0180030813	2012	10	20	294	0.055795	0.042923
0180030813	2012	10	21	295	0.053363	0.04141
0180030813	2012	10	22	296	0.049856	0.038985
0180030813	2012	10	23	297	0.049616	0.038853
0180030813	2012	10	24	298	0.048932	0.0384
0180030813	2012	10	25	299	0.046196	0.036721
0180030813	2012	10	26	300	0.044677	0.03558
0180030813	2012	10	27	301	0.043416	0.034743
0180030813	2012	10	28	302	0.04323	0.034515
0180030813	2012	10	29	303	0.046664	0.037164
0180030813	2012	10	30	304	0.043055	0.034571
0180030813	2012	10	31	305	0.041945	0.033758
0180030813	2012	11	1	306	0.040874	0.033041
0180030813	2012	11	2	307	0.040184	0.03251
0180030813	2012	11	3	308	0.039084	0.03185
0180030813	2012	11	4	309	0.037501	0.030802
0180030813	2012	11	5	310	0.037423	0.030762
0180030813	2012	11	6	311	0.03729	0.03059
0180030813	2012	11	7	312	0.037563	0.030699
0180030813	2012	11	8	313	0.039116	0.03172
0180030813	2012	11	9	314	0.036347	0.030099
0180030813	2012	11	10	315	0.031995	0.027233
0180030813	2012	11	11	316	0.026061	0.023021
0180030813	2012	11	12	317	0.023859	0.02116
0180030813	2012	11	13	318	0.025717	0.021834
0180030813	2012	11	14	319	0.027516	0.022933
0180030813	2012	11	15	320	0.030647	0.024696
0180030813	2012	11	16	321	0.034337	0.026771
0180030813	2012	11	17	322	0.032782	0.025729
0180030813	2012	11	18	323	0.032858	0.025912
0180030813	2012	11	19	324	0.030929	0.024841
0180030813	2012	11	20	325	0.029546	0.023902
0180030813	2012	11	21	326	0.032315	0.025296
0180030813	2012	11	22	327	0.03321	0.0259
0180030813	2012	11	23	328	0.033577	0.025907
0180030813	2012	11	24	329	0.033657	0.025718
0180030813	2012	11	25	330	0.034058	0.025688
0180030813	2012	11	26	331	0.0331	0.025087
0180030813	2012	11	27	332	0.032308	0.024458
0180030813	2012	11	28	333	0.032471	0.024558
0180030813	2012	11	29	334	0.031836	0.024142
0180030813	2012	11	30	335	0.031552	0.024144
0180030813	2012	12	1	336	0.031292	0.024062
0180030813	2012	12	2	337	0.03118	0.023959
0180030813	2012	12	3	338	0.031192	0.024072
0180030813	2012	12	4	339	0.030443	0.023564
0180030813	2012	12	5	340	0.029937	0.023247
0180030813	2012	12	6	341	0.030484	0.023653
0180030813	2012	12	7	342	0.030434	0.023705
0180030813	2012	12	8	343	0.029018	0.022829
0180030813	2012	12	9	344	0.027956	0.022203
0180030813	2012	12	10	345	0.024988	0.020221
0180030813	2012	12	11	346	0.022457	0.018414
0180030813	2012	12	12	347	0.023176	0.018649
0180030813	2012	12	13	348	0.025101	0.020033
0180030813	2012	12	14	349	0.15403	0.063741
0180030813	2012	12	15	350	0.23833	0.19158
0180030813	2012	12	16	351	0.24137	0.19832
0180030813	2012	12	17	352	0.23712	0.20334
0180030813	2012	12	18	353	0.22611	0.19755
0180030813	2012	12	19	354	0.23553	0.20082
0180030813	2012	12	20	355	0.23464	0.20344
0180030813	2012	12	21	356	0.22635	0.1976
0180030813	2012	12	22	357	0.22339	0.19479
0180030813	2012	12	23	358	0.21709	0.1904
0180030813	2012	12	24	359		
0180030813	2012	12	25	360		
0180030813	2012	12	26	361	0.19685	0.17269
0180030813	2012	12	27	362	0.18767	0.16702
0180030813	2012	12	28	363	0.18185	0.16118
0180030813	2012	12	29	364	0.17673	0.15732
0180030813	2012	12	30	365	0.1767	0.15585
0180030813	2012	12	31	366	0.17653	0.15441
0180030813	2013	1	1	1	0.21048	0.17797
0180030813	2013	1	2	2	0.23017	0.1947
0180030813	2013	1	3	3	0.21962	0.18996
0180030813	2013	1	4	4	0.21451	0.18713
0180030813	2013	1	5	5	0.20567	0.18143
0180030813	2013	1	6	6	0.20013	0.17669
0180030813	2013	1	7	7	0.19728	0.17381
0180030813	2013	1	8	8	0.19354	0.17064
0180030813	2013	1	9	9	0.1887	0.16668
0180030813	2013	1	10	10	0.1849	0.16301
0180030813	2013	1	11	11	0.18011	0.1594
0180030813	2013	1	12	12	0.16901	0.15218
0180030813	2013	1	13	13	0.16092	0.14613
0180030813	2013	1	14	14	0.15598	0.14193
0180030813	2013	1	15	15	0.14886	0.13766
0180030813	2013	1	16	16	0.14759	0.13504
0180030813	2013	1	17	17	0.15279	0.13579
0180030813	2013	1	18	18	0.15445	0.13678
0180030813	2013	1	19	19	0.15575	0.13736
0180030813	2013	1	20	20	0.15766	0.13848
0180030813	2013	1	21	21	0.15793	0.13839
0180030813	2013	1	22	22	0.15725	0.13749
0180030813	2013	1	23	23	0.15568	0.13603
0180030813	2013	1	24	24	0.15525	0.13487
0180030813	2013	1	25	25	0.15395	0.13331
0180030813	2013	1	26	26	0.18092	0.14081
0180030813	2013	1	27	27		0.21436
0180030813	2013	1	28	28		
0180030813	2013	1	29	29		
0180030813	2013	1	30	30		
0180030813	2013	1	31	31	0.24637	0.21555
0180030813	2013	2	1	32	0.23743	0.20867
0180030813	2013	2	2	33	0.23131	0.20379
0180030813	2013	2	3	34	0.22561	0.19918
0180030813	2013	2	4	35	0.21998	0.19385
0180030813	2013	2	5	36	0.21407	0.1891
0180030813	2013	2	6	37	0.20885	0.18461
0180030813	2013	2	7	38	0.20187	0.17885
0180030813	2013	2	8	39	0.19563	0.17357
0180030813	2013	2	9	40	0.18839	0.16678
0180030813	2013	2	10	41	0.18655	0.16417
0180030813	2013	2	11	42	0.18114	0.16069
0180030813	2013	2	12	43	0.19549	0.1634
0180030813	2013	2	13	44	0.21389	0.18092
0180030813	2013	2	14	45	0.20641	0.17846
0180030813	2013	2	15	46	0.20247	0.17641
0180030813	2013	2	16	47	0.19558	0.17203
0180030813	2013	2	17	48	0.19031	0.16801
0180030813	2013	2	18	49	0.18451	0.16342
0180030813	2013	2	19	50	0.17947	0.15896
0180030813	2013	2	20	51	0.17402	0.1546
0180030813	2013	2	21	52	0.19659	0.161
0180030813	2013	2	22	53	0.22645	0.1922
0180030813	2013	2	23	54	0.21495	0.18742
0180030813	2013	2	24	55	0.20862	0.1837
0180030813	2013	2	25	56	0.19654	0.1754
0180030813	2013	2	26	57	0.1929	0.17119
0180030813	2013	2	27	58	0.18891	0.16753
0180030813	2013	2	28	59	0.18504	0.16388
0180030813	2013	3	1	60	0.18175	0.16076
0180030813	2013	3	2	61	0.18042	0.15883
0180030813	2013	3	3	62	0.17862	0.1569
0180030813	2013	3	4	63	0.1768	0.15498
0180030813	2013	3	5	64	0.17019	0.15
0180030813	2013	3	6	65	0.16823	0.14736
0180030813	2013	3	7	66	0.16451	0.14455
0180030813	2013	3	8	67	0.15978	0.14063
0180030813	2013	3	9	68	0.16904	0.1371
0180030813	2013	3	10	69	0.17787	0.14478
0180030813	2013	3	11	70	0.17376	0.14484
0180030813	2013	3	12	71	0.16977	0.14331
0180030813	2013	3	13	72	0.16768	0.14263
0180030813	2013	3	14	73	0.16392	0.14062
0180030813	2013	3	15	74	0.1624	0.14034
0180030813	2013	3	16	75		
0180030813	2013	3	17	76	0.15177	0.13043
0180030813	2013	3	18	77	0.14961	0.12957
0180030813	2013	3	19	78	0.14659	0.12696
0180030813	2013	3	20	79	0.14287	0.12369
0180030813	2013	3	21	80	0.14005	0.12074
0180030813	2013	3	22	81	0.13722	0.11758
0180030813	2013	3	23	82	0.13382	0.11552
0180030813	2013	3	24	83	0.12884	0.11154
0180030813	2013	3	25	84	0.12513	0.10809
0180030813	2013	3	26	85	0.1225	0.10499
0180030813	2013	3	27	86	0.12021	0.10224
0180030813	2013	3	28	87	0.11648	0.098928
0180030813	2013	3	29	88	0.11361	0.095982
0180030813	2013	3	30	89	0.10991	0.092867
0180030813	2013	3	31	90	0.10437	0.088308
0180030813	2013	4	1	91	0.10266	0.086443
0180030813	2013	4	2	92	0.098691	0.083
0180030813	2013	4	3	93	0.094958	0.079837
0180030813	2013	4	4	94	0.092139	0.077243
0180030813	2013	4	5	95	0.090919	0.075607
0180030813	2013	4	6	96	0.089282	0.073956
0180030813	2013	4	7	97	0.08653	0.07169
0180030813	2013	4	8	98	0.083729	0.069482
0180030813	2013	4	9	99	0.076581	0.064965
0180030813	2013	4	10	100	0.072192	0.061697
0180030813	2013	4	11	101	0.072264	0.061535
0180030813	2013	4	12	102	0.073154	0.061854
0180030813	2013	4	13	103	0.071329	0.060237
0180030813	2013	4	14	104	0.071961	0.060385
0180030813	2013	4	15	105	0.069881	0.058829
0180030813	2013	4	16	106	0.067972	0.057501
0180030813	2013	4	17	107	0.0655	0.0558
0180030813	2013	4	18	108	0.060596	0.052593
0180030813	2013	4	19	109	0.059311	0.051465
0180030813	2013	4	20	110	0.059422	0.051364
0180030813	2013	4	21	111	0.05954	0.051289
0180030813	2013	4	22	112	0.059834	0.05138
0180030813	2013	4	23	113	0.058779	0.050744
0180030813	2013	4	24	114	0.056553	0.049263
0180030813	2013	4	25	115	0.055398	0.04859
0180030813	2013	4	26	116	0.050848	0.045552
0180030813	2013	4	27	117	0.050619	0.045378
0180030813	2013	4	28	118	0.050138	0.044752
0180030813	2013	4	29	119	0.049769	0.044397
0180030813	2013	4	30	120	0.049373	0.043911
0180030813	2013	5	1	121	0.047072	0.042292
0180030813	2013	5	2	122	0.04474	0.041301
0180030813	2013	5	3	123		
0180030813	2013	5	4	124		
0180030813	2013	5	5	125		
0180030813	2013	5	6	126		
0180030813	2013	5	7	127		
0180030813	2013	5	8	128		
0180030813	2013	5	9	129		
0180030813	2013	5	10	130		
0180030813	2013	5	11	131		
0180030813	2013	5	12	132		
0180030813	2013	5	13	133		
0180030813	2013	5	14	134		
0180030813	2013	5	15	135		
0180030813	2013	5	16	136		
0180030813	2013	5	17	137		
0180030813	2013	5	18	138		
0180030813	2013	5	19	139		
0180030813	2013	5	20	140		
0180030813	2013	5	21	141		
0180030813	2013	5	22	142		
0180030813	2013	5	23	143		
0180030813	2013	5	24	144		
0180030813	2013	5	25	145		
0180030813	2013	5	26	146		
0180030813	2013	5	27	147		
0180030813	2013	5	28	148		
0180030813	2013	5	29	149		
0180030813	2013	5	30	150		
0180030813	2013	5	31	151		
0180030813	2013	6	1	152		
0180030813	2013	6	2	153		
0180030813	2013	6	3	154		
0180030813	2013	6	4	155		
0180030813	2013	6	5	156		
0180030813	2013	6	6	157		
0180030813	2013	6	7	158		
0180030813	2013	6	8	159		
0180030813	2013	6	9	160		
0180030813	2013	6	10	161		
0180030813	2013	6	11	162		
0180030813	2013	6	12	163		
0180030813	2013	6	13	164		
0180030813	2013	6	14	165		
0180030813	2013	6	15	166		
0180030813	2013	6	16	167		
0180030813	2013	6	17	168		
0180030813	2013	6	18	169		
0180030813	2013	6	19	170		
0180030813	2013	6	20	171		
0180030813	2013	6	21	172		
0180030813	2013	6	22	173		
0180030813	2013	6	23	174		
0180030813	2013	6	24	175		
0180030813	2013	6	25	176		
0180030813	2013	6	26	177		
0180030813	2013	6	27	178		
0180030813	2013	6	28	179		
0180030813	2013	6	29	180		
0180030813	2013	6	30	181		
0180030813	2013	7	1	182		
0180030813	2013	7	2	183		
0180030813	2013	7	3	184		
0180030813	2013	7	4	185		
0180030813	2013	7	5	186		
0180030813	2013	7	6	187		
0180030813	2013	7	7	188		
0180030813	2013	7	8	189		
0180030813	2013	7	9	190		
0180030813	2013	7	10	191		
0180030813	2013	7	11	192		
0180030813	2013	7	12	193		
0180030813	2013	7	13	194		
0180030813	2013	7	14	195		
0180030813	2013	7	15	196		
0180030813	2013	7	16	197		
0180030813	2013	7	17	198		
0180030813	2013	7	18	199		
0180030813	2013	7	19	200		
0180030813	2013	7	20	201		
0180030813	2013	7	21	202		
0180030813	2013	7	22	203		
0180030813	2013	7	23	204		
0180030813	2013	7	24	205		
0180030813	2013	7	25	206		
0180030813	2013	7	26	207		
0180030813	2013	7	27	208		
0180030813	2013	7	28	209		
0180030813	2013	7	29	210		
0180030813	2013	7	30	211		
0180030813	2013	7	31	212		
0180030813	2013	8	1	213		
0180030813	2013	8	2	214		
0180030813	2013	8	3	215		
0180030813	2013	8	4	216		
0180030813	2013	8	5	217		
0180030813	2013	8	6	218		
0180030813	2013	8	7	219		
0180030813	2013	8	8	220		
0180030813	2013	8	9	221		
0180030813	2013	8	10	222		
0180030813	2013	8	11	223		
0180030813	2013	8	12	224		
0180030813	2013	8	13	225		
0180030813	2013	8	14	226		
0180030813	2013	8	15	227		
0180030813	2013	8	16	228		
0180030813	2013	8	17	229		
0180030813	2013	8	18	230		
0180030813	2013	8	19	231		
0180030813	2013	8	20	232		
0180030813	2013	8	21	233		
0180030813	2013	8	22	234		
0180030813	2013	8	23	235		
0180030813	2013	8	24	236		
0180030813	2013	8	25	237		
0180030813	2013	8	26	238		
0180030813	2013	8	27	239		
0180030813	2013	8	28	240		
0180030813	2013	8	29	241		
0180030813	2013	8	30	242		
0180030813	2013	8	31	243		
0180030813	2013	9	1	244		
0180030813	2013	9	2	245		
0180030813	2013	9	3	246		
0180030813	2013	9	4	247		
0180030813	2013	9	5	248		
0180030813	2013	9	6	249		
0180030813	2013	9	7	250		
0180030813	2013	9	8	251		
0180030813	2013	9	9	252		
0180030813	2013	9	10	253		
0180030813	2013	9	11	254		
0180030813	2013	9	12	255		
0180030813	2013	9	13	256		
0180030813	2013	9	14	257		
0180030813	2013	9	15	258		
0180030813	2013	9	16	259		
0180030813	2013	9	17	260		
0180030813	2013	9	18	261		
0180030813	2013	9	19	262		
0180030813	2013	9	20	263		
0180030813	2013	9	21	264		
0180030813	2013	9	22	265		
0180030813	2013	9	23	266		
0180030813	2013	9	24	267		
0180030813	2013	9	25	268		
0180030813	2013	9	26	269		
0180030813	2013	9	27	270		
0180030813	2013	9	28	271		
0180030813	2013	9	29	272		
0180030813	2013	9	30	273		
0180030813	2013	10	1	274		
0180030813	2013	10	2	275		
0180030813	2013	10	3	276		
0180030813	2013	10	4	277		
0180030813	2013	10	5	278		
0180030813	2013	10	6	279		
0180030813	2013	10	7	280		
0180030813	2013	10	8	281		
0180030813	2013	10	9	282		
0180030813	2013	10	10	283		
0180030813	2013	10	11	284		
0180030813	2013	10	12	285		
0180030813	2013	10	13	286		
0180030813	2013	10	14	287		
0180030813	2013	10	15	288		
0180030813	2013	10	16	289		
0180030813	2013	10	17	290		
0180030813	2013	10	18	291		
0180030813	2013	10	19	292		
0180030813	2013	10	20	293		
0180030813	2013	10	21	294		
0180030813	2013	10	22	295		
0180030813	2013	10	23	296		
0180030813	2013	10	24	297		
0180030813	2013	10	25	298		
0180030813	2013	10	26	299		
0180030813	2013	10	27	300		
0180030813	2013	10	28	301		
0180030813	2013	10	29	302		
0180030813	2013	10	30	303		
0180030813	2013	10	31	304		
0180030813	2013	11	1	305		
0180030813	2013	11	2	306		
0180030813	2013	11	3	307		
0180030813	2013	11	4	308		
0180030813	2013	11	5	309		
0180030813	2013	11	6	310		
0180030813	2013	11	7	311		
0180030813	2013	11	8	312		
0180030813	2013	11	9	313		
0180030813	2013	11	10	314		
0180030813	2013	11	11	315		
0180030813	2013	11	12	316		
0180030813	2013	11	13	317		
0180030813	2013	11	14	318		
0180030813	2013	11	15	319		
0180030813	2013	11	16	320		
0180030813	2013	11	17	321		
0180030813	2013	11	18	322		
0180030813	2013	11	19	323		
0180030813	2013	11	20	324		
0180030813	2013	11	21	325		
0180030813	2013	11	22	326		
0180030813	2013	11	23	327		
0180030813	2013	11	24	328		
0180030813	2013	11	25	329		
0180030813	2013	11	26	330		
0180030813	2013	11	27	331		
0180030813	2013	11	28	332		
0180030813	2013	11	29	333		
0180030813	2013	11	30	334		
0180030813	2013	12	1	335		
0180030813	2013	12	2	336		
0180030813	2013	12	3	337		
0180030813	2013	12	4	338		
0180030813	2013	12	5	339		
0180030813	2013	12	6	340		
0180030813	2013	12	7	341		
0180030813	2013	12	8	342		
0180030813	2013	12	9	343		
0180030813	2013	12	10	344		
0180030813	2013	12	11	345		
0180030813	2013	12	12	346		
0180030813	2013	12	13	347		
0180030813	2013	12	14	348		
0180030813	2013	12	15	349		
0180030813	2013	12	16	350		
0180030813	2013	12	17	351		
0180030813	2013	12	18	352		
0180030813	2013	12	19	353		
0180030813	2013	12	20	354		
0180030813	2013	12	21	355		
0180030813	2013	12	22	356		
0180030813	2013	12	23	357		
0180030813	2013	12	24	358		
0180030813	2013	12	25	359		
0180030813	2013	12	26	360		
0180030813	2013	12	27	361		
0180030813	2013	12	28	362		
0180030813	2013	12	29	363		
0180030813	2013	12	30	364		
0180030813	2013	12	31	365		
