stationID	Y	M	D	DOY	depth_17
0240110708	2007	1	1	1	
0240110708	2007	1	2	2	
0240110708	2007	1	3	3	
0240110708	2007	1	4	4	
0240110708	2007	1	5	5	
0240110708	2007	1	6	6	
0240110708	2007	1	7	7	
0240110708	2007	1	8	8	
0240110708	2007	1	9	9	
0240110708	2007	1	10	10	
0240110708	2007	1	11	11	
0240110708	2007	1	12	12	
0240110708	2007	1	13	13	
0240110708	2007	1	14	14	
0240110708	2007	1	15	15	
0240110708	2007	1	16	16	
0240110708	2007	1	17	17	
0240110708	2007	1	18	18	
0240110708	2007	1	19	19	
0240110708	2007	1	20	20	
0240110708	2007	1	21	21	
0240110708	2007	1	22	22	
0240110708	2007	1	23	23	
0240110708	2007	1	24	24	
0240110708	2007	1	25	25	
0240110708	2007	1	26	26	
0240110708	2007	1	27	27	
0240110708	2007	1	28	28	
0240110708	2007	1	29	29	
0240110708	2007	1	30	30	
0240110708	2007	1	31	31	
0240110708	2007	2	1	32	
0240110708	2007	2	2	33	
0240110708	2007	2	3	34	
0240110708	2007	2	4	35	
0240110708	2007	2	5	36	
0240110708	2007	2	6	37	
0240110708	2007	2	7	38	
0240110708	2007	2	8	39	
0240110708	2007	2	9	40	
0240110708	2007	2	10	41	
0240110708	2007	2	11	42	
0240110708	2007	2	12	43	
0240110708	2007	2	13	44	
0240110708	2007	2	14	45	
0240110708	2007	2	15	46	
0240110708	2007	2	16	47	
0240110708	2007	2	17	48	
0240110708	2007	2	18	49	
0240110708	2007	2	19	50	
0240110708	2007	2	20	51	
0240110708	2007	2	21	52	
0240110708	2007	2	22	53	
0240110708	2007	2	23	54	
0240110708	2007	2	24	55	
0240110708	2007	2	25	56	
0240110708	2007	2	26	57	
0240110708	2007	2	27	58	
0240110708	2007	2	28	59	
0240110708	2007	3	1	60	
0240110708	2007	3	2	61	
0240110708	2007	3	3	62	
0240110708	2007	3	4	63	
0240110708	2007	3	5	64	
0240110708	2007	3	6	65	
0240110708	2007	3	7	66	
0240110708	2007	3	8	67	
0240110708	2007	3	9	68	
0240110708	2007	3	10	69	
0240110708	2007	3	11	70	
0240110708	2007	3	12	71	
0240110708	2007	3	13	72	
0240110708	2007	3	14	73	
0240110708	2007	3	15	74	
0240110708	2007	3	16	75	
0240110708	2007	3	17	76	
0240110708	2007	3	18	77	
0240110708	2007	3	19	78	
0240110708	2007	3	20	79	
0240110708	2007	3	21	80	
0240110708	2007	3	22	81	
0240110708	2007	3	23	82	
0240110708	2007	3	24	83	
0240110708	2007	3	25	84	
0240110708	2007	3	26	85	
0240110708	2007	3	27	86	
0240110708	2007	3	28	87	
0240110708	2007	3	29	88	
0240110708	2007	3	30	89	
0240110708	2007	3	31	90	
0240110708	2007	4	1	91	
0240110708	2007	4	2	92	
0240110708	2007	4	3	93	
0240110708	2007	4	4	94	
0240110708	2007	4	5	95	
0240110708	2007	4	6	96	
0240110708	2007	4	7	97	
0240110708	2007	4	8	98	
0240110708	2007	4	9	99	
0240110708	2007	4	10	100	
0240110708	2007	4	11	101	
0240110708	2007	4	12	102	
0240110708	2007	4	13	103	
0240110708	2007	4	14	104	
0240110708	2007	4	15	105	
0240110708	2007	4	16	106	
0240110708	2007	4	17	107	
0240110708	2007	4	18	108	
0240110708	2007	4	19	109	
0240110708	2007	4	20	110	
0240110708	2007	4	21	111	
0240110708	2007	4	22	112	
0240110708	2007	4	23	113	
0240110708	2007	4	24	114	
0240110708	2007	4	25	115	
0240110708	2007	4	26	116	
0240110708	2007	4	27	117	
0240110708	2007	4	28	118	
0240110708	2007	4	29	119	
0240110708	2007	4	30	120	
0240110708	2007	5	1	121	
0240110708	2007	5	2	122	
0240110708	2007	5	3	123	
0240110708	2007	5	4	124	
0240110708	2007	5	5	125	
0240110708	2007	5	6	126	
0240110708	2007	5	7	127	
0240110708	2007	5	8	128	
0240110708	2007	5	9	129	
0240110708	2007	5	10	130	
0240110708	2007	5	11	131	
0240110708	2007	5	12	132	
0240110708	2007	5	13	133	
0240110708	2007	5	14	134	
0240110708	2007	5	15	135	
0240110708	2007	5	16	136	
0240110708	2007	5	17	137	
0240110708	2007	5	18	138	
0240110708	2007	5	19	139	
0240110708	2007	5	20	140	
0240110708	2007	5	21	141	
0240110708	2007	5	22	142	
0240110708	2007	5	23	143	
0240110708	2007	5	24	144	
0240110708	2007	5	25	145	
0240110708	2007	5	26	146	
0240110708	2007	5	27	147	
0240110708	2007	5	28	148	
0240110708	2007	5	29	149	
0240110708	2007	5	30	150	
0240110708	2007	5	31	151	
0240110708	2007	6	1	152	
0240110708	2007	6	2	153	
0240110708	2007	6	3	154	
0240110708	2007	6	4	155	
0240110708	2007	6	5	156	
0240110708	2007	6	6	157	
0240110708	2007	6	7	158	
0240110708	2007	6	8	159	
0240110708	2007	6	9	160	
0240110708	2007	6	10	161	
0240110708	2007	6	11	162	
0240110708	2007	6	12	163	
0240110708	2007	6	13	164	
0240110708	2007	6	14	165	
0240110708	2007	6	15	166	
0240110708	2007	6	16	167	
0240110708	2007	6	17	168	
0240110708	2007	6	18	169	
0240110708	2007	6	19	170	
0240110708	2007	6	20	171	
0240110708	2007	6	21	172	
0240110708	2007	6	22	173	
0240110708	2007	6	23	174	
0240110708	2007	6	24	175	
0240110708	2007	6	25	176	
0240110708	2007	6	26	177	
0240110708	2007	6	27	178	
0240110708	2007	6	28	179	
0240110708	2007	6	29	180	
0240110708	2007	6	30	181	
0240110708	2007	7	1	182	
0240110708	2007	7	2	183	
0240110708	2007	7	3	184	
0240110708	2007	7	4	185	
0240110708	2007	7	5	186	
0240110708	2007	7	6	187	
0240110708	2007	7	7	188	
0240110708	2007	7	8	189	
0240110708	2007	7	9	190	
0240110708	2007	7	10	191	
0240110708	2007	7	11	192	
0240110708	2007	7	12	193	
0240110708	2007	7	13	194	
0240110708	2007	7	14	195	
0240110708	2007	7	15	196	
0240110708	2007	7	16	197	
0240110708	2007	7	17	198	
0240110708	2007	7	18	199	
0240110708	2007	7	19	200	
0240110708	2007	7	20	201	
0240110708	2007	7	21	202	
0240110708	2007	7	22	203	
0240110708	2007	7	23	204	
0240110708	2007	7	24	205	
0240110708	2007	7	25	206	
0240110708	2007	7	26	207	
0240110708	2007	7	27	208	
0240110708	2007	7	28	209	
0240110708	2007	7	29	210	
0240110708	2007	7	30	211	
0240110708	2007	7	31	212	
0240110708	2007	8	1	213	
0240110708	2007	8	2	214	
0240110708	2007	8	3	215	
0240110708	2007	8	4	216	
0240110708	2007	8	5	217	
0240110708	2007	8	6	218	
0240110708	2007	8	7	219	
0240110708	2007	8	8	220	
0240110708	2007	8	9	221	
0240110708	2007	8	10	222	
0240110708	2007	8	11	223	
0240110708	2007	8	12	224	
0240110708	2007	8	13	225	
0240110708	2007	8	14	226	
0240110708	2007	8	15	227	
0240110708	2007	8	16	228	
0240110708	2007	8	17	229	
0240110708	2007	8	18	230	
0240110708	2007	8	19	231	
0240110708	2007	8	20	232	
0240110708	2007	8	21	233	
0240110708	2007	8	22	234	
0240110708	2007	8	23	235	
0240110708	2007	8	24	236	
0240110708	2007	8	25	237	
0240110708	2007	8	26	238	
0240110708	2007	8	27	239	
0240110708	2007	8	28	240	
0240110708	2007	8	29	241	
0240110708	2007	8	30	242	
0240110708	2007	8	31	243	
0240110708	2007	9	1	244	
0240110708	2007	9	2	245	
0240110708	2007	9	3	246	
0240110708	2007	9	4	247	
0240110708	2007	9	5	248	
0240110708	2007	9	6	249	
0240110708	2007	9	7	250	
0240110708	2007	9	8	251	
0240110708	2007	9	9	252	
0240110708	2007	9	10	253	
0240110708	2007	9	11	254	
0240110708	2007	9	12	255	
0240110708	2007	9	13	256	
0240110708	2007	9	14	257	
0240110708	2007	9	15	258	
0240110708	2007	9	16	259	
0240110708	2007	9	17	260	0.69425
0240110708	2007	9	18	261	0.69012
0240110708	2007	9	19	262	0.69217
0240110708	2007	9	20	263	0.69238
0240110708	2007	9	21	264	
0240110708	2007	9	22	265	0.6906
0240110708	2007	9	23	266	0.68942
0240110708	2007	9	24	267	0.68719
0240110708	2007	9	25	268	0.6825
0240110708	2007	9	26	269	0.66404
0240110708	2007	9	27	270	0.61829
0240110708	2007	9	28	271	0.58379
0240110708	2007	9	29	272	0.55313
0240110708	2007	9	30	273	0.52667
0240110708	2007	10	1	274	0.5041
0240110708	2007	10	2	275	0.56667
0240110708	2007	10	3	276	
0240110708	2007	10	4	277	
0240110708	2007	10	5	278	
0240110708	2007	10	6	279	
0240110708	2007	10	7	280	
0240110708	2007	10	8	281	
0240110708	2007	10	9	282	
0240110708	2007	10	10	283	
0240110708	2007	10	11	284	
0240110708	2007	10	12	285	
0240110708	2007	10	13	286	
0240110708	2007	10	14	287	
0240110708	2007	10	15	288	
0240110708	2007	10	16	289	
0240110708	2007	10	17	290	
0240110708	2007	10	18	291	
0240110708	2007	10	19	292	
0240110708	2007	10	20	293	
0240110708	2007	10	21	294	
0240110708	2007	10	22	295	
0240110708	2007	10	23	296	0.094929
0240110708	2007	10	24	297	0.091292
0240110708	2007	10	25	298	0.088104
0240110708	2007	10	26	299	0.087604
0240110708	2007	10	27	300	0.08986
0240110708	2007	10	28	301	0.092
0240110708	2007	10	29	302	0.090521
0240110708	2007	10	30	303	0.087489
0240110708	2007	10	31	304	0.086778
0240110708	2007	11	1	305	
0240110708	2007	11	2	306	
0240110708	2007	11	3	307	0.087
0240110708	2007	11	4	308	0.0865
0240110708	2007	11	5	309	0.085146
0240110708	2007	11	6	310	0.085
0240110708	2007	11	7	311	0.083896
0240110708	2007	11	8	312	0.083
0240110708	2007	11	9	313	0.083063
0240110708	2007	11	10	314	0.08325
0240110708	2007	11	11	315	0.082187
0240110708	2007	11	12	316	0.081187
0240110708	2007	11	13	317	0.079625
0240110708	2007	11	14	318	0.078229
0240110708	2007	11	15	319	0.077
0240110708	2007	11	16	320	0.077
0240110708	2007	11	17	321	0.077
0240110708	2007	11	18	322	0.077
0240110708	2007	11	19	323	0.076479
0240110708	2007	11	20	324	0.075375
0240110708	2007	11	21	325	0.075979
0240110708	2007	11	22	326	0.077
0240110708	2007	11	23	327	0.078125
0240110708	2007	11	24	328	0.079
0240110708	2007	11	25	329	0.078646
0240110708	2007	11	26	330	0.076813
0240110708	2007	11	27	331	0.075
0240110708	2007	11	28	332	0.073604
0240110708	2007	11	29	333	0.072583
0240110708	2007	11	30	334	0.072188
0240110708	2007	12	1	335	0.073
0240110708	2007	12	2	336	0.0725
0240110708	2007	12	3	337	0.071417
0240110708	2007	12	4	338	0.069354
0240110708	2007	12	5	339	0.068
0240110708	2007	12	6	340	0.068
0240110708	2007	12	7	341	0.0685
0240110708	2007	12	8	342	0.068167
0240110708	2007	12	9	343	0.067708
0240110708	2007	12	10	344	0.067
0240110708	2007	12	11	345	0.067
0240110708	2007	12	12	346	0.067
0240110708	2007	12	13	347	0.067
0240110708	2007	12	14	348	0.067
0240110708	2007	12	15	349	0.067
0240110708	2007	12	16	350	0.066875
0240110708	2007	12	17	351	0.066
0240110708	2007	12	18	352	0.0655
0240110708	2007	12	19	353	0.064313
0240110708	2007	12	20	354	0.063229
0240110708	2007	12	21	355	0.062208
0240110708	2007	12	22	356	0.062
0240110708	2007	12	23	357	0.062
0240110708	2007	12	24	358	0.062
0240110708	2007	12	25	359	0.062
0240110708	2007	12	26	360	0.062
0240110708	2007	12	27	361	0.062
0240110708	2007	12	28	362	0.062
0240110708	2007	12	29	363	0.062
0240110708	2007	12	30	364	0.062
0240110708	2007	12	31	365	0.062
0240110708	2008	1	1	1	0.062
0240110708	2008	1	2	2	0.062
0240110708	2008	1	3	3	0.062
0240110708	2008	1	4	4	0.061333
0240110708	2008	1	5	5	0.061
0240110708	2008	1	6	6	0.061
0240110708	2008	1	7	7	0.060896
0240110708	2008	1	8	8	0.06
0240110708	2008	1	9	9	0.06
0240110708	2008	1	10	10	0.06
0240110708	2008	1	11	11	0.06
0240110708	2008	1	12	12	0.059417
0240110708	2008	1	13	13	0.059
0240110708	2008	1	14	14	0.059
0240110708	2008	1	15	15	0.058854
0240110708	2008	1	16	16	0.058979
0240110708	2008	1	17	17	0.059
0240110708	2008	1	18	18	0.059
0240110708	2008	1	19	19	0.059437
0240110708	2008	1	20	20	0.060167
0240110708	2008	1	21	21	0.061
0240110708	2008	1	22	22	0.061
0240110708	2008	1	23	23	0.060875
0240110708	2008	1	24	24	0.059646
0240110708	2008	1	25	25	0.058479
0240110708	2008	1	26	26	0.058
0240110708	2008	1	27	27	0.057229
0240110708	2008	1	28	28	0.057
0240110708	2008	1	29	29	0.057
0240110708	2008	1	30	30	0.057
0240110708	2008	1	31	31	0.057
0240110708	2008	2	1	32	0.057
0240110708	2008	2	2	33	0.056793
0240110708	2008	2	3	34	
0240110708	2008	2	4	35	
0240110708	2008	2	5	36	
0240110708	2008	2	6	37	
0240110708	2008	2	7	38	
0240110708	2008	2	8	39	
0240110708	2008	2	9	40	
0240110708	2008	2	10	41	
0240110708	2008	2	11	42	
0240110708	2008	2	12	43	
0240110708	2008	2	13	44	
0240110708	2008	2	14	45	
0240110708	2008	2	15	46	
0240110708	2008	2	16	47	
0240110708	2008	2	17	48	
0240110708	2008	2	18	49	
0240110708	2008	2	19	50	
0240110708	2008	2	20	51	
0240110708	2008	2	21	52	
0240110708	2008	2	22	53	
0240110708	2008	2	23	54	
0240110708	2008	2	24	55	
0240110708	2008	2	25	56	
0240110708	2008	2	26	57	
0240110708	2008	2	27	58	
0240110708	2008	2	28	59	
0240110708	2008	2	29	60	
0240110708	2008	3	1	61	
0240110708	2008	3	2	62	
0240110708	2008	3	3	63	
0240110708	2008	3	4	64	
0240110708	2008	3	5	65	
0240110708	2008	3	6	66	
0240110708	2008	3	7	67	
0240110708	2008	3	8	68	
0240110708	2008	3	9	69	
0240110708	2008	3	10	70	
0240110708	2008	3	11	71	
0240110708	2008	3	12	72	
0240110708	2008	3	13	73	
0240110708	2008	3	14	74	
0240110708	2008	3	15	75	
0240110708	2008	3	16	76	
0240110708	2008	3	17	77	
0240110708	2008	3	18	78	
0240110708	2008	3	19	79	
0240110708	2008	3	20	80	
0240110708	2008	3	21	81	
0240110708	2008	3	22	82	
0240110708	2008	3	23	83	
0240110708	2008	3	24	84	
0240110708	2008	3	25	85	
0240110708	2008	3	26	86	
0240110708	2008	3	27	87	
0240110708	2008	3	28	88	
0240110708	2008	3	29	89	
0240110708	2008	3	30	90	
0240110708	2008	3	31	91	
0240110708	2008	4	1	92	
0240110708	2008	4	2	93	
0240110708	2008	4	3	94	
0240110708	2008	4	4	95	
0240110708	2008	4	5	96	0.059
0240110708	2008	4	6	97	0.059
0240110708	2008	4	7	98	0.059
0240110708	2008	4	8	99	0.059
0240110708	2008	4	9	100	0.059
0240110708	2008	4	10	101	0.059
0240110708	2008	4	11	102	0.059
0240110708	2008	4	12	103	0.059
0240110708	2008	4	13	104	0.059
0240110708	2008	4	14	105	0.059
0240110708	2008	4	15	106	0.059
0240110708	2008	4	16	107	0.059
0240110708	2008	4	17	108	0.059
0240110708	2008	4	18	109	0.059
0240110708	2008	4	19	110	0.059
0240110708	2008	4	20	111	0.059
0240110708	2008	4	21	112	0.059
0240110708	2008	4	22	113	0.059958
0240110708	2008	4	23	114	0.06
0240110708	2008	4	24	115	0.06
0240110708	2008	4	25	116	0.060812
0240110708	2008	4	26	117	0.061
0240110708	2008	4	27	118	0.061
0240110708	2008	4	28	119	0.061
0240110708	2008	4	29	120	0.061
0240110708	2008	4	30	121	0.061
0240110708	2008	5	1	122	0.061
0240110708	2008	5	2	123	0.061
0240110708	2008	5	3	124	0.061
0240110708	2008	5	4	125	0.061
0240110708	2008	5	5	126	0.061
0240110708	2008	5	6	127	0.061479
0240110708	2008	5	7	128	0.062021
0240110708	2008	5	8	129	0.063
0240110708	2008	5	9	130	0.063563
0240110708	2008	5	10	131	0.064
0240110708	2008	5	11	132	0.064
0240110708	2008	5	12	133	0.064286
0240110708	2008	5	13	134	0.065556
0240110708	2008	5	14	135	0.066
0240110708	2008	5	15	136	0.066923
0240110708	2008	5	16	137	0.071714
0240110708	2008	5	17	138	0.0847
0240110708	2008	5	18	139	0.09
0240110708	2008	5	19	140	
0240110708	2008	5	20	141	
0240110708	2008	5	21	142	
0240110708	2008	5	22	143	
0240110708	2008	5	23	144	
0240110708	2008	5	24	145	
0240110708	2008	5	25	146	
0240110708	2008	5	26	147	
0240110708	2008	5	27	148	
0240110708	2008	5	28	149	
0240110708	2008	5	29	150	
0240110708	2008	5	30	151	
0240110708	2008	5	31	152	
0240110708	2008	6	1	153	
0240110708	2008	6	2	154	
0240110708	2008	6	3	155	
0240110708	2008	6	4	156	
0240110708	2008	6	5	157	
0240110708	2008	6	6	158	
0240110708	2008	6	7	159	
0240110708	2008	6	8	160	
0240110708	2008	6	9	161	
0240110708	2008	6	10	162	
0240110708	2008	6	11	163	
0240110708	2008	6	12	164	
0240110708	2008	6	13	165	0.08985
0240110708	2008	6	14	166	0.092417
0240110708	2008	6	15	167	0.09775
0240110708	2008	6	16	168	0.10381
0240110708	2008	6	17	169	0.11613
0240110708	2008	6	18	170	0.13838
0240110708	2008	6	19	171	0.16226
0240110708	2008	6	20	172	0.19263
0240110708	2008	6	21	173	0.21027
0240110708	2008	6	22	174	0.2295
0240110708	2008	6	23	175	0.25525
0240110708	2008	6	24	176	0.29954
0240110708	2008	6	25	177	0.36188
0240110708	2008	6	26	178	0.45188
0240110708	2008	6	27	179	0.5125
0240110708	2008	6	28	180	0.56015
0240110708	2008	6	29	181	0.58873
0240110708	2008	6	30	182	0.64079
0240110708	2008	7	1	183	0.69358
0240110708	2008	7	2	184	0.70835
0240110708	2008	7	3	185	0.70904
0240110708	2008	7	4	186	0.69585
0240110708	2008	7	5	187	0.6936
0240110708	2008	7	6	188	0.69071
0240110708	2008	7	7	189	0.68798
0240110708	2008	7	8	190	0.692
0240110708	2008	7	9	191	0.69588
0240110708	2008	7	10	192	0.70879
0240110708	2008	7	11	193	0.73523
0240110708	2008	7	12	194	0.72804
0240110708	2008	7	13	195	0.71862
0240110708	2008	7	14	196	0.72925
0240110708	2008	7	15	197	0.72519
0240110708	2008	7	16	198	0.71919
0240110708	2008	7	17	199	0.71842
0240110708	2008	7	18	200	0.72481
0240110708	2008	7	19	201	0.72077
0240110708	2008	7	20	202	0.71056
0240110708	2008	7	21	203	0.71998
0240110708	2008	7	22	204	0.73123
0240110708	2008	7	23	205	0.73379
0240110708	2008	7	24	206	0.72727
0240110708	2008	7	25	207	0.72102
0240110708	2008	7	26	208	0.70629
0240110708	2008	7	27	209	0.70273
0240110708	2008	7	28	210	0.69885
0240110708	2008	7	29	211	0.70852
0240110708	2008	7	30	212	0.73704
0240110708	2008	7	31	213	0.7394
0240110708	2008	8	1	214	0.735
0240110708	2008	8	2	215	0.73367
0240110708	2008	8	3	216	0.73729
0240110708	2008	8	4	217	0.73844
0240110708	2008	8	5	218	0.74113
0240110708	2008	8	6	219	0.73625
0240110708	2008	8	7	220	0.73033
0240110708	2008	8	8	221	0.7286
0240110708	2008	8	9	222	0.72887
0240110708	2008	8	10	223	0.72894
0240110708	2008	8	11	224	0.73448
0240110708	2008	8	12	225	0.73152
0240110708	2008	8	13	226	0.72846
0240110708	2008	8	14	227	0.72621
0240110708	2008	8	15	228	0.70902
0240110708	2008	8	16	229	0.70713
0240110708	2008	8	17	230	0.70583
0240110708	2008	8	18	231	0.70562
0240110708	2008	8	19	232	0.7045
0240110708	2008	8	20	233	0.70348
0240110708	2008	8	21	234	0.70248
0240110708	2008	8	22	235	0.70225
0240110708	2008	8	23	236	0.70119
0240110708	2008	8	24	237	0.69977
0240110708	2008	8	25	238	0.69879
0240110708	2008	8	26	239	0.69831
0240110708	2008	8	27	240	0.697
0240110708	2008	8	28	241	0.69679
0240110708	2008	8	29	242	0.69585
0240110708	2008	8	30	243	0.69621
0240110708	2008	8	31	244	0.69598
0240110708	2008	9	1	245	0.696
0240110708	2008	9	2	246	0.69548
0240110708	2008	9	3	247	0.6949
0240110708	2008	9	4	248	0.69421
0240110708	2008	9	5	249	0.69379
0240110708	2008	9	6	250	0.69323
0240110708	2008	9	7	251	0.693
0240110708	2008	9	8	252	0.6929
0240110708	2008	9	9	253	0.69208
0240110708	2008	9	10	254	0.69148
0240110708	2008	9	11	255	0.69142
0240110708	2008	9	12	256	0.69137
0240110708	2008	9	13	257	0.691
0240110708	2008	9	14	258	
0240110708	2008	9	15	259	
0240110708	2008	9	16	260	
0240110708	2008	9	17	261	
0240110708	2008	9	18	262	
0240110708	2008	9	19	263	
0240110708	2008	9	20	264	
0240110708	2008	9	21	265	
0240110708	2008	9	22	266	
0240110708	2008	9	23	267	
0240110708	2008	9	24	268	0.673
0240110708	2008	9	25	269	0.67252
0240110708	2008	9	26	270	0.67188
0240110708	2008	9	27	271	0.6706
0240110708	2008	9	28	272	0.66856
0240110708	2008	9	29	273	0.66673
0240110708	2008	9	30	274	0.66325
0240110708	2008	10	1	275	0.66035
0240110708	2008	10	2	276	0.65758
0240110708	2008	10	3	277	0.64367
0240110708	2008	10	4	278	0.63946
0240110708	2008	10	5	279	0.63331
0240110708	2008	10	6	280	0.63071
0240110708	2008	10	7	281	0.6279
0240110708	2008	10	8	282	0.62327
0240110708	2008	10	9	283	0.6191
0240110708	2008	10	10	284	0.61546
0240110708	2008	10	11	285	0.6081
0240110708	2008	10	12	286	0.59892
0240110708	2008	10	13	287	0.59123
0240110708	2008	10	14	288	0.58415
0240110708	2008	10	15	289	0.57602
0240110708	2008	10	16	290	0.56688
0240110708	2008	10	17	291	0.55919
0240110708	2008	10	18	292	0.55073
0240110708	2008	10	19	293	0.54269
0240110708	2008	10	20	294	0.53684
0240110708	2008	10	21	295	
0240110708	2008	10	22	296	
0240110708	2008	10	23	297	0.50377
0240110708	2008	10	24	298	0.496
0240110708	2008	10	25	299	0.48413
0240110708	2008	10	26	300	0.46967
0240110708	2008	10	27	301	0.45104
0240110708	2008	10	28	302	0.43035
0240110708	2008	10	29	303	0.41088
0240110708	2008	10	30	304	0.3926
0240110708	2008	10	31	305	0.37506
0240110708	2008	11	1	306	0.35394
0240110708	2008	11	2	307	0.3276
0240110708	2008	11	3	308	0.29883
0240110708	2008	11	4	309	0.27758
0240110708	2008	11	5	310	0.26254
0240110708	2008	11	6	311	0.25033
0240110708	2008	11	7	312	0.24
0240110708	2008	11	8	313	0.22988
0240110708	2008	11	9	314	0.21817
0240110708	2008	11	10	315	0.20483
0240110708	2008	11	11	316	0.19196
0240110708	2008	11	12	317	0.18208
0240110708	2008	11	13	318	0.17329
0240110708	2008	11	14	319	0.16523
0240110708	2008	11	15	320	0.15869
0240110708	2008	11	16	321	0.15335
0240110708	2008	11	17	322	0.14906
0240110708	2008	11	18	323	0.1454
0240110708	2008	11	19	324	0.14154
0240110708	2008	11	20	325	0.13738
0240110708	2008	11	21	326	0.13312
0240110708	2008	11	22	327	0.12921
0240110708	2008	11	23	328	0.12531
0240110708	2008	11	24	329	0.12083
0240110708	2008	11	25	330	0.11756
0240110708	2008	11	26	331	0.11681
0240110708	2008	11	27	332	0.11583
0240110708	2008	11	28	333	0.1141
0240110708	2008	11	29	334	0.11129
0240110708	2008	11	30	335	0.10954
0240110708	2008	12	1	336	0.109
0240110708	2008	12	2	337	0.10858
0240110708	2008	12	3	338	0.10746
0240110708	2008	12	4	339	0.10563
0240110708	2008	12	5	340	0.10377
0240110708	2008	12	6	341	0.1026
0240110708	2008	12	7	342	0.10148
0240110708	2008	12	8	343	0.099979
0240110708	2008	12	9	344	0.099
0240110708	2008	12	10	345	0.098
0240110708	2008	12	11	346	0.098
0240110708	2008	12	12	347	0.097
0240110708	2008	12	13	348	0.095333
0240110708	2008	12	14	349	0.094042
0240110708	2008	12	15	350	0.094896
0240110708	2008	12	16	351	0.09275
0240110708	2008	12	17	352	0.088604
0240110708	2008	12	18	353	0.088646
0240110708	2008	12	19	354	0.08975
0240110708	2008	12	20	355	0.090938
0240110708	2008	12	21	356	0.089479
0240110708	2008	12	22	357	0.088
0240110708	2008	12	23	358	0.087521
0240110708	2008	12	24	359	0.086437
0240110708	2008	12	25	360	0.085562
0240110708	2008	12	26	361	0.083313
0240110708	2008	12	27	362	0.081521
0240110708	2008	12	28	363	0.080188
0240110708	2008	12	29	364	0.078271
0240110708	2008	12	30	365	0.075896
0240110708	2008	12	31	366	0.074312
