stationID	Y	M	D	DOY	depth_20
0240520511	2005	1	1	1	
0240520511	2005	1	2	2	
0240520511	2005	1	3	3	
0240520511	2005	1	4	4	
0240520511	2005	1	5	5	
0240520511	2005	1	6	6	
0240520511	2005	1	7	7	
0240520511	2005	1	8	8	
0240520511	2005	1	9	9	
0240520511	2005	1	10	10	
0240520511	2005	1	11	11	
0240520511	2005	1	12	12	
0240520511	2005	1	13	13	
0240520511	2005	1	14	14	
0240520511	2005	1	15	15	
0240520511	2005	1	16	16	
0240520511	2005	1	17	17	
0240520511	2005	1	18	18	
0240520511	2005	1	19	19	
0240520511	2005	1	20	20	
0240520511	2005	1	21	21	
0240520511	2005	1	22	22	
0240520511	2005	1	23	23	
0240520511	2005	1	24	24	
0240520511	2005	1	25	25	
0240520511	2005	1	26	26	
0240520511	2005	1	27	27	
0240520511	2005	1	28	28	
0240520511	2005	1	29	29	
0240520511	2005	1	30	30	
0240520511	2005	1	31	31	
0240520511	2005	2	1	32	
0240520511	2005	2	2	33	
0240520511	2005	2	3	34	
0240520511	2005	2	4	35	
0240520511	2005	2	5	36	
0240520511	2005	2	6	37	
0240520511	2005	2	7	38	
0240520511	2005	2	8	39	
0240520511	2005	2	9	40	
0240520511	2005	2	10	41	
0240520511	2005	2	11	42	
0240520511	2005	2	12	43	
0240520511	2005	2	13	44	
0240520511	2005	2	14	45	
0240520511	2005	2	15	46	
0240520511	2005	2	16	47	
0240520511	2005	2	17	48	
0240520511	2005	2	18	49	
0240520511	2005	2	19	50	
0240520511	2005	2	20	51	
0240520511	2005	2	21	52	
0240520511	2005	2	22	53	
0240520511	2005	2	23	54	
0240520511	2005	2	24	55	
0240520511	2005	2	25	56	
0240520511	2005	2	26	57	
0240520511	2005	2	27	58	
0240520511	2005	2	28	59	
0240520511	2005	3	1	60	
0240520511	2005	3	2	61	
0240520511	2005	3	3	62	
0240520511	2005	3	4	63	
0240520511	2005	3	5	64	
0240520511	2005	3	6	65	
0240520511	2005	3	7	66	
0240520511	2005	3	8	67	
0240520511	2005	3	9	68	
0240520511	2005	3	10	69	
0240520511	2005	3	11	70	
0240520511	2005	3	12	71	
0240520511	2005	3	13	72	
0240520511	2005	3	14	73	
0240520511	2005	3	15	74	
0240520511	2005	3	16	75	
0240520511	2005	3	17	76	
0240520511	2005	3	18	77	
0240520511	2005	3	19	78	
0240520511	2005	3	20	79	
0240520511	2005	3	21	80	
0240520511	2005	3	22	81	
0240520511	2005	3	23	82	
0240520511	2005	3	24	83	
0240520511	2005	3	25	84	
0240520511	2005	3	26	85	
0240520511	2005	3	27	86	
0240520511	2005	3	28	87	
0240520511	2005	3	29	88	
0240520511	2005	3	30	89	
0240520511	2005	3	31	90	
0240520511	2005	4	1	91	
0240520511	2005	4	2	92	
0240520511	2005	4	3	93	
0240520511	2005	4	4	94	
0240520511	2005	4	5	95	
0240520511	2005	4	6	96	
0240520511	2005	4	7	97	
0240520511	2005	4	8	98	
0240520511	2005	4	9	99	
0240520511	2005	4	10	100	
0240520511	2005	4	11	101	
0240520511	2005	4	12	102	
0240520511	2005	4	13	103	
0240520511	2005	4	14	104	
0240520511	2005	4	15	105	
0240520511	2005	4	16	106	
0240520511	2005	4	17	107	
0240520511	2005	4	18	108	
0240520511	2005	4	19	109	
0240520511	2005	4	20	110	
0240520511	2005	4	21	111	
0240520511	2005	4	22	112	
0240520511	2005	4	23	113	
0240520511	2005	4	24	114	
0240520511	2005	4	25	115	
0240520511	2005	4	26	116	
0240520511	2005	4	27	117	
0240520511	2005	4	28	118	
0240520511	2005	4	29	119	
0240520511	2005	4	30	120	
0240520511	2005	5	1	121	
0240520511	2005	5	2	122	
0240520511	2005	5	3	123	
0240520511	2005	5	4	124	
0240520511	2005	5	5	125	
0240520511	2005	5	6	126	
0240520511	2005	5	7	127	
0240520511	2005	5	8	128	
0240520511	2005	5	9	129	
0240520511	2005	5	10	130	
0240520511	2005	5	11	131	
0240520511	2005	5	12	132	
0240520511	2005	5	13	133	
0240520511	2005	5	14	134	
0240520511	2005	5	15	135	
0240520511	2005	5	16	136	
0240520511	2005	5	17	137	
0240520511	2005	5	18	138	
0240520511	2005	5	19	139	
0240520511	2005	5	20	140	0.32604
0240520511	2005	5	21	141	0.31457
0240520511	2005	5	22	142	0.30634
0240520511	2005	5	23	143	0.29448
0240520511	2005	5	24	144	0.28925
0240520511	2005	5	25	145	0.27098
0240520511	2005	5	26	146	0.26742
0240520511	2005	5	27	147	0.26181
0240520511	2005	5	28	148	0.26463
0240520511	2005	5	29	149	0.25602
0240520511	2005	5	30	150	0.26179
0240520511	2005	5	31	151	0.24436
0240520511	2005	6	1	152	0.2463
0240520511	2005	6	2	153	
0240520511	2005	6	3	154	
0240520511	2005	6	4	155	0.23844
0240520511	2005	6	5	156	0.22782
0240520511	2005	6	6	157	0.22397
0240520511	2005	6	7	158	0.23497
0240520511	2005	6	8	159	0.23505
0240520511	2005	6	9	160	0.28797
0240520511	2005	6	10	161	0.28358
0240520511	2005	6	11	162	0.26684
0240520511	2005	6	12	163	0.25305
0240520511	2005	6	13	164	
0240520511	2005	6	14	165	
0240520511	2005	6	15	166	0.3344
0240520511	2005	6	16	167	
0240520511	2005	6	17	168	0.36903
0240520511	2005	6	18	169	0.36493
0240520511	2005	6	19	170	0.35946
0240520511	2005	6	20	171	0.35425
0240520511	2005	6	21	172	0.35001
0240520511	2005	6	22	173	0.35258
0240520511	2005	6	23	174	0.35044
0240520511	2005	6	24	175	0.34509
0240520511	2005	6	25	176	0.39251
0240520511	2005	6	26	177	0.38525
0240520511	2005	6	27	178	0.37885
0240520511	2005	6	28	179	0.38406
0240520511	2005	6	29	180	0.37917
0240520511	2005	6	30	181	0.37666
0240520511	2005	7	1	182	0.36576
0240520511	2005	7	2	183	0.35952
0240520511	2005	7	3	184	0.35427
0240520511	2005	7	4	185	0.37468
0240520511	2005	7	5	186	0.36898
0240520511	2005	7	6	187	0.35965
0240520511	2005	7	7	188	0.35458
0240520511	2005	7	8	189	0.34849
0240520511	2005	7	9	190	0.3424
0240520511	2005	7	10	191	0.33241
0240520511	2005	7	11	192	0.31947
0240520511	2005	7	12	193	0.30478
0240520511	2005	7	13	194	0.2934
0240520511	2005	7	14	195	0.28319
0240520511	2005	7	15	196	0.27367
0240520511	2005	7	16	197	0.26366
0240520511	2005	7	17	198	0.25264
0240520511	2005	7	18	199	0.26014
0240520511	2005	7	19	200	0.25306
0240520511	2005	7	20	201	0.25036
0240520511	2005	7	21	202	0.30222
0240520511	2005	7	22	203	0.30977
0240520511	2005	7	23	204	0.29819
0240520511	2005	7	24	205	0.26739
0240520511	2005	7	25	206	0.2615
0240520511	2005	7	26	207	0.36003
0240520511	2005	7	27	208	0.32619
0240520511	2005	7	28	209	0.29823
0240520511	2005	7	29	210	0.28054
0240520511	2005	7	30	211	0.26797
0240520511	2005	7	31	212	0.3077
0240520511	2005	8	1	213	0.32765
0240520511	2005	8	2	214	0.31134
0240520511	2005	8	3	215	0.29056
0240520511	2005	8	4	216	0.26709
0240520511	2005	8	5	217	0.24895
0240520511	2005	8	6	218	0.23943
0240520511	2005	8	7	219	0.23332
0240520511	2005	8	8	220	0.23045
0240520511	2005	8	9	221	0.22567
0240520511	2005	8	10	222	0.32927
0240520511	2005	8	11	223	0.37651
0240520511	2005	8	12	224	0.35026
0240520511	2005	8	13	225	0.33667
0240520511	2005	8	14	226	0.32498
0240520511	2005	8	15	227	0.31371
0240520511	2005	8	16	228	0.30534
0240520511	2005	8	17	229	0.29699
0240520511	2005	8	18	230	0.29152
0240520511	2005	8	19	231	0.30552
0240520511	2005	8	20	232	0.35254
0240520511	2005	8	21	233	0.33146
0240520511	2005	8	22	234	0.3174
0240520511	2005	8	23	235	0.30344
0240520511	2005	8	24	236	0.29264
0240520511	2005	8	25	237	
0240520511	2005	8	26	238	
0240520511	2005	8	27	239	
0240520511	2005	8	28	240	0.33569
0240520511	2005	8	29	241	0.3251
0240520511	2005	8	30	242	0.31359
0240520511	2005	8	31	243	0.30152
0240520511	2005	9	1	244	0.28957
0240520511	2005	9	2	245	0.28031
0240520511	2005	9	3	246	0.2738
0240520511	2005	9	4	247	0.27043
0240520511	2005	9	5	248	0.26615
0240520511	2005	9	6	249	0.26146
0240520511	2005	9	7	250	0.25694
0240520511	2005	9	8	251	0.31256
0240520511	2005	9	9	252	0.35199
0240520511	2005	9	10	253	0.33823
0240520511	2005	9	11	254	0.32776
0240520511	2005	9	12	255	0.32236
0240520511	2005	9	13	256	0.34608
0240520511	2005	9	14	257	0.35539
0240520511	2005	9	15	258	0.34241
0240520511	2005	9	16	259	0.33617
0240520511	2005	9	17	260	0.33075
0240520511	2005	9	18	261	0.32988
0240520511	2005	9	19	262	0.32797
0240520511	2005	9	20	263	0.32156
0240520511	2005	9	21	264	0.32058
0240520511	2005	9	22	265	0.31915
0240520511	2005	9	23	266	0.3123
0240520511	2005	9	24	267	0.34342
0240520511	2005	9	25	268	0.37114
0240520511	2005	9	26	269	0.35898
0240520511	2005	9	27	270	0.34633
0240520511	2005	9	28	271	0.36047
0240520511	2005	9	29	272	0.34892
0240520511	2005	9	30	273	0.33946
0240520511	2005	10	1	274	0.3354
0240520511	2005	10	2	275	0.3349
0240520511	2005	10	3	276	0.33954
0240520511	2005	10	4	277	0.33949
0240520511	2005	10	5	278	
0240520511	2005	10	6	279	0.31651
0240520511	2005	10	7	280	0.30982
0240520511	2005	10	8	281	0.30535
0240520511	2005	10	9	282	0.30246
0240520511	2005	10	10	283	0.30168
0240520511	2005	10	11	284	0.30114
0240520511	2005	10	12	285	0.30016
0240520511	2005	10	13	286	0.30408
0240520511	2005	10	14	287	0.30355
0240520511	2005	10	15	288	0.30067
0240520511	2005	10	16	289	0.29697
0240520511	2005	10	17	290	0.29865
0240520511	2005	10	18	291	0.29709
0240520511	2005	10	19	292	0.29361
0240520511	2005	10	20	293	0.28684
0240520511	2005	10	21	294	0.28455
0240520511	2005	10	22	295	0.28362
0240520511	2005	10	23	296	0.28247
0240520511	2005	10	24	297	0.28665
0240520511	2005	10	25	298	0.28763
0240520511	2005	10	26	299	0.28512
0240520511	2005	10	27	300	0.28367
0240520511	2005	10	28	301	0.28325
0240520511	2005	10	29	302	0.28657
0240520511	2005	10	30	303	0.28841
0240520511	2005	10	31	304	0.28493
0240520511	2005	11	1	305	0.27891
0240520511	2005	11	2	306	0.28025
0240520511	2005	11	3	307	0.28257
0240520511	2005	11	4	308	0.27837
0240520511	2005	11	5	309	0.27421
0240520511	2005	11	6	310	0.2736
0240520511	2005	11	7	311	0.27401
0240520511	2005	11	8	312	0.27507
0240520511	2005	11	9	313	0.26889
0240520511	2005	11	10	314	0.26062
0240520511	2005	11	11	315	0.26091
0240520511	2005	11	12	316	0.26628
0240520511	2005	11	13	317	0.26175
0240520511	2005	11	14	318	0.25624
0240520511	2005	11	15	319	0.28863
0240520511	2005	11	16	320	0.31352
0240520511	2005	11	17	321	0.29298
0240520511	2005	11	18	322	
0240520511	2005	11	19	323	
0240520511	2005	11	20	324	
0240520511	2005	11	21	325	
0240520511	2005	11	22	326	0.32114
0240520511	2005	11	23	327	0.31951
0240520511	2005	11	24	328	0.3037
0240520511	2005	11	25	329	0.28842
0240520511	2005	11	26	330	0.28157
0240520511	2005	11	27	331	0.30324
0240520511	2005	11	28	332	0.36671
0240520511	2005	11	29	333	0.32703
0240520511	2005	11	30	334	0.30168
0240520511	2005	12	1	335	0.30001
0240520511	2005	12	2	336	0.29957
0240520511	2005	12	3	337	0.29388
0240520511	2005	12	4	338	0.29308
0240520511	2005	12	5	339	0.29177
0240520511	2005	12	6	340	0.28939
0240520511	2005	12	7	341	0.28634
0240520511	2005	12	8	342	0.28405
0240520511	2005	12	9	343	0.28563
0240520511	2005	12	10	344	0.29161
0240520511	2005	12	11	345	0.31909
0240520511	2005	12	12	346	0.33726
0240520511	2005	12	13	347	0.33383
0240520511	2005	12	14	348	0.35255
0240520511	2005	12	15	349	0.35181
0240520511	2005	12	16	350	0.33572
0240520511	2005	12	17	351	0.31179
0240520511	2005	12	18	352	0.29904
0240520511	2005	12	19	353	0.28207
0240520511	2005	12	20	354	0.21408
0240520511	2005	12	21	355	0.16452
0240520511	2005	12	22	356	0.15854
0240520511	2005	12	23	357	0.1785
0240520511	2005	12	24	358	0.26336
0240520511	2005	12	25	359	0.33733
0240520511	2005	12	26	360	0.33553
0240520511	2005	12	27	361	0.33385
0240520511	2005	12	28	362	0.33445
0240520511	2005	12	29	363	0.33305
0240520511	2005	12	30	364	0.33591
0240520511	2005	12	31	365	0.33561
0240520511	2006	1	1	1	0.3358
0240520511	2006	1	2	2	0.36758
0240520511	2006	1	3	3	0.35841
0240520511	2006	1	4	4	0.34139
0240520511	2006	1	5	5	0.31659
0240520511	2006	1	6	6	0.29587
0240520511	2006	1	7	7	0.29804
0240520511	2006	1	8	8	0.30851
0240520511	2006	1	9	9	0.30853
0240520511	2006	1	10	10	0.28973
0240520511	2006	1	11	11	0.28107
0240520511	2006	1	12	12	0.28807
0240520511	2006	1	13	13	0.2973
0240520511	2006	1	14	14	0.28586
0240520511	2006	1	15	15	0.28636
0240520511	2006	1	16	16	0.2902
0240520511	2006	1	17	17	0.28643
0240520511	2006	1	18	18	0.27192
0240520511	2006	1	19	19	0.27188
0240520511	2006	1	20	20	0.27692
0240520511	2006	1	21	21	0.27941
0240520511	2006	1	22	22	0.281
0240520511	2006	1	23	23	0.28061
0240520511	2006	1	24	24	0.2966
0240520511	2006	1	25	25	0.29631
0240520511	2006	1	26	26	0.28914
0240520511	2006	1	27	27	0.29597
0240520511	2006	1	28	28	0.30632
0240520511	2006	1	29	29	0.32992
0240520511	2006	1	30	30	0.32703
0240520511	2006	1	31	31	0.31723
0240520511	2006	2	1	32	0.31332
0240520511	2006	2	2	33	0.3087
0240520511	2006	2	3	34	0.3023
0240520511	2006	2	4	35	0.29116
0240520511	2006	2	5	36	0.229
0240520511	2006	2	6	37	0.1554
0240520511	2006	2	7	38	0.18637
0240520511	2006	2	8	39	0.24642
0240520511	2006	2	9	40	0.24134
0240520511	2006	2	10	41	0.23969
0240520511	2006	2	11	42	0.24109
0240520511	2006	2	12	43	0.22421
0240520511	2006	2	13	44	0.1479
0240520511	2006	2	14	45	0.1899
0240520511	2006	2	15	46	0.23918
0240520511	2006	2	16	47	0.22327
0240520511	2006	2	17	48	0.13346
0240520511	2006	2	18	49	0.095536
0240520511	2006	2	19	50	0.085813
0240520511	2006	2	20	51	0.088488
0240520511	2006	2	21	52	0.094243
0240520511	2006	2	22	53	0.10721
0240520511	2006	2	23	54	0.11433
0240520511	2006	2	24	55	0.11447
0240520511	2006	2	25	56	0.12863
0240520511	2006	2	26	57	0.11385
0240520511	2006	2	27	58	0.12847
0240520511	2006	2	28	59	0.15314
0240520511	2006	3	1	60	0.21027
0240520511	2006	3	2	61	0.25207
0240520511	2006	3	3	62	0.25085
0240520511	2006	3	4	63	0.24826
0240520511	2006	3	5	64	0.28175
0240520511	2006	3	6	65	0.28083
0240520511	2006	3	7	66	0.2737
0240520511	2006	3	8	67	0.28178
0240520511	2006	3	9	68	0.29801
0240520511	2006	3	10	69	0.28687
0240520511	2006	3	11	70	0.28417
0240520511	2006	3	12	71	0.27659
0240520511	2006	3	13	72	0.28638
0240520511	2006	3	14	73	0.27811
0240520511	2006	3	15	74	0.27412
0240520511	2006	3	16	75	0.27408
0240520511	2006	3	17	76	0.27374
0240520511	2006	3	18	77	0.27218
0240520511	2006	3	19	78	0.27011
0240520511	2006	3	20	79	0.26843
0240520511	2006	3	21	80	0.26462
0240520511	2006	3	22	81	0.27401
0240520511	2006	3	23	82	0.31403
0240520511	2006	3	24	83	0.32058
0240520511	2006	3	25	84	0.31334
0240520511	2006	3	26	85	0.30277
0240520511	2006	3	27	86	0.32242
0240520511	2006	3	28	87	0.31898
0240520511	2006	3	29	88	0.30667
0240520511	2006	3	30	89	0.3208
0240520511	2006	3	31	90	0.33496
0240520511	2006	4	1	91	0.31315
0240520511	2006	4	2	92	0.34488
0240520511	2006	4	3	93	0.33159
0240520511	2006	4	4	94	0.31413
0240520511	2006	4	5	95	0.31227
0240520511	2006	4	6	96	0.31248
0240520511	2006	4	7	97	0.30572
0240520511	2006	4	8	98	0.29981
0240520511	2006	4	9	99	0.29909
0240520511	2006	4	10	100	0.30261
0240520511	2006	4	11	101	0.30419
0240520511	2006	4	12	102	0.31466
0240520511	2006	4	13	103	
0240520511	2006	4	14	104	
0240520511	2006	4	15	105	
0240520511	2006	4	16	106	
0240520511	2006	4	17	107	
0240520511	2006	4	18	108	
0240520511	2006	4	19	109	
0240520511	2006	4	20	110	
0240520511	2006	4	21	111	0.21198
0240520511	2006	4	22	112	0.21716
0240520511	2006	4	23	113	0.22083
0240520511	2006	4	24	114	0.22101
0240520511	2006	4	25	115	0.21097
0240520511	2006	4	26	116	0.21245
0240520511	2006	4	27	117	0.21795
0240520511	2006	4	28	118	0.21577
0240520511	2006	4	29	119	0.29098
0240520511	2006	4	30	120	0.36849
0240520511	2006	5	1	121	0.4095
0240520511	2006	5	2	122	0.40432
0240520511	2006	5	3	123	0.3957
0240520511	2006	5	4	124	0.38496
0240520511	2006	5	5	125	0.3754
0240520511	2006	5	6	126	0.37009
0240520511	2006	5	7	127	0.36722
0240520511	2006	5	8	128	0.36477
0240520511	2006	5	9	129	0.36367
0240520511	2006	5	10	130	0.359
0240520511	2006	5	11	131	0.35173
0240520511	2006	5	12	132	0.34766
0240520511	2006	5	13	133	0.34291
0240520511	2006	5	14	134	0.34306
0240520511	2006	5	15	135	0.34797
0240520511	2006	5	16	136	0.3498
0240520511	2006	5	17	137	0.34821
0240520511	2006	5	18	138	0.34461
0240520511	2006	5	19	139	0.34349
0240520511	2006	5	20	140	0.34007
0240520511	2006	5	21	141	0.33431
0240520511	2006	5	22	142	0.33207
0240520511	2006	5	23	143	0.33096
0240520511	2006	5	24	144	0.3545
0240520511	2006	5	25	145	0.34398
0240520511	2006	5	26	146	0.34422
0240520511	2006	5	27	147	0.34224
0240520511	2006	5	28	148	0.34378
0240520511	2006	5	29	149	0.34151
0240520511	2006	5	30	150	0.35891
0240520511	2006	5	31	151	0.3527
0240520511	2006	6	1	152	0.34698
0240520511	2006	6	2	153	0.34258
0240520511	2006	6	3	154	0.33836
0240520511	2006	6	4	155	0.33164
0240520511	2006	6	5	156	0.3204
0240520511	2006	6	6	157	0.31489
0240520511	2006	6	7	158	0.30358
0240520511	2006	6	8	159	0.29147
0240520511	2006	6	9	160	0.27684
0240520511	2006	6	10	161	0.25996
0240520511	2006	6	11	162	0.24983
0240520511	2006	6	12	163	0.24788
0240520511	2006	6	13	164	0.24225
0240520511	2006	6	14	165	0.23252
0240520511	2006	6	15	166	0.22352
0240520511	2006	6	16	167	0.22134
0240520511	2006	6	17	168	0.21475
0240520511	2006	6	18	169	0.20768
0240520511	2006	6	19	170	0.2013
0240520511	2006	6	20	171	0.19127
0240520511	2006	6	21	172	0.18943
0240520511	2006	6	22	173	0.18642
0240520511	2006	6	23	174	0.18304
0240520511	2006	6	24	175	0.17718
0240520511	2006	6	25	176	0.16997
0240520511	2006	6	26	177	0.17003
0240520511	2006	6	27	178	0.17008
0240520511	2006	6	28	179	0.16977
0240520511	2006	6	29	180	0.16996
0240520511	2006	6	30	181	0.16888
0240520511	2006	7	1	182	0.1699
0240520511	2006	7	2	183	0.17177
0240520511	2006	7	3	184	0.17451
0240520511	2006	7	4	185	0.17336
0240520511	2006	7	5	186	0.1726
0240520511	2006	7	6	187	0.17285
0240520511	2006	7	7	188	0.17292
0240520511	2006	7	8	189	0.17259
0240520511	2006	7	9	190	0.17594
0240520511	2006	7	10	191	0.17374
0240520511	2006	7	11	192	0.21225
0240520511	2006	7	12	193	0.252
0240520511	2006	7	13	194	0.25445
0240520511	2006	7	14	195	0.27016
0240520511	2006	7	15	196	0.26461
0240520511	2006	7	16	197	0.25461
0240520511	2006	7	17	198	0.244
0240520511	2006	7	18	199	0.22765
0240520511	2006	7	19	200	0.22053
0240520511	2006	7	20	201	0.21526
0240520511	2006	7	21	202	0.20424
0240520511	2006	7	22	203	0.19915
0240520511	2006	7	23	204	0.19669
0240520511	2006	7	24	205	0.1946
0240520511	2006	7	25	206	0.19243
0240520511	2006	7	26	207	0.26451
0240520511	2006	7	27	208	0.26999
0240520511	2006	7	28	209	0.26205
0240520511	2006	7	29	210	0.25297
0240520511	2006	7	30	211	0.24482
0240520511	2006	7	31	212	0.235
0240520511	2006	8	1	213	0.22798
0240520511	2006	8	2	214	0.22518
0240520511	2006	8	3	215	0.21844
0240520511	2006	8	4	216	0.21345
0240520511	2006	8	5	217	0.2115
0240520511	2006	8	6	218	0.21246
0240520511	2006	8	7	219	0.20632
0240520511	2006	8	8	220	0.20204
0240520511	2006	8	9	221	0.20428
0240520511	2006	8	10	222	0.29085
0240520511	2006	8	11	223	0.3026
0240520511	2006	8	12	224	0.29222
0240520511	2006	8	13	225	0.31145
0240520511	2006	8	14	226	0.32684
0240520511	2006	8	15	227	0.30931
0240520511	2006	8	16	228	0.2975
0240520511	2006	8	17	229	0.30582
0240520511	2006	8	18	230	0.31781
0240520511	2006	8	19	231	0.3183
0240520511	2006	8	20	232	0.31112
0240520511	2006	8	21	233	0.30567
0240520511	2006	8	22	234	0.30078
0240520511	2006	8	23	235	0.29526
0240520511	2006	8	24	236	0.28957
0240520511	2006	8	25	237	0.2804
0240520511	2006	8	26	238	0.27303
0240520511	2006	8	27	239	0.26688
0240520511	2006	8	28	240	0.33671
0240520511	2006	8	29	241	0.3369
0240520511	2006	8	30	242	0.32208
0240520511	2006	8	31	243	0.31138
0240520511	2006	9	1	244	0.30436
0240520511	2006	9	2	245	0.30783
0240520511	2006	9	3	246	0.32855
0240520511	2006	9	4	247	0.33743
0240520511	2006	9	5	248	0.32894
0240520511	2006	9	6	249	0.32355
0240520511	2006	9	7	250	0.3187
0240520511	2006	9	8	251	0.31452
0240520511	2006	9	9	252	0.30837
0240520511	2006	9	10	253	0.33738
0240520511	2006	9	11	254	0.35104
0240520511	2006	9	12	255	0.33641
0240520511	2006	9	13	256	0.33161
0240520511	2006	9	14	257	0.32769
0240520511	2006	9	15	258	0.3251
0240520511	2006	9	16	259	0.32431
0240520511	2006	9	17	260	0.35713
0240520511	2006	9	18	261	0.33545
0240520511	2006	9	19	262	0.32712
0240520511	2006	9	20	263	0.32051
0240520511	2006	9	21	264	0.31942
0240520511	2006	9	22	265	0.35727
0240520511	2006	9	23	266	0.34978
0240520511	2006	9	24	267	0.34471
0240520511	2006	9	25	268	0.33952
0240520511	2006	9	26	269	0.33584
0240520511	2006	9	27	270	0.33203
0240520511	2006	9	28	271	0.32468
0240520511	2006	9	29	272	0.32192
0240520511	2006	9	30	273	0.32004
0240520511	2006	10	1	274	0.31856
0240520511	2006	10	2	275	0.32101
0240520511	2006	10	3	276	0.31853
0240520511	2006	10	4	277	0.31428
0240520511	2006	10	5	278	0.30833
0240520511	2006	10	6	279	0.30068
0240520511	2006	10	7	280	0.29507
0240520511	2006	10	8	281	0.29882
0240520511	2006	10	9	282	0.28943
0240520511	2006	10	10	283	0.28494
0240520511	2006	10	11	284	0.30223
0240520511	2006	10	12	285	0.29441
0240520511	2006	10	13	286	0.2906
0240520511	2006	10	14	287	0.28759
0240520511	2006	10	15	288	0.28743
0240520511	2006	10	16	289	0.33303
0240520511	2006	10	17	290	0.34213
0240520511	2006	10	18	291	0.34531
0240520511	2006	10	19	292	0.33574
0240520511	2006	10	20	293	0.32953
0240520511	2006	10	21	294	0.34275
0240520511	2006	10	22	295	0.33271
0240520511	2006	10	23	296	0.32476
0240520511	2006	10	24	297	0.32066
0240520511	2006	10	25	298	0.31885
0240520511	2006	10	26	299	0.34365
0240520511	2006	10	27	300	0.33757
0240520511	2006	10	28	301	0.32895
0240520511	2006	10	29	302	0.32479
0240520511	2006	10	30	303	0.32352
0240520511	2006	10	31	304	0.31489
0240520511	2006	11	1	305	0.30855
0240520511	2006	11	2	306	0.30357
0240520511	2006	11	3	307	0.30045
0240520511	2006	11	4	308	0.30366
0240520511	2006	11	5	309	0.30275
0240520511	2006	11	6	310	0.30213
0240520511	2006	11	7	311	0.30411
0240520511	2006	11	8	312	0.30589
0240520511	2006	11	9	313	0.30293
0240520511	2006	11	10	314	0.29387
0240520511	2006	11	11	315	0.29253
0240520511	2006	11	12	316	0.29444
0240520511	2006	11	13	317	0.33843
0240520511	2006	11	14	318	0.32847
0240520511	2006	11	15	319	0.32207
0240520511	2006	11	16	320	0.31556
0240520511	2006	11	17	321	0.31187
0240520511	2006	11	18	322	0.30961
0240520511	2006	11	19	323	0.30514
0240520511	2006	11	20	324	0.3023
0240520511	2006	11	21	325	0.30282
0240520511	2006	11	22	326	0.3021
0240520511	2006	11	23	327	0.30138
0240520511	2006	11	24	328	0.30112
0240520511	2006	11	25	329	0.29899
0240520511	2006	11	26	330	0.30018
0240520511	2006	11	27	331	0.31395
0240520511	2006	11	28	332	0.36634
0240520511	2006	11	29	333	0.3414
0240520511	2006	11	30	334	0.31339
0240520511	2006	12	1	335	0.14059
0240520511	2006	12	2	336	0.1142
0240520511	2006	12	3	337	0.09117
0240520511	2006	12	4	338	0.093851
0240520511	2006	12	5	339	0.095259
0240520511	2006	12	6	340	0.1154
0240520511	2006	12	7	341	0.084846
0240520511	2006	12	8	342	0.082469
0240520511	2006	12	9	343	0.094439
0240520511	2006	12	10	344	0.1154
0240520511	2006	12	11	345	0.13283
0240520511	2006	12	12	346	0.34846
0240520511	2006	12	13	347	0.31262
0240520511	2006	12	14	348	0.33105
0240520511	2006	12	15	349	0.3168
0240520511	2006	12	16	350	0.31406
0240520511	2006	12	17	351	0.30788
0240520511	2006	12	18	352	0.29782
0240520511	2006	12	19	353	0.28788
0240520511	2006	12	20	354	0.30363
0240520511	2006	12	21	355	0.34051
0240520511	2006	12	22	356	0.33541
0240520511	2006	12	23	357	0.3226
0240520511	2006	12	24	358	0.31451
0240520511	2006	12	25	359	0.31206
0240520511	2006	12	26	360	0.30375
0240520511	2006	12	27	361	0.30377
0240520511	2006	12	28	362	0.30926
0240520511	2006	12	29	363	0.31132
0240520511	2006	12	30	364	0.31489
0240520511	2006	12	31	365	0.36178
0240520511	2007	1	1	1	
0240520511	2007	1	2	2	0.34195
0240520511	2007	1	3	3	0.34471
0240520511	2007	1	4	4	0.3541
0240520511	2007	1	5	5	0.34698
0240520511	2007	1	6	6	0.33707
0240520511	2007	1	7	7	0.32986
0240520511	2007	1	8	8	0.32241
0240520511	2007	1	9	9	0.31915
0240520511	2007	1	10	10	0.30728
0240520511	2007	1	11	11	0.31118
0240520511	2007	1	12	12	0.29388
0240520511	2007	1	13	13	0.10012
0240520511	2007	1	14	14	0.098192
0240520511	2007	1	15	15	0.098699
0240520511	2007	1	16	16	0.10001
0240520511	2007	1	17	17	0.099731
0240520511	2007	1	18	18	0.10385
0240520511	2007	1	19	19	0.1047
0240520511	2007	1	20	20	0.10053
0240520511	2007	1	21	21	0.10392
0240520511	2007	1	22	22	0.11018
0240520511	2007	1	23	23	0.11242
0240520511	2007	1	24	24	0.11408
0240520511	2007	1	25	25	0.11768
0240520511	2007	1	26	26	0.11844
0240520511	2007	1	27	27	0.12054
0240520511	2007	1	28	28	0.1108
0240520511	2007	1	29	29	0.10758
0240520511	2007	1	30	30	0.10214
0240520511	2007	1	31	31	0.09645
0240520511	2007	2	1	32	0.097942
0240520511	2007	2	2	33	0.094506
0240520511	2007	2	3	34	0.088347
0240520511	2007	2	4	35	0.082399
0240520511	2007	2	5	36	0.08075
0240520511	2007	2	6	37	0.080976
0240520511	2007	2	7	38	0.081491
0240520511	2007	2	8	39	0.081205
0240520511	2007	2	9	40	0.080979
0240520511	2007	2	10	41	0.079554
0240520511	2007	2	11	42	0.082059
0240520511	2007	2	12	43	0.088954
0240520511	2007	2	13	44	0.089299
0240520511	2007	2	14	45	0.087189
0240520511	2007	2	15	46	0.083869
0240520511	2007	2	16	47	0.081409
0240520511	2007	2	17	48	0.083176
0240520511	2007	2	18	49	0.085235
0240520511	2007	2	19	50	0.08977
0240520511	2007	2	20	51	0.10739
0240520511	2007	2	21	52	0.22376
0240520511	2007	2	22	53	0.36305
0240520511	2007	2	23	54	0.35166
0240520511	2007	2	24	55	0.36289
0240520511	2007	2	25	56	0.36564
0240520511	2007	2	26	57	0.36935
0240520511	2007	2	27	58	0.37179
0240520511	2007	2	28	59	0.36972
0240520511	2007	3	1	60	0.36927
0240520511	2007	3	2	61	0.37187
0240520511	2007	3	3	62	0.35867
0240520511	2007	3	4	63	0.30357
0240520511	2007	3	5	64	0.27315
0240520511	2007	3	6	65	0.2631
0240520511	2007	3	7	66	0.26301
0240520511	2007	3	8	67	0.265
0240520511	2007	3	9	68	0.26728
0240520511	2007	3	10	69	0.27011
0240520511	2007	3	11	70	0.27286
0240520511	2007	3	12	71	0.27883
0240520511	2007	3	13	72	0.32943
0240520511	2007	3	14	73	0.3365
0240520511	2007	3	15	74	0.33094
0240520511	2007	3	16	75	0.32881
0240520511	2007	3	17	76	0.33275
0240520511	2007	3	18	77	0.33353
0240520511	2007	3	19	78	0.3358
0240520511	2007	3	20	79	0.32887
0240520511	2007	3	21	80	0.33971
0240520511	2007	3	22	81	0.33828
0240520511	2007	3	23	82	0.33826
0240520511	2007	3	24	83	0.37394
0240520511	2007	3	25	84	0.38422
0240520511	2007	3	26	85	0.37164
0240520511	2007	3	27	86	0.36084
0240520511	2007	3	28	87	0.36477
0240520511	2007	3	29	88	0.35877
0240520511	2007	3	30	89	0.36199
0240520511	2007	3	31	90	0.39674
0240520511	2007	4	1	91	0.405
0240520511	2007	4	2	92	0.39527
0240520511	2007	4	3	93	0.38721
0240520511	2007	4	4	94	0.35266
0240520511	2007	4	5	95	0.34548
0240520511	2007	4	6	96	0.33428
0240520511	2007	4	7	97	0.32431
0240520511	2007	4	8	98	0.32466
0240520511	2007	4	9	99	0.3277
0240520511	2007	4	10	100	0.33158
0240520511	2007	4	11	101	0.36888
0240520511	2007	4	12	102	0.38487
0240520511	2007	4	13	103	0.38647
0240520511	2007	4	14	104	0.37612
0240520511	2007	4	15	105	0.36333
0240520511	2007	4	16	106	0.35469
0240520511	2007	4	17	107	0.34958
0240520511	2007	4	18	108	0.34534
0240520511	2007	4	19	109	0.34031
0240520511	2007	4	20	110	0.34082
0240520511	2007	4	21	111	0.34263
0240520511	2007	4	22	112	0.35121
0240520511	2007	4	23	113	0.3622
0240520511	2007	4	24	114	0.37613
0240520511	2007	4	25	115	0.40642
0240520511	2007	4	26	116	0.40664
0240520511	2007	4	27	117	0.40209
0240520511	2007	4	28	118	0.39326
0240520511	2007	4	29	119	0.38261
0240520511	2007	4	30	120	0.37381
0240520511	2007	5	1	121	0.36638
0240520511	2007	5	2	122	0.35801
0240520511	2007	5	3	123	0.35101
0240520511	2007	5	4	124	0.3586
0240520511	2007	5	5	125	0.3612
0240520511	2007	5	6	126	0.393
0240520511	2007	5	7	127	0.40661
0240520511	2007	5	8	128	0.40175
0240520511	2007	5	9	129	0.39315
0240520511	2007	5	10	130	0.38398
0240520511	2007	5	11	131	0.37534
0240520511	2007	5	12	132	0.36906
0240520511	2007	5	13	133	0.36478
0240520511	2007	5	14	134	0.35928
0240520511	2007	5	15	135	0.35189
0240520511	2007	5	16	136	0.34647
0240520511	2007	5	17	137	
0240520511	2007	5	18	138	
0240520511	2007	5	19	139	
0240520511	2007	5	20	140	
0240520511	2007	5	21	141	
0240520511	2007	5	22	142	
0240520511	2007	5	23	143	
0240520511	2007	5	24	144	
0240520511	2007	5	25	145	
0240520511	2007	5	26	146	
0240520511	2007	5	27	147	
0240520511	2007	5	28	148	
0240520511	2007	5	29	149	
0240520511	2007	5	30	150	0.38489
0240520511	2007	5	31	151	0.39679
0240520511	2007	6	1	152	0.39804
0240520511	2007	6	2	153	0.39545
0240520511	2007	6	3	154	0.38996
0240520511	2007	6	4	155	0.38329
0240520511	2007	6	5	156	0.37483
0240520511	2007	6	6	157	0.37426
0240520511	2007	6	7	158	0.37475
0240520511	2007	6	8	159	0.35752
0240520511	2007	6	9	160	0.34779
0240520511	2007	6	10	161	0.34119
0240520511	2007	6	11	162	0.33613
0240520511	2007	6	12	163	0.32831
0240520511	2007	6	13	164	0.31676
0240520511	2007	6	14	165	0.30752
0240520511	2007	6	15	166	0.30105
0240520511	2007	6	16	167	0.29197
0240520511	2007	6	17	168	0.28268
0240520511	2007	6	18	169	0.27465
0240520511	2007	6	19	170	0.27581
0240520511	2007	6	20	171	0.27383
0240520511	2007	6	21	172	0.2649
0240520511	2007	6	22	173	0.32666
0240520511	2007	6	23	174	0.34831
0240520511	2007	6	24	175	0.33429
0240520511	2007	6	25	176	0.3206
0240520511	2007	6	26	177	0.29776
0240520511	2007	6	27	178	0.27448
0240520511	2007	6	28	179	0.25609
0240520511	2007	6	29	180	0.24898
0240520511	2007	6	30	181	0.24598
0240520511	2007	7	1	182	0.24361
0240520511	2007	7	2	183	0.24179
0240520511	2007	7	3	184	0.2398
0240520511	2007	7	4	185	0.23011
0240520511	2007	7	5	186	0.21734
0240520511	2007	7	6	187	0.20562
0240520511	2007	7	7	188	0.19387
0240520511	2007	7	8	189	0.18701
0240520511	2007	7	9	190	0.29889
0240520511	2007	7	10	191	0.31949
0240520511	2007	7	11	192	0.28985
0240520511	2007	7	12	193	0.28179
0240520511	2007	7	13	194	0.27754
0240520511	2007	7	14	195	0.27721
0240520511	2007	7	15	196	0.27718
0240520511	2007	7	16	197	0.27507
0240520511	2007	7	17	198	0.27577
0240520511	2007	7	18	199	0.27131
0240520511	2007	7	19	200	0.34925
0240520511	2007	7	20	201	0.31677
0240520511	2007	7	21	202	0.30746
0240520511	2007	7	22	203	0.30284
0240520511	2007	7	23	204	0.33714
0240520511	2007	7	24	205	0.32863
0240520511	2007	7	25	206	0.32142
0240520511	2007	7	26	207	0.32204
0240520511	2007	7	27	208	0.35119
0240520511	2007	7	28	209	0.33214
0240520511	2007	7	29	210	0.32214
0240520511	2007	7	30	211	0.31767
0240520511	2007	7	31	212	0.31115
0240520511	2007	8	1	213	0.30639
0240520511	2007	8	2	214	0.29932
0240520511	2007	8	3	215	0.27561
0240520511	2007	8	4	216	0.2842
0240520511	2007	8	5	217	0.33763
0240520511	2007	8	6	218	0.32478
0240520511	2007	8	7	219	0.3242
0240520511	2007	8	8	220	0.30948
0240520511	2007	8	9	221	0.30142
0240520511	2007	8	10	222	0.27837
0240520511	2007	8	11	223	0.26039
0240520511	2007	8	12	224	0.24281
0240520511	2007	8	13	225	0.22712
0240520511	2007	8	14	226	0.21857
0240520511	2007	8	15	227	0.21465
0240520511	2007	8	16	228	0.22267
0240520511	2007	8	17	229	0.22797
0240520511	2007	8	18	230	0.31743
0240520511	2007	8	19	231	0.29701
0240520511	2007	8	20	232	0.35016
0240520511	2007	8	21	233	0.35555
0240520511	2007	8	22	234	0.36933
0240520511	2007	8	23	235	0.36757
0240520511	2007	8	24	236	0.36611
0240520511	2007	8	25	237	0.3457
0240520511	2007	8	26	238	0.32703
0240520511	2007	8	27	239	0.3057
0240520511	2007	8	28	240	0.29558
0240520511	2007	8	29	241	0.36023
0240520511	2007	8	30	242	0.33462
0240520511	2007	8	31	243	0.31287
0240520511	2007	9	1	244	0.28512
0240520511	2007	9	2	245	0.25779
0240520511	2007	9	3	246	0.23725
0240520511	2007	9	4	247	0.21745
0240520511	2007	9	5	248	0.20597
0240520511	2007	9	6	249	0.20975
0240520511	2007	9	7	250	0.35113
0240520511	2007	9	8	251	0.31304
0240520511	2007	9	9	252	0.27882
0240520511	2007	9	10	253	0.31569
0240520511	2007	9	11	254	0.32958
0240520511	2007	9	12	255	0.30252
0240520511	2007	9	13	256	0.28242
0240520511	2007	9	14	257	0.25464
0240520511	2007	9	15	258	0.24362
0240520511	2007	9	16	259	0.25121
0240520511	2007	9	17	260	0.26077
0240520511	2007	9	18	261	0.27991
0240520511	2007	9	19	262	0.35313
0240520511	2007	9	20	263	0.33478
0240520511	2007	9	21	264	0.33049
0240520511	2007	9	22	265	0.31931
0240520511	2007	9	23	266	0.32659
0240520511	2007	9	24	267	0.32732
0240520511	2007	9	25	268	0.31912
0240520511	2007	9	26	269	0.31712
0240520511	2007	9	27	270	0.31843
0240520511	2007	9	28	271	
0240520511	2007	9	29	272	0.31475
0240520511	2007	9	30	273	0.31366
0240520511	2007	10	1	274	0.31317
0240520511	2007	10	2	275	0.34049
0240520511	2007	10	3	276	0.3457
0240520511	2007	10	4	277	0.33471
0240520511	2007	10	5	278	0.3356
0240520511	2007	10	6	279	0.33489
0240520511	2007	10	7	280	0.33125
0240520511	2007	10	8	281	0.35869
0240520511	2007	10	9	282	0.3395
0240520511	2007	10	10	283	0.32718
0240520511	2007	10	11	284	0.31959
0240520511	2007	10	12	285	0.31988
0240520511	2007	10	13	286	0.31909
0240520511	2007	10	14	287	0.36944
0240520511	2007	10	15	288	0.37219
0240520511	2007	10	16	289	0.36351
0240520511	2007	10	17	290	0.37212
0240520511	2007	10	18	291	0.39994
0240520511	2007	10	19	292	0.38046
0240520511	2007	10	20	293	0.36294
0240520511	2007	10	21	294	0.35455
0240520511	2007	10	22	295	0.34117
0240520511	2007	10	23	296	0.33394
0240520511	2007	10	24	297	0.32944
0240520511	2007	10	25	298	0.32377
0240520511	2007	10	26	299	0.32636
0240520511	2007	10	27	300	0.32616
0240520511	2007	10	28	301	0.32209
0240520511	2007	10	29	302	0.32212
0240520511	2007	10	30	303	0.32332
0240520511	2007	10	31	304	0.31817
0240520511	2007	11	1	305	0.30633
0240520511	2007	11	2	306	0.30289
0240520511	2007	11	3	307	0.29408
0240520511	2007	11	4	308	0.29274
0240520511	2007	11	5	309	0.28768
0240520511	2007	11	6	310	0.27075
0240520511	2007	11	7	311	0.26603
0240520511	2007	11	8	312	0.26342
0240520511	2007	11	9	313	0.26196
0240520511	2007	11	10	314	0.25971
0240520511	2007	11	11	315	0.27067
0240520511	2007	11	12	316	0.26732
0240520511	2007	11	13	317	
0240520511	2007	11	14	318	
0240520511	2007	11	15	319	
0240520511	2007	11	16	320	
0240520511	2007	11	17	321	
0240520511	2007	11	18	322	
0240520511	2007	11	19	323	
0240520511	2007	11	20	324	
0240520511	2007	11	21	325	
0240520511	2007	11	22	326	
0240520511	2007	11	23	327	
0240520511	2007	11	24	328	
0240520511	2007	11	25	329	
0240520511	2007	11	26	330	
0240520511	2007	11	27	331	
0240520511	2007	11	28	332	
0240520511	2007	11	29	333	
0240520511	2007	11	30	334	0.098015
0240520511	2007	12	1	335	0.11719
0240520511	2007	12	2	336	
0240520511	2007	12	3	337	0.070732
0240520511	2007	12	4	338	0.073233
0240520511	2007	12	5	339	0.0735
0240520511	2007	12	6	340	0.062255
0240520511	2007	12	7	341	0.072323
0240520511	2007	12	8	342	0.071972
0240520511	2007	12	9	343	0.071585
0240520511	2007	12	10	344	0.071428
0240520511	2007	12	11	345	0.076669
0240520511	2007	12	12	346	0.07699
0240520511	2007	12	13	347	0.078563
0240520511	2007	12	14	348	0.074989
0240520511	2007	12	15	349	0.072701
0240520511	2007	12	16	350	0.071268
0240520511	2007	12	17	351	0.070276
0240520511	2007	12	18	352	0.072167
0240520511	2007	12	19	353	0.071019
0240520511	2007	12	20	354	0.073138
0240520511	2007	12	21	355	0.078915
0240520511	2007	12	22	356	0.092065
0240520511	2007	12	23	357	0.077207
0240520511	2007	12	24	358	0.076248
0240520511	2007	12	25	359	0.076165
0240520511	2007	12	26	360	0.079704
0240520511	2007	12	27	361	0.079061
0240520511	2007	12	28	362	0.079576
0240520511	2007	12	29	363	0.078737
0240520511	2007	12	30	364	0.072115
0240520511	2007	12	31	365	0.071268
0240520511	2008	1	1	1	0.069389
0240520511	2008	1	2	2	0.065473
0240520511	2008	1	3	3	0.065375
0240520511	2008	1	4	4	0.069068
0240520511	2008	1	5	5	0.073693
0240520511	2008	1	6	6	0.08606
0240520511	2008	1	7	7	0.24764
0240520511	2008	1	8	8	0.39589
0240520511	2008	1	9	9	0.3681
0240520511	2008	1	10	10	0.25504
0240520511	2008	1	11	11	0.16622
0240520511	2008	1	12	12	0.14298
0240520511	2008	1	13	13	0.12289
0240520511	2008	1	14	14	0.11426
0240520511	2008	1	15	15	0.10194
0240520511	2008	1	16	16	0.10553
0240520511	2008	1	17	17	0.10296
0240520511	2008	1	18	18	0.097508
0240520511	2008	1	19	19	0.097914
0240520511	2008	1	20	20	0.096581
0240520511	2008	1	21	21	0.099447
0240520511	2008	1	22	22	
0240520511	2008	1	23	23	0.099147
0240520511	2008	1	24	24	0.095395
0240520511	2008	1	25	25	0.095226
0240520511	2008	1	26	26	0.098321
0240520511	2008	1	27	27	0.10197
0240520511	2008	1	28	28	0.11581
0240520511	2008	1	29	29	
0240520511	2008	1	30	30	0.084103
0240520511	2008	1	31	31	0.085517
0240520511	2008	2	1	32	0.090803
0240520511	2008	2	2	33	0.10274
0240520511	2008	2	3	34	0.10592
0240520511	2008	2	4	35	0.112
0240520511	2008	2	5	36	0.11902
0240520511	2008	2	6	37	0.11529
0240520511	2008	2	7	38	0.11111
0240520511	2008	2	8	39	0.11011
0240520511	2008	2	9	40	0.11161
0240520511	2008	2	10	41	0.10529
0240520511	2008	2	11	42	0.099684
0240520511	2008	2	12	43	0.098494
0240520511	2008	2	13	44	0.099112
0240520511	2008	2	14	45	0.10149
0240520511	2008	2	15	46	0.097959
0240520511	2008	2	16	47	0.097377
0240520511	2008	2	17	48	0.1082
0240520511	2008	2	18	49	0.10869
0240520511	2008	2	19	50	0.097328
0240520511	2008	2	20	51	0.092375
0240520511	2008	2	21	52	0.090217
0240520511	2008	2	22	53	0.092597
0240520511	2008	2	23	54	0.096505
0240520511	2008	2	24	55	0.10438
0240520511	2008	2	25	56	0.11183
0240520511	2008	2	26	57	0.11202
0240520511	2008	2	27	58	0.10632
0240520511	2008	2	28	59	0.10225
0240520511	2008	2	29	60	0.10739
0240520511	2008	3	1	61	0.1124
0240520511	2008	3	2	62	0.11926
0240520511	2008	3	3	63	0.11357
0240520511	2008	3	4	64	0.099668
0240520511	2008	3	5	65	0.10445
0240520511	2008	3	6	66	0.096899
0240520511	2008	3	7	67	0.094217
0240520511	2008	3	8	68	0.086378
0240520511	2008	3	9	69	0.099755
0240520511	2008	3	10	70	0.10235
0240520511	2008	3	11	71	0.11207
0240520511	2008	3	12	72	0.19218
0240520511	2008	3	13	73	0.34579
0240520511	2008	3	14	74	0.37785
0240520511	2008	3	15	75	0.35906
0240520511	2008	3	16	76	0.35244
0240520511	2008	3	17	77	0.37582
0240520511	2008	3	18	78	0.40178
0240520511	2008	3	19	79	0.38417
0240520511	2008	3	20	80	0.37103
0240520511	2008	3	21	81	0.35978
0240520511	2008	3	22	82	0.35176
0240520511	2008	3	23	83	0.34627
0240520511	2008	3	24	84	0.3217
0240520511	2008	3	25	85	0.31893
0240520511	2008	3	26	86	0.30525
0240520511	2008	3	27	87	0.31233
0240520511	2008	3	28	88	0.32152
0240520511	2008	3	29	89	0.32007
0240520511	2008	3	30	90	0.32571
0240520511	2008	3	31	91	0.34556
0240520511	2008	4	1	92	0.32211
0240520511	2008	4	2	93	0.29679
0240520511	2008	4	3	94	0.31656
0240520511	2008	4	4	95	0.31331
0240520511	2008	4	5	96	0.29694
0240520511	2008	4	6	97	0.28503
0240520511	2008	4	7	98	0.27431
0240520511	2008	4	8	99	0.26932
0240520511	2008	4	9	100	0.27117
0240520511	2008	4	10	101	0.32451
0240520511	2008	4	11	102	0.32992
0240520511	2008	4	12	103	0.32156
0240520511	2008	4	13	104	0.30828
0240520511	2008	4	14	105	0.29436
0240520511	2008	4	15	106	0.29141
0240520511	2008	4	16	107	0.29269
0240520511	2008	4	17	108	0.32997
0240520511	2008	4	18	109	0.35828
0240520511	2008	4	19	110	0.35359
0240520511	2008	4	20	111	0.34233
0240520511	2008	4	21	112	0.3324
0240520511	2008	4	22	113	0.34792
0240520511	2008	4	23	114	0.33271
0240520511	2008	4	24	115	0.34384
0240520511	2008	4	25	116	
0240520511	2008	4	26	117	0.37371
0240520511	2008	4	27	118	0.34879
0240520511	2008	4	28	119	0.33154
0240520511	2008	4	29	120	0.31943
0240520511	2008	4	30	121	0.31757
0240520511	2008	5	1	122	0.31989
0240520511	2008	5	2	123	0.33813
0240520511	2008	5	3	124	0.3462
0240520511	2008	5	4	125	0.32637
0240520511	2008	5	5	126	0.32002
0240520511	2008	5	6	127	0.32439
0240520511	2008	5	7	128	0.36003
0240520511	2008	5	8	129	0.34199
0240520511	2008	5	9	130	0.33038
0240520511	2008	5	10	131	0.33666
0240520511	2008	5	11	132	0.34071
0240520511	2008	5	12	133	0.32471
0240520511	2008	5	13	134	0.31704
0240520511	2008	5	14	135	
0240520511	2008	5	15	136	
0240520511	2008	5	16	137	
0240520511	2008	5	17	138	
0240520511	2008	5	18	139	
0240520511	2008	5	19	140	
0240520511	2008	5	20	141	0.34713
0240520511	2008	5	21	142	0.34641
0240520511	2008	5	22	143	0.3446
0240520511	2008	5	23	144	0.3826
0240520511	2008	5	24	145	0.38576
0240520511	2008	5	25	146	0.38496
0240520511	2008	5	26	147	0.38307
0240520511	2008	5	27	148	0.38577
0240520511	2008	5	28	149	0.38165
0240520511	2008	5	29	150	0.3905
0240520511	2008	5	30	151	0.40483
0240520511	2008	5	31	152	0.39828
0240520511	2008	6	1	153	0.393
0240520511	2008	6	2	154	0.39204
0240520511	2008	6	3	155	0.40089
0240520511	2008	6	4	156	0.39779
0240520511	2008	6	5	157	0.40425
0240520511	2008	6	6	158	0.40267
0240520511	2008	6	7	159	0.39702
0240520511	2008	6	8	160	0.36341
0240520511	2008	6	9	161	0.31174
0240520511	2008	6	10	162	0.28999
0240520511	2008	6	11	163	0.26936
0240520511	2008	6	12	164	0.28868
0240520511	2008	6	13	165	0.25438
0240520511	2008	6	14	166	0.25107
0240520511	2008	6	15	167	0.29057
0240520511	2008	6	16	168	0.30182
0240520511	2008	6	17	169	0.31373
0240520511	2008	6	18	170	0.32272
0240520511	2008	6	19	171	0.32709
0240520511	2008	6	20	172	0.33016
0240520511	2008	6	21	173	0.33398
0240520511	2008	6	22	174	0.29813
0240520511	2008	6	23	175	0.24725
0240520511	2008	6	24	176	0.24298
0240520511	2008	6	25	177	0.27212
0240520511	2008	6	26	178	0.30502
0240520511	2008	6	27	179	0.32598
0240520511	2008	6	28	180	0.33144
0240520511	2008	6	29	181	0.32923
0240520511	2008	6	30	182	0.33814
0240520511	2008	7	1	183	0.34339
0240520511	2008	7	2	184	0.33842
0240520511	2008	7	3	185	0.34236
0240520511	2008	7	4	186	0.34287
0240520511	2008	7	5	187	0.34438
0240520511	2008	7	6	188	0.34231
0240520511	2008	7	7	189	0.34245
0240520511	2008	7	8	190	0.35988
0240520511	2008	7	9	191	0.36089
0240520511	2008	7	10	192	0.36136
0240520511	2008	7	11	193	0.36171
0240520511	2008	7	12	194	0.36681
0240520511	2008	7	13	195	0.36091
0240520511	2008	7	14	196	0.36594
0240520511	2008	7	15	197	0.36574
0240520511	2008	7	16	198	0.37174
0240520511	2008	7	17	199	0.38095
0240520511	2008	7	18	200	0.38757
0240520511	2008	7	19	201	0.38272
0240520511	2008	7	20	202	0.3812
0240520511	2008	7	21	203	0.37962
0240520511	2008	7	22	204	0.37459
0240520511	2008	7	23	205	0.37099
0240520511	2008	7	24	206	0.37102
0240520511	2008	7	25	207	0.36937
0240520511	2008	7	26	208	0.36927
0240520511	2008	7	27	209	0.3689
0240520511	2008	7	28	210	0.36947
0240520511	2008	7	29	211	0.37012
0240520511	2008	7	30	212	0.36767
0240520511	2008	7	31	213	0.36681
0240520511	2008	8	1	214	0.36555
0240520511	2008	8	2	215	0.36257
0240520511	2008	8	3	216	0.36422
0240520511	2008	8	4	217	0.36662
0240520511	2008	8	5	218	0.36403
0240520511	2008	8	6	219	0.36
0240520511	2008	8	7	220	0.36223
0240520511	2008	8	8	221	0.36282
0240520511	2008	8	9	222	0.3644
0240520511	2008	8	10	223	0.36485
0240520511	2008	8	11	224	0.36197
0240520511	2008	8	12	225	0.35999
0240520511	2008	8	13	226	0.36044
0240520511	2008	8	14	227	0.36152
0240520511	2008	8	15	228	0.36092
0240520511	2008	8	16	229	0.35972
0240520511	2008	8	17	230	
0240520511	2008	8	18	231	
0240520511	2008	8	19	232	
0240520511	2008	8	20	233	0.36195
0240520511	2008	8	21	234	0.35873
0240520511	2008	8	22	235	0.36138
0240520511	2008	8	23	236	0.36182
0240520511	2008	8	24	237	0.35894
0240520511	2008	8	25	238	0.3577
0240520511	2008	8	26	239	0.35691
0240520511	2008	8	27	240	0.35606
0240520511	2008	8	28	241	0.36247
0240520511	2008	8	29	242	0.3593
0240520511	2008	8	30	243	0.36054
0240520511	2008	8	31	244	0.3613
0240520511	2008	9	1	245	0.36255
0240520511	2008	9	2	246	0.36217
0240520511	2008	9	3	247	0.35631
0240520511	2008	9	4	248	0.3536
0240520511	2008	9	5	249	0.35038
0240520511	2008	9	6	250	0.35077
0240520511	2008	9	7	251	0.3509
0240520511	2008	9	8	252	0.3485
0240520511	2008	9	9	253	0.348
0240520511	2008	9	10	254	0.35091
0240520511	2008	9	11	255	0.35652
0240520511	2008	9	12	256	0.35771
0240520511	2008	9	13	257	0.35746
0240520511	2008	9	14	258	0.35138
0240520511	2008	9	15	259	0.34948
0240520511	2008	9	16	260	0.35183
0240520511	2008	9	17	261	0.35512
0240520511	2008	9	18	262	0.35679
0240520511	2008	9	19	263	0.35665
0240520511	2008	9	20	264	0.35646
0240520511	2008	9	21	265	0.35554
0240520511	2008	9	22	266	0.35331
0240520511	2008	9	23	267	0.35675
0240520511	2008	9	24	268	0.35765
0240520511	2008	9	25	269	0.35466
0240520511	2008	9	26	270	0.35571
0240520511	2008	9	27	271	0.35506
0240520511	2008	9	28	272	0.35264
0240520511	2008	9	29	273	0.3543
0240520511	2008	9	30	274	0.34829
0240520511	2008	10	1	275	0.3474
0240520511	2008	10	2	276	0.34647
0240520511	2008	10	3	277	0.34787
0240520511	2008	10	4	278	0.34766
0240520511	2008	10	5	279	0.35065
0240520511	2008	10	6	280	0.35313
0240520511	2008	10	7	281	0.355
0240520511	2008	10	8	282	0.34727
0240520511	2008	10	9	283	0.34667
0240520511	2008	10	10	284	0.34722
0240520511	2008	10	11	285	0.34995
0240520511	2008	10	12	286	0.3523
0240520511	2008	10	13	287	0.35128
0240520511	2008	10	14	288	0.34626
0240520511	2008	10	15	289	0.34903
0240520511	2008	10	16	290	0.34147
0240520511	2008	10	17	291	0.34146
0240520511	2008	10	18	292	0.34219
0240520511	2008	10	19	293	0.34402
0240520511	2008	10	20	294	0.34547
0240520511	2008	10	21	295	0.33943
0240520511	2008	10	22	296	0.34339
0240520511	2008	10	23	297	0.34303
0240520511	2008	10	24	298	0.34398
0240520511	2008	10	25	299	0.34173
0240520511	2008	10	26	300	0.33995
0240520511	2008	10	27	301	0.33559
0240520511	2008	10	28	302	0.33454
0240520511	2008	10	29	303	0.33687
0240520511	2008	10	30	304	0.33989
0240520511	2008	10	31	305	0.34307
0240520511	2008	11	1	306	0.34354
0240520511	2008	11	2	307	0.34528
0240520511	2008	11	3	308	0.34642
0240520511	2008	11	4	309	0.34728
0240520511	2008	11	5	310	0.34615
0240520511	2008	11	6	311	0.3499
0240520511	2008	11	7	312	0.34204
0240520511	2008	11	8	313	0.33851
0240520511	2008	11	9	314	0.33498
0240520511	2008	11	10	315	0.33281
0240520511	2008	11	11	316	0.3389
0240520511	2008	11	12	317	0.34322
0240520511	2008	11	13	318	0.34393
0240520511	2008	11	14	319	0.34515
0240520511	2008	11	15	320	0.33868
0240520511	2008	11	16	321	0.33562
0240520511	2008	11	17	322	0.33417
0240520511	2008	11	18	323	0.33064
0240520511	2008	11	19	324	0.32986
0240520511	2008	11	20	325	0.33
0240520511	2008	11	21	326	0.29996
0240520511	2008	11	22	327	0.28021
0240520511	2008	11	23	328	0.31234
0240520511	2008	11	24	329	0.32297
0240520511	2008	11	25	330	0.31792
0240520511	2008	11	26	331	0.31381
0240520511	2008	11	27	332	0.31304
0240520511	2008	11	28	333	0.31262
0240520511	2008	11	29	334	0.31153
0240520511	2008	11	30	335	0.31324
0240520511	2008	12	1	336	0.3144
0240520511	2008	12	2	337	0.31005
0240520511	2008	12	3	338	0.30853
0240520511	2008	12	4	339	0.21757
0240520511	2008	12	5	340	0.17945
0240520511	2008	12	6	341	0.18618
0240520511	2008	12	7	342	0.16206
0240520511	2008	12	8	343	0.16898
0240520511	2008	12	9	344	0.17554
0240520511	2008	12	10	345	0.14677
0240520511	2008	12	11	346	0.1577
0240520511	2008	12	12	347	0.15904
0240520511	2008	12	13	348	0.17595
0240520511	2008	12	14	349	0.20076
0240520511	2008	12	15	350	0.1213
0240520511	2008	12	16	351	0.11884
0240520511	2008	12	17	352	0.13303
0240520511	2008	12	18	353	0.13718
0240520511	2008	12	19	354	0.14469
0240520511	2008	12	20	355	0.14963
0240520511	2008	12	21	356	0.14455
0240520511	2008	12	22	357	0.13886
0240520511	2008	12	23	358	0.14203
0240520511	2008	12	24	359	0.14784
0240520511	2008	12	25	360	0.14833
0240520511	2008	12	26	361	0.1622
0240520511	2008	12	27	362	0.20427
0240520511	2008	12	28	363	0.1998
0240520511	2008	12	29	364	0.17781
0240520511	2008	12	30	365	0.16845
0240520511	2008	12	31	366	0.13599
0240520511	2009	1	1	1	0.13599
0240520511	2009	1	2	2	0.13966
0240520511	2009	1	3	3	0.1395
0240520511	2009	1	4	4	0.13364
0240520511	2009	1	5	5	0.12506
0240520511	2009	1	6	6	0.12739
0240520511	2009	1	7	7	0.12884
0240520511	2009	1	8	8	0.12098
0240520511	2009	1	9	9	0.13029
0240520511	2009	1	10	10	0.13382
0240520511	2009	1	11	11	0.13853
0240520511	2009	1	12	12	0.14388
0240520511	2009	1	13	13	0.14538
0240520511	2009	1	14	14	0.14491
0240520511	2009	1	15	15	0.14372
0240520511	2009	1	16	16	0.14191
0240520511	2009	1	17	17	0.14413
0240520511	2009	1	18	18	0.14991
0240520511	2009	1	19	19	0.15185
0240520511	2009	1	20	20	0.15071
0240520511	2009	1	21	21	0.14914
0240520511	2009	1	22	22	0.14959
0240520511	2009	1	23	23	0.15097
0240520511	2009	1	24	24	0.14606
0240520511	2009	1	25	25	0.14451
0240520511	2009	1	26	26	0.14628
0240520511	2009	1	27	27	0.14632
0240520511	2009	1	28	28	0.14564
0240520511	2009	1	29	29	0.14725
0240520511	2009	1	30	30	0.14727
0240520511	2009	1	31	31	0.1525
0240520511	2009	2	1	32	0.17443
0240520511	2009	2	2	33	0.17895
0240520511	2009	2	3	34	0.14633
0240520511	2009	2	4	35	0.13639
0240520511	2009	2	5	36	0.14119
0240520511	2009	2	6	37	0.15284
0240520511	2009	2	7	38	0.17302
0240520511	2009	2	8	39	0.18617
0240520511	2009	2	9	40	0.20728
0240520511	2009	2	10	41	0.33638
0240520511	2009	2	11	42	0.33829
0240520511	2009	2	12	43	0.33065
0240520511	2009	2	13	44	0.31308
0240520511	2009	2	14	45	0.30349
0240520511	2009	2	15	46	0.29187
0240520511	2009	2	16	47	0.28031
0240520511	2009	2	17	48	0.26976
0240520511	2009	2	18	49	0.26719
0240520511	2009	2	19	50	0.15401
0240520511	2009	2	20	51	0.15022
0240520511	2009	2	21	52	0.14596
0240520511	2009	2	22	53	0.12955
0240520511	2009	2	23	54	0.13193
0240520511	2009	2	24	55	0.14778
0240520511	2009	2	25	56	0.22242
0240520511	2009	2	26	57	0.30053
0240520511	2009	2	27	58	0.26041
0240520511	2009	2	28	59	0.16412
0240520511	2009	3	1	60	0.12977
0240520511	2009	3	2	61	0.13239
0240520511	2009	3	3	62	0.13345
0240520511	2009	3	4	63	0.14401
0240520511	2009	3	5	64	0.22587
0240520511	2009	3	6	65	0.28046
0240520511	2009	3	7	66	0.3374
0240520511	2009	3	8	67	0.34827
0240520511	2009	3	9	68	0.3383
0240520511	2009	3	10	69	0.32452
0240520511	2009	3	11	70	0.17465
0240520511	2009	3	12	71	0.17398
0240520511	2009	3	13	72	0.20086
0240520511	2009	3	14	73	0.24816
0240520511	2009	3	15	74	0.30439
0240520511	2009	3	16	75	0.30135
0240520511	2009	3	17	76	0.30345
0240520511	2009	3	18	77	0.29565
0240520511	2009	3	19	78	0.29014
0240520511	2009	3	20	79	0.28726
0240520511	2009	3	21	80	0.28722
0240520511	2009	3	22	81	0.28403
0240520511	2009	3	23	82	0.30166
0240520511	2009	3	24	83	0.31244
0240520511	2009	3	25	84	0.29645
0240520511	2009	3	26	85	0.29464
0240520511	2009	3	27	86	0.28462
0240520511	2009	3	28	87	0.27929
0240520511	2009	3	29	88	0.28189
0240520511	2009	3	30	89	0.28128
0240520511	2009	3	31	90	0.27985
0240520511	2009	4	1	91	0.27826
0240520511	2009	4	2	92	0.27798
0240520511	2009	4	3	93	0.27841
0240520511	2009	4	4	94	0.28124
0240520511	2009	4	5	95	0.29056
0240520511	2009	4	6	96	0.29056
0240520511	2009	4	7	97	0.29464
0240520511	2009	4	8	98	0.29266
0240520511	2009	4	9	99	0.29168
0240520511	2009	4	10	100	0.29155
0240520511	2009	4	11	101	0.29169
0240520511	2009	4	12	102	0.28929
0240520511	2009	4	13	103	0.28772
0240520511	2009	4	14	104	0.29325
0240520511	2009	4	15	105	0.29518
0240520511	2009	4	16	106	0.2952
0240520511	2009	4	17	107	0.29634
0240520511	2009	4	18	108	0.2955
0240520511	2009	4	19	109	0.2939
0240520511	2009	4	20	110	0.28891
0240520511	2009	4	21	111	0.2871
0240520511	2009	4	22	112	0.28888
0240520511	2009	4	23	113	0.29255
0240520511	2009	4	24	114	0.29519
0240520511	2009	4	25	115	0.28951
0240520511	2009	4	26	116	0.31698
0240520511	2009	4	27	117	0.35929
0240520511	2009	4	28	118	0.33855
0240520511	2009	4	29	119	0.33689
0240520511	2009	4	30	120	0.34063
0240520511	2009	5	1	121	0.32755
0240520511	2009	5	2	122	0.3209
0240520511	2009	5	3	123	0.31748
0240520511	2009	5	4	124	0.31465
0240520511	2009	5	5	125	0.31509
0240520511	2009	5	6	126	0.31356
0240520511	2009	5	7	127	0.31277
0240520511	2009	5	8	128	0.3146
0240520511	2009	5	9	129	0.31439
0240520511	2009	5	10	130	0.31219
0240520511	2009	5	11	131	0.31244
0240520511	2009	5	12	132	0.29917
0240520511	2009	5	13	133	0.27113
0240520511	2009	5	14	134	0.10798
0240520511	2009	5	15	135	0.14551
0240520511	2009	5	16	136	0.14149
0240520511	2009	5	17	137	0.16182
0240520511	2009	5	18	138	0.21444
0240520511	2009	5	19	139	0.26644
0240520511	2009	5	20	140	0.27059
0240520511	2009	5	21	141	0.28374
0240520511	2009	5	22	142	0.28742
0240520511	2009	5	23	143	0.28554
0240520511	2009	5	24	144	0.28136
0240520511	2009	5	25	145	0.27473
0240520511	2009	5	26	146	0.32179
0240520511	2009	5	27	147	0.39759
0240520511	2009	5	28	148	0.36775
0240520511	2009	5	29	149	0.33831
0240520511	2009	5	30	150	0.31157
0240520511	2009	5	31	151	0.3038
0240520511	2009	6	1	152	0.36198
0240520511	2009	6	2	153	0.35467
0240520511	2009	6	3	154	0.32608
0240520511	2009	6	4	155	0.30585
0240520511	2009	6	5	156	0.29942
0240520511	2009	6	6	157	0.33788
0240520511	2009	6	7	158	0.33862
0240520511	2009	6	8	159	0.36123
0240520511	2009	6	9	160	0.34341
0240520511	2009	6	10	161	0.33408
0240520511	2009	6	11	162	0.32453
0240520511	2009	6	12	163	0.32273
0240520511	2009	6	13	164	0.34996
0240520511	2009	6	14	165	0.32891
0240520511	2009	6	15	166	0.31222
0240520511	2009	6	16	167	0.30903
0240520511	2009	6	17	168	0.31127
0240520511	2009	6	18	169	0.35686
0240520511	2009	6	19	170	0.3693
0240520511	2009	6	20	171	0.36153
0240520511	2009	6	21	172	0.37934
0240520511	2009	6	22	173	0.36719
0240520511	2009	6	23	174	0.36387
0240520511	2009	6	24	175	0.3723
0240520511	2009	6	25	176	0.35724
0240520511	2009	6	26	177	0.33596
0240520511	2009	6	27	178	0.32
0240520511	2009	6	28	179	0.2973
0240520511	2009	6	29	180	0.27769
0240520511	2009	6	30	181	0.26116
0240520511	2009	7	1	182	0.25091
0240520511	2009	7	2	183	0.24177
0240520511	2009	7	3	184	0.23018
0240520511	2009	7	4	185	0.24789
0240520511	2009	7	5	186	0.27669
0240520511	2009	7	6	187	0.27255
0240520511	2009	7	7	188	0.31647
0240520511	2009	7	8	189	0.30831
0240520511	2009	7	9	190	0.27255
0240520511	2009	7	10	191	0.31647
0240520511	2009	7	11	192	
0240520511	2009	7	12	193	
0240520511	2009	7	13	194	
0240520511	2009	7	14	195	0.29734
0240520511	2009	7	15	196	0.28846
0240520511	2009	7	16	197	
0240520511	2009	7	17	198	
0240520511	2009	7	18	199	0.25162
0240520511	2009	7	19	200	0.24384
0240520511	2009	7	20	201	0.23604
0240520511	2009	7	21	202	0.23721
0240520511	2009	7	22	203	
0240520511	2009	7	23	204	
0240520511	2009	7	24	205	
0240520511	2009	7	25	206	0.23975
0240520511	2009	7	26	207	0.23172
0240520511	2009	7	27	208	0.2233
0240520511	2009	7	28	209	0.21259
0240520511	2009	7	29	210	0.20144
0240520511	2009	7	30	211	0.19655
0240520511	2009	7	31	212	0.19496
0240520511	2009	8	1	213	0.19265
0240520511	2009	8	2	214	0.18843
0240520511	2009	8	3	215	0.18709
0240520511	2009	8	4	216	0.18576
0240520511	2009	8	5	217	0.18038
0240520511	2009	8	6	218	0.17794
0240520511	2009	8	7	219	0.1803
0240520511	2009	8	8	220	0.23265
0240520511	2009	8	9	221	0.24249
0240520511	2009	8	10	222	0.30651
0240520511	2009	8	11	223	0.29681
0240520511	2009	8	12	224	0.28267
0240520511	2009	8	13	225	0.27089
0240520511	2009	8	14	226	0.26073
0240520511	2009	8	15	227	0.24948
0240520511	2009	8	16	228	0.2458
0240520511	2009	8	17	229	0.23767
0240520511	2009	8	18	230	0.23124
0240520511	2009	8	19	231	0.22745
0240520511	2009	8	20	232	0.26916
0240520511	2009	8	21	233	0.32491
0240520511	2009	8	22	234	0.3212
0240520511	2009	8	23	235	0.30784
0240520511	2009	8	24	236	0.29736
0240520511	2009	8	25	237	0.2889
0240520511	2009	8	26	238	0.34781
0240520511	2009	8	27	239	0.36939
0240520511	2009	8	28	240	
0240520511	2009	8	29	241	
0240520511	2009	8	30	242	
0240520511	2009	8	31	243	
0240520511	2009	9	1	244	
0240520511	2009	9	2	245	0.29978
0240520511	2009	9	3	246	0.29138
0240520511	2009	9	4	247	0.28427
0240520511	2009	9	5	248	0.2796
0240520511	2009	9	6	249	0.27323
0240520511	2009	9	7	250	0.27025
0240520511	2009	9	8	251	
0240520511	2009	9	9	252	
0240520511	2009	9	10	253	
0240520511	2009	9	11	254	0.26085
0240520511	2009	9	12	255	0.25217
0240520511	2009	9	13	256	0.24569
0240520511	2009	9	14	257	0.23924
0240520511	2009	9	15	258	0.23505
0240520511	2009	9	16	259	0.23158
0240520511	2009	9	17	260	0.22634
0240520511	2009	9	18	261	0.22178
0240520511	2009	9	19	262	0.21854
0240520511	2009	9	20	263	0.21483
0240520511	2009	9	21	264	
0240520511	2009	9	22	265	
0240520511	2009	9	23	266	0.31659
0240520511	2009	9	24	267	0.3209
0240520511	2009	9	25	268	0.35995
0240520511	2009	9	26	269	0.36079
0240520511	2009	9	27	270	
0240520511	2009	9	28	271	0.36224
0240520511	2009	9	29	272	0.35082
0240520511	2009	9	30	273	
0240520511	2009	10	1	274	
0240520511	2009	10	2	275	
0240520511	2009	10	3	276	0.36024
0240520511	2009	10	4	277	0.34968
0240520511	2009	10	5	278	
0240520511	2009	10	6	279	
0240520511	2009	10	7	280	
0240520511	2009	10	8	281	
0240520511	2009	10	9	282	
0240520511	2009	10	10	283	
0240520511	2009	10	11	284	
0240520511	2009	10	12	285	
0240520511	2009	10	13	286	
0240520511	2009	10	14	287	
0240520511	2009	10	15	288	
0240520511	2009	10	16	289	
0240520511	2009	10	17	290	
0240520511	2009	10	18	291	
0240520511	2009	10	19	292	
0240520511	2009	10	20	293	
0240520511	2009	10	21	294	
0240520511	2009	10	22	295	
0240520511	2009	10	23	296	
0240520511	2009	10	24	297	
0240520511	2009	10	25	298	
0240520511	2009	10	26	299	
0240520511	2009	10	27	300	
0240520511	2009	10	28	301	0.39177
0240520511	2009	10	29	302	0.39343
0240520511	2009	10	30	303	0.39398
0240520511	2009	10	31	304	0.39274
0240520511	2009	11	1	305	0.39333
0240520511	2009	11	2	306	0.3931
0240520511	2009	11	3	307	0.33026
0240520511	2009	11	4	308	0.26229
0240520511	2009	11	5	309	0.24879
0240520511	2009	11	6	310	0.25433
0240520511	2009	11	7	311	0.25377
0240520511	2009	11	8	312	0.25252
0240520511	2009	11	9	313	0.24757
0240520511	2009	11	10	314	0.24058
0240520511	2009	11	11	315	0.23444
0240520511	2009	11	12	316	0.23395
0240520511	2009	11	13	317	0.2349
0240520511	2009	11	14	318	0.23249
0240520511	2009	11	15	319	0.22394
0240520511	2009	11	16	320	0.22478
0240520511	2009	11	17	321	0.22293
0240520511	2009	11	18	322	0.22105
0240520511	2009	11	19	323	0.22529
0240520511	2009	11	20	324	
0240520511	2009	11	21	325	0.24853
0240520511	2009	11	22	326	0.25656
0240520511	2009	11	23	327	0.25931
0240520511	2009	11	24	328	0.34075
0240520511	2009	11	25	329	0.38296
0240520511	2009	11	26	330	0.37282
0240520511	2009	11	27	331	0.33438
0240520511	2009	11	28	332	0.32963
0240520511	2009	11	29	333	0.33015
0240520511	2009	11	30	334	0.32069
0240520511	2009	12	1	335	0.31987
0240520511	2009	12	2	336	0.31181
0240520511	2009	12	3	337	0.23823
0240520511	2009	12	4	338	0.12792
0240520511	2009	12	5	339	0.11695
0240520511	2009	12	6	340	0.1131
0240520511	2009	12	7	341	0.11486
0240520511	2009	12	8	342	0.11944
0240520511	2009	12	9	343	0.11756
0240520511	2009	12	10	344	0.10272
0240520511	2009	12	11	345	0.10108
0240520511	2009	12	12	346	0.10474
0240520511	2009	12	13	347	0.11773
0240520511	2009	12	14	348	0.11321
0240520511	2009	12	15	349	0.097774
0240520511	2009	12	16	350	0.096618
0240520511	2009	12	17	351	0.10377
0240520511	2009	12	18	352	0.10558
0240520511	2009	12	19	353	0.10493
0240520511	2009	12	20	354	0.10673
0240520511	2009	12	21	355	0.1101
0240520511	2009	12	22	356	0.11427
0240520511	2009	12	23	357	0.12205
0240520511	2009	12	24	358	0.18536
0240520511	2009	12	25	359	0.24826
0240520511	2009	12	26	360	0.19802
0240520511	2009	12	27	361	0.15158
0240520511	2009	12	28	362	0.14362
0240520511	2009	12	29	363	0.12113
0240520511	2009	12	30	364	0.12505
0240520511	2009	12	31	365	0.13165
0240520511	2010	1	1	1	
0240520511	2010	1	2	2	0.12093
0240520511	2010	1	3	3	0.12008
0240520511	2010	1	4	4	0.11654
0240520511	2010	1	5	5	0.11441
0240520511	2010	1	6	6	0.11492
0240520511	2010	1	7	7	0.11834
0240520511	2010	1	8	8	0.10861
0240520511	2010	1	9	9	0.10043
0240520511	2010	1	10	10	0.099063
0240520511	2010	1	11	11	0.10725
0240520511	2010	1	12	12	0.10859
0240520511	2010	1	13	13	0.11147
0240520511	2010	1	14	14	0.11869
0240520511	2010	1	15	15	0.12188
0240520511	2010	1	16	16	0.12175
0240520511	2010	1	17	17	0.12705
0240520511	2010	1	18	18	0.12865
0240520511	2010	1	19	19	0.12517
0240520511	2010	1	20	20	0.13484
0240520511	2010	1	21	21	0.15358
0240520511	2010	1	22	22	0.15999
0240520511	2010	1	23	23	0.19724
0240520511	2010	1	24	24	0.213
0240520511	2010	1	25	25	0.21442
0240520511	2010	1	26	26	0.16409
0240520511	2010	1	27	27	0.1377
0240520511	2010	1	28	28	0.13152
0240520511	2010	1	29	29	0.12617
0240520511	2010	1	30	30	0.12382
0240520511	2010	1	31	31	0.12425
0240520511	2010	2	1	32	0.12573
0240520511	2010	2	2	33	0.13177
0240520511	2010	2	3	34	0.1296
0240520511	2010	2	4	35	0.13255
0240520511	2010	2	5	36	0.13817
0240520511	2010	2	6	37	0.14248
0240520511	2010	2	7	38	0.14162
0240520511	2010	2	8	39	0.14304
0240520511	2010	2	9	40	0.13434
0240520511	2010	2	10	41	0.13242
0240520511	2010	2	11	42	0.12737
0240520511	2010	2	12	43	0.13033
0240520511	2010	2	13	44	0.13479
0240520511	2010	2	14	45	0.13701
0240520511	2010	2	15	46	0.13616
0240520511	2010	2	16	47	0.13663
0240520511	2010	2	17	48	0.13519
0240520511	2010	2	18	49	0.13311
0240520511	2010	2	19	50	0.13279
0240520511	2010	2	20	51	0.13714
0240520511	2010	2	21	52	0.14022
0240520511	2010	2	22	53	0.13962
0240520511	2010	2	23	54	0.13775
0240520511	2010	2	24	55	0.13377
0240520511	2010	2	25	56	0.12999
0240520511	2010	2	26	57	0.12972
0240520511	2010	2	27	58	0.1325
0240520511	2010	2	28	59	0.1329
0240520511	2010	3	1	60	0.13378
0240520511	2010	3	2	61	0.13458
0240520511	2010	3	3	62	0.13542
0240520511	2010	3	4	63	0.13577
0240520511	2010	3	5	64	0.13913
0240520511	2010	3	6	65	0.14705
0240520511	2010	3	7	66	0.16108
0240520511	2010	3	8	67	0.17072
0240520511	2010	3	9	68	0.17725
0240520511	2010	3	10	69	0.18353
0240520511	2010	3	11	70	0.21437
0240520511	2010	3	12	71	0.33568
0240520511	2010	3	13	72	0.40732
0240520511	2010	3	14	73	0.40786
0240520511	2010	3	15	74	0.40752
0240520511	2010	3	16	75	0.40404
0240520511	2010	3	17	76	0.40798
0240520511	2010	3	18	77	0.40656
0240520511	2010	3	19	78	0.40037
0240520511	2010	3	20	79	0.39408
0240520511	2010	3	21	80	0.32959
0240520511	2010	3	22	81	0.29
0240520511	2010	3	23	82	0.29096
0240520511	2010	3	24	83	0.28312
0240520511	2010	3	25	84	0.27375
0240520511	2010	3	26	85	0.22371
0240520511	2010	3	27	86	0.2285
0240520511	2010	3	28	87	0.2271
0240520511	2010	3	29	88	0.21161
0240520511	2010	3	30	89	0.21472
0240520511	2010	3	31	90	0.21802
0240520511	2010	4	1	91	0.21807
0240520511	2010	4	2	92	0.22348
0240520511	2010	4	3	93	0.23512
0240520511	2010	4	4	94	0.24084
0240520511	2010	4	5	95	0.24057
0240520511	2010	4	6	96	0.27414
0240520511	2010	4	7	97	0.26564
0240520511	2010	4	8	98	0.25584
0240520511	2010	4	9	99	0.24656
0240520511	2010	4	10	100	0.24407
0240520511	2010	4	11	101	0.24485
0240520511	2010	4	12	102	0.24186
0240520511	2010	4	13	103	0.24405
0240520511	2010	4	14	104	0.26529
0240520511	2010	4	15	105	0.16241
0240520511	2010	4	16	106	
0240520511	2010	4	17	107	
0240520511	2010	4	18	108	
0240520511	2010	4	19	109	
0240520511	2010	4	20	110	
0240520511	2010	4	21	111	
0240520511	2010	4	22	112	
0240520511	2010	4	23	113	
0240520511	2010	4	24	114	
0240520511	2010	4	25	115	
0240520511	2010	4	26	116	
0240520511	2010	4	27	117	
0240520511	2010	4	28	118	
0240520511	2010	4	29	119	
0240520511	2010	4	30	120	
0240520511	2010	5	1	121	
0240520511	2010	5	2	122	
0240520511	2010	5	3	123	
0240520511	2010	5	4	124	
0240520511	2010	5	5	125	
0240520511	2010	5	6	126	0.37365
0240520511	2010	5	7	127	0.38071
0240520511	2010	5	8	128	0.37518
0240520511	2010	5	9	129	0.3747
0240520511	2010	5	10	130	0.37786
0240520511	2010	5	11	131	0.39506
0240520511	2010	5	12	132	0.39898
0240520511	2010	5	13	133	0.40235
0240520511	2010	5	14	134	0.39731
0240520511	2010	5	15	135	0.39269
0240520511	2010	5	16	136	0.38798
0240520511	2010	5	17	137	0.38615
0240520511	2010	5	18	138	0.38423
0240520511	2010	5	19	139	0.38161
0240520511	2010	5	20	140	0.37805
0240520511	2010	5	21	141	0.38152
0240520511	2010	5	22	142	0.38168
0240520511	2010	5	23	143	0.3823
0240520511	2010	5	24	144	0.38042
0240520511	2010	5	25	145	0.37706
0240520511	2010	5	26	146	0.37612
0240520511	2010	5	27	147	0.37376
0240520511	2010	5	28	148	0.36972
0240520511	2010	5	29	149	0.36504
0240520511	2010	5	30	150	0.36124
0240520511	2010	5	31	151	0.36411
0240520511	2010	6	1	152	0.36887
0240520511	2010	6	2	153	0.3902
0240520511	2010	6	3	154	0.3772
0240520511	2010	6	4	155	0.38873
0240520511	2010	6	5	156	0.38484
0240520511	2010	6	6	157	0.37828
0240520511	2010	6	7	158	0.37205
0240520511	2010	6	8	159	0.39238
0240520511	2010	6	9	160	0.39545
0240520511	2010	6	10	161	0.39379
0240520511	2010	6	11	162	0.4014
0240520511	2010	6	12	163	0.40384
0240520511	2010	6	13	164	0.40481
0240520511	2010	6	14	165	0.40508
0240520511	2010	6	15	166	0.40287
0240520511	2010	6	16	167	0.39997
0240520511	2010	6	17	168	0.39324
0240520511	2010	6	18	169	0.40406
0240520511	2010	6	19	170	0.40281
0240520511	2010	6	20	171	0.40014
0240520511	2010	6	21	172	0.40381
0240520511	2010	6	22	173	0.40378
0240520511	2010	6	23	174	0.4038
0240520511	2010	6	24	175	0.39807
0240520511	2010	6	25	176	0.38446
0240520511	2010	6	26	177	0.40537
0240520511	2010	6	27	178	0.40585
0240520511	2010	6	28	179	0.40296
0240520511	2010	6	29	180	0.39209
0240520511	2010	6	30	181	0.37245
0240520511	2010	7	1	182	0.35744
0240520511	2010	7	2	183	0.34363
0240520511	2010	7	3	184	0.33173
0240520511	2010	7	4	185	0.35623
0240520511	2010	7	5	186	0.40271
0240520511	2010	7	6	187	0.40104
0240520511	2010	7	7	188	0.39862
0240520511	2010	7	8	189	0.40163
0240520511	2010	7	9	190	0.39239
0240520511	2010	7	10	191	0.37482
0240520511	2010	7	11	192	0.36214
0240520511	2010	7	12	193	0.37777
0240520511	2010	7	13	194	0.39296
0240520511	2010	7	14	195	0.37727
0240520511	2010	7	15	196	0.36123
0240520511	2010	7	16	197	0.34829
0240520511	2010	7	17	198	0.3376
0240520511	2010	7	18	199	0.3898
0240520511	2010	7	19	200	0.39978
0240520511	2010	7	20	201	0.40133
0240520511	2010	7	21	202	0.39653
0240520511	2010	7	22	203	0.39482
0240520511	2010	7	23	204	0.40127
0240520511	2010	7	24	205	0.40318
0240520511	2010	7	25	206	0.39744
0240520511	2010	7	26	207	0.38709
0240520511	2010	7	27	208	0.37161
0240520511	2010	7	28	209	0.35598
0240520511	2010	7	29	210	0.34165
0240520511	2010	7	30	211	0.37902
0240520511	2010	7	31	212	0.39932
0240520511	2010	8	1	213	0.39033
0240520511	2010	8	2	214	0.39653
0240520511	2010	8	3	215	0.40373
0240520511	2010	8	4	216	0.40494
0240520511	2010	8	5	217	0.40096
0240520511	2010	8	6	218	0.39369
0240520511	2010	8	7	219	0.40079
0240520511	2010	8	8	220	0.39918
0240520511	2010	8	9	221	0.40626
0240520511	2010	8	10	222	0.4062
0240520511	2010	8	11	223	0.40631
0240520511	2010	8	12	224	0.40449
0240520511	2010	8	13	225	0.40267
0240520511	2010	8	14	226	0.39899
0240520511	2010	8	15	227	0.39009
0240520511	2010	8	16	228	0.37805
0240520511	2010	8	17	229	0.38443
0240520511	2010	8	18	230	0.39859
0240520511	2010	8	19	231	0.39348
0240520511	2010	8	20	232	0.38873
0240520511	2010	8	21	233	0.38916
0240520511	2010	8	22	234	0.38245
0240520511	2010	8	23	235	0.37251
0240520511	2010	8	24	236	0.35936
0240520511	2010	8	25	237	0.34294
0240520511	2010	8	26	238	0.32983
0240520511	2010	8	27	239	0.32262
0240520511	2010	8	28	240	0.31415
0240520511	2010	8	29	241	0.30757
0240520511	2010	8	30	242	0.30265
0240520511	2010	8	31	243	0.32176
0240520511	2010	9	1	244	0.40406
0240520511	2010	9	2	245	0.40137
0240520511	2010	9	3	246	0.39688
0240520511	2010	9	4	247	0.3906
0240520511	2010	9	5	248	0.38454
0240520511	2010	9	6	249	0.38549
0240520511	2010	9	7	250	0.39462
0240520511	2010	9	8	251	0.38867
0240520511	2010	9	9	252	0.38226
0240520511	2010	9	10	253	0.385
0240520511	2010	9	11	254	0.39821
0240520511	2010	9	12	255	0.39331
0240520511	2010	9	13	256	0.38809
0240520511	2010	9	14	257	0.38193
0240520511	2010	9	15	258	0.37646
0240520511	2010	9	16	259	0.36894
0240520511	2010	9	17	260	0.20259
0240520511	2010	9	18	261	0.091807
0240520511	2010	9	19	262	0.13947
0240520511	2010	9	20	263	
0240520511	2010	9	21	264	
0240520511	2010	9	22	265	
0240520511	2010	9	23	266	
0240520511	2010	9	24	267	
0240520511	2010	9	25	268	
0240520511	2010	9	26	269	
0240520511	2010	9	27	270	
0240520511	2010	9	28	271	
0240520511	2010	9	29	272	
0240520511	2010	9	30	273	
0240520511	2010	10	1	274	
0240520511	2010	10	2	275	
0240520511	2010	10	3	276	
0240520511	2010	10	4	277	
0240520511	2010	10	5	278	
0240520511	2010	10	6	279	
0240520511	2010	10	7	280	
0240520511	2010	10	8	281	
0240520511	2010	10	9	282	
0240520511	2010	10	10	283	
0240520511	2010	10	11	284	
0240520511	2010	10	12	285	
0240520511	2010	10	13	286	
0240520511	2010	10	14	287	
0240520511	2010	10	15	288	
0240520511	2010	10	16	289	0.25461
0240520511	2010	10	17	290	0.24882
0240520511	2010	10	18	291	0.24675
0240520511	2010	10	19	292	0.23887
0240520511	2010	10	20	293	0.23571
0240520511	2010	10	21	294	0.2268
0240520511	2010	10	22	295	0.22409
0240520511	2010	10	23	296	0.22982
0240520511	2010	10	24	297	0.22874
0240520511	2010	10	25	298	0.22812
0240520511	2010	10	26	299	0.23719
0240520511	2010	10	27	300	0.22273
0240520511	2010	10	28	301	0.21411
0240520511	2010	10	29	302	0.21216
0240520511	2010	10	30	303	0.21746
0240520511	2010	10	31	304	0.21226
0240520511	2010	11	1	305	0.21003
0240520511	2010	11	2	306	0.20901
0240520511	2010	11	3	307	0.21029
0240520511	2010	11	4	308	0.20034
0240520511	2010	11	5	309	0.18983
0240520511	2010	11	6	310	0.18897
0240520511	2010	11	7	311	0.19162
0240520511	2010	11	8	312	0.19184
0240520511	2010	11	9	313	0.1896
0240520511	2010	11	10	314	0.19016
0240520511	2010	11	11	315	0.18235
0240520511	2010	11	12	316	0.26263
0240520511	2010	11	13	317	0.33812
0240520511	2010	11	14	318	0.30852
0240520511	2010	11	15	319	0.29441
0240520511	2010	11	16	320	0.29729
0240520511	2010	11	17	321	0.28906
0240520511	2010	11	18	322	0.27759
0240520511	2010	11	19	323	0.27096
0240520511	2010	11	20	324	0.26105
0240520511	2010	11	21	325	0.26668
0240520511	2010	11	22	326	0.26416
0240520511	2010	11	23	327	0.24708
0240520511	2010	11	24	328	0.23762
0240520511	2010	11	25	329	0.15161
0240520511	2010	11	26	330	0.10089
0240520511	2010	11	27	331	0.13174
0240520511	2010	11	28	332	0.20143
0240520511	2010	11	29	333	0.24048
0240520511	2010	11	30	334	0.19412
0240520511	2010	12	1	335	0.091224
0240520511	2010	12	2	336	0.1028
0240520511	2010	12	3	337	0.099725
0240520511	2010	12	4	338	0.095394
0240520511	2010	12	5	339	0.072075
0240520511	2010	12	6	340	0.067522
0240520511	2010	12	7	341	0.064246
0240520511	2010	12	8	342	0.065419
0240520511	2010	12	9	343	0.077288
0240520511	2010	12	10	344	0.090128
0240520511	2010	12	11	345	0.16446
0240520511	2010	12	12	346	0.067538
0240520511	2010	12	13	347	0.052684
0240520511	2010	12	14	348	0.05467
0240520511	2010	12	15	349	0.058579
0240520511	2010	12	16	350	0.064298
0240520511	2010	12	17	351	0.062657
0240520511	2010	12	18	352	0.060721
0240520511	2010	12	19	353	0.057477
0240520511	2010	12	20	354	0.065336
0240520511	2010	12	21	355	0.071494
0240520511	2010	12	22	356	0.067322
0240520511	2010	12	23	357	0.071602
0240520511	2010	12	24	358	0.074736
0240520511	2010	12	25	359	0.07696
0240520511	2010	12	26	360	0.072776
0240520511	2010	12	27	361	0.070701
0240520511	2010	12	28	362	0.068963
0240520511	2010	12	29	363	
0240520511	2010	12	30	364	0.19783
0240520511	2010	12	31	365	0.18137
0240520511	2011	1	1	1	0.046025
0240520511	2011	1	2	2	0.046961
0240520511	2011	1	3	3	0.056413
0240520511	2011	1	4	4	0.050744
0240520511	2011	1	5	5	0.054511
0240520511	2011	1	6	6	0.063802
0240520511	2011	1	7	7	0.064064
0240520511	2011	1	8	8	0.054225
0240520511	2011	1	9	9	0.046925
0240520511	2011	1	10	10	0.051847
0240520511	2011	1	11	11	0.058291
0240520511	2011	1	12	12	0.059732
0240520511	2011	1	13	13	0.058986
0240520511	2011	1	14	14	0.058575
0240520511	2011	1	15	15	0.059958
0240520511	2011	1	16	16	0.057522
0240520511	2011	1	17	17	0.060076
0240520511	2011	1	18	18	0.062353
0240520511	2011	1	19	19	0.056671
0240520511	2011	1	20	20	0.055688
0240520511	2011	1	21	21	0.051372
0240520511	2011	1	22	22	0.053164
0240520511	2011	1	23	23	0.052765
0240520511	2011	1	24	24	0.053193
0240520511	2011	1	25	25	0.057596
0240520511	2011	1	26	26	0.056942
0240520511	2011	1	27	27	0.058831
0240520511	2011	1	28	28	0.066834
0240520511	2011	1	29	29	0.1076
0240520511	2011	1	30	30	0.073617
0240520511	2011	1	31	31	0.073002
0240520511	2011	2	1	32	0.070532
0240520511	2011	2	2	33	0.059213
0240520511	2011	2	3	34	0.054669
0240520511	2011	2	4	35	0.061164
0240520511	2011	2	5	36	0.070827
0240520511	2011	2	6	37	0.0836
0240520511	2011	2	7	38	0.073972
0240520511	2011	2	8	39	0.052789
0240520511	2011	2	9	40	0.051316
0240520511	2011	2	10	41	0.050827
0240520511	2011	2	11	42	0.062719
0240520511	2011	2	12	43	0.090298
0240520511	2011	2	13	44	0.12172
0240520511	2011	2	14	45	0.20489
0240520511	2011	2	15	46	0.32752
0240520511	2011	2	16	47	0.37275
0240520511	2011	2	17	48	0.37352
0240520511	2011	2	18	49	0.35888
0240520511	2011	2	19	50	0.34564
0240520511	2011	2	20	51	0.36148
0240520511	2011	2	21	52	0.36641
0240520511	2011	2	22	53	0.29448
0240520511	2011	2	23	54	0.13945
0240520511	2011	2	24	55	0.12144
0240520511	2011	2	25	56	0.072569
0240520511	2011	2	26	57	0.067437
0240520511	2011	2	27	58	0.074059
0240520511	2011	2	28	59	0.073278
0240520511	2011	3	1	60	0.087932
0240520511	2011	3	2	61	0.078036
0240520511	2011	3	3	62	0.086294
0240520511	2011	3	4	63	0.12406
0240520511	2011	3	5	64	0.095459
0240520511	2011	3	6	65	0.079015
0240520511	2011	3	7	66	0.087693
0240520511	2011	3	8	67	0.10906
0240520511	2011	3	9	68	0.16017
0240520511	2011	3	10	69	0.178
0240520511	2011	3	11	70	0.23886
0240520511	2011	3	12	71	0.35805
0240520511	2011	3	13	72	0.30333
0240520511	2011	3	14	73	0.29669
0240520511	2011	3	15	74	0.31609
0240520511	2011	3	16	75	0.32842
0240520511	2011	3	17	76	0.33398
0240520511	2011	3	18	77	0.31603
0240520511	2011	3	19	78	0.29728
0240520511	2011	3	20	79	0.30059
0240520511	2011	3	21	80	0.29041
0240520511	2011	3	22	81	0.28905
0240520511	2011	3	23	82	0.28939
0240520511	2011	3	24	83	0.26881
0240520511	2011	3	25	84	0.27232
0240520511	2011	3	26	85	0.26869
0240520511	2011	3	27	86	0.25159
0240520511	2011	3	28	87	0.24512
0240520511	2011	3	29	88	0.2463
0240520511	2011	3	30	89	0.24904
0240520511	2011	3	31	90	0.2483
0240520511	2011	4	1	91	0.2493
0240520511	2011	4	2	92	0.24826
0240520511	2011	4	3	93	0.25284
0240520511	2011	4	4	94	0.23857
0240520511	2011	4	5	95	0.23623
0240520511	2011	4	6	96	0.24181
0240520511	2011	4	7	97	0.24084
0240520511	2011	4	8	98	0.27671
0240520511	2011	4	9	99	0.2711
0240520511	2011	4	10	100	0.26587
0240520511	2011	4	11	101	0.25032
0240520511	2011	4	12	102	0.24852
0240520511	2011	4	13	103	0.2493
0240520511	2011	4	14	104	0.24019
0240520511	2011	4	15	105	0.26265
0240520511	2011	4	16	106	0.28535
0240520511	2011	4	17	107	0.26276
0240520511	2011	4	18	108	0.26283
0240520511	2011	4	19	109	0.28998
0240520511	2011	4	20	110	0.28173
0240520511	2011	4	21	111	0.26549
0240520511	2011	4	22	112	0.27096
0240520511	2011	4	23	113	0.27428
0240520511	2011	4	24	114	0.26644
0240520511	2011	4	25	115	0.27655
0240520511	2011	4	26	116	0.31722
0240520511	2011	4	27	117	0.29999
0240520511	2011	4	28	118	0.2911
0240520511	2011	4	29	119	0.2861
0240520511	2011	4	30	120	0.28691
0240520511	2011	5	1	121	0.27447
0240520511	2011	5	2	122	0.26366
0240520511	2011	5	3	123	0.25488
0240520511	2011	5	4	124	0.24924
0240520511	2011	5	5	125	0.24465
0240520511	2011	5	6	126	0.23866
0240520511	2011	5	7	127	0.23008
0240520511	2011	5	8	128	0.21958
0240520511	2011	5	9	129	0.20801
0240520511	2011	5	10	130	0.19606
0240520511	2011	5	11	131	0.1988
0240520511	2011	5	12	132	0.35435
0240520511	2011	5	13	133	0.37286
0240520511	2011	5	14	134	0.36297
0240520511	2011	5	15	135	0.38501
0240520511	2011	5	16	136	0.35266
0240520511	2011	5	17	137	0.32896
0240520511	2011	5	18	138	0.32113
0240520511	2011	5	19	139	0.31588
0240520511	2011	5	20	140	0.37052
0240520511	2011	5	21	141	0.3941
0240520511	2011	5	22	142	0.37378
0240520511	2011	5	23	143	0.35336
0240520511	2011	5	24	144	0.36359
0240520511	2011	5	25	145	0.4079
0240520511	2011	5	26	146	0.40152
0240520511	2011	5	27	147	0.38818
0240520511	2011	5	28	148	0.37888
0240520511	2011	5	29	149	0.38721
0240520511	2011	5	30	150	0.38135
0240520511	2011	5	31	151	0.36191
0240520511	2011	6	1	152	0.35097
0240520511	2011	6	2	153	0.34379
0240520511	2011	6	3	154	0.34428
0240520511	2011	6	4	155	0.33739
0240520511	2011	6	5	156	0.33331
0240520511	2011	6	6	157	0.33161
0240520511	2011	6	7	158	0.32211
0240520511	2011	6	8	159	0.31231
0240520511	2011	6	9	160	0.33754
0240520511	2011	6	10	161	0.40915
0240520511	2011	6	11	162	0.40301
0240520511	2011	6	12	163	0.39338
0240520511	2011	6	13	164	0.39206
0240520511	2011	6	14	165	0.40235
0240520511	2011	6	15	166	0.40342
0240520511	2011	6	16	167	0.38481
0240520511	2011	6	17	168	0.36157
0240520511	2011	6	18	169	0.34297
0240520511	2011	6	19	170	0.34018
0240520511	2011	6	20	171	0.3715
0240520511	2011	6	21	172	0.39719
0240520511	2011	6	22	173	0.3912
0240520511	2011	6	23	174	0.38207
0240520511	2011	6	24	175	0.36087
0240520511	2011	6	25	176	0.35888
0240520511	2011	6	26	177	0.36494
0240520511	2011	6	27	178	0.38565
0240520511	2011	6	28	179	0.35906
0240520511	2011	6	29	180	0.34331
0240520511	2011	6	30	181	0.33122
0240520511	2011	7	1	182	0.31302
0240520511	2011	7	2	183	0.28936
0240520511	2011	7	3	184	0.27007
0240520511	2011	7	4	185	0.27164
0240520511	2011	7	5	186	0.26027
0240520511	2011	7	6	187	0.25458
0240520511	2011	7	7	188	0.24118
0240520511	2011	7	8	189	0.23971
0240520511	2011	7	9	190	0.22421
0240520511	2011	7	10	191	0.20893
0240520511	2011	7	11	192	0.24838
0240520511	2011	7	12	193	0.25164
0240520511	2011	7	13	194	0.24839
0240520511	2011	7	14	195	0.23965
0240520511	2011	7	15	196	0.24294
0240520511	2011	7	16	197	0.23615
0240520511	2011	7	17	198	0.2353
0240520511	2011	7	18	199	0.23388
0240520511	2011	7	19	200	0.22681
0240520511	2011	7	20	201	0.21392
0240520511	2011	7	21	202	0.19319
0240520511	2011	7	22	203	0.28534
0240520511	2011	7	23	204	0.30875
0240520511	2011	7	24	205	0.32511
0240520511	2011	7	25	206	0.31243
0240520511	2011	7	26	207	0.2891
0240520511	2011	7	27	208	0.26742
0240520511	2011	7	28	209	0.29902
0240520511	2011	7	29	210	0.31354
0240520511	2011	7	30	211	0.28834
0240520511	2011	7	31	212	0.26458
0240520511	2011	8	1	213	0.24965
0240520511	2011	8	2	214	0.2389
0240520511	2011	8	3	215	0.22914
0240520511	2011	8	4	216	0.28994
0240520511	2011	8	5	217	0.36526
0240520511	2011	8	6	218	0.36784
0240520511	2011	8	7	219	0.34308
0240520511	2011	8	8	220	0.3563
0240520511	2011	8	9	221	0.32789
0240520511	2011	8	10	222	0.29284
0240520511	2011	8	11	223	0.27013
0240520511	2011	8	12	224	0.25512
0240520511	2011	8	13	225	0.24287
0240520511	2011	8	14	226	0.23587
0240520511	2011	8	15	227	0.22886
0240520511	2011	8	16	228	0.24035
0240520511	2011	8	17	229	0.25284
0240520511	2011	8	18	230	0.23431
0240520511	2011	8	19	231	0.23274
0240520511	2011	8	20	232	0.22905
0240520511	2011	8	21	233	0.22538
0240520511	2011	8	22	234	0.22242
0240520511	2011	8	23	235	0.22323
0240520511	2011	8	24	236	0.21608
0240520511	2011	8	25	237	0.20916
0240520511	2011	8	26	238	0.20552
0240520511	2011	8	27	239	0.20514
0240520511	2011	8	28	240	0.19797
0240520511	2011	8	29	241	0.19799
0240520511	2011	8	30	242	0.28296
0240520511	2011	8	31	243	0.34808
0240520511	2011	9	1	244	0.32591
0240520511	2011	9	2	245	0.30443
0240520511	2011	9	3	246	0.38119
0240520511	2011	9	4	247	0.35835
0240520511	2011	9	5	248	0.33349
0240520511	2011	9	6	249	0.3138
0240520511	2011	9	7	250	0.29984
0240520511	2011	9	8	251	0.2885
0240520511	2011	9	9	252	0.28015
0240520511	2011	9	10	253	0.26933
0240520511	2011	9	11	254	0.26266
0240520511	2011	9	12	255	0.25932
0240520511	2011	9	13	256	0.25041
0240520511	2011	9	14	257	0.24029
0240520511	2011	9	15	258	0.23316
0240520511	2011	9	16	259	0.22979
0240520511	2011	9	17	260	0.22842
0240520511	2011	9	18	261	0.27853
0240520511	2011	9	19	262	0.33742
0240520511	2011	9	20	263	0.31834
0240520511	2011	9	21	264	0.30324
0240520511	2011	9	22	265	0.28959
0240520511	2011	9	23	266	0.28271
0240520511	2011	9	24	267	0.27378
0240520511	2011	9	25	268	0.27004
0240520511	2011	9	26	269	0.26668
0240520511	2011	9	27	270	0.26481
0240520511	2011	9	28	271	0.26596
0240520511	2011	9	29	272	0.25722
0240520511	2011	9	30	273	0.24512
0240520511	2011	10	1	274	0.23313
0240520511	2011	10	2	275	0.22112
0240520511	2011	10	3	276	0.20912
0240520511	2011	10	4	277	0.19713
0240520511	2011	10	5	278	0.18512
0240520511	2011	10	6	279	0.17313
0240520511	2011	10	7	280	0.15807
0240520511	2011	10	8	281	0.14629
0240520511	2011	10	9	282	0.14188
0240520511	2011	10	10	283	0.13615
0240520511	2011	10	11	284	0.13374
0240520511	2011	10	12	285	0.13323
0240520511	2011	10	13	286	0.13796
0240520511	2011	10	14	287	0.13244
0240520511	2011	10	15	288	0.1317
0240520511	2011	10	16	289	0.13031
0240520511	2011	10	17	290	0.12484
0240520511	2011	10	18	291	0.1215
0240520511	2011	10	19	292	0.11798
0240520511	2011	10	20	293	0.11617
0240520511	2011	10	21	294	0.11762
0240520511	2011	10	22	295	0.12092
0240520511	2011	10	23	296	0.12267
0240520511	2011	10	24	297	0.12029
0240520511	2011	10	25	298	0.12328
0240520511	2011	10	26	299	0.11066
0240520511	2011	10	27	300	0.10544
0240520511	2011	10	28	301	0.10183
0240520511	2011	10	29	302	0.10081
0240520511	2011	10	30	303	0.10174
0240520511	2011	10	31	304	0.096843
0240520511	2011	11	1	305	0.10001
0240520511	2011	11	2	306	0.18147
0240520511	2011	11	3	307	0.25858
0240520511	2011	11	4	308	0.21662
0240520511	2011	11	5	309	0.21311
0240520511	2011	11	6	310	0.20137
0240520511	2011	11	7	311	0.19256
0240520511	2011	11	8	312	0.31306
0240520511	2011	11	9	313	0.31341
0240520511	2011	11	10	314	
0240520511	2011	11	11	315	
0240520511	2011	11	12	316	
0240520511	2011	11	13	317	
0240520511	2011	11	14	318	
0240520511	2011	11	15	319	
0240520511	2011	11	16	320	
0240520511	2011	11	17	321	
0240520511	2011	11	18	322	
0240520511	2011	11	19	323	
0240520511	2011	11	20	324	
0240520511	2011	11	21	325	
0240520511	2011	11	22	326	
0240520511	2011	11	23	327	
0240520511	2011	11	24	328	
0240520511	2011	11	25	329	
0240520511	2011	11	26	330	
0240520511	2011	11	27	331	
0240520511	2011	11	28	332	
0240520511	2011	11	29	333	
0240520511	2011	11	30	334	
0240520511	2011	12	1	335	
0240520511	2011	12	2	336	
0240520511	2011	12	3	337	
0240520511	2011	12	4	338	
0240520511	2011	12	5	339	
0240520511	2011	12	6	340	
0240520511	2011	12	7	341	
0240520511	2011	12	8	342	
0240520511	2011	12	9	343	
0240520511	2011	12	10	344	
0240520511	2011	12	11	345	
0240520511	2011	12	12	346	
0240520511	2011	12	13	347	
0240520511	2011	12	14	348	
0240520511	2011	12	15	349	
0240520511	2011	12	16	350	
0240520511	2011	12	17	351	
0240520511	2011	12	18	352	
0240520511	2011	12	19	353	
0240520511	2011	12	20	354	
0240520511	2011	12	21	355	
0240520511	2011	12	22	356	
0240520511	2011	12	23	357	
0240520511	2011	12	24	358	
0240520511	2011	12	25	359	
0240520511	2011	12	26	360	
0240520511	2011	12	27	361	
0240520511	2011	12	28	362	
0240520511	2011	12	29	363	
0240520511	2011	12	30	364	
0240520511	2011	12	31	365	
