stationID	Y	M	D	DOY	depth_1	depth_4	depth_11	depth_37
0240070204	2002	1	1	1	0.085	0.082		0.13
0240070204	2002	1	2	2	0.085	0.082		0.13
0240070204	2002	1	3	3	0.085	0.082917		0.13
0240070204	2002	1	4	4	0.085	0.083		0.1291
0240070204	2002	1	5	5	0.084521	0.0825		0.12946
0240070204	2002	1	6	6	0.084	0.082		0.13
0240070204	2002	1	7	7	0.084	0.082		0.13
0240070204	2002	1	8	8	0.084313	0.082		0.13
0240070204	2002	1	9	9	0.084	0.082		0.13
0240070204	2002	1	10	10	0.084	0.082		0.13
0240070204	2002	1	11	11	0.084521	0.082		0.13
0240070204	2002	1	12	12	0.084	0.082		0.13
0240070204	2002	1	13	13	0.084	0.082		0.13
0240070204	2002	1	14	14	0.084	0.082		0.13
0240070204	2002	1	15	15	0.084	0.082		0.13
0240070204	2002	1	16	16	0.084	0.082		0.13
0240070204	2002	1	17	17	0.084	0.082		0.13
0240070204	2002	1	18	18	0.084	0.082		0.13
0240070204	2002	1	19	19	0.084	0.082		0.13
0240070204	2002	1	20	20	0.084	0.082		0.13
0240070204	2002	1	21	21	0.084	0.082		0.13
0240070204	2002	1	22	22	0.084	0.082		0.13
0240070204	2002	1	23	23	0.084	0.082		0.13
0240070204	2002	1	24	24	0.084	0.082229		0.13
0240070204	2002	1	25	25	0.084	0.083		0.13
0240070204	2002	1	26	26	0.084146	0.083		0.12965
0240070204	2002	1	27	27	0.084021	0.083		0.129
0240070204	2002	1	28	28	0.084	0.083		0.129
0240070204	2002	1	29	29	0.084	0.083		0.129
0240070204	2002	1	30	30	0.084	0.083		0.129
0240070204	2002	1	31	31	0.084	0.0825		0.129
0240070204	2002	2	1	32	0.084	0.082		0.129
0240070204	2002	2	2	33	0.084	0.082		0.129
0240070204	2002	2	3	34	0.084	0.082		0.129
0240070204	2002	2	4	35	0.084	0.082		0.129
0240070204	2002	2	5	36	0.084	0.082		0.129
0240070204	2002	2	6	37	0.084	0.082083		0.129
0240070204	2002	2	7	38	0.084	0.082396		0.129
0240070204	2002	2	8	39	0.084	0.082271		0.12896
0240070204	2002	2	9	40	0.084	0.082		0.12887
0240070204	2002	2	10	41	0.084	0.082		0.129
0240070204	2002	2	11	42	0.084	0.082		0.12898
0240070204	2002	2	12	43	0.083063	0.082		0.129
0240070204	2002	2	13	44	0.08375	0.082		0.129
0240070204	2002	2	14	45	0.083	0.082		0.129
0240070204	2002	2	15	46	0.083	0.082		0.129
0240070204	2002	2	16	47	0.083792	0.082		0.129
0240070204	2002	2	17	48	0.083958	0.082		0.129
0240070204	2002	2	18	49	0.083021	0.082		0.129
0240070204	2002	2	19	50	0.084	0.082		0.12892
0240070204	2002	2	20	51	0.083896	0.082		0.12892
0240070204	2002	2	21	52	0.084	0.082917		0.12846
0240070204	2002	2	22	53	0.084	0.083		0.128
0240070204	2002	2	23	54	0.083125	0.082229		0.128
0240070204	2002	2	24	55		0.082		0.128
0240070204	2002	2	25	56		0.082		0.128
0240070204	2002	2	26	57		0.082		0.128
0240070204	2002	2	27	58		0.082		0.128
0240070204	2002	2	28	59		0.081521		0.12815
0240070204	2002	3	1	60		0.081		0.12877
0240070204	2002	3	2	61		0.081		0.129
0240070204	2002	3	3	62		0.081		0.129
0240070204	2002	3	4	63		0.081125		0.129
0240070204	2002	3	5	64		0.081625		0.12858
0240070204	2002	3	6	65		0.082		0.128
0240070204	2002	3	7	66		0.082		0.128
0240070204	2002	3	8	67		0.082		0.128
0240070204	2002	3	9	68		0.082		0.128
0240070204	2002	3	10	69		0.082		0.128
0240070204	2002	3	11	70		0.082062		0.128
0240070204	2002	3	12	71		0.082354		0.128
0240070204	2002	3	13	72		0.082708		0.128
0240070204	2002	3	14	73		0.082625		0.128
0240070204	2002	3	15	74		0.082688		0.12788
0240070204	2002	3	16	75		0.08225		0.12748
0240070204	2002	3	17	76	0.082792	0.082		0.12752
0240070204	2002	3	18	77	0.082562	0.082		0.12746
0240070204	2002	3	19	78	0.082479	0.082		0.12752
0240070204	2002	3	20	79	0.082562	0.082		0.12763
0240070204	2002	3	21	80	0.082813	0.082		0.12765
0240070204	2002	3	22	81	0.082896	0.082		0.12779
0240070204	2002	3	23	82	0.082667	0.082		0.12788
0240070204	2002	3	24	83	0.082	0.082		0.12796
0240070204	2002	3	25	84	0.082	0.081354		0.128
0240070204	2002	3	26	85	0.082	0.081		0.128
0240070204	2002	3	27	86	0.082	0.081		0.128
0240070204	2002	3	28	87	0.082	0.081		0.128
0240070204	2002	3	29	88	0.082	0.08125		0.128
0240070204	2002	3	30	89	0.08275	0.082		0.128
0240070204	2002	3	31	90	0.082979	0.082		0.128
0240070204	2002	4	1	91	0.082833	0.082		0.128
0240070204	2002	4	2	92	0.082437	0.082		0.12798
0240070204	2002	4	3	93	0.082	0.082		0.128
0240070204	2002	4	4	94	0.082312	0.082		0.128
0240070204	2002	4	5	95	0.08225	0.082		0.128
0240070204	2002	4	6	96	0.082	0.082		0.128
0240070204	2002	4	7	97	0.082	0.082		0.128
0240070204	2002	4	8	98	0.082	0.082		0.128
0240070204	2002	4	9	99	0.082	0.081646		0.128
0240070204	2002	4	10	100	0.082	0.081437		0.128
0240070204	2002	4	11	101	0.082	0.081562		0.128
0240070204	2002	4	12	102	0.082	0.082		0.128
0240070204	2002	4	13	103	0.082	0.082		0.128
0240070204	2002	4	14	104	0.082	0.081333		0.128
0240070204	2002	4	15	105	0.082	0.081		0.128
0240070204	2002	4	16	106	0.082	0.081		0.128
0240070204	2002	4	17	107	0.081896	0.081		0.128
0240070204	2002	4	18	108	0.081	0.080458		0.12825
0240070204	2002	4	19	109	0.081104	0.08		0.1289
0240070204	2002	4	20	110	0.082021	0.08		0.12958
0240070204	2002	4	21	111	0.083	0.080646	0.097375	0.13033
0240070204	2002	4	22	112	0.083938	0.081208	0.098	0.131
0240070204	2002	4	23	113	0.084	0.082	0.098	0.13154
0240070204	2002	4	24	114	0.084	0.082	0.098	0.13167
0240070204	2002	4	25	115	0.084	0.082	0.098	0.1311
0240070204	2002	4	26	116	0.086479	0.082021	0.10815	0.13169
0240070204	2002	4	27	117	0.23035		0.11921	0.13367
0240070204	2002	4	28	118			0.12529	0.13533
0240070204	2002	4	29	119			0.125	0.13688
0240070204	2002	4	30	120			0.125	0.13804
0240070204	2002	5	1	121			0.125	0.13921
0240070204	2002	5	2	122			0.12577	0.14042
0240070204	2002	5	3	123			0.1269	0.14244
0240070204	2002	5	4	124			0.12817	0.14475
0240070204	2002	5	5	125			0.12969	0.1461
0240070204	2002	5	6	126			0.13148	0.14712
0240070204	2002	5	7	127			0.13327	0.14815
0240070204	2002	5	8	128			0.1346	0.14927
0240070204	2002	5	9	129			0.13619	0.15079
0240070204	2002	5	10	130			0.1385	0.15277
0240070204	2002	5	11	131			0.14515	0.15448
0240070204	2002	5	12	132	0.352		0.16979	0.15615
0240070204	2002	5	13	133	0.3079		0.20367	0.15798
0240070204	2002	5	14	134	0.27998		0.23017	0.16006
0240070204	2002	5	15	135	0.26137	0.28727	0.25813	0.16308
0240070204	2002	5	16	136	0.2454	0.26631	0.28244	0.1746
0240070204	2002	5	17	137	0.23819	0.25771	0.30106	0.21871
0240070204	2002	5	18	138	0.22658	0.24394	0.31506	0.25665
0240070204	2002	5	19	139	0.21602	0.23277	0.3334	0.28344
0240070204	2002	5	20	140	0.2066	0.2229	0.35954	0.35896
0240070204	2002	5	21	141	0.19908	0.21508	0.38944	0.37552
0240070204	2002	5	22	142	0.19319	0.20838	0.39333	0.37452
0240070204	2002	5	23	143	0.1864	0.20179	0.38881	0.37306
0240070204	2002	5	24	144	0.17892	0.19488	0.37973	0.37231
0240070204	2002	5	25	145	0.17271	0.18894	0.37052	0.37171
0240070204	2002	5	26	146	0.16592	0.18279	0.36402	0.3689
0240070204	2002	5	27	147	0.16098	0.17842	0.35719	0.36592
0240070204	2002	5	28	148	0.15723	0.175	0.35125	0.36352
0240070204	2002	5	29	149	0.15223	0.171	0.34656	0.36127
0240070204	2002	5	30	150	0.14921	0.16817	0.34252	0.35869
0240070204	2002	5	31	151	0.1475	0.16558	0.33963	0.35596
0240070204	2002	6	1	152	0.14869	0.16385	0.33765	0.3534
0240070204	2002	6	2	153	0.14779	0.16208	0.33494	0.35256
0240070204	2002	6	3	154	0.14542	0.15965	0.33085	0.35125
0240070204	2002	6	4	155	0.14142	0.15692	0.32669	0.34971
0240070204	2002	6	5	156	0.14817	0.15504	0.3241	0.34627
0240070204	2002	6	6	157	0.15781	0.15333	0.32192	0.34321
0240070204	2002	6	7	158	0.15544	0.15167	0.31885	0.34215
0240070204	2002	6	8	159	0.15046	0.14983	0.31419	0.3405
0240070204	2002	6	9	160	0.14404	0.14629	0.30994	0.33815
0240070204	2002	6	10	161	0.18515	0.16452	0.32392	0.3419
0240070204	2002	6	11	162	0.19585	0.17487	0.3429	0.35175
0240070204	2002	6	12	163	0.18444	0.17144	0.34567	0.3546
0240070204	2002	6	13	164	0.17271	0.16529	0.34023	0.35229
0240070204	2002	6	14	165	0.17242	0.16144	0.33565	0.34996
0240070204	2002	6	15	166	0.16356	0.15704	0.32979	0.348
0240070204	2002	6	16	167	0.15244	0.15129	0.32165	0.34465
0240070204	2002	6	17	168	0.14158	0.14498	0.312	0.33937
0240070204	2002	6	18	169	0.13598	0.14165	0.30442	0.33473
0240070204	2002	6	19	170	0.13981	0.13888	0.29898	0.33023
0240070204	2002	6	20	171	0.182	0.15673	0.30206	0.33035
0240070204	2002	6	21	172	0.18898	0.16585	0.31262	0.33635
0240070204	2002	6	22	173	0.18185	0.1626	0.3114	0.33608
0240070204	2002	6	23	174	0.16029	0.15281	0.30469	0.33363
0240070204	2002	6	24	175	0.15569	0.14731	0.29735	0.32969
0240070204	2002	6	25	176	0.20519	0.17598	0.31331	0.33617
0240070204	2002	6	26	177	0.17131	0.16058	0.31519	0.33871
0240070204	2002	6	27	178	0.15335	0.15104	0.30623	0.33471
0240070204	2002	6	28	179	0.14056	0.14285	0.29702	0.32973
0240070204	2002	6	29	180	0.13392	0.13771	0.28975	0.32465
0240070204	2002	6	30	181	0.13317	0.13467	0.28477	0.31981
0240070204	2002	7	1	182	0.139	0.13371	0.28121	0.31621
0240070204	2002	7	2	183	0.16131	0.1401	0.27975	0.31433
0240070204	2002	7	3	184	0.21763	0.17256	0.29798	0.32237
0240070204	2002	7	4	185	0.19346	0.17229	0.32563	0.34042
0240070204	2002	7	5	186	0.17681	0.16215	0.32033	0.33883
0240070204	2002	7	6	187	0.18069	0.158	0.31773	0.33742
0240070204	2002	7	7	188	0.1645	0.15127	0.312	0.3351
0240070204	2002	7	8	189	0.14944	0.14348	0.30415	0.33077
0240070204	2002	7	9	190	0.14392	0.13777	0.29581	0.3254
0240070204	2002	7	10	191	0.13869	0.13427	0.28842	0.321
0240070204	2002	7	11	192	0.13192	0.12894	0.28012	0.31627
0240070204	2002	7	12	193	0.1256	0.12335	0.27183	0.31081
0240070204	2002	7	13	194	0.12083	0.11898	0.26504	0.30521
0240070204	2002	7	14	195	0.11477	0.11354	0.25769	0.299
0240070204	2002	7	15	196	0.10996	0.1096	0.25085	0.29277
0240070204	2002	7	16	197	0.10533	0.10548	0.24373	0.28671
0240070204	2002	7	17	198	0.10238	0.10227	0.2371	0.27994
0240070204	2002	7	18	199	0.10048	0.099708	0.23083	0.2745
0240070204	2002	7	19	200	0.097604	0.097125	0.22442	0.26958
0240070204	2002	7	20	201	0.094375	0.095104	0.2189	0.26454
0240070204	2002	7	21	202	0.091083	0.093042	0.21308	0.25998
0240070204	2002	7	22	203	0.086958	0.090271	0.20648	0.25546
0240070204	2002	7	23	204	0.083417	0.088042	0.19971	0.25073
0240070204	2002	7	24	205	0.082729	0.086896	0.19412	0.24606
0240070204	2002	7	25	206	0.087917	0.087375	0.19075	0.24156
0240070204	2002	7	26	207	0.090083	0.087313	0.1875	0.23865
0240070204	2002	7	27	208	0.08775	0.086833	0.18327	0.23585
0240070204	2002	7	28	209	0.094958	0.08725	0.1804	0.23258
0240070204	2002	7	29	210	0.095125	0.086792	0.17752	0.23008
0240070204	2002	7	30	211	0.088958	0.085833	0.1731	0.22792
0240070204	2002	7	31	212	0.086042	0.08475	0.16813	0.22556
0240070204	2002	8	1	213	0.084479	0.083958	0.16331	0.223
0240070204	2002	8	2	214	0.0825	0.082979	0.15848	0.22023
0240070204	2002	8	3	215	0.080167	0.082021	0.15387	0.2175
0240070204	2002	8	4	216	0.077833	0.080729	0.14854	0.21465
0240070204	2002	8	5	217	0.07725	0.080125	0.14354	0.21175
0240070204	2002	8	6	218	0.13308	0.085771	0.141	0.20865
0240070204	2002	8	7	219	0.14356	0.097188	0.1414	0.20702
0240070204	2002	8	8	220	0.14783	0.10481	0.1459	0.20565
0240070204	2002	8	9	221	0.16744	0.10919	0.15456	0.205
0240070204	2002	8	10	222	0.14529	0.10667	0.16169	0.20519
0240070204	2002	8	11	223	0.13317	0.10369	0.1664	0.206
0240070204	2002	8	12	224	0.13754	0.10223	0.16869	0.20671
0240070204	2002	8	13	225	0.1864	0.11758	0.17544	0.20713
0240070204	2002	8	14	226	0.14285	0.1094	0.18806	0.20815
0240070204	2002	8	15	227	0.1294	0.10637	0.18994	0.20938
0240070204	2002	8	16	228	0.22927	0.1301	0.19798	0.2101
0240070204	2002	8	17	229	0.23331	0.14598	0.30119	0.21825
0240070204	2002	8	18	230	0.19981	0.13908	0.32275	0.31317
0240070204	2002	8	19	231	0.2389	0.15412	0.36004	0.34769
0240070204	2002	8	20	232	0.18225	0.13742	0.3495	0.35083
0240070204	2002	8	21	233	0.19173	0.13929	0.34288	0.34883
0240070204	2002	8	22	234	0.17479	0.13508	0.33844	0.34679
0240070204	2002	8	23	235	0.16675	0.133	0.33296	0.34435
0240070204	2002	8	24	236	0.1721	0.13312	0.3279	0.34246
0240070204	2002	8	25	237	0.20892	0.14708	0.33306	0.34417
0240070204	2002	8	26	238	0.19529	0.14992	0.34935	0.35123
0240070204	2002	8	27	239	0.17712	0.14302	0.34408	0.34913
0240070204	2002	8	28	240	0.16596	0.1391	0.33798	0.34646
0240070204	2002	8	29	241	0.16019	0.13665	0.33296	0.34442
0240070204	2002	8	30	242	0.15773	0.13556	0.32925	0.34275
0240070204	2002	8	31	243	0.15654	0.13394	0.32567	0.34102
0240070204	2002	9	1	244	0.20552	0.15819	0.3365	0.34525
0240070204	2002	9	2	245	0.19777	0.15929	0.35142	0.3529
0240070204	2002	9	3	246	0.18796	0.15496	0.3507	0.352
0240070204	2002	9	4	247				
0240070204	2002	9	5	248				
0240070204	2002	9	6	249				
0240070204	2002	9	7	250				
0240070204	2002	9	8	251				
0240070204	2002	9	9	252				
0240070204	2002	9	10	253	0.18316	0.15844	0.35524	0.355
0240070204	2002	9	11	254	0.18204	0.15863	0.35465	0.3549
0240070204	2002	9	12	255	0.18	0.1579	0.3535	0.35415
0240070204	2002	9	13	256	0.17754	0.15617	0.35233	0.35387
0240070204	2002	9	14	257	0.17588	0.15558	0.35117	0.35331
0240070204	2002	9	15	258	0.17417	0.1551	0.35015	0.35298
0240070204	2002	9	16	259	0.17258	0.15421	0.34785	0.35196
0240070204	2002	9	17	260	0.17227	0.15448	0.34775	0.3515
0240070204	2002	9	18	261	0.18812	0.15765	0.345	0.35115
0240070204	2002	9	19	262	0.25415	0.19333	0.3689	0.3614
0240070204	2002	9	20	263	0.22313	0.18304	0.37988	0.36785
0240070204	2002	9	21	264	0.21292	0.18006	0.38063	0.369
0240070204	2002	9	22	265	0.20548	0.17671	0.38033	0.369
0240070204	2002	9	23	266	0.20165	0.17458	0.37944	0.3691
0240070204	2002	9	24	267	0.19852	0.17323	0.37898	0.36821
0240070204	2002	9	25	268	0.19529	0.17106	0.37731	0.368
0240070204	2002	9	26	269	0.19348	0.17019	0.37665	0.36752
0240070204	2002	9	27	270	0.19219	0.16967	0.376	0.36696
0240070204	2002	9	28	271	0.19079	0.1696	0.37587	0.36656
0240070204	2002	9	29	272	0.18942	0.169	0.37517	0.36633
0240070204	2002	9	30	273	0.1886	0.16854	0.37446	0.366
0240070204	2002	10	1	274	0.2416	0.19029	0.37773	0.3679
0240070204	2002	10	2	275	0.27515	0.21244	0.41487	0.38669
0240070204	2002	10	3	276	0.23329	0.19596	0.41281	0.38558
0240070204	2002	10	4	277	0.22575	0.19215	0.41067	0.38458
0240070204	2002	10	5	278	0.21165	0.1891	0.40871	0.38346
0240070204	2002	10	6	279	0.20658	0.18665	0.40719	0.383
0240070204	2002	10	7	280	0.20829	0.18569	0.40585	0.38287
0240070204	2002	10	8	281	0.22552	0.18756	0.40673	0.383
0240070204	2002	10	9	282	0.21658	0.18738	0.40698	0.383
0240070204	2002	10	10	283	0.21546	0.1871	0.4064	0.38279
0240070204	2002	10	11	284	0.21283	0.187	0.406	0.38267
0240070204	2002	10	12	285	0.22015	0.18758	0.4061	0.38229
0240070204	2002	10	13	286	0.21721	0.18815	0.40717	0.383
0240070204	2002	10	14	287	0.218	0.18756	0.40675	0.38296
0240070204	2002	10	15	288	0.20412	0.1855	0.40567	0.38204
0240070204	2002	10	16	289	0.20544	0.185	0.40458	0.382
0240070204	2002	10	17	290	0.20742	0.185	0.40438	0.382
0240070204	2002	10	18	291	0.20725	0.185	0.404	0.38194
0240070204	2002	10	19	292	0.20527	0.18415	0.40337	0.38121
0240070204	2002	10	20	293	0.21321	0.18329	0.4026	0.38119
0240070204	2002	10	21	294	0.22148	0.184	0.40458	0.382
0240070204	2002	10	22	295	0.19935	0.18187	0.40452	0.38198
0240070204	2002	10	23	296	0.19706	0.18117	0.40506	0.38073
0240070204	2002	10	24	297	0.20652	0.18467	0.40667	0.38004
0240070204	2002	10	25	298	0.21142	0.18748	0.40729	0.38042
0240070204	2002	10	26	299	0.22683	0.19625	0.40906	0.38138
0240070204	2002	10	27	300	0.28254	0.22175		0.38877
0240070204	2002	10	28	301	0.23733	0.20596	0.42019	0.38873
0240070204	2002	10	29	302	0.23177	0.20083	0.41796	0.387
0240070204	2002	10	30	303	0.2279	0.19992	0.41667	0.38581
0240070204	2002	10	31	304	0.22019	0.19708	0.41485	0.38467
0240070204	2002	11	1	305	0.19598	0.19227	0.41204	0.38306
0240070204	2002	11	2	306	0.1674	0.1865	0.40917	0.382
0240070204	2002	11	3	307	0.15652	0.18183	0.40752	0.38075
0240070204	2002	11	4	308	0.13998	0.16996	0.40454	0.37969
0240070204	2002	11	5	309	0.13844	0.16652	0.40335	0.379
0240070204	2002	11	6	310	0.13954	0.16421	0.40206	0.37819
0240070204	2002	11	7	311	0.14771	0.16777	0.402	0.378
0240070204	2002	11	8	312	0.14158	0.16671	0.4016	0.37771
0240070204	2002	11	9	313	0.12083	0.14371	0.39744	0.37554
0240070204	2002	11	10	314	0.11621	0.12429	0.39223	0.37302
0240070204	2002	11	11	315	0.109	0.10765	0.38508	0.37027
0240070204	2002	11	12	316	0.10679	0.10183	0.377	0.36738
0240070204	2002	11	13	317	0.10502	0.1	0.36888	0.36385
0240070204	2002	11	14	318	0.1029	0.098229	0.36079	0.35979
0240070204	2002	11	15	319	0.101	0.097	0.34927	0.35462
0240070204	2002	11	16	320	0.10056	0.09675	0.33783	0.34885
0240070204	2002	11	17	321	0.099542	0.095438	0.32325	0.34171
0240070204	2002	11	18	322	0.099	0.095	0.3065	0.33298
0240070204	2002	11	19	323	0.099	0.095	0.29019	0.32454
0240070204	2002	11	20	324	0.099	0.09475	0.27679	0.31688
0240070204	2002	11	21	325	0.098979	0.094312	0.26373	0.30833
0240070204	2002	11	22	326	0.098	0.094	0.25235	0.2996
0240070204	2002	11	23	327	0.098	0.094	0.24435	0.29256
0240070204	2002	11	24	328	0.098271	0.094208	0.23735	0.28669
0240070204	2002	11	25	329	0.098292	0.094021	0.22854	0.28077
0240070204	2002	11	26	330	0.098292	0.094396	0.21752	0.27431
0240070204	2002	11	27	331	0.16604	0.12037	0.2124	0.2689
0240070204	2002	11	28	332	0.18375	0.13485	0.21325	0.267
0240070204	2002	11	29	333	0.16187	0.12919	0.2151	0.267
0240070204	2002	11	30	334	0.14292	0.12465	0.2166	0.2679
0240070204	2002	12	1	335	0.12267	0.11333	0.21798	0.26844
0240070204	2002	12	2	336	0.10981	0.096708	0.21637	0.26827
0240070204	2002	12	3	337	0.10754	0.09575	0.20569	0.26554
0240070204	2002	12	4	338	0.107	0.095	0.19248	0.26104
0240070204	2002	12	5	339	0.10602	0.095	0.17935	0.25596
0240070204	2002	12	6	340	0.10442	0.094458	0.16385	0.25065
0240070204	2002	12	7	341	0.1021	0.093958	0.14429	0.24467
0240070204	2002	12	8	342	0.10087	0.093	0.12504	0.23754
0240070204	2002	12	9	343	0.09975	0.093	0.11608	0.22723
0240070204	2002	12	10	344	0.099625	0.093	0.1131	0.20942
0240070204	2002	12	11	345	0.098771	0.093	0.11048	0.18623
0240070204	2002	12	12	346	0.098125	0.092333	0.109	0.1684
0240070204	2002	12	13	347	0.099	0.092771	0.109	0.16152
0240070204	2002	12	14	348	0.098854	0.093	0.10944	0.15748
0240070204	2002	12	15	349	0.098	0.093	0.109	0.15367
0240070204	2002	12	16	350	0.09825	0.093	0.109	0.15137
0240070204	2002	12	17	351	0.098	0.093	0.10848	0.1495
0240070204	2002	12	18	352	0.098	0.093	0.108	0.14812
0240070204	2002	12	19	353	0.098	0.0925	0.10725	0.14648
0240070204	2002	12	20	354	0.098	0.093	0.107	0.14546
0240070204	2002	12	21	355	0.098	0.093	0.10644	0.1434
0240070204	2002	12	22	356	0.098	0.092146	0.1054	0.14092
0240070204	2002	12	23	357	0.0975	0.092	0.10444	0.13919
0240070204	2002	12	24	358	0.0975	0.092	0.10452	0.139
0240070204	2002	12	25	359	0.098	0.092	0.10404	0.1381
0240070204	2002	12	26	360	0.097979	0.092	0.10415	0.138
0240070204	2002	12	27	361	0.099	0.092	0.104	0.1369
0240070204	2002	12	28	362	0.099687	0.092	0.104	0.136
0240070204	2002	12	29	363	0.10087	0.092	0.104	0.13475
0240070204	2002	12	30	364	0.10077	0.092	0.104	0.134
0240070204	2002	12	31	365	0.1	0.092	0.104	0.13327
0240070204	2003	1	1	1	0.1	0.092	0.104	0.13348
0240070204	2003	1	2	2	0.1	0.092	0.10385	0.133
0240070204	2003	1	3	3	0.099771	0.091063	0.103	0.133
0240070204	2003	1	4	4	0.098646	0.091	0.10206	0.133
0240070204	2003	1	5	5	0.098646	0.091	0.10254	0.133
0240070204	2003	1	6	6	0.099	0.091	0.103	0.133
0240070204	2003	1	7	7	0.099	0.091	0.10323	0.133
0240070204	2003	1	8	8	0.099542		0.10313	0.133
0240070204	2003	1	9	9	0.099		0.1029	0.133
0240070204	2003	1	10	10	0.099		0.1021	0.133
0240070204	2003	1	11	11	0.099		0.10271	0.13223
0240070204	2003	1	12	12	0.099		0.103	0.132
0240070204	2003	1	13	13	0.098667		0.10262	0.132
0240070204	2003	1	14	14	0.099		0.1026	0.132
0240070204	2003	1	15	15	0.099		0.1024	0.13262
0240070204	2003	1	16	16	0.099		0.103	0.132
0240070204	2003	1	17	17	0.099		0.1029	0.132
0240070204	2003	1	18	18	0.098604		0.10206	0.13202
0240070204	2003	1	19	19	0.098187		0.10213	0.13244
0240070204	2003	1	20	20	0.098		0.10173	0.133
0240070204	2003	1	21	21	0.097708		0.10179	0.133
0240070204	2003	1	22	22	0.098		0.10235	0.13229
0240070204	2003	1	23	23	0.099292		0.10317	0.132
0240070204	2003	1	24	24	0.10048		0.104	0.13177
0240070204	2003	1	25	25	0.101		0.104	0.131
0240070204	2003	1	26	26	0.101		0.104	0.131
0240070204	2003	1	27	27	0.101		0.10413	0.13035
0240070204	2003	1	28	28	0.101		0.104	0.13
0240070204	2003	1	29	29	0.101		0.104	0.13
0240070204	2003	1	30	30	0.10062		0.104	0.13
0240070204	2003	1	31	31	0.1		0.10356	0.13
0240070204	2003	2	1	32	0.1		0.10302	0.13019
0240070204	2003	2	2	33	0.1		0.103	0.13067
0240070204	2003	2	3	34	0.099396		0.10248	0.131
0240070204	2003	2	4	35	0.098479		0.10169	0.131
0240070204	2003	2	5	36	0.098		0.10142	0.131
0240070204	2003	2	6	37	0.09775		0.10148	0.131
0240070204	2003	2	7	38	0.098		0.10156	0.131
0240070204	2003	2	8	39	0.097396		0.10113	0.131
0240070204	2003	2	9	40	0.097		0.10135	0.13142
0240070204	2003	2	10	41	0.096938		0.101	0.132
0240070204	2003	2	11	42	0.096896		0.10115	0.132
0240070204	2003	2	12	43	0.096813		0.10119	0.132
0240070204	2003	2	13	44	0.097		0.102	0.132
0240070204	2003	2	14	45	0.097396		0.102	0.132
0240070204	2003	2	15	46	0.098208		0.10242	0.13125
0240070204	2003	2	16	47	0.099		0.103	0.131
0240070204	2003	2	17	48	0.099812		0.10319	0.131
0240070204	2003	2	18	49	0.10073		0.104	0.1304
0240070204	2003	2	19	50	0.101		0.10406	0.13
0240070204	2003	2	20	51	0.101		0.105	0.13
0240070204	2003	2	21	52	0.10144		0.105	0.1299
0240070204	2003	2	22	53	0.101		0.105	0.12935
0240070204	2003	2	23	54	0.10083		0.1044	0.12977
0240070204	2003	2	24	55	0.1		0.1035	0.13
0240070204	2003	2	25	56	0.1		0.10344	0.12969
0240070204	2003	2	26	57	0.099625		0.10296	0.13
0240070204	2003	2	27	58	0.098938		0.10223	0.13
0240070204	2003	2	28	59	0.099063		0.10233	0.13
0240070204	2003	3	1	60	0.098625		0.10177	0.13
0240070204	2003	3	2	61	0.098625		0.102	0.13
0240070204	2003	3	3	62	0.0975		0.10119	0.13033
0240070204	2003	3	4	63	0.097		0.10098	0.13098
0240070204	2003	3	5	64	0.097		0.10148	0.13094
0240070204	2003	3	6	65	0.09725		0.10185	0.1304
0240070204	2003	3	7	66	0.098		0.10196	0.13038
0240070204	2003	3	8	67	0.098		0.10221	0.1304
0240070204	2003	3	9	68	0.098854		0.10265	0.13008
0240070204	2003	3	10	69	0.099		0.10281	0.13
0240070204	2003	3	11	70	0.099521		0.10279	0.13
0240070204	2003	3	12	71	0.1		0.10335	0.12967
0240070204	2003	3	13	72	0.10017		0.10402	0.129
0240070204	2003	3	14	73	0.101		0.10473	0.129
0240070204	2003	3	15	74	0.101		0.10498	0.129
0240070204	2003	3	16	75	0.10092		0.10458	0.129
0240070204	2003	3	17	76	0.1005		0.10415	0.12927
0240070204	2003	3	18	77	0.10012		0.10369	0.12931
0240070204	2003	3	19	78	0.1001		0.10381	0.12915
0240070204	2003	3	20	79	0.1		0.10358	0.12931
0240070204	2003	3	21	80	0.1		0.10363	0.12917
0240070204	2003	3	22	81	0.1		0.1034	0.129
0240070204	2003	3	23	82	0.099667		0.10315	0.12929
0240070204	2003	3	24	83	0.099937		0.1035	0.12927
0240070204	2003	3	25	84	0.099729		0.10317	0.12935
0240070204	2003	3	26	85	0.099		0.1029	0.1294
0240070204	2003	3	27	86	0.099		0.10275	0.12933
0240070204	2003	3	28	87	0.099		0.1026	0.12944
0240070204	2003	3	29	88	0.099521		0.10287	0.12929
0240070204	2003	3	30	89	0.099		0.103	0.12923
0240070204	2003	3	31	90	0.099625		0.1031	0.12906
0240070204	2003	4	1	91	0.1		0.1036	0.129
0240070204	2003	4	2	92	0.1		0.10381	0.129
0240070204	2003	4	3	93	0.099896		0.10375	0.129
0240070204	2003	4	4	94	0.099667		0.10333	0.129
0240070204	2003	4	5	95	0.099		0.10285	0.129
0240070204	2003	4	6	96	0.099167		0.1031	0.129
0240070204	2003	4	7	97	0.099		0.10283	0.129
0240070204	2003	4	8	98	0.099		0.10262	0.129
0240070204	2003	4	9	99	0.098792		0.1024	0.12919
0240070204	2003	4	10	100	0.098292		0.102	0.12929
0240070204	2003	4	11	101	0.096646		0.10121	0.12952
0240070204	2003	4	12	102	0.10371		0.10815	0.13044
0240070204	2003	4	13	103	0.11746		0.11713	0.13279
0240070204	2003	4	14	104	0.12602		0.11712	0.13485
0240070204	2003	4	15	105	0.12444		0.11713	0.13617
0240070204	2003	4	16	106	0.12435		0.11758	0.137
0240070204	2003	4	17	107	0.12469		0.11783	0.1379
0240070204	2003	4	18	108	0.12354		0.11829	0.13892
0240070204	2003	4	19	109	0.12608		0.11852	0.13977
0240070204	2003	4	20	110	0.13088		0.11933	0.14073
0240070204	2003	4	21	111	0.13735		0.12004	0.14169
0240070204	2003	4	22	112	0.14898		0.12058	0.1426
0240070204	2003	4	23	113	0.17398		0.12127	0.14358
0240070204	2003	4	24	114	0.22925		0.12179	0.14456
0240070204	2003	4	25	115	0.31346		0.1225	0.14554
0240070204	2003	4	26	116			0.12315	0.1465
0240070204	2003	4	27	117			0.12412	0.14742
0240070204	2003	4	28	118			0.12515	0.14821
0240070204	2003	4	29	119			0.12617	0.149
0240070204	2003	4	30	120			0.12717	0.15
0240070204	2003	5	1	121			0.12827	0.15075
0240070204	2003	5	2	122			0.12931	0.15173
0240070204	2003	5	3	123			0.13023	0.15265
0240070204	2003	5	4	124			0.13129	0.15352
0240070204	2003	5	5	125			0.13219	0.15446
0240070204	2003	5	6	126			0.13329	0.15525
0240070204	2003	5	7	127			0.13479	0.156
0240070204	2003	5	8	128	0.36621		0.13708	0.15708
0240070204	2003	5	9	129	0.3605		0.13844	0.15823
0240070204	2003	5	10	130	0.34385		0.14058	0.15942
0240070204	2003	5	11	131	0.3261		0.14337	0.1611
0240070204	2003	5	12	132	0.31965		0.147	0.16454
0240070204	2003	5	13	133	0.30687		0.1526	0.17077
0240070204	2003	5	14	134	0.29977		0.16023	0.18015
0240070204	2003	5	15	135	0.29731		0.17325	0.19544
0240070204	2003	5	16	136	0.28158		0.19267	0.21504
0240070204	2003	5	17	137	0.26354		0.22177	0.22627
0240070204	2003	5	18	138	0.25206		0.24783	0.23431
0240070204	2003	5	19	139	0.24213		0.26683	0.24431
0240070204	2003	5	20	140	0.23548		0.28337	0.28929
0240070204	2003	5	21	141	0.22923		0.29896	0.35858
0240070204	2003	5	22	142	0.22638		0.31277	0.3734
0240070204	2003	5	23	143	0.22706		0.32373	0.375
0240070204	2003	5	24	144	0.22096		0.33394	0.37483
0240070204	2003	5	25	145	0.21579		0.3469	0.37415
0240070204	2003	5	26	146	0.21088		0.35975	0.37281
0240070204	2003	5	27	147	0.2039		0.35969	0.37129
0240070204	2003	5	28	148	0.19735		0.35604	0.36965
0240070204	2003	5	29	149	0.1906		0.35094	0.36783
0240070204	2003	5	30	150	0.185		0.34571	0.36575
0240070204	2003	5	31	151	0.18033		0.34129	0.36377
0240070204	2003	6	1	152	0.17435		0.33735	0.36177
0240070204	2003	6	2	153	0.17021		0.33323	0.35981
0240070204	2003	6	3	154	0.167		0.328	0.35835
0240070204	2003	6	4	155	0.16202		0.32302	0.35677
0240070204	2003	6	5	156	0.15587		0.31662	0.35463
0240070204	2003	6	6	157	0.15206		0.31002	0.35229
0240070204	2003	6	7	158	0.14833		0.30569	0.35006
0240070204	2003	6	8	159	0.14387		0.30094	0.34777
0240070204	2003	6	9	160	0.13683		0.29525	0.34523
0240070204	2003	6	10	161	0.1296		0.28875	0.34156
0240070204	2003	6	11	162	0.12181		0.28094	0.33708
0240070204	2003	6	12	163	0.11904		0.27315	0.33215
0240070204	2003	6	13	164	0.11733		0.2666	0.32748
0240070204	2003	6	14	165	0.1156		0.26135	0.32325
0240070204	2003	6	15	166	0.11163		0.2555	0.31865
0240070204	2003	6	16	167	0.10771		0.24898	0.31308
0240070204	2003	6	17	168	0.10504		0.24238	0.30687
0240070204	2003	6	18	169	0.10458		0.23788	0.30125
0240070204	2003	6	19	170	0.10398		0.23406	0.29708
0240070204	2003	6	20	171	0.10158		0.22944	0.2926
0240070204	2003	6	21	172	0.099896		0.22383	0.28708
0240070204	2003	6	22	173	0.096813		0.21848	0.28152
0240070204	2003	6	23	174	0.093896		0.2129	0.27621
0240070204	2003	6	24	175	0.090813		0.20729	0.27077
0240070204	2003	6	25	176	0.088604		0.20198	0.26565
0240070204	2003	6	26	177	0.11677		0.19808	0.26004
0240070204	2003	6	27	178	0.12585		0.19821	0.2574
0240070204	2003	6	28	179	0.11079		0.19554	0.25525
0240070204	2003	6	29	180	0.11125		0.19223	0.25235
0240070204	2003	6	30	181	0.099771		0.18829	0.24983
0240070204	2003	7	1	182	0.092167		0.18375	0.24681
0240070204	2003	7	2	183	0.091688		0.18042	0.24335
0240070204	2003	7	3	184	0.1171		0.1785	0.24042
0240070204	2003	7	4	185	0.10504		0.17596	0.23819
0240070204	2003	7	5	186	0.093875		0.17215	0.23594
0240070204	2003	7	6	187	0.097396		0.16837	0.23304
0240070204	2003	7	7	188	0.12167		0.16623	0.23044
0240070204	2003	7	8	189	0.11067		0.16385	0.22837
0240070204	2003	7	9	190	0.093604		0.15977	0.22635
0240070204	2003	7	10	191	0.086271		0.15573	0.22402
0240070204	2003	7	11	192	0.083479		0.15269	0.22165
0240070204	2003	7	12	193	0.080979		0.1484	0.21904
0240070204	2003	7	13	194	0.082062		0.14542	0.21633
0240070204	2003	7	14	195	0.10127		0.14446	0.21408
0240070204	2003	7	15	196	0.139		0.143	0.21237
0240070204	2003	7	16	197	0.21002		0.1764	0.21179
0240070204	2003	7	17	198	0.21029		0.26967	0.22869
0240070204	2003	7	18	199	0.16517		0.27971	0.30731
0240070204	2003	7	19	200	0.14371		0.26842	0.3059
0240070204	2003	7	20	201	0.12567		0.25669	0.30054
0240070204	2003	7	21	202	0.11108		0.24448	0.29433
0240070204	2003	7	22	203	0.10208		0.23431	0.28773
0240070204	2003	7	23	204	0.096188		0.22546	0.28156
0240070204	2003	7	24	205	0.09025		0.21627	0.27471
0240070204	2003	7	25	206	0.086229		0.20796	0.26792
0240070204	2003	7	26	207	0.084688		0.20092	0.2619
0240070204	2003	7	27	208	0.085479		0.19629	0.25679
0240070204	2003	7	28	209	0.084833		0.19256	0.25273
0240070204	2003	7	29	210	0.083458		0.18721	0.24919
0240070204	2003	7	30	211	0.081625		0.18167	0.24531
0240070204	2003	7	31	212	0.11606		0.18	0.2414
0240070204	2003	8	1	213	0.11029		0.18015	0.23929
0240070204	2003	8	2	214	0.10031		0.17863	0.23756
0240070204	2003	8	3	215	0.11512		0.177	0.23577
0240070204	2003	8	4	216	0.14133		0.17783	0.23448
0240070204	2003	8	5	217	0.14002		0.17979	0.23481
0240070204	2003	8	6	218	0.14188		0.18248	0.23573
0240070204	2003	8	7	219	0.12054		0.18269	0.23694
0240070204	2003	8	8	220	0.10179		0.1795	0.23679
0240070204	2003	8	9	221	0.092833		0.17594	0.23544
0240070204	2003	8	10	222	0.086646		0.17192	0.23383
0240070204	2003	8	11	223	0.082458		0.16767	0.23183
0240070204	2003	8	12	224	0.079687		0.16271	0.22915
0240070204	2003	8	13	225	0.079583		0.15842	0.22648
0240070204	2003	8	14	226	0.078104		0.15427	0.22358
0240070204	2003	8	15	227	0.076083		0.14883	0.22044
0240070204	2003	8	16	228	0.075875		0.14354	0.21725
0240070204	2003	8	17	229	0.075542		0.13988	0.21412
0240070204	2003	8	18	230	0.075479		0.13648	0.21121
0240070204	2003	8	19	231	0.076146		0.13287	0.20877
0240070204	2003	8	20	232	0.07625		0.13002	0.2061
0240070204	2003	8	21	233	0.074917		0.1269	0.20358
0240070204	2003	8	22	234	0.07525		0.12427	0.20123
0240070204	2003	8	23	235	0.076563		0.12265	0.19921
0240070204	2003	8	24	236	0.075854		0.12156	0.1975
0240070204	2003	8	25	237	0.076271		0.12006	0.19575
0240070204	2003	8	26	238	0.075958		0.11785	0.19421
0240070204	2003	8	27	239	0.075833		0.11581	0.19254
0240070204	2003	8	28	240	0.074979		0.11323	0.19102
0240070204	2003	8	29	241	0.074104		0.11123	0.18946
0240070204	2003	8	30	242	0.085583		0.10877	0.18771
0240070204	2003	8	31	243	0.13456		0.10708	0.187
0240070204	2003	9	1	244	0.16423		0.13571	0.18642
0240070204	2003	9	2	245	0.15217		0.20083	0.1865
0240070204	2003	9	3	246	0.14569		0.20885	0.18783
0240070204	2003	9	4	247	0.1361		0.20758	0.1909
0240070204	2003	9	5	248	0.13042		0.20569	0.19615
0240070204	2003	9	6	249	0.12796		0.20429	0.20335
0240070204	2003	9	7	250	0.12362		0.20267	0.2101
0240070204	2003	9	8	251	0.1214		0.20156	0.21565
0240070204	2003	9	9	252	0.11977		0.20035	0.21973
0240070204	2003	9	10	253	0.11777		0.19944	0.22258
0240070204	2003	9	11	254	0.13375		0.199	0.22456
0240070204	2003	9	12	255	0.22027		0.24283	0.22779
0240070204	2003	9	13	256	0.16398		0.27067	0.28623
0240070204	2003	9	14	257	0.15521		0.26583	0.30069
0240070204	2003	9	15	258	0.14815		0.26181	0.2996
0240070204	2003	9	16	259	0.143		0.25875	0.2985
0240070204	2003	9	17	260	0.14302		0.25638	0.29671
0240070204	2003	9	18	261	0.13815		0.25408	0.29565
0240070204	2003	9	19	262	0.131		0.25242	0.29483
0240070204	2003	9	20	263	0.09925		0.25029	0.29385
0240070204	2003	9	21	264	0.11485		0.249	0.29227
0240070204	2003	9	22	265	0.12944		0.24875	0.292
0240070204	2003	9	23	266	0.1309		0.2479	0.29187
0240070204	2003	9	24	267	0.12933		0.247	0.29077
0240070204	2003	9	25	268	0.15975		0.24727	0.29017
0240070204	2003	9	26	269	0.17337		0.25331	0.29504
0240070204	2003	9	27	270	0.15792		0.25773	0.2994
0240070204	2003	9	28	271	0.15296		0.25758	0.29917
0240070204	2003	9	29	272	0.15071		0.25675	0.29892
0240070204	2003	9	30	273	0.146		0.25563	0.298
0240070204	2003	10	1	274	0.14248		0.25419	0.29702
0240070204	2003	10	2	275	0.13973		0.25288	0.29662
0240070204	2003	10	3	276	0.13738		0.25175	0.296
0240070204	2003	10	4	277	0.13767		0.25098	0.29504
0240070204	2003	10	5	278	0.1361		0.25067	0.295
0240070204	2003	10	6	279	0.13365		0.25	0.29406
0240070204	2003	10	7	280	0.13344		0.24973	0.294
0240070204	2003	10	8	281	0.13415		0.24929	0.29342
0240070204	2003	10	9	282	0.13331		0.249	0.293
0240070204	2003	10	10	283	0.13256		0.24852	0.293
0240070204	2003	10	11	284	0.12365		0.24833	0.2926
0240070204	2003	10	12	285	0.12823		0.24825	0.29208
0240070204	2003	10	13	286	0.12471		0.24815	0.292
0240070204	2003	10	14	287	0.099479		0.24746	0.29148
0240070204	2003	10	15	288	0.0955		0.24583	0.2904
0240070204	2003	10	16	289	0.093146		0.24363	0.28896
0240070204	2003	10	17	290	0.091229		0.2405	0.28713
0240070204	2003	10	18	291	0.089542		0.23617	0.28423
0240070204	2003	10	19	292	0.089958		0.23198	0.2811
0240070204	2003	10	20	293	0.089979		0.22856	0.27844
0240070204	2003	10	21	294	0.089562		0.22544	0.27608
0240070204	2003	10	22	295	0.088896		0.222	0.27344
0240070204	2003	10	23	296	0.088958		0.2185	0.27054
0240070204	2003	10	24	297	0.089354		0.2156	0.2679
0240070204	2003	10	25	298	0.090313		0.21329	0.26579
0240070204	2003	10	26	299	0.089042		0.21165	0.26456
0240070204	2003	10	27	300	0.08875		0.20915	0.26296
0240070204	2003	10	28	301	0.089292		0.20648	0.26073
0240070204	2003	10	29	302	0.08925		0.20398	0.25873
0240070204	2003	10	30	303	0.088708		0.20206	0.25715
0240070204	2003	10	31	304	0.088625		0.19975	0.25538
0240070204	2003	11	1	305	0.089		0.19767	0.25346
0240070204	2003	11	2	306	0.089667		0.19627	0.25158
0240070204	2003	11	3	307	0.090229		0.19531	0.25031
0240070204	2003	11	4	308	0.089396		0.19481	0.24931
0240070204	2003	11	5	309	0.09		0.19373	0.2484
0240070204	2003	11	6	310	0.089125		0.19271	0.2475
0240070204	2003	11	7	311	0.088854		0.19112	0.24658
0240070204	2003	11	8	312	0.088104		0.18919	0.24544
0240070204	2003	11	9	313	0.088813		0.18681	0.24404
0240070204	2003	11	10	314	0.087813		0.18442	0.2426
0240070204	2003	11	11	315	0.087313		0.18185	0.24106
0240070204	2003	11	12	316	0.087333		0.17871	0.23935
0240070204	2003	11	13	317	0.088		0.17538	0.2375
0240070204	2003	11	14	318	0.088		0.17179	0.23558
0240070204	2003	11	15	319	0.088		0.16735	0.23365
0240070204	2003	11	16	320	0.087458		0.16035	0.2314
0240070204	2003	11	17	321	0.086208		0.1479	0.22896
0240070204	2003	11	18	322	0.086417		0.13217	0.22567
0240070204	2003	11	19	323	0.085375		0.11727	0.22144
0240070204	2003	11	20	324	0.085		0.111	0.217
0240070204	2003	11	21	325				
0240070204	2003	11	22	326				
0240070204	2003	11	23	327				
0240070204	2003	11	24	328				
0240070204	2003	11	25	329				
0240070204	2003	11	26	330				
0240070204	2003	11	27	331				
0240070204	2003	11	28	332				
0240070204	2003	11	29	333				
0240070204	2003	11	30	334				
0240070204	2003	12	1	335				
0240070204	2003	12	2	336				
0240070204	2003	12	3	337				
0240070204	2003	12	4	338				
0240070204	2003	12	5	339				
0240070204	2003	12	6	340				
0240070204	2003	12	7	341				
0240070204	2003	12	8	342				
0240070204	2003	12	9	343				
0240070204	2003	12	10	344				
0240070204	2003	12	11	345				
0240070204	2003	12	12	346				
0240070204	2003	12	13	347				
0240070204	2003	12	14	348				
0240070204	2003	12	15	349				
0240070204	2003	12	16	350				
0240070204	2003	12	17	351				
0240070204	2003	12	18	352				
0240070204	2003	12	19	353				
0240070204	2003	12	20	354				
0240070204	2003	12	21	355				
0240070204	2003	12	22	356				
0240070204	2003	12	23	357				
0240070204	2003	12	24	358				
0240070204	2003	12	25	359				
0240070204	2003	12	26	360				
0240070204	2003	12	27	361				
0240070204	2003	12	28	362				
0240070204	2003	12	29	363				
0240070204	2003	12	30	364				
0240070204	2003	12	31	365				
0240070204	2004	1	1	1	0.080542		0.092063	0.13081
0240070204	2004	1	2	2	0.080333		0.092271	0.13071
0240070204	2004	1	3	3	0.08		0.092	0.131
0240070204	2004	1	4	4	0.08		0.092	0.131
0240070204	2004	1	5	5	0.079938		0.092	0.131
0240070204	2004	1	6	6	0.079813		0.092	0.131
0240070204	2004	1	7	7	0.08		0.092	0.131
0240070204	2004	1	8	8	0.08		0.092	0.131
0240070204	2004	1	9	9	0.07975		0.092	0.131
0240070204	2004	1	10	10	0.079271		0.092	0.131
0240070204	2004	1	11	11	0.08		0.092	0.131
0240070204	2004	1	12	12	0.079792		0.092	0.131
0240070204	2004	1	13	13	0.079		0.092	0.131
0240070204	2004	1	14	14	0.079		0.092	0.131
0240070204	2004	1	15	15	0.079271		0.092	0.13081
0240070204	2004	1	16	16	0.08		0.092	0.13
0240070204	2004	1	17	17	0.08		0.092021	0.13
0240070204	2004	1	18	18	0.08		0.093	0.13
0240070204	2004	1	19	19	0.08		0.0925	0.13
0240070204	2004	1	20	20	0.079042		0.092	0.13
0240070204	2004	1	21	21	0.079		0.092	0.13
0240070204	2004	1	22	22	0.078667		0.092	0.13
0240070204	2004	1	23	23	0.078688		0.092	0.13
0240070204	2004	1	24	24	0.079		0.092	0.13
0240070204	2004	1	25	25	0.079		0.092	0.13
0240070204	2004	1	26	26	0.079		0.092	0.13
0240070204	2004	1	27	27	0.079		0.092	0.13
0240070204	2004	1	28	28	0.079		0.092	0.13
0240070204	2004	1	29	29	0.079		0.092	0.13
0240070204	2004	1	30	30	0.079		0.092	0.13
0240070204	2004	1	31	31	0.079		0.092	0.13
0240070204	2004	2	1	32	0.079		0.092	0.13
0240070204	2004	2	2	33	0.079		0.092208	0.13
0240070204	2004	2	3	34	0.078479		0.092	0.13
0240070204	2004	2	4	35	0.078		0.092458	0.13
0240070204	2004	2	5	36	0.078		0.092437	0.13
0240070204	2004	2	6	37	0.078		0.092	0.13
0240070204	2004	2	7	38	0.078		0.092	0.13
0240070204	2004	2	8	39	0.077854		0.092	0.13
0240070204	2004	2	9	40	0.077708		0.092	0.13
0240070204	2004	2	10	41	0.077		0.092	0.13
0240070204	2004	2	11	42	0.077		0.092	0.13
0240070204	2004	2	12	43	0.077		0.092	0.13
0240070204	2004	2	13	44	0.077		0.092	0.13
0240070204	2004	2	14	45	0.077		0.092	0.13002
0240070204	2004	2	15	46	0.077		0.092	0.13
0240070204	2004	2	16	47	0.077		0.091396	0.13025
0240070204	2004	2	17	48	0.077		0.091229	0.1304
0240070204	2004	2	18	49	0.077104		0.091167	0.13025
0240070204	2004	2	19	50	0.077		0.091688	0.13083
0240070204	2004	2	20	51	0.077		0.092	0.131
0240070204	2004	2	21	52	0.077		0.092	0.131
0240070204	2004	2	22	53	0.076708		0.092	0.131
0240070204	2004	2	23	54	0.076354		0.092	0.131
0240070204	2004	2	24	55	0.076771		0.091354	0.131
0240070204	2004	2	25	56	0.076958		0.091208	0.131
0240070204	2004	2	26	57	0.076812		0.091729	0.131
0240070204	2004	2	27	58	0.077		0.091583	0.131
0240070204	2004	2	28	59	0.076688		0.091833	0.131
0240070204	2004	2	29	60	0.076771		0.091333	0.131
0240070204	2004	3	1	61	0.077		0.091	0.131
0240070204	2004	3	2	62	0.077		0.091479	0.131
0240070204	2004	3	3	63	0.076438		0.092	0.131
0240070204	2004	3	4	64	0.076021		0.091833	0.131
0240070204	2004	3	5	65	0.076604		0.091125	0.131
0240070204	2004	3	6	66	0.077		0.091	0.131
0240070204	2004	3	7	67	0.077		0.091	0.131
0240070204	2004	3	8	68	0.077		0.091	0.13071
0240070204	2004	3	9	69	0.077		0.091354	0.13065
0240070204	2004	3	10	70	0.076542		0.092	0.131
0240070204	2004	3	11	71	0.076542		0.092	0.131
0240070204	2004	3	12	72	0.076438		0.092	0.13083
0240070204	2004	3	13	73	0.076563		0.092	0.131
0240070204	2004	3	14	74	0.076375		0.091687	0.13067
0240070204	2004	3	15	75	0.076188		0.091979	0.131
0240070204	2004	3	16	76	0.076		0.092	0.131
0240070204	2004	3	17	77	0.076		0.092	0.131
0240070204	2004	3	18	78	0.076		0.091813	0.131
0240070204	2004	3	19	79	0.076021		0.091167	0.131
0240070204	2004	3	20	80	0.076354		0.091	0.13073
0240070204	2004	3	21	81	0.076083		0.091583	0.131
0240070204	2004	3	22	82	0.076		0.091917	0.131
0240070204	2004	3	23	83	0.076		0.091625	0.131
0240070204	2004	3	24	84	0.076		0.091792	0.131
0240070204	2004	3	25	85	0.076083		0.091	0.131
0240070204	2004	3	26	86	0.076375		0.091	0.13077
0240070204	2004	3	27	87	0.076		0.091313	0.131
0240070204	2004	3	28	88	0.076313		0.091167	0.131
0240070204	2004	3	29	89	0.076		0.091396	0.131
0240070204	2004	3	30	90	0.076		0.091188	0.131
0240070204	2004	3	31	91	0.076083		0.091	0.131
0240070204	2004	4	1	92	0.076354		0.091292	0.13075
0240070204	2004	4	2	93	0.076146		0.091583	0.13092
0240070204	2004	4	3	94	0.075875		0.092	0.131
0240070204	2004	4	4	95	0.075646		0.092	0.131
0240070204	2004	4	5	96	0.0755		0.092	0.131
0240070204	2004	4	6	97	0.075292		0.092	0.131
0240070204	2004	4	7	98	0.075		0.091333	0.131
0240070204	2004	4	8	99	0.075063		0.090792	0.1311
0240070204	2004	4	9	100	0.075188		0.091	0.132
0240070204	2004	4	10	101	0.080792		0.091063	0.13304
0240070204	2004	4	11	102	0.12683		0.1385	0.13456
0240070204	2004	4	12	103	0.2004		0.22129	0.13638
0240070204	2004	4	13	104	0.32892		0.21642	0.13827
0240070204	2004	4	14	105			0.19921	0.13985
0240070204	2004	4	15	106			0.18206	0.14121
0240070204	2004	4	16	107			0.16571	0.14237
0240070204	2004	4	17	108			0.15392	0.14337
0240070204	2004	4	18	109			0.14748	0.14427
0240070204	2004	4	19	110			0.14415	0.14508
0240070204	2004	4	20	111			0.14194	0.146
0240070204	2004	4	21	112			0.1404	0.14696
0240070204	2004	4	22	113			0.13946	0.14777
0240070204	2004	4	23	114			0.13867	0.14829
0240070204	2004	4	24	115			0.13831	0.149
0240070204	2004	4	25	116			0.138	0.14971
0240070204	2004	4	26	117			0.138	0.15054
0240070204	2004	4	27	118			0.138	0.151
0240070204	2004	4	28	119			0.138	0.15181
0240070204	2004	4	29	120	0.37398		0.138	0.1526
0240070204	2004	4	30	121	0.34602		0.138	0.15344
0240070204	2004	5	1	122	0.31565		0.13829	0.154
0240070204	2004	5	2	123	0.27248		0.13919	0.15481
0240070204	2004	5	3	124	0.23273		0.14058	0.15619
0240070204	2004	5	4	125	0.21081		0.14419	0.15867
0240070204	2004	5	5	126	0.19733		0.15029	0.16331
0240070204	2004	5	6	127	0.208		0.15763	0.1751
0240070204	2004	5	7	128	0.28577		0.17606	0.2409
0240070204	2004	5	8	129	0.25965		0.20094	0.29092
0240070204	2004	5	9	130	0.2716		0.23208	0.3104
0240070204	2004	5	10	131	0.23865		0.25123	0.33363
0240070204	2004	5	11	132	0.22619		0.26896	0.37837
0240070204	2004	5	12	133	0.23377		0.35856	0.39288
0240070204	2004	5	13	134	0.21694		0.41013	0.38604
0240070204	2004	5	14	135	0.20781		0.39746	0.38302
0240070204	2004	5	15	136	0.20198		0.39127	0.38052
0240070204	2004	5	16	137	0.19556		0.38788	0.3779
0240070204	2004	5	17	138	0.18954		0.38523	0.37604
0240070204	2004	5	18	139	0.18602		0.38288	0.37481
0240070204	2004	5	19	140	0.19506		0.38187	0.37546
0240070204	2004	5	20	141	0.19056		0.38204	0.37471
0240070204	2004	5	21	142	0.18656		0.37981	0.37358
0240070204	2004	5	22	143	0.18129		0.37631	0.37177
0240070204	2004	5	23	144	0.17779		0.37308	0.37025
0240070204	2004	5	24	145	0.17167		0.36894	0.36848
0240070204	2004	5	25	146	0.16917		0.36427	0.3669
0240070204	2004	5	26	147	0.1764		0.36108	0.36675
0240070204	2004	5	27	148	0.18027		0.36092	0.36725
0240070204	2004	5	28	149	0.18525		0.36608	0.36983
0240070204	2004	5	29	150	0.19065		0.36548	0.37098
0240070204	2004	5	30	151	0.1874		0.36698	0.37173
0240070204	2004	5	31	152	0.17898		0.36192	0.36904
0240070204	2004	6	1	153	0.17273		0.35829	0.3659
0240070204	2004	6	2	154	0.16954		0.35346	0.36373
0240070204	2004	6	3	155	0.16667		0.35054	0.36267
0240070204	2004	6	4	156	0.15948		0.34494	0.3605
0240070204	2004	6	5	157	0.1506		0.33733	0.3575
0240070204	2004	6	6	158	0.14219		0.32875	0.35452
0240070204	2004	6	7	159	0.13513		0.32002	0.35081
0240070204	2004	6	8	160	0.18233		0.33275	0.35606
0240070204	2004	6	9	161	0.19271		0.3605	0.37252
0240070204	2004	6	10	162	0.17931		0.3554	0.37
0240070204	2004	6	11	163	0.17921		0.35108	0.36796
0240070204	2004	6	12	164	0.17175		0.34769	0.3651
0240070204	2004	6	13	165	0.15971		0.33965	0.36171
0240070204	2004	6	14	166	0.15		0.33154	0.35788
0240070204	2004	6	15	167	0.13938		0.3214	0.35296
0240070204	2004	6	16	168	0.13104		0.31156	0.34733
0240070204	2004	6	17	169	0.1244		0.30246	0.34219
0240070204	2004	6	18	170	0.11715		0.2906	0.33548
0240070204	2004	6	19	171	0.1106		0.27773	0.32731
0240070204	2004	6	20	172	0.10348		0.26213	0.31694
0240070204	2004	6	21	173	0.096646		0.24571	0.30519
0240070204	2004	6	22	174	0.089667		0.22952	0.2929
0240070204	2004	6	23	175	0.084354		0.21563	0.28162
0240070204	2004	6	24	176	0.080083		0.20298	0.27152
0240070204	2004	6	25	177	0.077167		0.191	0.26233
0240070204	2004	6	26	178	0.075771		0.18046	0.25433
0240070204	2004	6	27	179	0.075417		0.17215	0.24748
0240070204	2004	6	28	180	0.075562		0.1655	0.24171
0240070204	2004	6	29	181	0.075396		0.15983	0.23687
0240070204	2004	6	30	182	0.075729		0.15352	0.23229
0240070204	2004	7	1	183	0.075583		0.14852	0.22813
0240070204	2004	7	2	184	0.074937		0.1429	0.22406
0240070204	2004	7	3	185	0.074583		0.1375	0.22019
0240070204	2004	7	4	186	0.074646		0.13242	0.21656
0240070204	2004	7	5	187	0.11127		0.129	0.21304
0240070204	2004	7	6	188	0.11929		0.129	0.21088
0240070204	2004	7	7	189	0.10752		0.12815	0.20902
0240070204	2004	7	8	190	0.095646		0.12717	0.20744
0240070204	2004	7	9	191	0.089417		0.12673	0.20598
0240070204	2004	7	10	192	0.085063		0.12467	0.20465
0240070204	2004	7	11	193	0.081937		0.12219	0.20319
0240070204	2004	7	12	194	0.078521		0.11727	0.20121
0240070204	2004	7	13	195	0.076312		0.11213	0.19892
0240070204	2004	7	14	196	0.074833		0.10763	0.19619
0240070204	2004	7	15	197	0.076792		0.10446	0.19377
0240070204	2004	7	16	198	0.077667		0.10227	0.19152
0240070204	2004	7	17	199	0.076979		0.10008	0.18933
0240070204	2004	7	18	200	0.075271		0.097396	0.18708
0240070204	2004	7	19	201	0.074146		0.095333	0.18479
0240070204	2004	7	20	202	0.073583		0.093687	0.18277
0240070204	2004	7	21	203	0.072667		0.092396	0.18085
0240070204	2004	7	22	204	0.071833		0.09075	0.17904
0240070204	2004	7	23	205	0.070979		0.089583	0.1771
0240070204	2004	7	24	206	0.070854		0.088729	0.17554
0240070204	2004	7	25	207	0.070229		0.087813	0.17392
0240070204	2004	7	26	208	0.070375		0.087333	0.17258
0240070204	2004	7	27	209	0.069604		0.086604	0.17123
0240070204	2004	7	28	210	0.068813		0.08575	0.16969
0240070204	2004	7	29	211	0.068708		0.085	0.16865
0240070204	2004	7	30	212	0.070312		0.084854	0.16792
0240070204	2004	7	31	213	0.070937	0.073214	0.084396	0.167
0240070204	2004	8	1	214	0.082271	0.074708	0.084	0.16621
0240070204	2004	8	2	215	0.087208	0.076083	0.084	0.16646
0240070204	2004	8	3	216	0.083271	0.076208	0.084	0.166
0240070204	2004	8	4	217	0.079063	0.075875	0.084	0.166
0240070204	2004	8	5	218	0.075312	0.075146	0.084	0.16565
0240070204	2004	8	6	219	0.073083	0.074458	0.083896	0.16494
0240070204	2004	8	7	220	0.07125	0.073896	0.083583	0.164
0240070204	2004	8	8	221	0.069375	0.073083	0.083	0.1634
0240070204	2004	8	9	222	0.068167	0.072854	0.082813	0.16265
0240070204	2004	8	10	223	0.067333	0.072688	0.0825	0.162
0240070204	2004	8	11	224	0.066854	0.072958	0.082562	0.16115
0240070204	2004	8	12	225	0.065562	0.072563	0.082	0.16079
0240070204	2004	8	13	226	0.065063	0.072479	0.082	0.16
0240070204	2004	8	14	227	0.063062	0.071667	0.081833	0.15954
0240070204	2004	8	15	228	0.061875	0.071583	0.081583	0.159
0240070204	2004	8	16	229	0.061063	0.071229	0.081292	0.15804
0240070204	2004	8	17	230	0.060167	0.070979	0.081	0.158
0240070204	2004	8	18	231	0.059729	0.070854	0.081	0.157
0240070204	2004	8	19	232	0.059417	0.070687	0.081	0.157
0240070204	2004	8	20	233	0.060125	0.070604	0.080896	0.15698
0240070204	2004	8	21	234	0.068875	0.070958	0.080667	0.15694
0240070204	2004	8	22	235	0.071167	0.071583	0.080979	0.15656
0240070204	2004	8	23	236	0.071937	0.072333	0.081	0.15648
0240070204	2004	8	24	237	0.072229	0.072625	0.081	0.15648
0240070204	2004	8	25	238	0.072646	0.073271	0.081375	0.156
0240070204	2004	8	26	239	0.072458	0.074	0.081979	0.156
0240070204	2004	8	27	240	0.071417	0.073583	0.081917	0.156
0240070204	2004	8	28	241	0.071875	0.073771	0.081771	0.156
0240070204	2004	8	29	242	0.072167	0.073958	0.082	0.156
0240070204	2004	8	30	243	0.072625	0.074521	0.082	0.156
0240070204	2004	8	31	244	0.071854	0.074417	0.082	0.156
0240070204	2004	9	1	245	0.071854	0.074542	0.082	0.156
0240070204	2004	9	2	246	0.071629	0.074771	0.082	0.156
0240070204	2004	9	3	247				
0240070204	2004	9	4	248				
0240070204	2004	9	5	249				
0240070204	2004	9	6	250				
0240070204	2004	9	7	251				
0240070204	2004	9	8	252				
0240070204	2004	9	9	253				
0240070204	2004	9	10	254				
0240070204	2004	9	11	255				
0240070204	2004	9	12	256				
0240070204	2004	9	13	257				
0240070204	2004	9	14	258				
0240070204	2004	9	15	259				
0240070204	2004	9	16	260				
0240070204	2004	9	17	261				
0240070204	2004	9	18	262				
0240070204	2004	9	19	263				
0240070204	2004	9	20	264				
0240070204	2004	9	21	265				
0240070204	2004	9	22	266				
0240070204	2004	9	23	267				
0240070204	2004	9	24	268				
0240070204	2004	9	25	269				
0240070204	2004	9	26	270				
0240070204	2004	9	27	271				
0240070204	2004	9	28	272				
0240070204	2004	9	29	273				
0240070204	2004	9	30	274				
0240070204	2004	10	1	275				
0240070204	2004	10	2	276				
0240070204	2004	10	3	277				
0240070204	2004	10	4	278				
0240070204	2004	10	5	279				
0240070204	2004	10	6	280				
0240070204	2004	10	7	281				
0240070204	2004	10	8	282				
0240070204	2004	10	9	283				
0240070204	2004	10	10	284				
0240070204	2004	10	11	285				
0240070204	2004	10	12	286				
0240070204	2004	10	13	287				
0240070204	2004	10	14	288				
0240070204	2004	10	15	289				
0240070204	2004	10	16	290				
0240070204	2004	10	17	291				
0240070204	2004	10	18	292				
0240070204	2004	10	19	293				
0240070204	2004	10	20	294				
0240070204	2004	10	21	295				
0240070204	2004	10	22	296				
0240070204	2004	10	23	297				
0240070204	2004	10	24	298				
0240070204	2004	10	25	299				
0240070204	2004	10	26	300				
0240070204	2004	10	27	301				
0240070204	2004	10	28	302				
0240070204	2004	10	29	303				
0240070204	2004	10	30	304				
0240070204	2004	10	31	305				
0240070204	2004	11	1	306				
0240070204	2004	11	2	307				
0240070204	2004	11	3	308				
0240070204	2004	11	4	309				
0240070204	2004	11	5	310				
0240070204	2004	11	6	311				
0240070204	2004	11	7	312				
0240070204	2004	11	8	313				
0240070204	2004	11	9	314				
0240070204	2004	11	10	315				
0240070204	2004	11	11	316				
0240070204	2004	11	12	317				
0240070204	2004	11	13	318				
0240070204	2004	11	14	319				
0240070204	2004	11	15	320				
0240070204	2004	11	16	321				
0240070204	2004	11	17	322				
0240070204	2004	11	18	323				
0240070204	2004	11	19	324				
0240070204	2004	11	20	325				
0240070204	2004	11	21	326				
0240070204	2004	11	22	327				
0240070204	2004	11	23	328				
0240070204	2004	11	24	329				
0240070204	2004	11	25	330				
0240070204	2004	11	26	331				
0240070204	2004	11	27	332				
0240070204	2004	11	28	333				
0240070204	2004	11	29	334				
0240070204	2004	11	30	335				
0240070204	2004	12	1	336				
0240070204	2004	12	2	337				
0240070204	2004	12	3	338				
0240070204	2004	12	4	339				
0240070204	2004	12	5	340				
0240070204	2004	12	6	341				
0240070204	2004	12	7	342				
0240070204	2004	12	8	343				
0240070204	2004	12	9	344				
0240070204	2004	12	10	345				
0240070204	2004	12	11	346				
0240070204	2004	12	12	347				
0240070204	2004	12	13	348				
0240070204	2004	12	14	349				
0240070204	2004	12	15	350				
0240070204	2004	12	16	351				
0240070204	2004	12	17	352				
0240070204	2004	12	18	353				
0240070204	2004	12	19	354				
0240070204	2004	12	20	355				
0240070204	2004	12	21	356				
0240070204	2004	12	22	357				
0240070204	2004	12	23	358				
0240070204	2004	12	24	359				
0240070204	2004	12	25	360				
0240070204	2004	12	26	361				
0240070204	2004	12	27	362				
0240070204	2004	12	28	363				
0240070204	2004	12	29	364				
0240070204	2004	12	30	365				
0240070204	2004	12	31	366				
