stationID	Y	M	D	DOY	depth_13	depth_20	depth_30	depth_40	depth_60	depth_100
0240460407	2004	1	1	1						
0240460407	2004	1	2	2						
0240460407	2004	1	3	3						
0240460407	2004	1	4	4						
0240460407	2004	1	5	5						
0240460407	2004	1	6	6						
0240460407	2004	1	7	7						
0240460407	2004	1	8	8						
0240460407	2004	1	9	9						
0240460407	2004	1	10	10						
0240460407	2004	1	11	11						
0240460407	2004	1	12	12						
0240460407	2004	1	13	13						
0240460407	2004	1	14	14						
0240460407	2004	1	15	15						
0240460407	2004	1	16	16						
0240460407	2004	1	17	17						
0240460407	2004	1	18	18						
0240460407	2004	1	19	19						
0240460407	2004	1	20	20						
0240460407	2004	1	21	21						
0240460407	2004	1	22	22						
0240460407	2004	1	23	23						
0240460407	2004	1	24	24						
0240460407	2004	1	25	25						
0240460407	2004	1	26	26						
0240460407	2004	1	27	27						
0240460407	2004	1	28	28						
0240460407	2004	1	29	29						
0240460407	2004	1	30	30						
0240460407	2004	1	31	31						
0240460407	2004	2	1	32						
0240460407	2004	2	2	33						
0240460407	2004	2	3	34						
0240460407	2004	2	4	35						
0240460407	2004	2	5	36						
0240460407	2004	2	6	37						
0240460407	2004	2	7	38						
0240460407	2004	2	8	39						
0240460407	2004	2	9	40						
0240460407	2004	2	10	41						
0240460407	2004	2	11	42						
0240460407	2004	2	12	43						
0240460407	2004	2	13	44						
0240460407	2004	2	14	45						
0240460407	2004	2	15	46						
0240460407	2004	2	16	47						
0240460407	2004	2	17	48						
0240460407	2004	2	18	49						
0240460407	2004	2	19	50						
0240460407	2004	2	20	51						
0240460407	2004	2	21	52						
0240460407	2004	2	22	53						
0240460407	2004	2	23	54						
0240460407	2004	2	24	55						
0240460407	2004	2	25	56						
0240460407	2004	2	26	57						
0240460407	2004	2	27	58						
0240460407	2004	2	28	59						
0240460407	2004	2	29	60						
0240460407	2004	3	1	61						
0240460407	2004	3	2	62						
0240460407	2004	3	3	63						
0240460407	2004	3	4	64						
0240460407	2004	3	5	65						
0240460407	2004	3	6	66						
0240460407	2004	3	7	67						
0240460407	2004	3	8	68						
0240460407	2004	3	9	69						
0240460407	2004	3	10	70						
0240460407	2004	3	11	71						
0240460407	2004	3	12	72						
0240460407	2004	3	13	73						
0240460407	2004	3	14	74						
0240460407	2004	3	15	75						
0240460407	2004	3	16	76						
0240460407	2004	3	17	77						
0240460407	2004	3	18	78						
0240460407	2004	3	19	79						
0240460407	2004	3	20	80						
0240460407	2004	3	21	81						
0240460407	2004	3	22	82						
0240460407	2004	3	23	83						
0240460407	2004	3	24	84						
0240460407	2004	3	25	85						
0240460407	2004	3	26	86						
0240460407	2004	3	27	87						
0240460407	2004	3	28	88						
0240460407	2004	3	29	89						
0240460407	2004	3	30	90						
0240460407	2004	3	31	91						
0240460407	2004	4	1	92						
0240460407	2004	4	2	93						
0240460407	2004	4	3	94						
0240460407	2004	4	4	95						
0240460407	2004	4	5	96						
0240460407	2004	4	6	97						
0240460407	2004	4	7	98						
0240460407	2004	4	8	99						
0240460407	2004	4	9	100						
0240460407	2004	4	10	101						
0240460407	2004	4	11	102						
0240460407	2004	4	12	103						
0240460407	2004	4	13	104						
0240460407	2004	4	14	105						
0240460407	2004	4	15	106						
0240460407	2004	4	16	107						
0240460407	2004	4	17	108						
0240460407	2004	4	18	109						
0240460407	2004	4	19	110						
0240460407	2004	4	20	111						
0240460407	2004	4	21	112						
0240460407	2004	4	22	113						
0240460407	2004	4	23	114						
0240460407	2004	4	24	115						
0240460407	2004	4	25	116						
0240460407	2004	4	26	117						
0240460407	2004	4	27	118						
0240460407	2004	4	28	119						
0240460407	2004	4	29	120						
0240460407	2004	4	30	121						
0240460407	2004	5	1	122						
0240460407	2004	5	2	123						
0240460407	2004	5	3	124						
0240460407	2004	5	4	125						
0240460407	2004	5	5	126						
0240460407	2004	5	6	127						
0240460407	2004	5	7	128						
0240460407	2004	5	8	129						
0240460407	2004	5	9	130						
0240460407	2004	5	10	131						
0240460407	2004	5	11	132						
0240460407	2004	5	12	133						
0240460407	2004	5	13	134	0.41521	0.3975	0.315	0.42333	0.21	0.32833
0240460407	2004	5	14	135	0.42375	0.40667	0.31458		0.21	
0240460407	2004	5	15	136	0.41521	0.39938	0.31		0.20958	
0240460407	2004	5	16	137	0.41729	0.3975	0.31188		0.20917	
0240460407	2004	5	17	138	0.42021	0.40354	0.31458		0.20875	
0240460407	2004	5	18	139	0.42521	0.40563				
0240460407	2004	5	19	140	0.42833	0.41021	0.31458		0.21	
0240460407	2004	5	20	141	0.43	0.41	0.31583		0.20958	
0240460407	2004	5	21	142	0.43	0.41	0.3175		0.21	
0240460407	2004	5	22	143						
0240460407	2004	5	23	144						
0240460407	2004	5	24	145						
0240460407	2004	5	25	146						
0240460407	2004	5	26	147						
0240460407	2004	5	27	148						
0240460407	2004	5	28	149						
0240460407	2004	5	29	150						
0240460407	2004	5	30	151						
0240460407	2004	5	31	152						
0240460407	2004	6	1	153						
0240460407	2004	6	2	154						
0240460407	2004	6	3	155						
0240460407	2004	6	4	156						
0240460407	2004	6	5	157						
0240460407	2004	6	6	158						
0240460407	2004	6	7	159						
0240460407	2004	6	8	160						
0240460407	2004	6	9	161						
0240460407	2004	6	10	162						
0240460407	2004	6	11	163						
0240460407	2004	6	12	164						
0240460407	2004	6	13	165						
0240460407	2004	6	14	166						
0240460407	2004	6	15	167						
0240460407	2004	6	16	168						
0240460407	2004	6	17	169						
0240460407	2004	6	18	170						
0240460407	2004	6	19	171						
0240460407	2004	6	20	172						
0240460407	2004	6	21	173						
0240460407	2004	6	22	174						
0240460407	2004	6	23	175						
0240460407	2004	6	24	176						
0240460407	2004	6	25	177						
0240460407	2004	6	26	178						
0240460407	2004	6	27	179						
0240460407	2004	6	28	180	0.37875	0.38583	0.31354	0.50521	0.20688	0.40208
0240460407	2004	6	29	181	0.37542	0.38688	0.31292	0.505	0.20583	0.40229
0240460407	2004	6	30	182	0.375	0.39125	0.30813	0.505	0.2	0.40187
0240460407	2004	7	1	183	0.37479	0.39396	0.30583	0.50479	0.2	0.40021
0240460407	2004	7	2	184	0.37354	0.39333	0.305	0.50354	0.2	0.4
0240460407	2004	7	3	185	0.37	0.3875	0.30417	0.5	0.2	0.4
0240460407	2004	7	4	186	0.37167	0.38458	0.305	0.50167	0.19917	0.4
0240460407	2004	7	5	187	0.37146	0.38438	0.30479	0.50208	0.19896	0.4
0240460407	2004	7	6	188	0.38604	0.38896	0.31271		0.20479	0.43292
0240460407	2004	7	7	189	0.38938	0.37042	0.30958		0.20437	0.43208
0240460407	2004	7	8	190	0.38729	0.36625	0.30792	0.50708	0.2	0.40083
0240460407	2004	7	9	191	0.39271	0.36729	0.31333	0.51271	0.20313	0.40458
0240460407	2004	7	10	192	0.44563	0.41667	0.34375		0.23333	
0240460407	2004	7	11	193	0.43083	0.40521	0.33792		0.22708	0.41563
0240460407	2004	7	12	194	0.43042	0.40125	0.33292	0.51687	0.22104	0.4075
0240460407	2004	7	13	195	0.44604	0.41458	0.34812		0.23438	0.42521
0240460407	2004	7	14	196	0.45146	0.42646	0.34687		0.23438	0.41896
0240460407	2004	7	15	197	0.44396	0.42083	0.34417	0.51979	0.23021	0.41188
0240460407	2004	7	16	198	0.43958	0.41708	0.34354	0.51625	0.22979	0.41
0240460407	2004	7	17	199	0.4325	0.41417	0.34	0.51396	0.22979	0.41
0240460407	2004	7	18	200	0.425	0.41333	0.33542	0.51375	0.22479	0.40958
0240460407	2004	7	19	201	0.41417	0.41167	0.33313	0.51167	0.22	0.40375
0240460407	2004	7	20	202	0.40771	0.41104	0.32833	0.51	0.21417	0.40042
0240460407	2004	7	21	203	0.40277	0.4083	0.32468	0.50723	0.21	0.4
0240460407	2004	7	22	204	0.4	0.42875	0.32229		0.21	0.4
0240460407	2004	7	23	205	0.39813	0.37875	0.38319	0.38854		0.38452
0240460407	2004	7	24	206	0.38979	0.41229	0.31375	0.49125	0.20375	0.38958
0240460407	2004	7	25	207	0.38438	0.41042	0.31063	0.4875	0.20083	0.38583
0240460407	2004	7	26	208	0.38438	0.40708	0.31125	0.47792	0.20083	0.37688
0240460407	2004	7	27	209	0.385	0.405	0.31063	0.46938	0.2	0.36646
0240460407	2004	7	28	210	0.3875	0.40354	0.31333	0.45938	0.2	0.35625
0240460407	2004	7	29	211	0.36		0.31406	0.45	0.2	0.34906
0240460407	2004	7	30	212	0.3					
0240460407	2004	7	31	213	0.3					
0240460407	2004	8	1	214	0.3					
0240460407	2004	8	2	215	0.3					
0240460407	2004	8	3	216	0.34319		0.3675	0.4285	0.254	0.3275
0240460407	2004	8	4	217	0.405	0.43271	0.36375	0.42729	0.25	0.32688
0240460407	2004	8	5	218	0.40208	0.4325	0.36229	0.41833	0.25	0.32
0240460407	2004	8	6	219	0.40021	0.44042	0.36271	0.41354	0.25	0.3175
0240460407	2004	8	7	220	0.39958	0.43562	0.36229	0.40646	0.25	0.31
0240460407	2004	8	8	221	0.40437	0.43833	0.365	0.40125	0.25125	0.30894
0240460407	2004	8	9	222	0.41688	0.44562	0.3675	0.43854	0.25292	0.33708
0240460407	2004	8	10	223	0.42688	0.43375	0.36708	0.47646	0.25583	0.37604
0240460407	2004	8	11	224	0.42042	0.42875	0.36187	0.45313	0.25333	0.35396
0240460407	2004	8	12	225	0.41396	0.42438	0.36	0.43667	0.25	0.33979
0240460407	2004	8	13	226	0.415	0.42542	0.35917	0.42792	0.25	0.33125
0240460407	2004	8	14	227	0.41417	0.42625	0.35667	0.42083	0.25	0.32396
0240460407	2004	8	15	228	0.41437	0.42708	0.35604	0.41458	0.25	0.31958
0240460407	2004	8	16	229	0.41521	0.43125	0.35917	0.41313	0.25	0.31458
0240460407	2004	8	17	230	0.42	0.43688	0.36333	0.41104	0.25	0.31
0240460407	2004	8	18	231	0.42354	0.44042	0.36437	0.41	0.25	0.31
0240460407	2004	8	19	232	0.42	0.44	0.36396	0.40625	0.25	0.31
0240460407	2004	8	20	233	0.41938	0.43292	0.36	0.40021	0.25	0.31
0240460407	2004	8	21	234	0.41708	0.43458	0.36333	0.40354	0.25	0.30979
0240460407	2004	8	22	235	0.42042	0.43542	0.36396	0.40396	0.25	0.30792
0240460407	2004	8	23	236	0.42354	0.43917	0.365	0.40437	0.25	0.30813
0240460407	2004	8	24	237	0.42458	0.44146	0.36604	0.40312	0.25021	0.31
0240460407	2004	8	25	238	0.42167	0.44042	0.36792	0.40792	0.25521	0.31438
0240460407	2004	8	26	239	0.42646	0.44042	0.37021	0.41021	0.25875	0.31167
0240460407	2004	8	27	240	0.43167	0.44104	0.37125	0.41	0.25875	0.31
0240460407	2004	8	28	241	0.43229	0.44229	0.37208	0.41	0.25792	0.31
0240460407	2004	8	29	242	0.42292	0.43521	0.36792	0.40333	0.26	0.31
0240460407	2004	8	30	243	0.42292	0.43396	0.365	0.40417	0.25646	0.31
0240460407	2004	8	31	244	0.42375	0.43437	0.36562	0.40458	0.25521	0.31
0240460407	2004	9	1	245	0.42437	0.40646	0.36312	0.42646	0.25553	0.32792
0240460407	2004	9	2	246	0.43396	0.38417	0.37083	0.46417	0.25854	0.36187
0240460407	2004	9	3	247	0.43417	0.38417	0.3725	0.46458	0.25833	0.36187
0240460407	2004	9	4	248	0.43437	0.38458	0.37313	0.465	0.25833	0.36271
0240460407	2004	9	5	249	0.43562	0.38563	0.37354	0.46687	0.25833	0.36417
0240460407	2004	9	6	250	0.43396	0.38417	0.37062	0.46583	0.25917	0.3625
0240460407	2004	9	7	251	0.43312	0.38333	0.36667	0.46375	0.25958	0.36229
0240460407	2004	9	8	252	0.43292	0.38292	0.36542	0.46375	0.25958	0.36271
0240460407	2004	9	9	253	0.43104	0.38313	0.36667	0.46396	0.25917	0.36271
0240460407	2004	9	10	254	0.43146	0.38354	0.3675	0.46438	0.25875	0.36354
0240460407	2004	9	11	255	0.43229	0.38396	0.36854	0.46521	0.25958	0.36458
0240460407	2004	9	12	256	0.43187	0.38396	0.36958	0.46667	0.25958	0.36417
0240460407	2004	9	13	257	0.43458	0.38438	0.37271	0.46854	0.25937	0.36646
0240460407	2004	9	14	258	0.44729	0.38521	0.3725	0.50333	0.26083	0.40062
0240460407	2004	9	15	259	0.4525	0.38042	0.37333	0.52	0.26	0.41521
0240460407	2004	9	16	260	0.44792	0.37583	0.37271	0.50729	0.26	0.40458
0240460407	2004	9	17	261	0.44292	0.3725	0.36562	0.49687	0.26	0.39667
0240460407	2004	9	18	262	0.44021	0.37	0.36646	0.49354	0.25958	0.39125
0240460407	2004	9	19	263	0.43958	0.36958	0.36625	0.49104	0.25937	0.38875
0240460407	2004	9	20	264	0.43979	0.36938	0.36625	0.48563	0.25896	0.38375
0240460407	2004	9	21	265		0.3675				0.38
0240460407	2004	9	22	266	0.44	0.36979	0.36708	0.48354	0.25687	0.38125
0240460407	2004	9	23	267	0.44188	0.37188	0.36812	0.48375	0.2575	0.38
0240460407	2004	9	24	268						
0240460407	2004	9	25	269						
0240460407	2004	9	26	270						
0240460407	2004	9	27	271	0.43458	0.36437	0.36396	0.47396	0.25604	0.37333
0240460407	2004	9	28	272	0.43417	0.36437	0.36333	0.47312	0.25708	0.37208
0240460407	2004	9	29	273	0.43354	0.36396	0.36354	0.47312	0.25521	0.37229
0240460407	2004	9	30	274	0.43187	0.36396	0.36187	0.47062	0.25333	0.37208
0240460407	2004	10	1	275	0.43542	0.36604	0.36354	0.47312	0.25437	0.37167
0240460407	2004	10	2	276	0.42729	0.36	0.35646	0.46563	0.25125	0.37
0240460407	2004	10	3	277	0.42917	0.36042	0.35979	0.46708	0.25125	0.36875
0240460407	2004	10	4	278	0.42521	0.35937	0.35583	0.46458	0.25125	0.36937
0240460407	2004	10	5	279						
0240460407	2004	10	6	280						
0240460407	2004	10	7	281						
0240460407	2004	10	8	282	0.43042	0.36292	0.36021	0.47	0.25	0.37
0240460407	2004	10	9	283	0.43125	0.36333	0.36125	0.4675	0.25	0.36979
0240460407	2004	10	10	284	0.42646	0.36104	0.35812	0.46396	0.25042	0.36854
0240460407	2004	10	11	285	0.42604	0.36042	0.35729	0.46375	0.25042	0.36896
0240460407	2004	10	12	286	0.42	0.36	0.35958	0.46	0.25	0.36979
0240460407	2004	10	13	287	0.42	0.35875	0.35812	0.46	0.25	0.36812
0240460407	2004	10	14	288						
0240460407	2004	10	15	289	0.37792	0.35312		0.32438		0.36529
0240460407	2004	10	16	290	0.35437	0.35		0.25438		0.36
0240460407	2004	10	17	291	0.35333	0.35104		0.25		
0240460407	2004	10	18	292	0.36688	0.3575		0.25625		
0240460407	2004	10	19	293						
0240460407	2004	10	20	294						
0240460407	2004	10	21	295	0.37438	0.33729		0.23542		0.36
0240460407	2004	10	22	296	0.37792	0.32167		0.22146		0.34
0240460407	2004	10	23	297	0.40104	0.33542		0.23125		0.35
0240460407	2004	10	24	298	0.39438	0.32646		0.22604		0.37
0240460407	2004	10	25	299	0.39438	0.32854		0.22479		0.36
0240460407	2004	10	26	300						
0240460407	2004	10	27	301	0.41563	0.34917		0.24646		0.44
0240460407	2004	10	28	302						
0240460407	2004	10	29	303	0.4175	0.35437		0.24563		0.39
0240460407	2004	10	30	304	0.42771	0.35937		0.25625		0.38
0240460407	2004	10	31	305	0.41354	0.35792		0.25562		0.41
0240460407	2004	11	1	306						
0240460407	2004	11	2	307	0.41583	0.36979		0.27333		
0240460407	2004	11	3	308						
0240460407	2004	11	4	309						
0240460407	2004	11	5	310	0.40479	0.36479		0.27271		
0240460407	2004	11	6	311	0.40854	0.36854		0.26958		
0240460407	2004	11	7	312	0.40479	0.36625		0.26896		
0240460407	2004	11	8	313	0.40271	0.36333		0.26812		
0240460407	2004	11	9	314	0.38929	0.36		0.27556		
0240460407	2004	11	10	315	0.33646	0.40563	0.40229	0.36479		
0240460407	2004	11	11	316	0.33313	0.40354	0.40021	0.36083		
0240460407	2004	11	12	317	0.33146	0.40146	0.395	0.36208		
0240460407	2004	11	13	318	0.32792	0.40125	0.39396	0.35771		
0240460407	2004	11	14	319	0.3275	0.40125	0.39417	0.35917		
0240460407	2004	11	15	320	0.33146	0.405	0.39771	0.36021		
0240460407	2004	11	16	321	0.335	0.40833	0.40083	0.36583		
0240460407	2004	11	17	322	0.33792	0.41146	0.40354	0.36979		
0240460407	2004	11	18	323	0.34167	0.41563	0.40563	0.37042		
0240460407	2004	11	19	324						
0240460407	2004	11	20	325						
0240460407	2004	11	21	326	0.33417	0.41188	0.40229	0.36521		
0240460407	2004	11	22	327	0.335	0.41146	0.40292	0.36708		
0240460407	2004	11	23	328	0.33354	0.41208	0.4025	0.37062		
0240460407	2004	11	24	329						
0240460407	2004	11	25	330	0.35083	0.42458	0.40833	0.43479		
0240460407	2004	11	26	331	0.33687	0.42104	0.40396	0.37354		
0240460407	2004	11	27	332						
0240460407	2004	11	28	333	0.33063	0.41417	0.39875	0.37146		
0240460407	2004	11	29	334						
0240460407	2004	11	30	335						
0240460407	2004	12	1	336	0.33521	0.41667	0.40479	0.38833		
0240460407	2004	12	2	337	0.32625	0.41	0.39479	0.37292		
0240460407	2004	12	3	338	0.32542	0.40417		0.36896		
0240460407	2004	12	4	339	0.44042	0.40187				
0240460407	2004	12	5	340						0.11
0240460407	2004	12	6	341						
0240460407	2004	12	7	342						
0240460407	2004	12	8	343	0.41125	0.42125				0.29
0240460407	2004	12	9	344	0.35687	0.31707	0.32771	0.42479		0.28
0240460407	2004	12	10	345	0.30214	0.23771	0.29645	0.28958		0.31
0240460407	2004	12	11	346	0.35917		0.37813	0.33462		
0240460407	2004	12	12	347	0.35729	0.36312	0.34938	0.42848		
0240460407	2004	12	13	348	0.23458	0.13583	0.20208	0.30563	0.16051	
0240460407	2004	12	14	349	0.22833	0.13792	0.20271	0.3	0.15929	0.17
0240460407	2004	12	15	350	0.23229	0.13167	0.20125	0.27979	0.15645	0.15
0240460407	2004	12	16	351	0.25043	0.12848	0.21511	0.33083	0.165	
0240460407	2004	12	17	352	0.238	0.13478	0.20615	0.32769	0.17286	0.2
0240460407	2004	12	18	353						
0240460407	2004	12	19	354						
0240460407	2004	12	20	355						
0240460407	2004	12	21	356						
0240460407	2004	12	22	357						
0240460407	2004	12	23	358						
0240460407	2004	12	24	359						
0240460407	2004	12	25	360						
0240460407	2004	12	26	361						
0240460407	2004	12	27	362						
0240460407	2004	12	28	363						
0240460407	2004	12	29	364						
0240460407	2004	12	30	365						
0240460407	2004	12	31	366						
0240460407	2005	1	1	1	0.16		0.15	0.17	0.17	0.22
0240460407	2005	1	2	2						
0240460407	2005	1	3	3						
0240460407	2005	1	4	4						
0240460407	2005	1	5	5						
0240460407	2005	1	6	6						
0240460407	2005	1	7	7	0.0061702	0.01				
0240460407	2005	1	8	8	0.01	0.01				
0240460407	2005	1	9	9	0.00042553	0.007234				
0240460407	2005	1	10	10	0.00035714	0.01				
0240460407	2005	1	11	11						
0240460407	2005	1	12	12	0.027447	0.036383	0.010213	0.019362	0.0021622	0.0034043
0240460407	2005	1	13	13	0.032353	0.041176	0.018824	0.022941	0.0011765	0.010588
0240460407	2005	1	14	14						
0240460407	2005	1	15	15						
0240460407	2005	1	16	16						
0240460407	2005	1	17	17						
0240460407	2005	1	18	18						
0240460407	2005	1	19	19						
0240460407	2005	1	20	20	0.079149	0.077234	0.047447	0.076809		
0240460407	2005	1	21	21	0.13396	0.12063	0.081042	0.16833	0.19104	0.24
0240460407	2005	1	22	22	0.12771	0.12	0.080208	0.17	0.19	0.24
0240460407	2005	1	23	23	0.1175	0.11854	0.079792	0.16833	0.19042	0.23917
0240460407	2005	1	24	24	0.118	0.11767	0.079667	0.168	0.192	0.23867
0240460407	2005	1	25	25	0.14064	0.18213	0.22894	0.22638	0.19617	0.23915
0240460407	2005	1	26	26	0.15271	0.18604	0.23063	0.22875	0.20104	0.24087
0240460407	2005	1	27	27	0.13167	0.22854	0.22854	0.1925	0.23875	
0240460407	2005	1	28	28	0.13437	0.12625	0.21292	0.22833	0.19812	0.24065
0240460407	2005	1	29	29	0.12958	0.1575	0.20771	0.21396	0.21875	0.24
0240460407	2005	1	30	30	0.13687	0.12167	0.17646	0.22729	0.19479	0.24065
0240460407	2005	1	31	31	0.13979	0.12	0.17	0.22646	0.19333	0.24104
0240460407	2005	2	1	32	0.13354	0.11896	0.16083	0.20667	0.19021	0.23917
0240460407	2005	2	2	33	0.13396	0.11958	0.15958	0.19896	0.19125	0.24021
0240460407	2005	2	3	34	0.12958	0.12625	0.17063	0.19688	0.18708	0.23563
0240460407	2005	2	4	35	0.15208	0.16771	0.22458	0.22229	0.18938	0.23771
0240460407	2005	2	5	36	0.17063	0.20792	0.22	0.22229	0.19271	0.23833
0240460407	2005	2	6	37	0.18646	0.18417	0.23	0.23	0.2	0.24604
0240460407	2005	2	7	38	0.18792	0.21062	0.23	0.23	0.2	0.25
0240460407	2005	2	8	39	0.18042	0.17938	0.23	0.23	0.19813	0.24104
0240460407	2005	2	9	40	0.18	0.15	0.22021	0.23	0.19229	0.24
0240460407	2005	2	10	41	0.18	0.15	0.20542	0.23	0.19229	0.24042
0240460407	2005	2	11	42	0.17562	0.14708	0.19354	0.23	0.19396	0.24333
0240460407	2005	2	12	43	0.15417	0.1825	0.2225	0.20229	0.23729	0.24889
0240460407	2005	2	13	44	0.19896	0.18688	0.20542	0.22875	0.20208	0.25
0240460407	2005	2	14	45	0.21396	0.20208	0.22146	0.23	0.19958	0.25
0240460407	2005	2	15	46	0.21104	0.16	0.20979	0.23	0.2	0.25
0240460407	2005	2	16	47	0.20917	0.15896	0.19688	0.23	0.1975	0.24688
0240460407	2005	2	17	48	0.20187	0.15	0.19	0.23	0.19333	0.24354
0240460407	2005	2	18	49	0.15063	0.18229	0.22438	0.19167	0.24042	0.24
0240460407	2005	2	19	50	0.18833	0.15125	0.18167	0.21708	0.19208	0.24478
0240460407	2005	2	20	51	0.20583	0.15208	0.18354	0.21	0.19854	0.25
0240460407	2005	2	21	52	0.20708	0.15	0.18187	0.21	0.2	0.25
0240460407	2005	2	22	53	0.2	0.15	0.18	0.21	0.19771	0.24792
0240460407	2005	2	23	54	0.15104	0.17937	0.20104	0.195	0.24563	0.24
0240460407	2005	2	24	55	0.16042	0.17375	0.19646	0.19687	0.23958	0.25
0240460407	2005	2	25	56	0.16979	0.16854	0.19396	0.19979	0.23021	0.25
0240460407	2005	2	26	57	0.19563	0.15104	0.18125	0.19958	0.19646	0.24913
0240460407	2005	2	27	58	0.1925	0.15	0.18	0.2	0.19604	0.24875
0240460407	2005	2	28	59	0.15083	0.17937	0.19958	0.19229	0.24604	0.25
0240460407	2005	3	1	60	0.15	0.18	0.19854	0.19	0.24292	
0240460407	2005	3	2	61	0.15	0.18	0.19583	0.19167	0.24354	
0240460407	2005	3	3	62	0.17708	0.14833	0.17729	0.19375	0.18937	0.24043
0240460407	2005	3	4	63	0.17813	0.14521	0.17437	0.19479	0.18583	0.24021
0240460407	2005	3	5	64	0.18333	0.15	0.18	0.2	0.19375	0.24833
0240460407	2005	3	6	65	0.16833	0.15708	0.18208	0.19271	0.21083	0.23968
0240460407	2005	3	7	66	0.17125	0.16375	0.18917	0.19854	0.22292	0.25
0240460407	2005	3	8	67	0.17792	0.15042	0.17958	0.19875	0.19458	0.24413
0240460407	2005	3	9	68	0.16917	0.14438	0.17396	0.19354	0.18625	0.23729
0240460407	2005	3	10	69	0.17375	0.1475	0.1775	0.19729	0.19188	0.24688
0240460407	2005	3	11	70	0.17896	0.15	0.18	0.19979	0.19604	0.25
0240460407	2005	3	12	71	0.15063	0.17771	0.19813	0.19208	0.24625	0.25
0240460407	2005	3	13	72	0.14563	0.17396	0.19437	0.19333	0.24438	
0240460407	2005	3	14	73	0.17083	0.14646	0.17437	0.19396	0.195	0.24391
0240460407	2005	3	15	74	0.16354	0.13896	0.16458	0.18875	0.17979	0.23479
0240460407	2005	3	16	75	0.16312	0.13771	0.16417	0.18854	0.17896	0.23292
0240460407	2005	3	17	76	0.16542	0.14104	0.16583	0.19146	0.1825	0.23563
0240460407	2005	3	18	77	0.16875	0.14208	0.16979	0.19354	0.18812	0.24021
0240460407	2005	3	19	78	0.17729	0.15	0.18	0.2	0.2	0.25
0240460407	2005	3	20	79	0.17292	0.14875	0.17375	0.19875	0.19604	0.24771
0240460407	2005	3	21	80	0.16542	0.14313	0.16708	0.19396	0.18729	0.23979
0240460407	2005	3	22	81	0.15604	0.16687	0.19562	0.2	0.23958	0.25
0240460407	2005	3	23	82	0.19729	0.15083	0.19854	0.22188	0.20208	0.25
0240460407	2005	3	24	83	0.19958	0.15271	0.19375	0.23	0.2	0.25
0240460407	2005	3	25	84	0.21	0.21	0.22	0.23	0.2	0.25
0240460407	2005	3	26	85	0.2	0.15	0.20255	0.23	0.2	0.25
0240460407	2005	3	27	86	0.2	0.15	0.19	0.23	0.2	0.25
0240460407	2005	3	28	87	0.19596	0.1534	0.19	0.23085	0.19979	0.25
0240460407	2005	3	29	88	0.19	0.15	0.19	0.23	0.2	0.25
0240460407	2005	3	30	89						
0240460407	2005	3	31	90						
0240460407	2005	4	1	91						
0240460407	2005	4	2	92						
0240460407	2005	4	3	93						
0240460407	2005	4	4	94						
0240460407	2005	4	5	95	0.17872	0.14787	0.17191	0.20191	0.19043	0.23935
0240460407	2005	4	6	96	0.18771	0.15542	0.17917	0.20792	0.20062	0.24854
0240460407	2005	4	7	97	0.18167	0.15146	0.18	0.20938	0.20021	0.25
0240460407	2005	4	8	98	0.17187	0.145	0.17083	0.19667	0.18917	0.24021
0240460407	2005	4	9	99	0.16479	0.14	0.16521	0.19438	0.18229	0.2325
0240460407	2005	4	10	100	0.16375	0.14313	0.16708	0.19646	0.18521	0.23542
0240460407	2005	4	11	101	0.17458	0.15667	0.18	0.20667	0.20438	0.24979
0240460407	2005	4	12	102	0.16021	0.19729	0.23042	0.20729	0.24917	0.25
0240460407	2005	4	13	103	0.16479	0.18042	0.22	0.20771	0.23833	0.24727
0240460407	2005	4	14	104	0.18458	0.14438	0.17271	0.22042	0.19	0.23783
0240460407	2005	4	15	105	0.17792	0.14042	0.16604	0.21729	0.18187	0.23396
0240460407	2005	4	16	106	0.17667	0.14021	0.16542	0.20625	0.18396	0.23292
0240460407	2005	4	17	107	0.17292	0.14104	0.165	0.19604	0.18292	0.23208
0240460407	2005	4	18	108	0.17292	0.14292	0.16646	0.19583	0.185	0.23312
0240460407	2005	4	19	109	0.17688	0.145	0.16917	0.19875	0.18833	0.23833
0240460407	2005	4	20	110	0.19	0.16	0.19	0.21	0.21	0.26
0240460407	2005	4	21	111						
0240460407	2005	4	22	112	0.21	0.15957	0.19064	0.23255	0.20957	0.2566
0240460407	2005	4	23	113	0.20125	0.15	0.18646	0.23	0.2	0.25
0240460407	2005	4	24	114	0.20062	0.15104	0.17937	0.22813	0.20104	0.25146
0240460407	2005	4	25	115	0.16396	0.16104	0.19438	0.20417	0.21833	0.23143
0240460407	2005	4	26	116	0.19604	0.15167	0.17958	0.21021	0.20187	0.24848
0240460407	2005	4	27	117	0.19354	0.14771	0.175	0.20354	0.19542	0.24562
0240460407	2005	4	28	118	0.19625	0.15229	0.18	0.20625	0.20333	0.25271
0240460407	2005	4	29	119	0.19562	0.15104	0.18	0.20625	0.205	0.25187
0240460407	2005	4	30	120	0.16875	0.17021	0.19333	0.20333	0.23458	0.25444
0240460407	2005	5	1	121	0.18771	0.15021	0.17854	0.20104	0.20417	0.25022
0240460407	2005	5	2	122	0.18854	0.14979	0.17979	0.20187	0.2025	0.25083
0240460407	2005	5	3	123	0.1725	0.1425	0.16875	0.19354	0.19604	0.24521
0240460407	2005	5	4	124	0.16083	0.13667	0.16229	0.18896	0.18562	0.23667
0240460407	2005	5	5	125	0.16271	0.14271	0.16729	0.19542	0.19042	0.24125
0240460407	2005	5	6	126	0.15083	0.15625	0.18146	0.19667	0.21292	0.23464
0240460407	2005	5	7	127	0.13938	0.14083	0.16375	0.19292	0.18625	0.23435
0240460407	2005	5	8	128	0.13125	0.14021	0.16396	0.1925	0.19229	0.23979
0240460407	2005	5	9	129	0.14625	0.15854	0.18333	0.20958	0.20979	0.25937
0240460407	2005	5	10	130	0.12292	0.13875	0.16521	0.19375	0.18646	0.23646
0240460407	2005	5	11	131	0.12417	0.1425	0.165	0.19625	0.18833	0.23875
0240460407	2005	5	12	132	0.14	0.15	0.18	0.21	0.21	0.26
0240460407	2005	5	13	133	0.12404	0.13851	0.1634	0.1966	0.20383	0.25043
0240460407	2005	5	14	134	0.13229	0.14479	0.17229	0.20375	0.20479	0.25312
0240460407	2005	5	15	135	0.13979	0.15	0.18	0.21	0.21	0.26
0240460407	2005	5	16	136	0.12312	0.13708	0.16375	0.19542	0.20292	0.24938
0240460407	2005	5	17	137	0.12271	0.13708	0.16271	0.19521	0.20313	0.25021
0240460407	2005	5	18	138	0.12562	0.13917	0.16417	0.19771	0.20396	0.25167
0240460407	2005	5	19	139	0.1375	0.14375	0.17042	0.20167	0.20333	0.2525
0240460407	2005	5	20	140	0.16	0.15042	0.18	0.21	0.21	0.26
0240460407	2005	5	21	141	0.15	0.1425	0.17062	0.20188	0.20625	0.25396
0240460407	2005	5	22	142	0.14229	0.13979	0.16604	0.19708	0.20479	0.25167
0240460407	2005	5	23	143	0.13646	0.13854	0.16333	0.19583	0.20354	0.25042
0240460407	2005	5	24	144	0.13729	0.14042	0.16667	0.19875	0.20417	0.2525
0240460407	2005	5	25	145	0.13333	0.13896	0.16417	0.19604	0.20417	0.25062
0240460407	2005	5	26	146	0.15	0.15	0.18	0.21	0.21	0.26
0240460407	2005	5	27	147	0.12894	0.13851	0.16383	0.19617	0.20426	0.25064
0240460407	2005	5	28	148	0.14	0.15	0.18	0.21	0.21	0.26
0240460407	2005	5	29	149	0.12979	0.14234	0.16851	0.2	0.20702	0.25362
0240460407	2005	5	30	150	0.14	0.15	0.18	0.21	0.21	0.26
0240460407	2005	5	31	151	0.11872	0.13574	0.16064	0.19149	0.20319	0.2483
0240460407	2005	6	1	152	0.11854	0.13583	0.16083	0.19375	0.19063	0.23875
0240460407	2005	6	2	153	0.13833	0.15042	0.18	0.21	0.2175	0.26
0240460407	2005	6	3	154	0.13437	0.15083	0.17875	0.20917	0.21792	0.25875
0240460407	2005	6	4	155	0.1225	0.14063	0.16437	0.19667	0.19979	0.24167
0240460407	2005	6	5	156	0.12458	0.145	0.16479	0.19875	0.2025	0.24542
0240460407	2005	6	6	157	0.11437	0.13313	0.15625	0.19104	0.19125	0.23479
0240460407	2005	6	7	158	0.10958	0.13313	0.15792	0.19083	0.19167	0.235
0240460407	2005	6	8	159	0.11042	0.13271	0.16125	0.19375	0.19583	0.23896
0240460407	2005	6	9	160	0.13	0.15	0.18	0.21	0.22	0.26
0240460407	2005	6	10	161	0.11298	0.12745	0.16362	0.19851	0.21617	0.25298
0240460407	2005	6	11	162	0.1275	0.13833	0.17354	0.20875	0.2275	0.26125
0240460407	2005	6	12	163	0.12667	0.13458	0.1675	0.20729	0.22625	0.26083
0240460407	2005	6	13	164	0.11	0.11458	0.14896	0.19396	0.20958	0.24458
0240460407	2005	6	14	165	0.17208	0.14875	0.18708	0.2375	0.21479	0.24979
0240460407	2005	6	15	166	0.15208	0.135	0.17	0.22938	0.20563	0.24292
0240460407	2005	6	16	167	0.13667	0.13104	0.16167	0.21188	0.19667	0.23958
0240460407	2005	6	17	168	0.13604	0.13729	0.16646	0.20563	0.20417	0.24333
0240460407	2005	6	18	169	0.12521	0.12687	0.16271	0.19875	0.20042	0.24229
0240460407	2005	6	19	170	0.11333	0.11854	0.15458	0.19188	0.19979	0.24125
0240460407	2005	6	20	171	0.10562	0.10875	0.14771	0.18958	0.20042	0.23958
0240460407	2005	6	21	172	0.10229	0.10187	0.14292	0.18917	0.20208	0.24187
0240460407	2005	6	22	173	0.097292	0.095833	0.13729	0.18708	0.20583	0.24083
0240460407	2005	6	23	174	0.098125	0.093542	0.13479	0.18771	0.2125	0.24792
0240460407	2005	6	24	175	0.0925	0.08625	0.12729	0.17917	0.20917	0.24854
0240460407	2005	6	25	176	0.088125	0.081667	0.12104	0.17021	0.20146	0.24833
0240460407	2005	6	26	177	0.085625	0.080417	0.11521	0.15729	0.19792	0.24667
0240460407	2005	6	27	178	0.084583	0.080417	0.11542	0.14458	0.19708	0.24917
0240460407	2005	6	28	179	0.087917	0.083125	0.11375	0.13813	0.19521	0.25042
0240460407	2005	6	29	180	0.10583	0.081042	0.11021	0.135	0.18583	0.24375
0240460407	2005	6	30	181	0.10854	0.084583	0.11229	0.13438	0.19833	0.25542
0240460407	2005	7	1	182	0.10458	0.083333	0.11083	0.12896	0.19437	0.25562
0240460407	2005	7	2	183	0.099375	0.07875	0.11	0.12333	0.18937	0.25333
0240460407	2005	7	3	184	0.096875	0.079167	0.10875	0.12	0.18667	0.25083
0240460407	2005	7	4	185	0.10542	0.084167	0.11521	0.12021	0.19208	0.25896
0240460407	2005	7	5	186	0.10083	0.082292	0.10896	0.11646	0.19125	0.25667
0240460407	2005	7	6	187	0.089167	0.06625	0.09375	0.10104	0.17271	0.23792
0240460407	2005	7	7	188	0.072083	0.049792	0.078333	0.0825	0.15188	0.21708
0240460407	2005	7	8	189	0.071458	0.04875	0.077708	0.077917	0.15146	0.21667
0240460407	2005	7	9	190	0.068333	0.046875	0.074792	0.074792	0.15021	0.21375
0240460407	2005	7	10	191		0.046667	0.074583	0.07375	0.15313	0.21354
0240460407	2005	7	11	192	0.067083	0.05	0.079583	0.078333	0.16542	0.22417
0240460407	2005	7	12	193	0.087083	0.05	0.08	0.08	0.16979	0.22958
0240460407	2005	7	13	194	0.10604	0.05	0.08	0.08	0.17	0.22938
0240460407	2005	7	14	195	0.11	0.050833	0.08	0.079167	0.16708	0.22563
0240460407	2005	7	15	196	0.11	0.05	0.08	0.08	0.17	0.23
0240460407	2005	7	16	197	0.10085	0.05617	0.083404	0.078723	0.16532	0.22298
0240460407	2005	7	17	198	0.090417	0.05625	0.085	0.078333	0.16438	0.21708
0240460407	2005	7	18	199	0.10271	0.05875	0.087917	0.079583	0.16729	0.21771
0240460407	2005	7	19	200	0.11958	0.06	0.086875	0.078958	0.165	0.215
0240460407	2005	7	20	201	0.10271	0.060208	0.086667	0.07875	0.16396	0.21354
0240460407	2005	7	21	202	0.095417	0.060417	0.086667	0.079167	0.16396	0.21354
0240460407	2005	7	22	203	0.094375	0.059792	0.086667	0.079375	0.16438	0.2125
0240460407	2005	7	23	204	0.090208	0.059167	0.086875	0.079792	0.165	0.21292
0240460407	2005	7	24	205	0.076042	0.066042	0.083542	0.099583	0.17458	0.20811
0240460407	2005	7	25	206	0.0775	0.059167	0.084167	0.0825	0.16292	0.20935
0240460407	2005	7	26	207	0.078125	0.057917	0.085625	0.078958	0.16396	0.2125
0240460407	2005	7	27	208	0.097708	0.058542	0.0875	0.079792	0.1675	0.21646
0240460407	2005	7	28	209	0.09	0.058125	0.082292	0.079167	0.16604	0.21542
0240460407	2005	7	29	210	0.084583	0.057083	0.081667	0.079583	0.16396	0.21354
0240460407	2005	7	30	211	0.0825	0.057083	0.081042	0.079375	0.16271	0.21271
0240460407	2005	7	31	212	0.074792	0.056458	0.080833	0.078958	0.16167	0.21167
0240460407	2005	8	1	213	0.073333	0.056458	0.080625	0.07875	0.16229	0.21125
0240460407	2005	8	2	214	0.072708	0.056458	0.081042	0.079583	0.16229	0.21146
0240460407	2005	8	3	215	0.068333	0.055417	0.081042	0.081042	0.16187	0.21063
0240460407	2005	8	4	216	0.067083	0.056875	0.085625	0.086875	0.16625	0.21563
0240460407	2005	8	5	217	0.069583	0.058542	0.080625	0.088333	0.16896	0.21917
0240460407	2005	8	6	218	0.066667	0.0575	0.079167	0.084375	0.16625	0.21604
0240460407	2005	8	7	219	0.06375	0.05625	0.07875	0.083125	0.16375	0.21208
0240460407	2005	8	8	220	0.063333	0.056042	0.078542	0.086042	0.16333	0.21208
0240460407	2005	8	9	221	0.062708	0.055208	0.077292	0.084583	0.16208	0.21063
0240460407	2005	8	10	222	0.063958	0.05625	0.078958	0.086458	0.16438	0.21333
0240460407	2005	8	11	223	0.062917	0.055417	0.077708	0.085	0.16271	0.21083
0240460407	2005	8	12	224	0.07	0.06	0.08	0.09	0.17	0.22
0240460407	2005	8	13	225	0.08234	0.056596	0.08	0.086596	0.16574	0.21468
0240460407	2005	8	14	226	0.092083	0.06	0.08	0.09	0.17	0.22
0240460407	2005	8	15	227	0.1	0.06	0.08	0.09	0.17	0.22
0240460407	2005	8	16	228	0.11085	0.059149	0.08	0.089149	0.17	0.21957
0240460407	2005	8	17	229	0.10688	0.057083	0.08	0.086875	0.1675	0.21604
0240460407	2005	8	18	230	0.11	0.06	0.08	0.09	0.17	0.22
0240460407	2005	8	19	231	0.13936	0.095957	0.13809	0.12553	0.17085	0.21404
0240460407	2005	8	20	232	0.14208	0.10708	0.14021	0.12875	0.16646	0.21208
0240460407	2005	8	21	233	0.14	0.11	0.14	0.13	0.17	0.22
0240460407	2005	8	22	234	0.13617	0.10553	0.12723	0.12085	0.15723	0.21128
0240460407	2005	8	23	235	0.13083	0.105	0.12521	0.11729	0.15479	0.2125
0240460407	2005	8	24	236	0.12458	0.10354	0.12458	0.11646	0.15542	0.2125
0240460407	2005	8	25	237	0.12167	0.10271	0.12812	0.11938	0.15958	0.21875
0240460407	2005	8	26	238	0.12188	0.10292	0.12771	0.11875	0.15896	0.21833
0240460407	2005	8	27	239	0.11583	0.098125	0.11854	0.11688	0.15604	0.21438
0240460407	2005	8	28	240	0.11375	0.097083	0.11708	0.11563	0.15458	0.21229
0240460407	2005	8	29	241	0.10708	0.097083	0.11708	0.11271	0.15521	0.21354
0240460407	2005	8	30	242	0.11	0.1	0.12	0.11	0.16	0.22
0240460407	2005	8	31	243	0.10083	0.094792	0.11708	0.10896	0.15625	0.21521
0240460407	2005	9	1	244	0.094792	0.088542	0.11438	0.10708	0.15438	0.21229
0240460407	2005	9	2	245	0.093125	0.086042	0.10688	0.10583	0.15313	0.21063
0240460407	2005	9	3	246	0.091458	0.085625	0.10563	0.10583	0.15292	0.21021
0240460407	2005	9	4	247	0.086042	0.085208	0.10521	0.10521	0.1525	0.21
0240460407	2005	9	5	248	0.085833	0.086042	0.10625	0.10646	0.15417	0.21271
0240460407	2005	9	6	249	0.083333	0.079583	0.10396	0.10458	0.15167	0.20938
0240460407	2005	9	7	250	0.083125	0.077292	0.10396	0.105	0.1525	0.21021
0240460407	2005	9	8	251	0.083125	0.076875	0.10417	0.10521	0.15313	0.21063
0240460407	2005	9	9	252	0.082083	0.076042	0.10313	0.10458	0.15188	0.20896
0240460407	2005	9	10	253	0.080208	0.074583	0.10083	0.10313	0.15	0.2075
0240460407	2005	9	11	254	0.074792	0.073958	0.094792	0.10208	0.14917	0.20604
0240460407	2005	9	12	255	0.071875	0.072292	0.092708	0.10042	0.14833	0.20396
0240460407	2005	9	13	256	0.071875	0.0725	0.092292	0.10104	0.14854	0.20438
0240460407	2005	9	14	257	0.077708	0.078125	0.098958	0.1075	0.15688	0.21563
0240460407	2005	9	15	258	0.08	0.08	0.1	0.11	0.16	0.22
0240460407	2005	9	16	259						
0240460407	2005	9	17	260						
0240460407	2005	9	18	261						
0240460407	2005	9	19	262						
0240460407	2005	9	20	263	0.14404	0.10638	0.13085	0.10489	0.15468	0.2117
0240460407	2005	9	21	264	0.15	0.11	0.13	0.11	0.16	0.22
0240460407	2005	9	22	265	0.1334	0.1	0.11766	0.099362	0.1466	0.20234
0240460407	2005	9	23	266	0.14813	0.11479	0.14271	0.12792	0.17063	0.22
0240460407	2005	9	24	267	0.1425	0.10917	0.14188	0.13687	0.16146	0.20854
0240460407	2005	9	25	268	0.1625	0.12167	0.16375	0.16417	0.17396	0.22
0240460407	2005	9	26	269	0.16188	0.11438	0.15729	0.16688	0.17375	0.21292
0240460407	2005	9	27	270	0.14854	0.10333	0.14146	0.15375	0.16146	0.19938
0240460407	2005	9	28	271	0.15625	0.10938	0.14917	0.16417	0.16937	0.20813
0240460407	2005	9	29	272	0.1525	0.10542	0.14458	0.16125	0.16479	0.20063
0240460407	2005	9	30	273	0.14979	0.10333	0.14042	0.15958	0.1625	0.19938
0240460407	2005	10	1	274	0.14875	0.10354	0.14063	0.15854	0.16208	0.19979
0240460407	2005	10	2	275	0.15208	0.10604	0.14438	0.16312	0.16917	0.20896
0240460407	2005	10	3	276	0.15021	0.10417	0.14125	0.16042	0.16812	0.20729
0240460407	2005	10	4	277	0.14896	0.10396	0.14083	0.15958	0.16875	0.20729
0240460407	2005	10	5	278	0.14771	0.10438	0.14167	0.16021	0.16896	0.20854
0240460407	2005	10	6	279	0.14417	0.10625	0.14396	0.16333	0.16646	0.21208
0240460407	2005	10	7	280	0.14458	0.1075	0.14646	0.16271	0.1675	0.21563
0240460407	2005	10	8	281	0.13583	0.105	0.14375	0.15729	0.165	0.21188
0240460407	2005	10	9	282	0.13458	0.10438	0.14188	0.15479	0.16438	0.21104
0240460407	2005	10	10	283	0.13937	0.10938	0.14938	0.15979	0.16958	0.21917
0240460407	2005	10	11	284	0.14	0.11	0.15	0.16167	0.17	0.22
0240460407	2005	10	12	285	0.13312	0.10458	0.1425	0.15583	0.16458	0.21104
0240460407	2005	10	13	286	0.13187	0.10438	0.14167	0.15479	0.16375	0.21
0240460407	2005	10	14	287	0.12396	0.10229	0.13875	0.15188	0.16083	0.20708
0240460407	2005	10	15	288	0.12292	0.10292	0.13875	0.15333	0.1625	0.20854
0240460407	2005	10	16	289	0.13	0.11	0.14	0.16	0.17	0.22
0240460407	2005	10	17	290	0.12404	0.10447	0.14	0.1566	0.16447	0.21085
0240460407	2005	10	18	291	0.12021	0.10146	0.13458	0.15146	0.16062	0.20604
0240460407	2005	10	19	292	0.11063	0.12479	0.14958	0.16187	0.19625	0.19353
0240460407	2005	10	20	293	0.14646	0.11229	0.14458	0.16708	0.17312	0.22
0240460407	2005	10	21	294	0.16063	0.11083	0.15104	0.17667	0.17604	0.22
0240460407	2005	10	22	295	0.15521	0.10729	0.14563	0.165	0.16688	0.2125
0240460407	2005	10	23	296	0.15708	0.10813	0.14729	0.16375	0.16875	0.21625
0240460407	2005	10	24	297	0.15146	0.10979	0.14917	0.16	0.17	0.21938
0240460407	2005	10	25	298	0.14833	0.10833	0.14625	0.15938	0.16833	0.21688
0240460407	2005	10	26	299	0.14625	0.10625	0.14229	0.15813	0.16625	0.21375
0240460407	2005	10	27	300	0.14604	0.10563	0.14146	0.15667	0.16604	0.21292
0240460407	2005	10	28	301	0.15	0.11	0.14	0.16	0.17	0.22
0240460407	2005	10	29	302						
0240460407	2005	10	30	303						
0240460407	2005	10	31	304						
0240460407	2005	11	1	305						
0240460407	2005	11	2	306	0.1534	0.1066	0.14362	0.15957	0.16468	0.22021
0240460407	2005	11	3	307	0.15063	0.10708	0.14458	0.16125	0.16646	0.21875
0240460407	2005	11	4	308	0.14646	0.10729	0.14646	0.16438	0.16688	0.21625
0240460407	2005	11	5	309	0.14813	0.10979	0.14896	0.16854	0.17271	0.22043
0240460407	2005	11	6	310	0.16042	0.11	0.15	0.17	0.17437	0.22
0240460407	2005	11	7	311	0.16	0.11	0.15	0.17	0.17	0.22
0240460407	2005	11	8	312						
0240460407	2005	11	9	313						
0240460407	2005	11	10	314						
0240460407	2005	11	11	315						
0240460407	2005	11	12	316						
0240460407	2005	11	13	317						
0240460407	2005	11	14	318						
0240460407	2005	11	15	319						
0240460407	2005	11	16	320						
0240460407	2005	11	17	321						
0240460407	2005	11	18	322						
0240460407	2005	11	19	323						
0240460407	2005	11	20	324						
0240460407	2005	11	21	325						
0240460407	2005	11	22	326						
0240460407	2005	11	23	327						
0240460407	2005	11	24	328						
0240460407	2005	11	25	329						
0240460407	2005	11	26	330						
0240460407	2005	11	27	331						
0240460407	2005	11	28	332						
0240460407	2005	11	29	333						
0240460407	2005	11	30	334						
0240460407	2005	12	1	335						
0240460407	2005	12	2	336						
0240460407	2005	12	3	337						
0240460407	2005	12	4	338						
0240460407	2005	12	5	339						
0240460407	2005	12	6	340						
0240460407	2005	12	7	341						
0240460407	2005	12	8	342	0.14	0.11	0.14	0.16	0.17	0.22
0240460407	2005	12	9	343	0.13851	0.10766	0.13894	0.15787	0.16745	0.2166
0240460407	2005	12	10	344	0.14271	0.10854	0.13875	0.15854	0.16729	0.21708
0240460407	2005	12	11	345	0.15167	0.11	0.14	0.16	0.16979	0.21938
0240460407	2005	12	12	346	0.15729	0.10813	0.13896	0.15813	0.16729	0.21688
0240460407	2005	12	13	347	0.16	0.11	0.14	0.16	0.17	0.22
0240460407	2005	12	14	348	0.16292	0.11292	0.15042	0.16792	0.17	0.22
0240460407	2005	12	15	349	0.165	0.11771	0.15979	0.18125	0.17	0.21917
0240460407	2005	12	16	350	0.15583	0.11354	0.15208	0.17313	0.17417	0.21977
0240460407	2005	12	17	351	0.15917	0.10917	0.14833	0.15917	0.16917	0.21896
0240460407	2005	12	18	352	0.15375	0.11	0.14729	0.16	0.17	0.22
0240460407	2005	12	19	353	0.15	0.10958	0.14104	0.16	0.16937	0.21896
0240460407	2005	12	20	354	0.14917	0.10938	0.14146	0.15979	0.16896	0.21896
0240460407	2005	12	21	355	0.14854	0.10896	0.14	0.15896	0.16854	0.21813
0240460407	2005	12	22	356	0.14896	0.10896	0.14	0.15896	0.16896	0.21896
0240460407	2005	12	23	357	0.16062	0.12125	0.14938	0.17208	0.16875	0.21792
0240460407	2005	12	24	358	0.16667	0.12313	0.16292	0.18208	0.17	0.22
0240460407	2005	12	25	359	0.16917	0.12354	0.16813	0.18875	0.17	0.22
0240460407	2005	12	26	360	0.16	0.11	0.15	0.16937	0.17	0.22
0240460407	2005	12	27	361	0.16375	0.11375	0.14875	0.16458	0.16896	0.21854
0240460407	2005	12	28	362	0.17229	0.13	0.15625	0.17479	0.17	0.22
0240460407	2005	12	29	363	0.16063	0.11063	0.15	0.16854	0.17	0.22
0240460407	2005	12	30	364	0.16313	0.11208	0.15313	0.16458	0.17	0.22
0240460407	2005	12	31	365	0.16708	0.11792	0.15375	0.18354	0.17	0.22
0240460407	2006	1	1	1	0.16	0.11	0.15	0.17	0.17	0.22
0240460407	2006	1	2	2	0.17	0.11979	0.15	0.17	0.17	0.22
0240460407	2006	1	3	3	0.16667	0.11625	0.15	0.17	0.17	0.22
0240460407	2006	1	4	4	0.16	0.11	0.15	0.16625	0.17	0.22
0240460407	2006	1	5	5	0.16	0.11	0.15	0.16	0.17	0.22
0240460407	2006	1	6	6	0.16	0.11	0.15	0.16	0.17	0.22
0240460407	2006	1	7	7	0.15792	0.11	0.14875	0.16	0.17	0.21938
0240460407	2006	1	8	8	0.15958	0.11	0.14958	0.15958	0.16958	0.21958
0240460407	2006	1	9	9	0.16	0.11	0.15	0.16	0.17	0.22
0240460407	2006	1	10	10	0.16	0.11	0.15	0.16	0.17	0.22
0240460407	2006	1	11	11	0.16	0.11	0.15	0.16	0.17	0.22
0240460407	2006	1	12	12	0.15813	0.10917	0.1475	0.15833	0.16812	0.21646
0240460407	2006	1	13	13	0.16313	0.1125	0.15063	0.16583	0.17	0.22
0240460407	2006	1	14	14	0.16	0.11063	0.14896	0.16875	0.17	0.21854
0240460407	2006	1	15	15	0.15938	0.10958	0.14938	0.15979	0.16937	0.21917
0240460407	2006	1	16	16	0.15875	0.10938	0.14792	0.15938	0.16875	0.21771
0240460407	2006	1	17	17	0.16688	0.12146	0.17042	0.18583	0.17	0.22
0240460407	2006	1	18	18	0.16	0.11	0.15	0.19	0.17	0.22
0240460407	2006	1	19	19	0.15723	0.10894	0.14723	0.1583	0.16915	0.21681
0240460407	2006	1	20	20	0.16125	0.11458	0.15167	0.16396	0.17833	0.22
0240460407	2006	1	21	21	0.16167	0.11813	0.15188	0.17208	0.17583	0.21521
0240460407	2006	1	22	22	0.16	0.11	0.15	0.16	0.18	0.22
0240460407	2006	1	23	23	0.16	0.11	0.15	0.16	0.18	0.22
0240460407	2006	1	24	24	0.1575	0.10938	0.14729	0.15896	0.1775	0.21708
0240460407	2006	1	25	25	0.15229	0.10917	0.14667	0.15854	0.1775	0.21667
0240460407	2006	1	26	26	0.14708	0.10729	0.14563	0.15729	0.17604	0.215
0240460407	2006	1	27	27	0.15021	0.10854	0.14646	0.15813	0.17708	0.21688
0240460407	2006	1	28	28	0.16021	0.11292	0.15208	0.16271	0.18	0.22
0240460407	2006	1	29	29	0.17229	0.14542	0.17	0.19063	0.18	0.22
0240460407	2006	1	30	30	0.16	0.11875	0.15	0.16729	0.18	0.22
0240460407	2006	1	31	31	0.16	0.1125	0.14958	0.16	0.17958	0.21958
0240460407	2006	2	1	32	0.15854	0.10979	0.14771	0.15896	0.17771	0.21688
0240460407	2006	2	2	33	0.16	0.11	0.15	0.16	0.18	0.22
0240460407	2006	2	3	34	0.15854	0.11208	0.14771	0.15854	0.17792	0.21625
0240460407	2006	2	4	35	0.15813	0.11	0.15	0.16	0.18	0.22
0240460407	2006	2	5	36	0.14896	0.10938	0.14688	0.15896	0.17771	0.21729
0240460407	2006	2	6	37	0.14604	0.10813	0.14313	0.15708	0.17583	0.21479
0240460407	2006	2	7	38	0.14646	0.10813	0.14292	0.15771	0.17625	0.21542
0240460407	2006	2	8	39	0.1475	0.10854	0.14146	0.15854	0.17646	0.21625
0240460407	2006	2	9	40	0.14208	0.10896	0.13958	0.15771	0.17687	0.21604
0240460407	2006	2	10	41	0.14333	0.10896	0.14083	0.15813	0.1775	0.21646
0240460407	2006	2	11	42	0.14646	0.11042	0.14146	0.16	0.17937	0.2183
0240460407	2006	2	12	43	0.14771	0.11	0.14062	0.16	0.17958	0.21958
0240460407	2006	2	13	44	0.14	0.11	0.14062	0.15917	0.175	0.21813
0240460407	2006	2	14	45	0.13646	0.10729	0.14021	0.15646	0.1675	0.21313
0240460407	2006	2	15	46	0.14292	0.10875	0.14313	0.15771	0.17229	0.21583
0240460407	2006	2	16	47	0.16771	0.11938	0.15125	0.17667	0.17979	0.22
0240460407	2006	2	17	48	0.15583	0.11417	0.14875	0.17063	0.17125	0.21813
0240460407	2006	2	18	49	0.12354	0.11	0.14375	0.16	0.17	0.21875
0240460407	2006	2	19	50	0.099375	0.10917	0.13917	0.15896	0.16896	0.21667
0240460407	2006	2	20	51	0.099792	0.10896	0.13958	0.15896	0.16917	0.21729
0240460407	2006	2	21	52	0.10104	0.10688	0.13937	0.15667	0.16604	0.21354
0240460407	2006	2	22	53	0.10813	0.10708	0.13854	0.15708	0.16646	0.21333
0240460407	2006	2	23	54	0.11917	0.10708	0.13812	0.15688	0.16562	0.21333
0240460407	2006	2	24	55	0.12979	0.10854	0.13958	0.15771	0.1675	0.21563
0240460407	2006	2	25	56	0.13896	0.10896	0.13896	0.15875	0.16812	0.21625
0240460407	2006	2	26	57	0.13458	0.1075	0.13917	0.15688	0.16625	0.21313
0240460407	2006	2	27	58	0.13604	0.1075	0.13833	0.15625	0.16562	0.21333
0240460407	2006	2	28	59	0.13708	0.10792	0.14063	0.15729	0.16688	0.21458
0240460407	2006	3	1	60	0.13792	0.10917	0.14396	0.15875	0.16792	0.21667
0240460407	2006	3	2	61	0.14	0.11	0.14958	0.16	0.17	0.22
0240460407	2006	3	3	62	0.13583	0.10708	0.13917	0.15625	0.16583	0.21271
0240460407	2006	3	4	63	0.13375	0.10708	0.13792	0.15646	0.165	0.21292
0240460407	2006	3	5	64	0.13979	0.11	0.14	0.16	0.17	0.22
0240460407	2006	3	6	65	0.13937	0.11167	0.14146	0.16146	0.17106	0.22
0240460407	2006	3	7	66	0.13667	0.10938	0.14313	0.15917	0.16702	0.21532
0240460407	2006	3	8	67	0.14	0.11	0.15	0.16	0.17	0.22
0240460407	2006	3	9	68	0.17468	0.12787	0.16383	0.18298	0.17	0.22
0240460407	2006	3	10	69	0.16854	0.11958	0.15146	0.17083	0.16979	0.21771
0240460407	2006	3	11	70	0.17	0.12	0.15	0.17	0.17	0.22
0240460407	2006	3	12	71						
0240460407	2006	3	13	72						
0240460407	2006	3	14	73	0.16191	0.11617	0.14638	0.16553	0.17404	0.21404
0240460407	2006	3	15	74	0.15708	0.115	0.14563	0.16375	0.17396	0.21354
0240460407	2006	3	16	75	0.15896	0.11771	0.14813	0.16604	0.17729	0.21708
0240460407	2006	3	17	76	0.15625	0.11604	0.14625	0.16188	0.17188	0.21521
0240460407	2006	3	18	77	0.155	0.11563	0.14563	0.15729	0.16729	0.21354
0240460407	2006	3	19	78	0.14813	0.11375	0.14583	0.15729	0.16667	0.21333
0240460407	2006	3	20	79	0.15	0.11875	0.15	0.16	0.17	0.22
0240460407	2006	3	21	80	0.14938	0.11083	0.14896	0.15979	0.16958	0.21938
0240460407	2006	3	22	81	0.14604	0.10875	0.14542	0.16604	0.16688	0.21333
0240460407	2006	3	23	82	0.15812	0.12458	0.16188	0.17979	0.16917	0.21563
0240460407	2006	3	24	83	0.17	0.12	0.15042	0.17958	0.17521	0.22
0240460407	2006	3	25	84	0.16333	0.11792	0.14792	0.16583	0.17125	0.21771
0240460407	2006	3	26	85	0.15938	0.11667	0.14667	0.15979	0.17083	0.21646
0240460407	2006	3	27	86	0.16375	0.12063	0.15042	0.16354	0.17687	0.22
0240460407	2006	3	28	87	0.17	0.12021	0.15167	0.17854	0.18	0.22
0240460407	2006	3	29	88	0.16958	0.11979	0.15	0.16979	0.17937	0.22
0240460407	2006	3	30	89	0.16208	0.11563	0.14479	0.16333	0.17292	0.21354
0240460407	2006	3	31	90	0.16062	0.11708	0.14625	0.16563	0.17396	0.21583
0240460407	2006	4	1	91	0.16	0.12	0.15	0.17	0.18	0.22
0240460407	2006	4	2	92	0.16583	0.12083	0.15312	0.17313	0.17854	0.21958
0240460407	2006	4	3	93	0.16875	0.12083	0.15563	0.18208	0.18062	0.22043
0240460407	2006	4	4	94	0.16208	0.11438	0.14438	0.16313	0.1725	0.21333
0240460407	2006	4	5	95	0.155	0.11417	0.14396	0.16208	0.1725	0.21438
0240460407	2006	4	6	96	0.17562	0.13938	0.16479	0.18542	0.17979	0.22958
0240460407	2006	4	7	97	0.16708	0.12	0.14979	0.16875	0.17354	0.21938
0240460407	2006	4	8	98	0.16521	0.1175	0.14708	0.16625	0.17625	0.22208
0240460407	2006	4	9	99	0.15708	0.11542	0.14479	0.16271	0.17187	0.21667
0240460407	2006	4	10	100	0.15292	0.11563	0.14396	0.16292	0.17292	0.21875
0240460407	2006	4	11	101	0.15083	0.11708	0.14583	0.16521	0.17521	0.22125
0240460407	2006	4	12	102	0.13583	0.11583	0.14458	0.16271	0.17229	0.2125
0240460407	2006	4	13	103	0.1175	0.11292	0.14271	0.16229	0.17208	0.21229
0240460407	2006	4	14	104	0.11063	0.11563	0.14542	0.16542	0.17396	0.21604
0240460407	2006	4	15	105	0.10188	0.11208	0.14188	0.16104	0.16937	0.21021
0240460407	2006	4	16	106	0.13375	0.12104	0.15208	0.1725	0.17687	0.22167
0240460407	2006	4	17	107	0.17583	0.12	0.15188	0.16771	0.17479	0.22208
0240460407	2006	4	18	108	0.18	0.12	0.15	0.17	0.18	0.22
0240460407	2006	4	19	109	0.16851	0.11638	0.14149	0.16021	0.16936	0.21383
0240460407	2006	4	20	110	0.16708	0.11438	0.14167	0.16146	0.17042	0.21583
0240460407	2006	4	21	111	0.16146	0.11458	0.14313	0.16208	0.17125	0.21417
0240460407	2006	4	22	112	0.15604	0.11458	0.14146	0.16146	0.16979	0.2125
0240460407	2006	4	23	113	0.14458	0.11167	0.14	0.15958	0.16813	0.21146
0240460407	2006	4	24	114	0.13562	0.1125	0.13979	0.16021	0.16854	0.21188
0240460407	2006	4	25	115	0.14	0.12	0.15	0.17	0.18	0.23
0240460407	2006	4	26	116						
0240460407	2006	4	27	117						
0240460407	2006	4	28	118						
0240460407	2006	4	29	119						
0240460407	2006	4	30	120						
0240460407	2006	5	1	121						
0240460407	2006	5	2	122						
0240460407	2006	5	3	123						
0240460407	2006	5	4	124						
0240460407	2006	5	5	125	0.15085	0.11404	0.14277	0.1634	0.17234	0.21915
0240460407	2006	5	6	126	0.15	0.12	0.15	0.17	0.18	0.23
0240460407	2006	5	7	127						
0240460407	2006	5	8	128	0.13383	0.11404	0.14362	0.16447	0.17383	0.22043
0240460407	2006	5	9	129	0.1325	0.11708	0.14667	0.16771	0.17729	0.225
0240460407	2006	5	10	130	0.13021	0.12	0.15	0.17	0.18	0.23
0240460407	2006	5	11	131	0.16	0.11938	0.14917	0.17	0.18	0.22917
0240460407	2006	5	12	132	0.16	0.12	0.15	0.17	0.18	0.23
0240460407	2006	5	13	133						
0240460407	2006	5	14	134						
0240460407	2006	5	15	135	0.16936	0.12404	0.15234	0.17809	0.18	0.22936
0240460407	2006	5	16	136	0.16583	0.12104	0.14833	0.17	0.1775	0.22458
0240460407	2006	5	17	137	0.15604	0.11917	0.14729	0.16958	0.17458	0.21936
0240460407	2006	5	18	138	0.16396	0.1225	0.15146	0.18542	0.17833	0.22417
0240460407	2006	5	19	139	0.16	0.12	0.15	0.17	0.18	0.23
0240460407	2006	5	20	140						
0240460407	2006	5	21	141						
0240460407	2006	5	22	142						
0240460407	2006	5	23	143						
0240460407	2006	5	24	144						
0240460407	2006	5	25	145						
0240460407	2006	5	26	146						
0240460407	2006	5	27	147						
0240460407	2006	5	28	148						
0240460407	2006	5	29	149						
0240460407	2006	5	30	150	0.10362	0.11638	0.14851	0.16872	0.1783	0.21766
0240460407	2006	5	31	151	0.12	0.12	0.16	0.18	0.19	0.23
0240460407	2006	6	1	152						
0240460407	2006	6	2	153	0.16255	0.1234	0.15277	0.17277	0.1817	0.22106
0240460407	2006	6	3	154	0.15146	0.12146	0.15125	0.17125	0.18063	0.21979
0240460407	2006	6	4	155	0.14458	0.12104	0.15208	0.17188	0.18188	0.22146
0240460407	2006	6	5	156	0.13979	0.11896	0.14792	0.16792	0.17708	0.21708
0240460407	2006	6	6	157	0.13667	0.12208	0.15271	0.17292	0.17979	0.21896
0240460407	2006	6	7	158	0.13208	0.12167	0.15042	0.17083	0.17771	0.21583
0240460407	2006	6	8	159	0.12625	0.12083	0.15104	0.17083	0.17729	0.21646
0240460407	2006	6	9	160	0.12437	0.12396	0.15354	0.17375	0.18167	0.21958
0240460407	2006	6	10	161	0.13	0.13	0.16	0.18	0.19	0.23
0240460407	2006	6	11	162						
0240460407	2006	6	12	163	0.13298	0.11766	0.14723	0.17149	0.17915	0.21766
0240460407	2006	6	13	164	0.13187	0.11771	0.14792	0.17125	0.17833	0.2175
0240460407	2006	6	14	165	0.14	0.12	0.15	0.18	0.19	0.23
0240460407	2006	6	15	166						
0240460407	2006	6	16	167						
0240460407	2006	6	17	168						
0240460407	2006	6	18	169						
0240460407	2006	6	19	170						
0240460407	2006	6	20	171						
0240460407	2006	6	21	172						
0240460407	2006	6	22	173						
0240460407	2006	6	23	174						
0240460407	2006	6	24	175						
0240460407	2006	6	25	176						
0240460407	2006	6	26	177	0.10319	0.11383	0.14404	0.17043	0.17851	0.21766
0240460407	2006	6	27	178	0.109	0.119	0.1495	0.179	0.1885	0.229
0240460407	2006	6	28	179	0.10447	0.11383	0.14447	0.1717	0.17851	0.21851
0240460407	2006	6	29	180	0.10292	0.11146	0.14167	0.16854	0.17583	0.21438
0240460407	2006	6	30	181	0.11146	0.11625	0.14688	0.17583	0.18375	0.22396
0240460407	2006	7	1	182	0.1075	0.11167	0.14313	0.17042	0.17771	0.21688
0240460407	2006	7	2	183	0.11	0.12	0.15	0.18	0.19	0.23
0240460407	2006	7	3	184						
0240460407	2006	7	4	185	0.14511	0.12872	0.15894	0.18064	0.19319	0.22848
0240460407	2006	7	5	186	0.13854	0.11979	0.15333	0.17396	0.18146	0.22125
0240460407	2006	7	6	187	0.13083	0.11583	0.14604	0.17146	0.17917	0.21688
0240460407	2006	7	7	188	0.12187	0.11396	0.14479	0.16833	0.17771	0.21333
0240460407	2006	7	8	189	0.12	0.11438	0.14542	0.16917	0.17771	0.21479
0240460407	2006	7	9	190	0.11958	0.11458	0.15	0.17042	0.18188	0.21563
0240460407	2006	7	10	191	0.11375	0.11354	0.14896	0.17	0.18125	0.21625
0240460407	2006	7	11	192	0.15313	0.13042	0.16458	0.18604	0.19833	0.23542
0240460407	2006	7	12	193	0.16	0.13	0.16	0.18	0.2	0.24
0240460407	2006	7	13	194	0.1617	0.12787	0.15617	0.17617	0.19085	0.23
0240460407	2006	7	14	195	0.15354	0.12375	0.15437	0.17417	0.18708	0.22646
0240460407	2006	7	15	196	0.14396	0.12021	0.14833	0.16875	0.18333	0.21532
0240460407	2006	7	16	197	0.13604	0.11833	0.14521	0.16604	0.17938	0.21271
0240460407	2006	7	17	198	0.12937	0.11958	0.14729	0.16646	0.18083	0.21783
0240460407	2006	7	18	199	0.12729	0.11979	0.14792	0.16854	0.18187	0.21833
0240460407	2006	7	19	200	0.11875	0.11854	0.14729	0.16729	0.18167	0.21854
0240460407	2006	7	20	201	0.13375	0.12687	0.15667	0.17708	0.19312	0.23313
0240460407	2006	7	21	202	0.13958	0.12917	0.15917	0.18	0.19917	0.23833
0240460407	2006	7	22	203						
0240460407	2006	7	23	204	0.075	0.065	0.085	0.1	0.11	
0240460407	2006	7	24	205						
0240460407	2006	7	25	206						
0240460407	2006	7	26	207						
0240460407	2006	7	27	208	0.16723	0.13468	0.16234	0.1883	0.19447	0.23239
0240460407	2006	7	28	209	0.16104	0.12479	0.15333	0.17375	0.18688	0.22542
0240460407	2006	7	29	210	0.15521	0.12437	0.15063	0.17083	0.18375	0.22125
0240460407	2006	7	30	211	0.14625	0.12354	0.14979	0.17042	0.18375	0.22042
0240460407	2006	7	31	212	0.13458	0.12292	0.14979	0.16917	0.18354	0.21958
0240460407	2006	8	1	213	0.12479	0.12125	0.14938	0.17021	0.18417	0.22083
0240460407	2006	8	2	214	0.11542	0.12083	0.14854	0.17104	0.18396	0.22125
0240460407	2006	8	3	215	0.11167	0.12146	0.1475	0.17625	0.19062	0.23167
0240460407	2006	8	4	216	0.10229	0.11271	0.14229	0.17229	0.18604	0.22396
0240460407	2006	8	5	217	0.096667	0.10104	0.13729	0.17083	0.18521	0.22313
0240460407	2006	8	6	218	0.086667	0.08875	0.12833	0.16688	0.18542	0.22313
0240460407	2006	8	7	219	0.11125	0.091042	0.12917	0.16854	0.19583	0.23583
0240460407	2006	8	8	220	0.13	0.09	0.13	0.17	0.2	0.24
0240460407	2006	8	9	221	0.15957	0.13681	0.16	0.18596	0.19426	0.23723
0240460407	2006	8	10	222	0.17083	0.14542	0.16208	0.18542	0.19	0.23854
0240460407	2006	8	11	223	0.16979	0.14	0.15979	0.17979	0.18979	0.23875
0240460407	2006	8	12	224	0.16083	0.13583	0.15625	0.17583	0.18104	0.23063
0240460407	2006	8	13	225	0.15271	0.13437	0.15354	0.17417	0.17792	0.22604
0240460407	2006	8	14	226	0.15438	0.13417	0.15292	0.17437	0.18083	0.22875
0240460407	2006	8	15	227	0.14979	0.13083	0.14813	0.17063	0.17438	0.22083
0240460407	2006	8	16	228	0.14479	0.1275	0.14313	0.16896	0.17458	0.22146
0240460407	2006	8	17	229	0.13625	0.12312	0.14229	0.16813	0.17333	0.21729
0240460407	2006	8	18	230	0.16458	0.13896	0.16313	0.19042	0.18958	0.23438
0240460407	2006	8	19	231	0.1625	0.14292	0.15687	0.17646	0.17604	0.22521
0240460407	2006	8	20	232	0.17	0.15167	0.1575	0.17667	0.1775	0.225
0240460407	2006	8	21	233	0.16688	0.14375	0.15188	0.17104	0.17521	0.22063
0240460407	2006	8	22	234	0.16042	0.14271	0.15083	0.17021	0.17417	0.21896
0240460407	2006	8	23	235	0.15854	0.14125	0.15021	0.16896	0.17271	0.2175
0240460407	2006	8	24	236	0.15375	0.14104	0.14917	0.16958	0.17313	0.21896
0240460407	2006	8	25	237	0.14542	0.14104	0.14917	0.16958	0.1725	0.21792
0240460407	2006	8	26	238	0.15167	0.14771	0.15604	0.17833	0.18542	0.23542
0240460407	2006	8	27	239	0.16	0.15	0.16	0.18	0.19	0.24
0240460407	2006	8	28	240						
0240460407	2006	8	29	241						
0240460407	2006	8	30	242						
0240460407	2006	8	31	243						
0240460407	2006	9	1	244						
0240460407	2006	9	2	245	0.15596	0.14383	0.14787	0.17043	0.17468	0.22574
0240460407	2006	9	3	246	0.14458	0.13625	0.14542	0.16646	0.17104	0.22167
0240460407	2006	9	4	247	0.13729	0.13604	0.14521	0.16583	0.17229	0.22188
0240460407	2006	9	5	248	0.13667	0.13833	0.14792	0.16833	0.17687	0.22688
0240460407	2006	9	6	249	0.12708	0.13292	0.1425	0.16312	0.16958	0.2175
0240460407	2006	9	7	250	0.12229	0.13146	0.14125	0.16187	0.16833	0.21542
0240460407	2006	9	8	251	0.11938	0.12771	0.14083	0.16167	0.16792	0.21563
0240460407	2006	9	9	252	0.11208	0.12229	0.14021	0.16083	0.16708	0.215
0240460407	2006	9	10	253	0.1075	0.11958	0.13938	0.16021	0.16708	0.21396
0240460407	2006	9	11	254	0.10854	0.11875	0.14208	0.16813	0.1775	0.22833
0240460407	2006	9	12	255	0.10688	0.11479	0.13771	0.16667	0.17458	0.225
0240460407	2006	9	13	256	0.11	0.11	0.14	0.17	0.18	0.23
0240460407	2006	9	14	257	0.10729	0.10708	0.1375	0.16625	0.17646	0.22688
0240460407	2006	9	15	258	0.10167	0.10042	0.13333	0.16187	0.16875	0.21813
0240460407	2006	9	16	259	0.093125	0.09375	0.12917	0.15896	0.16646	0.21292
0240460407	2006	9	17	260	0.10646	0.095625	0.1325	0.16312	0.17104	0.22083
0240460407	2006	9	18	261	0.13937	0.099792	0.12979	0.16479	0.17792	0.22854
0240460407	2006	9	19	262	0.13958	0.1	0.13	0.16	0.18	0.23
0240460407	2006	9	20	263	0.12542	0.096042	0.12417	0.15417	0.17021	0.21833
0240460407	2006	9	21	264	0.12562	0.097917	0.12708	0.15646	0.1725	0.22271
0240460407	2006	9	22	265	0.12792	0.10125	0.12896	0.15875	0.17667	0.22771
0240460407	2006	9	23	266	0.13	0.10729	0.13	0.16	0.18	0.23
0240460407	2006	9	24	267	0.13	0.1	0.13	0.16	0.18	0.23
0240460407	2006	9	25	268	0.12188	0.1	0.12875	0.15833	0.17583	0.22729
0240460407	2006	9	26	269	0.11417	0.0975	0.12479	0.15438	0.16958	0.22021
0240460407	2006	9	27	270	0.11	0.099583	0.12854	0.15854	0.17667	0.22792
0240460407	2006	9	28	271	0.09875	0.095208	0.12271	0.15521	0.16896	0.22542
0240460407	2006	9	29	272	0.096667	0.089167	0.11833	0.15021	0.16562	0.22396
0240460407	2006	9	30	273	0.09125	0.087708	0.11708	0.14792	0.16333	0.22188
0240460407	2006	10	1	274	0.084167	0.085833	0.11354	0.14271	0.15896	0.21271
0240460407	2006	10	2	275	0.09	0.09	0.12	0.15	0.17	0.23
0240460407	2006	10	3	276						
0240460407	2006	10	4	277	0.10809	0.094681	0.1217	0.14723	0.16553	0.21319
0240460407	2006	10	5	278	0.11	0.1	0.13	0.15	0.18	0.23
0240460407	2006	10	6	279	0.094681	0.093191	0.11532	0.14383	0.16	0.21553
0240460407	2006	10	7	280	0.092083	0.090833	0.11375	0.14229	0.15875	0.21271
0240460407	2006	10	8	281	0.085	0.087708	0.11188	0.14104	0.1575	0.21104
0240460407	2006	10	9	282	0.083542	0.0875	0.11208	0.14146	0.15792	0.21208
0240460407	2006	10	10	283	0.087292	0.088542	0.11813	0.14708	0.165	0.22354
0240460407	2006	10	11	284	0.09	0.090625	0.12063	0.15042	0.17146	0.23
0240460407	2006	10	12	285	0.09	0.09	0.12	0.15	0.17	0.23
0240460407	2006	10	13	286						
0240460407	2006	10	14	287						
0240460407	2006	10	15	288	0.09	0.09	0.11	0.14	0.17	0.23
0240460407	2006	10	16	289	0.09	0.09	0.11	0.14	0.17	0.23
0240460407	2006	10	17	290	0.17	0.15213	0.1666	0.18809	0.19723	0.23
0240460407	2006	10	18	291	0.16979	0.15	0.15896	0.17771	0.19	0.23
0240460407	2006	10	19	292	0.16	0.15	0.15	0.17	0.18146	0.23
0240460407	2006	10	20	293	0.16	0.15	0.15	0.17	0.18	0.23
0240460407	2006	10	21	294	0.15708	0.14875	0.14917	0.16896	0.17771	0.22792
0240460407	2006	10	22	295	0.15729	0.14687	0.15	0.17	0.17167	0.22958
0240460407	2006	10	23	296	0.15	0.14	0.15	0.17	0.17	0.22979
0240460407	2006	10	24	297	0.14729	0.13854	0.14729	0.16688	0.16604	0.21833
0240460407	2006	10	25	298	0.14958	0.13979	0.14979	0.16958	0.16979	0.22563
0240460407	2006	10	26	299	0.16542	0.1475	0.1575	0.18	0.17729	0.23
0240460407	2006	10	27	300	0.16937	0.15208	0.16479	0.18708	0.18208	0.23
0240460407	2006	10	28	301	0.16792	0.15	0.15979	0.17854	0.17979	0.22958
0240460407	2006	10	29	302	0.15667	0.14583	0.14938	0.16875	0.16812	0.22
0240460407	2006	10	30	303	0.15542	0.14542	0.15125	0.16833	0.16979	0.22229
0240460407	2006	10	31	304	0.14896	0.14583	0.14979	0.16792	0.16667	0.21854
0240460407	2006	11	1	305	0.14979	0.14562	0.14979	0.16979	0.16979	0.22021
0240460407	2006	11	2	306	0.13646	0.13542	0.14479	0.16417	0.16146	0.21083
0240460407	2006	11	3	307	0.13583	0.13646	0.14563	0.165	0.16208	0.2125
0240460407	2006	11	4	308	0.14	0.14	0.15	0.17	0.17	0.22
0240460407	2006	11	5	309	0.14	0.14521	0.15	0.17	0.17	0.22104
0240460407	2006	11	6	310	0.14	0.14688	0.15	0.17	0.17	0.22063
0240460407	2006	11	7	311	0.14	0.15	0.15	0.17	0.17167	0.2225
0240460407	2006	11	8	312	0.14	0.15	0.15	0.17	0.17271	0.22313
0240460407	2006	11	9	313	0.13458	0.14521	0.14708	0.16708	0.16417	0.21563
0240460407	2006	11	10	314	0.13833	0.14958	0.15167	0.17167	0.17542	0.22417
0240460407	2006	11	11	315	0.15	0.14354	0.15021	0.17312	0.17563	0.22
0240460407	2006	11	12	316	0.14708	0.13812	0.14729	0.16708	0.16583	0.21542
0240460407	2006	11	13	317	0.15	0.14	0.15	0.17	0.17	0.22042
0240460407	2006	11	14	318	0.15792	0.14354	0.15125	0.17375	0.17125	0.22
0240460407	2006	11	15	319	0.17	0.15688	0.16979	0.19292	0.18292	0.22292
0240460407	2006	11	16	320	0.17292	0.16333	0.17208	0.19958	0.19	0.2275
0240460407	2006	11	17	321	0.17	0.15	0.16	0.19	0.19	0.22
0240460407	2006	11	18	322						
0240460407	2006	11	19	323	0.16298	0.15	0.15043	0.17043	0.18872	0.22
0240460407	2006	11	20	324	0.15938	0.14813	0.14854	0.16854	0.17729	0.2175
0240460407	2006	11	21	325	0.15688	0.14646	0.14688	0.16688	0.17458	0.21396
0240460407	2006	11	22	326	0.15479	0.14396	0.14542	0.16562	0.17125	0.21125
0240460407	2006	11	23	327	0.15375	0.14354	0.14458	0.16396	0.17021	0.20979
0240460407	2006	11	24	328	0.1525	0.14354	0.14417	0.16458	0.17021	0.21
0240460407	2006	11	25	329	0.15042	0.14563	0.14625	0.16708	0.17354	0.21396
0240460407	2006	11	26	330	0.14833	0.14604	0.14708	0.16813	0.17417	0.21458
0240460407	2006	11	27	331	0.15104	0.15	0.15	0.17	0.18	0.22
0240460407	2006	11	28	332	0.14938	0.14938	0.14958	0.16958	0.17792	0.21938
0240460407	2006	11	29	333	0.15	0.15	0.15	0.17	0.18	0.22667
0240460407	2006	11	30	334	0.15	0.15	0.15	0.17	0.18	0.22
0240460407	2006	12	1	335	0.17298	0.16638	0.17128	0.19489	0.18	0.23
0240460407	2006	12	2	336	0.15917	0.14896	0.14958	0.16937	0.17854	0.22875
0240460407	2006	12	3	337	0.15542	0.14667	0.1475	0.16708	0.17042	0.225
0240460407	2006	12	4	338	0.14896	0.14917	0.15	0.16979	0.17	0.23
0240460407	2006	12	5	339	0.13917	0.14521	0.14896	0.16896	0.16854	0.22833
0240460407	2006	12	6	340	0.14417	0.14854	0.14854	0.16854	0.16812	0.22771
0240460407	2006	12	7	341	0.13479	0.13979	0.14625	0.16146	0.16375	0.22375
0240460407	2006	12	8	342	0.10354	0.13875	0.14729	0.16083	0.16646	0.22625
0240460407	2006	12	9	343	0.10188	0.13896	0.14688	0.16354	0.16604	0.22063
0240460407	2006	12	10	344	0.11	0.13896	0.14833	0.16812	0.16792	0.22042
0240460407	2006	12	11	345	0.15417	0.15438	0.16938	0.18021	0.175	0.22
0240460407	2006	12	12	346	0.17062	0.1575	0.16563	0.19	0.18	0.22
0240460407	2006	12	13	347	0.17	0.15	0.15958	0.18021	0.18	0.22
0240460407	2006	12	14	348	0.16896	0.14938	0.15375	0.175	0.17812	0.21833
0240460407	2006	12	15	349	0.16479	0.14521	0.14667	0.16542	0.17062	0.21125
0240460407	2006	12	16	350	0.17	0.15	0.15	0.17	0.18	0.22
0240460407	2006	12	17	351	0.17187	0.15292	0.15438	0.17354	0.18	0.22
0240460407	2006	12	18	352	0.17042	0.15729	0.1725	0.18938	0.17896	0.21917
0240460407	2006	12	19	353	0.16583	0.14667	0.14896	0.17438	0.17208	0.21458
0240460407	2006	12	20	354	0.16625	0.15021	0.15188	0.17083	0.17833	0.22
0240460407	2006	12	21	355	0.18187	0.17208	0.17458	0.19	0.18	0.22
0240460407	2006	12	22	356	0.18083	0.16688	0.17042	0.18646	0.18	0.22729
0240460407	2006	12	23	357	0.17	0.15	0.15583	0.17229	0.18	0.23
0240460407	2006	12	24	358	0.16958	0.15	0.15042	0.17021	0.18104	0.23
0240460407	2006	12	25	359	0.17	0.15	0.15	0.17	0.18	0.23
0240460407	2006	12	26	360						
0240460407	2006	12	27	361	0.16787	0.15	0.15	0.17	0.17383	0.23
0240460407	2006	12	28	362	0.17	0.15	0.15	0.17	0.17687	0.22979
0240460407	2006	12	29	363	0.1675	0.14813	0.14833	0.16813	0.17542	0.21646
0240460407	2006	12	30	364	0.17	0.15	0.15	0.17	0.18	0.22
0240460407	2006	12	31	365						
0240460407	2007	1	1	1	0.17	0.15213	0.15915	0.18	0.18213	0.22689
0240460407	2007	1	2	2	0.16917	0.14917	0.14917	0.16917	0.17812	0.22333
0240460407	2007	1	3	3	0.16812	0.14833	0.15	0.16833	0.17687	0.22292
0240460407	2007	1	4	4	0.17479	0.15896	0.16563	0.17917	0.18	0.23
0240460407	2007	1	5	5	0.18	0.16	0.16917	0.19854	0.18	0.23
0240460407	2007	1	6	6	0.17708	0.15708	0.16	0.18667	0.18	0.23
0240460407	2007	1	7	7	0.17	0.15	0.16	0.18	0.18	0.23
0240460407	2007	1	8	8	0.17106	0.15043	0.16	0.18638	0.18	0.22872
0240460407	2007	1	9	9	0.17	0.15	0.15125	0.17146	0.17958	0.22688
0240460407	2007	1	10	10	0.1675	0.14938	0.14979	0.16937	0.1725	0.22104
0240460407	2007	1	11	11	0.16583	0.15	0.15	0.17	0.17646	0.22667
0240460407	2007	1	12	12	0.17	0.15	0.15	0.17	0.18	0.23
0240460407	2007	1	13	13						
0240460407	2007	1	14	14						
0240460407	2007	1	15	15						
0240460407	2007	1	16	16						
0240460407	2007	1	17	17						
0240460407	2007	1	18	18						
0240460407	2007	1	19	19	0.15	0.15	0.15	0.17	0.17	0.23
0240460407	2007	1	20	20	0.1475	0.14792	0.14813	0.16771	0.16771	0.22667
0240460407	2007	1	21	21	0.15	0.15	0.15	0.17	0.1725	0.23
0240460407	2007	1	22	22	0.15	0.15	0.15	0.17	0.17104	0.23
0240460407	2007	1	23	23	0.15479	0.14958	0.14958	0.16958	0.16979	0.22938
0240460407	2007	1	24	24	0.1575	0.14917	0.14917	0.16896	0.16854	0.22313
0240460407	2007	1	25	25	0.1525	0.14667	0.14688	0.16313	0.165	0.21375
0240460407	2007	1	26	26	0.15188	0.14667	0.15104	0.17021	0.16729	0.21604
0240460407	2007	1	27	27	0.16125	0.14958	0.15458	0.17417	0.16958	0.21875
0240460407	2007	1	28	28	0.14771	0.14833	0.14938	0.16875	0.16833	0.21833
0240460407	2007	1	29	29	0.11625	0.14958	0.14979	0.16937	0.16958	0.21917
0240460407	2007	1	30	30	0.10396	0.14771	0.14833	0.16625	0.16708	0.21604
0240460407	2007	1	31	31	0.090208	0.14104	0.14854	0.16625	0.16833	0.21813
0240460407	2007	2	1	32	0.090417	0.12708	0.15	0.17	0.17	0.22
0240460407	2007	2	2	33	0.088125	0.11458	0.14813	0.16479	0.16729	0.21667
0240460407	2007	2	3	34	0.079167	0.09375	0.14396	0.16292	0.16771	0.21646
0240460407	2007	2	4	35	0.076458	0.079375	0.13562	0.16417	0.16771	0.21667
0240460407	2007	2	5	36	0.070208	0.069375	0.11646	0.16646	0.16542	0.21479
0240460407	2007	2	6	37	0.070833	0.07	0.10521	0.17	0.17	0.22
0240460407	2007	2	7	38	0.078542	0.069167	0.09875	0.16188	0.16625	0.21563
0240460407	2007	2	8	39	0.079167	0.074792	0.10271	0.15917	0.16708	0.21667
0240460407	2007	2	9	40	0.078125	0.076667	0.10563	0.15792	0.16271	0.21167
0240460407	2007	2	10	41	0.079375	0.078333	0.10437	0.15938	0.16729	0.21646
0240460407	2007	2	11	42	0.081875	0.078542	0.10729	0.15917	0.16708	0.21625
0240460407	2007	2	12	43	0.09	0.08	0.11	0.16	0.17	0.22
0240460407	2007	2	13	44	0.09	0.08	0.11	0.16021	0.17	0.22
0240460407	2007	2	14	45	0.088333	0.08	0.10688	0.15979	0.16458	0.21396
0240460407	2007	2	15	46	0.088542	0.08	0.10521	0.16458	0.16771	0.21688
0240460407	2007	2	16	47	0.086875	0.07875	0.099375	0.16104	0.16646	0.21604
0240460407	2007	2	17	48	0.087917	0.078542	0.09875	0.16583	0.16646	0.21542
0240460407	2007	2	18	49	0.088125	0.07875	0.098958	0.16438	0.165	0.21396
0240460407	2007	2	19	50	0.08875	0.079375	0.10604	0.16583	0.16583	0.21458
0240460407	2007	2	20	51	0.098125	0.087708	0.10896	0.1675	0.16729	0.21625
0240460407	2007	2	21	52	0.099583	0.098333	0.12479	0.17125	0.17186	0.21605
0240460407	2007	2	22	53	0.11271	0.0975	0.12563	0.16812	0.16687	0.21646
0240460407	2007	2	23	54	0.15667	0.13271	0.1375	0.16646	0.16583	0.21375
0240460407	2007	2	24	55	0.16771	0.13021	0.14062	0.17	0.17104	0.22
0240460407	2007	2	25	56	0.16	0.12458	0.14	0.17	0.17	0.22
0240460407	2007	2	26	57	0.16	0.12	0.14	0.17	0.17	0.22
0240460407	2007	2	27	58						
0240460407	2007	2	28	59						
0240460407	2007	3	1	60						
0240460407	2007	3	2	61						
0240460407	2007	3	3	62						
0240460407	2007	3	4	63						
0240460407	2007	3	5	64	0.14489	0.14617	0.14766	0.17	0.16404	0.21213
0240460407	2007	3	6	65	0.14146	0.14771	0.14813	0.16896	0.1675	0.21688
0240460407	2007	3	7	66	0.13771	0.14854	0.15	0.17208	0.1675	0.21625
0240460407	2007	3	8	67	0.13771	0.14604	0.15292	0.17729	0.16417	0.21021
0240460407	2007	3	9	68	0.16042	0.15063	0.15188	0.17917	0.1675	0.21188
0240460407	2007	3	10	69	0.17375	0.15354	0.15542	0.18333	0.16958	0.20875
0240460407	2007	3	11	70	0.16708	0.15146	0.15208	0.17458	0.16688	0.20771
0240460407	2007	3	12	71	0.16875	0.15458	0.15417	0.17563	0.17271	0.21229
0240460407	2007	3	13	72	0.16854	0.15375	0.15146	0.17375	0.17063	0.21104
0240460407	2007	3	14	73	0.17312	0.15521	0.15542	0.17562	0.17375	0.2134
0240460407	2007	3	15	74	0.17333	0.15667	0.15479	0.17604	0.175	0.215
0240460407	2007	3	16	75	0.16708	0.15313	0.14813	0.17063	0.17479	0.21438
0240460407	2007	3	17	76	0.16521	0.14688	0.14729	0.16667	0.17229	0.21292
0240460407	2007	3	18	77	0.16562	0.14792	0.14729	0.16646	0.17187	0.21292
0240460407	2007	3	19	78	0.17417	0.15271	0.14833	0.16729	0.17521	0.21396
0240460407	2007	3	20	79	0.17187	0.15583	0.15146	0.1675	0.17292	0.21375
0240460407	2007	3	21	80	0.17208	0.15417	0.15417	0.17167	0.17167	0.21188
0240460407	2007	3	22	81	0.17667	0.1575	0.15708	0.17729	0.17625	0.21625
0240460407	2007	3	23	82	0.18646	0.16583	0.16812	0.18938	0.18	0.22
0240460407	2007	3	24	83	0.18146	0.16042	0.15875	0.18708	0.17542	0.21604
0240460407	2007	3	25	84	0.17521	0.15583	0.15521	0.18396	0.1725	0.21354
0240460407	2007	3	26	85	0.17521	0.15583	0.15521	0.18083	0.17292	0.21354
0240460407	2007	3	27	86	0.17354	0.15604	0.15583	0.17583	0.17333	0.21375
0240460407	2007	3	28	87	0.18	0.16	0.16	0.18	0.18	0.22021
0240460407	2007	3	29	88	0.17958	0.16	0.16	0.18	0.18	0.22125
0240460407	2007	3	30	89	0.17625	0.16	0.16042	0.18	0.18083	0.22128
0240460407	2007	3	31	90	0.18	0.16	0.16	0.18	0.18	0.22667
0240460407	2007	4	1	91	0.17729	0.16	0.16	0.18	0.18	0.22438
0240460407	2007	4	2	92	0.17	0.16	0.16	0.18	0.18	0.22
0240460407	2007	4	3	93						
0240460407	2007	4	4	94						
0240460407	2007	4	5	95						
0240460407	2007	4	6	96						
0240460407	2007	4	7	97						
0240460407	2007	4	8	98						
0240460407	2007	4	9	99						
0240460407	2007	4	10	100						
0240460407	2007	4	11	101						
0240460407	2007	4	12	102						
0240460407	2007	4	13	103						
0240460407	2007	4	14	104						
0240460407	2007	4	15	105						
0240460407	2007	4	16	106						
0240460407	2007	4	17	107						
0240460407	2007	4	18	108						
0240460407	2007	4	19	109						
0240460407	2007	4	20	110						
0240460407	2007	4	21	111						
0240460407	2007	4	22	112	0.16222	0.17444	0.16778	0.18	0.18	0.23
0240460407	2007	4	23	113	0.14875	0.15458	0.15438	0.17437	0.17208	0.21688
0240460407	2007	4	24	114	0.14604	0.15583	0.15563	0.17542	0.17375	0.21896
0240460407	2007	4	25	115	0.17917	0.16	0.16042	0.18	0.18125	0.22979
0240460407	2007	4	26	116	0.18563	0.16	0.16125	0.18	0.18437	0.23
0240460407	2007	4	27	117	0.17958	0.16042	0.16042	0.18104	0.18021	0.22936
0240460407	2007	4	28	118	0.17639	0.15778	0.15667	0.17833	0.17686	0.22114
0240460407	2007	4	29	119						
0240460407	2007	4	30	120	0.15938	0.15688	0.15625	0.17563	0.17563	0.22187
0240460407	2007	5	1	121	0.1475	0.15333	0.1517	0.17106	0.16979	0.21511
0240460407	2007	5	2	122	0.14354	0.15792	0.15681	0.17681	0.17766	0.22362
0240460407	2007	5	3	123	0.13958	0.15958	0.15894	0.17894	0.18106	0.22723
0240460407	2007	5	4	124	0.13958	0.15521	0.16	0.18	0.18277	0.23
0240460407	2007	5	5	125	0.13042	0.14646	0.15354	0.17521	0.17149	0.21894
0240460407	2007	5	6	126	0.12	0.14187	0.15208	0.17354	0.16958	0.21729
0240460407	2007	5	7	127	0.11042	0.13125	0.14271	0.16938	0.16542	0.21104
0240460407	2007	5	8	128	0.098958	0.12333	0.13667	0.16583	0.16083	0.20417
0240460407	2007	5	9	129	0.097292	0.11979	0.13896	0.16896	0.165	0.20958
0240460407	2007	5	10	130	0.088542	0.11042	0.13417	0.165	0.16083	0.20438
0240460407	2007	5	11	131	0.0875	0.10792	0.13583	0.17062	0.16646	0.21188
0240460407	2007	5	12	132						
0240460407	2007	5	13	133						
0240460407	2007	5	14	134	0.071702	0.08766	0.12255	0.17128	0.16574	0.21468
0240460407	2007	5	15	135	0.075417	0.085208	0.11875	0.17312	0.17021	0.21979
0240460407	2007	5	16	136	0.09	0.09	0.12	0.18	0.18	0.23
0240460407	2007	5	17	137						
0240460407	2007	5	18	138	0.073191	0.074894	0.10362	0.16745	0.16638	0.2117
0240460407	2007	5	19	139	0.06875	0.07625	0.10208	0.16438	0.16812	0.21583
0240460407	2007	5	20	140	0.062917	0.070625	0.092708	0.15771	0.16375	0.20771
0240460407	2007	5	21	141	0.061875	0.066458	0.092708	0.15562	0.16479	0.21104
0240460407	2007	5	22	142	0.05875	0.06625	0.091042	0.14875	0.165	0.21292
0240460407	2007	5	23	143	0.054792	0.065833	0.086458	0.14	0.16583	0.21333
0240460407	2007	5	24	144	0.053542	0.065833	0.08625	0.13125	0.16625	0.21458
0240460407	2007	5	25	145	0.080417	0.068958	0.085625	0.12729	0.17187	0.21833
0240460407	2007	5	26	146	0.080417	0.067083	0.085417	0.12417	0.17021	0.21833
0240460407	2007	5	27	147	0.11938	0.082083	0.1	0.13521	0.1725	0.22021
0240460407	2007	5	28	148	0.13458	0.094375	0.11042	0.14354	0.17062	0.21667
0240460407	2007	5	29	149	0.12854	0.08875	0.10188	0.13667	0.16583	0.21042
0240460407	2007	5	30	150	0.12292	0.085833	0.099792	0.1275	0.16667	0.21396
0240460407	2007	5	31	151	0.1225	0.088125	0.098125	0.12792	0.17562	0.22375
0240460407	2007	6	1	152	0.11042	0.083333	0.093333	0.12021	0.16646	0.21208
0240460407	2007	6	2	153	0.10521	0.081875	0.091875	0.11542	0.16354	0.20875
0240460407	2007	6	3	154	0.10167	0.082083	0.092292	0.11292	0.16583	0.21333
0240460407	2007	6	4	155	0.10229	0.079792	0.092917	0.11438	0.16542	0.21854
0240460407	2007	6	5	156	0.093958	0.074375	0.084167	0.10667	0.15188	0.20979
0240460407	2007	6	6	157	0.091875	0.074583	0.084583	0.1025	0.14229	0.21042
0240460407	2007	6	7	158	0.087917	0.074583	0.0825	0.099375	0.13	0.21125
0240460407	2007	6	8	159	0.087083	0.074167	0.081667	0.094375	0.12354	0.21271
0240460407	2007	6	9	160	0.07875	0.070417	0.072083	0.086667	0.10979	0.20625
0240460407	2007	6	10	161	0.076042	0.072917	0.073542	0.085	0.10333	0.21
0240460407	2007	6	11	162	0.070625	0.069375	0.071667	0.080417	0.093125	0.20563
0240460407	2007	6	12	163	0.0675	0.065	0.070833	0.077292	0.0875	0.20521
0240460407	2007	6	13	164	0.064375	0.06375	0.071875	0.075625	0.081458	0.20354
0240460407	2007	6	14	165	0.058958	0.062708	0.070208	0.071875	0.076042	0.19354
0240460407	2007	6	15	166	0.057917	0.062708	0.07	0.0725	0.07125	0.18875
0240460407	2007	6	16	167	0.053333	0.060625	0.06625	0.069167	0.064167	0.17938
0240460407	2007	6	17	168	0.052708	0.062292	0.066875	0.069792	0.063125	0.17896
0240460407	2007	6	18	169	0.055833	0.070833	0.075417	0.0775	0.070833	0.19542
0240460407	2007	6	19	170	0.054792	0.06625	0.068958	0.073542	0.066875	0.185
0240460407	2007	6	20	171	0.049583	0.060625	0.066458	0.07	0.063958	0.18021
0240460407	2007	6	21	172	0.06	0.07	0.08	0.08	0.08	0.21
0240460407	2007	6	22	173						
0240460407	2007	6	23	174						
0240460407	2007	6	24	175						
0240460407	2007	6	25	176	0.1566	0.12021	0.13	0.085106	0.071277	0.19234
0240460407	2007	6	26	177	0.15937	0.12187	0.13187	0.086458	0.072917	0.19667
0240460407	2007	6	27	178	0.15583	0.11896	0.13083	0.088333	0.071667	0.18854
0240460407	2007	6	28	179	0.17792	0.13458	0.15354	0.11583	0.085833	0.20625
0240460407	2007	6	29	180	0.16646	0.12562	0.14833	0.11292	0.078333	0.19208
0240460407	2007	6	30	181	0.16083	0.12167	0.14771	0.1125	0.077917	0.19063
0240460407	2007	7	1	182	0.15833	0.12146	0.14646	0.1125	0.077708	0.19042
0240460407	2007	7	2	183	0.15417	0.12104	0.14604	0.11188	0.078333	0.19146
0240460407	2007	7	3	184	0.14417	0.1175	0.14271	0.10915	0.076383	0.18532
0240460407	2007	7	4	185	0.14979	0.12208	0.14813	0.11417	0.080417	0.19542
0240460407	2007	7	5	186	0.14063	0.115	0.13875	0.10729	0.073333	0.18271
0240460407	2007	7	6	187	0.13479	0.11312	0.13583	0.10583	0.072292	0.18
0240460407	2007	7	7	188	0.13125	0.11396	0.13729	0.10729	0.072292	0.18229
0240460407	2007	7	8	189	0.12896	0.11479	0.13875	0.10854	0.073542	0.18271
0240460407	2007	7	9	190	0.14	0.13	0.16	0.12	0.09	0.21
0240460407	2007	7	10	191						
0240460407	2007	7	11	192						
0240460407	2007	7	12	193						
0240460407	2007	7	13	194	0.12872	0.11319	0.13191	0.10723	0.074681	0.18277
0240460407	2007	7	14	195	0.12458	0.11458	0.13271	0.10833	0.075208	0.18458
0240460407	2007	7	15	196	0.12	0.11396	0.13188	0.10792	0.076042	0.185
0240460407	2007	7	16	197	0.11021	0.10792	0.12875	0.10521	0.072708	0.18229
0240460407	2007	7	17	198	0.17833	0.13979	0.16271	0.15	0.11583	0.20167
0240460407	2007	7	18	199	0.18833	0.14646	0.16688	0.15563	0.13083	0.20104
0240460407	2007	7	19	200	0.18312	0.14458	0.16125	0.15188	0.13042	0.19521
0240460407	2007	7	20	201	0.17854	0.14042	0.15812	0.14938	0.12937	0.18875
0240460407	2007	7	21	202	0.17208	0.13771	0.15292	0.14146	0.12583	0.18125
0240460407	2007	7	22	203	0.16542	0.13667	0.14708	0.13979	0.12667	0.18083
0240460407	2007	7	23	204	0.15521	0.13375	0.14396	0.13771	0.12417	0.17854
0240460407	2007	7	24	205	0.1475	0.13146	0.14292	0.13708	0.12417	0.17792
0240460407	2007	7	25	206	0.13979	0.125	0.14063	0.13542	0.12125	0.17438
0240460407	2007	7	26	207	0.13813	0.12792	0.14521	0.13854	0.12583	0.18146
0240460407	2007	7	27	208	0.16875	0.14313	0.15979	0.14875	0.13583	0.19708
0240460407	2007	7	28	209	0.17854	0.14021	0.15104	0.14354	0.12917	0.1875
0240460407	2007	7	29	210	0.16958	0.13521	0.14604	0.13917	0.12521	0.18146
0240460407	2007	7	30	211	0.15917	0.12771	0.14292	0.13667	0.12354	0.17854
0240460407	2007	7	31	212	0.14938	0.12604	0.14125	0.13563	0.12187	0.17625
0240460407	2007	8	1	213	0.14167	0.12458	0.13958	0.13375	0.12021	0.17563
0240460407	2007	8	2	214	0.13583	0.12167	0.13729	0.13208	0.11729	0.17375
0240460407	2007	8	3	215	0.12937	0.11875	0.13333	0.13208	0.11333	0.17458
0240460407	2007	8	4	216	0.13333	0.12208	0.14063	0.13958	0.12	0.18604
0240460407	2007	8	5	217	0.13167	0.11521	0.13312	0.13333	0.11667	0.18
0240460407	2007	8	6	218	0.12375	0.11167	0.12917	0.12708	0.11083	0.17688
0240460407	2007	8	7	219	0.12042	0.10542	0.12271	0.1225	0.10917	0.17667
0240460407	2007	8	8	220	0.11437	0.10167	0.11938	0.11646	0.1075	0.17563
0240460407	2007	8	9	221	0.11042	0.096458	0.11437	0.11167	0.10417	0.17646
0240460407	2007	8	10	222	0.10479	0.091458	0.10896	0.10292	0.10208	0.175
0240460407	2007	8	11	223	0.10229	0.085	0.1025	0.094792	0.099792	0.17646
0240460407	2007	8	12	224	0.093958	0.076875	0.09375	0.086042	0.092708	0.17208
0240460407	2007	8	13	225	0.092708	0.074583	0.092917	0.085	0.094792	0.17708
0240460407	2007	8	14	226	0.10458	0.07375	0.093333	0.084375	0.099375	0.18542
0240460407	2007	8	15	227	0.10875	0.071042	0.09	0.082292	0.097708	0.18417
0240460407	2007	8	16	228	0.11	0.07	0.09	0.09	0.11	0.2
0240460407	2007	8	17	229	0.10574	0.064255	0.081915	0.077872	0.092553	0.17979
0240460407	2007	8	18	230	0.10604	0.067292	0.08625	0.07875	0.095833	0.19083
0240460407	2007	8	19	231	0.10292	0.064583	0.0825	0.0775	0.091458	0.18812
0240460407	2007	8	20	232	0.12687	0.066667	0.08	0.07875	0.096667	0.19604
0240460407	2007	8	21	233	0.12958	0.062292	0.077917	0.075833	0.090625	0.18792
0240460407	2007	8	22	234	0.12208	0.058958	0.074583	0.072292	0.087292	0.17958
0240460407	2007	8	23	235	0.11104	0.054375	0.072292	0.068542	0.084583	0.17771
0240460407	2007	8	24	236	0.12	0.06	0.08	0.07	0.1	0.2
0240460407	2007	8	25	237	0.10809	0.056596	0.07383	0.068298	0.087872	0.18553
0240460407	2007	8	26	238	0.10021	0.05375	0.065	0.064792	0.080417	0.17917
0240460407	2007	8	27	239	0.091458	0.050833	0.063333	0.062292	0.078958	0.17771
0240460407	2007	8	28	240	0.085417	0.045417	0.062083	0.059375	0.07625	0.17563
0240460407	2007	8	29	241	0.079167	0.043958	0.059792	0.054167	0.075208	0.17521
0240460407	2007	8	30	242	0.078542	0.045417	0.06	0.056458	0.07625	0.18042
0240460407	2007	8	31	243	0.074167	0.045208	0.057708	0.057083	0.072708	0.18458
0240460407	2007	9	1	244	0.08	0.05	0.06	0.06	0.08	0.2
0240460407	2007	9	2	245						
0240460407	2007	9	3	246						
0240460407	2007	9	4	247						
0240460407	2007	9	5	248						
0240460407	2007	9	6	249						
0240460407	2007	9	7	250						
0240460407	2007	9	8	251						
0240460407	2007	9	9	252						
0240460407	2007	9	10	253	0.14915	0.10404	0.12128	0.10383	0.10043	0.17745
0240460407	2007	9	11	254	0.15229	0.10271	0.12083	0.10396	0.099583	0.17688
0240460407	2007	9	12	255	0.14625	0.10229	0.11417	0.1025	0.099167	0.17688
0240460407	2007	9	13	256	0.14104	0.10042	0.11354	0.09625	0.098958	0.17542
0240460407	2007	9	14	257	0.1375	0.09625	0.11417	0.096042	0.099792	0.17646
0240460407	2007	9	15	258	0.13375	0.096458	0.11458	0.097292	0.10104	0.17771
0240460407	2007	9	16	259	0.12896	0.094792	0.11063	0.09625	0.10104	0.17792
0240460407	2007	9	17	260	0.12083	0.093542	0.10563	0.095208	0.099792	0.17542
0240460407	2007	9	18	261	0.11146	0.089167	0.10271	0.092292	0.095417	0.17167
0240460407	2007	9	19	262	0.10563	0.084167	0.10021	0.091042	0.090833	0.16958
0240460407	2007	9	20	263	0.10125	0.084167	0.099792	0.086875	0.091458	0.17292
0240460407	2007	9	21	264	0.095417	0.082708	0.092917	0.084583	0.089167	0.17125
0240460407	2007	9	22	265	0.090417	0.081875	0.093333	0.084375	0.09	0.17375
0240460407	2007	9	23	266	0.083542	0.075833	0.092083	0.084167	0.088125	0.17063
0240460407	2007	9	24	267	0.081667	0.075625	0.092083	0.084167	0.085625	0.17396
0240460407	2007	9	25	268	0.093958	0.078958	0.096458	0.086875	0.087917	0.18375
0240460407	2007	9	26	269	0.097083	0.08	0.090208	0.084792	0.09	0.18896
0240460407	2007	9	27	270	0.085208	0.075417	0.085833	0.077917	0.082292	0.17521
0240460407	2007	9	28	271	0.083333	0.07375	0.084375	0.076042	0.080833	0.17021
0240460407	2007	9	29	272	0.080833	0.07375	0.085833	0.0775	0.082083	0.17563
0240460407	2007	9	30	273	0.075	0.071667	0.085	0.077083	0.079792	0.17583
0240460407	2007	10	1	274	0.08	0.07	0.089375	0.079792	0.086042	0.18833
0240460407	2007	10	2	275	0.076667	0.068125	0.085208	0.077083	0.075208	0.17646
0240460407	2007	10	3	276	0.097917	0.066667	0.083958	0.075417	0.073542	0.17375
0240460407	2007	10	4	277	0.09375	0.067083	0.081458	0.076667	0.07375	0.17438
0240460407	2007	10	5	278	0.089375	0.067708	0.084583	0.076458	0.074375	0.17896
0240460407	2007	10	6	279	0.082292	0.065833	0.080417	0.073958	0.07125	0.17313
0240460407	2007	10	7	280	0.078542	0.064792	0.075833	0.072917	0.070417	0.17292
0240460407	2007	10	8	281	0.084167	0.067292	0.078333	0.07375	0.072083	0.17479
0240460407	2007	10	9	282	0.10896	0.067292	0.08	0.070417	0.073333	0.17917
0240460407	2007	10	10	283	0.10854	0.068542	0.079375	0.07	0.07875	0.18729
0240460407	2007	10	11	284	0.098542	0.06	0.077083	0.07	0.074583	0.17958
0240460407	2007	10	12	285	0.097292	0.058333	0.070625	0.069792	0.074375	0.17896
0240460407	2007	10	13	286	0.099375	0.06	0.07	0.07	0.08	0.18729
0240460407	2007	10	14	287	0.089792	0.06	0.07	0.07	0.077292	0.18604
0240460407	2007	10	15	288	0.086042	0.059583	0.068542	0.068125	0.075833	0.18354
0240460407	2007	10	16	289	0.08875	0.059792	0.069583	0.068958	0.0775	0.18667
0240460407	2007	10	17	290	0.0925	0.061875	0.07125	0.069167	0.077708	0.18688
0240460407	2007	10	18	291	0.15125	0.1	0.097917	0.075417	0.078125	0.18292
0240460407	2007	10	19	292	0.16	0.10625	0.12	0.1	0.09	0.18771
0240460407	2007	10	20	293	0.14625	0.096458	0.11396	0.09625	0.084167	0.17292
0240460407	2007	10	21	294	0.13937	0.096667	0.1075	0.096875	0.083542	0.17375
0240460407	2007	10	22	295	0.14542	0.1	0.11	0.094792	0.09	0.18
0240460407	2007	10	23	296	0.16	0.1	0.11	0.09	0.09	0.18
0240460407	2007	10	24	297	0.15854	0.09875	0.10917	0.09	0.088333	0.17687
0240460407	2007	10	25	298	0.16	0.1	0.11	0.09	0.09	0.18
0240460407	2007	10	26	299	0.16521	0.10458	0.11167	0.09	0.09	0.18
0240460407	2007	10	27	300	0.16937	0.11	0.12	0.09	0.09	0.18
0240460407	2007	10	28	301						
0240460407	2007	10	29	302	0.15489	0.10234	0.11702	0.088511	0.084255	0.17191
0240460407	2007	10	30	303	0.15417	0.10188	0.11688	0.0875	0.084167	0.17187
0240460407	2007	10	31	304	0.15667	0.10604	0.11833	0.089792	0.086458	0.17562
0240460407	2007	11	1	305	0.15271	0.097708	0.11625	0.087917	0.083958	0.17042
0240460407	2007	11	2	306	0.14646	0.096875	0.11688	0.08875	0.08375	0.17104
0240460407	2007	11	3	307	0.14542	0.098333	0.11646	0.088333	0.084583	0.17042
0240460407	2007	11	4	308	0.14458	0.096875	0.11604	0.088333	0.083958	0.17
0240460407	2007	11	5	309	0.14604	0.099792	0.11813	0.09	0.086042	0.17437
0240460407	2007	11	6	310	0.14083	0.097708	0.11667	0.08875	0.084792	0.17146
0240460407	2007	11	7	311	0.13667	0.0975	0.11688	0.088333	0.084792	0.17104
0240460407	2007	11	8	312	0.13562	0.097708	0.1175	0.088333	0.085208	0.17229
0240460407	2007	11	9	313	0.13562	0.097292	0.11646	0.087917	0.084167	0.17063
0240460407	2007	11	10	314	0.13604	0.097708	0.1175	0.088958	0.085208	0.17312
0240460407	2007	11	11	315						
0240460407	2007	11	12	316						
0240460407	2007	11	13	317						
0240460407	2007	11	14	318						
0240460407	2007	11	15	319						
0240460407	2007	11	16	320						
0240460407	2007	11	17	321						
0240460407	2007	11	18	322						
0240460407	2007	11	19	323						
0240460407	2007	11	20	324						
0240460407	2007	11	21	325						
0240460407	2007	11	22	326						
0240460407	2007	11	23	327						
0240460407	2007	11	24	328						
0240460407	2007	11	25	329						
0240460407	2007	11	26	330						
0240460407	2007	11	27	331						
0240460407	2007	11	28	332						
0240460407	2007	11	29	333						
0240460407	2007	11	30	334						
0240460407	2007	12	1	335						
0240460407	2007	12	2	336						
0240460407	2007	12	3	337						
0240460407	2007	12	4	338						
0240460407	2007	12	5	339						
0240460407	2007	12	6	340						
0240460407	2007	12	7	341						
0240460407	2007	12	8	342						
0240460407	2007	12	9	343						
0240460407	2007	12	10	344						
0240460407	2007	12	11	345						
0240460407	2007	12	12	346						
0240460407	2007	12	13	347						
0240460407	2007	12	14	348						
0240460407	2007	12	15	349						
0240460407	2007	12	16	350						
0240460407	2007	12	17	351						
0240460407	2007	12	18	352						
0240460407	2007	12	19	353						
0240460407	2007	12	20	354						
0240460407	2007	12	21	355						
0240460407	2007	12	22	356						
0240460407	2007	12	23	357						
0240460407	2007	12	24	358						
0240460407	2007	12	25	359						
0240460407	2007	12	26	360						
0240460407	2007	12	27	361						
0240460407	2007	12	28	362						
0240460407	2007	12	29	363						
0240460407	2007	12	30	364						
0240460407	2007	12	31	365						
