stationID	Y	M	D	DOY	depth_5	depth_20	depth_51
0250301112	2011	1	1	1	-9999	-9999	-9999
0250301112	2011	1	2	2	-9999	-9999	-9999
0250301112	2011	1	3	3	-9999	-9999	-9999
0250301112	2011	1	4	4	-9999	-9999	-9999
0250301112	2011	1	5	5	-9999	-9999	-9999
0250301112	2011	1	6	6	-9999	-9999	-9999
0250301112	2011	1	7	7	-9999	-9999	-9999
0250301112	2011	1	8	8	-9999	-9999	-9999
0250301112	2011	1	9	9	-9999	-9999	-9999
0250301112	2011	1	10	10	-9999	-9999	-9999
0250301112	2011	1	11	11	-9999	-9999	-9999
0250301112	2011	1	12	12	-9999	-9999	-9999
0250301112	2011	1	13	13	-9999	-9999	-9999
0250301112	2011	1	14	14	-9999	-9999	-9999
0250301112	2011	1	15	15	-9999	-9999	-9999
0250301112	2011	1	16	16	-9999	-9999	-9999
0250301112	2011	1	17	17	-9999	-9999	-9999
0250301112	2011	1	18	18	-9999	-9999	-9999
0250301112	2011	1	19	19	-9999	-9999	-9999
0250301112	2011	1	20	20	-9999	-9999	-9999
0250301112	2011	1	21	21	-9999	-9999	-9999
0250301112	2011	1	22	22	-9999	-9999	-9999
0250301112	2011	1	23	23	-9999	-9999	-9999
0250301112	2011	1	24	24	-9999	-9999	-9999
0250301112	2011	1	25	25	-9999	-9999	-9999
0250301112	2011	1	26	26	-9999	-9999	-9999
0250301112	2011	1	27	27	-9999	-9999	-9999
0250301112	2011	1	28	28	-9999	-9999	-9999
0250301112	2011	1	29	29	-9999	-9999	-9999
0250301112	2011	1	30	30	-9999	-9999	-9999
0250301112	2011	1	31	31	-9999	-9999	-9999
0250301112	2011	2	1	32	-9999	-9999	-9999
0250301112	2011	2	2	33	-9999	-9999	-9999
0250301112	2011	2	3	34	-9999	-9999	-9999
0250301112	2011	2	4	35	-9999	-9999	-9999
0250301112	2011	2	5	36	-9999	-9999	-9999
0250301112	2011	2	6	37	-9999	-9999	-9999
0250301112	2011	2	7	38	-9999	-9999	-9999
0250301112	2011	2	8	39	-9999	-9999	-9999
0250301112	2011	2	9	40	-9999	-9999	-9999
0250301112	2011	2	10	41	-9999	-9999	-9999
0250301112	2011	2	11	42	-9999	-9999	-9999
0250301112	2011	2	12	43	-9999	-9999	-9999
0250301112	2011	2	13	44	-9999	-9999	-9999
0250301112	2011	2	14	45	-9999	-9999	-9999
0250301112	2011	2	15	46	-9999	-9999	-9999
0250301112	2011	2	16	47	-9999	-9999	-9999
0250301112	2011	2	17	48	-9999	-9999	-9999
0250301112	2011	2	18	49	-9999	-9999	-9999
0250301112	2011	2	19	50	-9999	-9999	-9999
0250301112	2011	2	20	51	-9999	-9999	-9999
0250301112	2011	2	21	52	-9999	-9999	-9999
0250301112	2011	2	22	53	-9999	-9999	-9999
0250301112	2011	2	23	54	-9999	-9999	-9999
0250301112	2011	2	24	55	-9999	-9999	-9999
0250301112	2011	2	25	56	-9999	-9999	-9999
0250301112	2011	2	26	57	-9999	-9999	-9999
0250301112	2011	2	27	58	-9999	-9999	-9999
0250301112	2011	2	28	59	-9999	-9999	-9999
0250301112	2011	3	1	60	-9999	-9999	-9999
0250301112	2011	3	2	61	-9999	-9999	-9999
0250301112	2011	3	3	62	-9999	-9999	-9999
0250301112	2011	3	4	63	-9999	-9999	-9999
0250301112	2011	3	5	64	-9999	-9999	-9999
0250301112	2011	3	6	65	-9999	-9999	-9999
0250301112	2011	3	7	66	-9999	-9999	-9999
0250301112	2011	3	8	67	-9999	-9999	-9999
0250301112	2011	3	9	68	-9999	-9999	-9999
0250301112	2011	3	10	69	-9999	-9999	-9999
0250301112	2011	3	11	70	-9999	-9999	-9999
0250301112	2011	3	12	71	-9999	-9999	-9999
0250301112	2011	3	13	72	-9999	-9999	-9999
0250301112	2011	3	14	73	-9999	-9999	-9999
0250301112	2011	3	15	74	-9999	-9999	-9999
0250301112	2011	3	16	75	-9999	-9999	-9999
0250301112	2011	3	17	76	-9999	-9999	-9999
0250301112	2011	3	18	77	-9999	-9999	-9999
0250301112	2011	3	19	78	-9999	-9999	-9999
0250301112	2011	3	20	79	-9999	-9999	-9999
0250301112	2011	3	21	80	-9999	-9999	-9999
0250301112	2011	3	22	81	-9999	-9999	-9999
0250301112	2011	3	23	82	-9999	-9999	-9999
0250301112	2011	3	24	83	-9999	-9999	-9999
0250301112	2011	3	25	84	-9999	-9999	-9999
0250301112	2011	3	26	85	-9999	-9999	-9999
0250301112	2011	3	27	86	-9999	-9999	-9999
0250301112	2011	3	28	87	-9999	-9999	-9999
0250301112	2011	3	29	88	-9999	-9999	-9999
0250301112	2011	3	30	89	-9999	-9999	-9999
0250301112	2011	3	31	90	-9999	-9999	-9999
0250301112	2011	4	1	91	-9999	-9999	-9999
0250301112	2011	4	2	92	-9999	-9999	-9999
0250301112	2011	4	3	93	-9999	-9999	-9999
0250301112	2011	4	4	94	-9999	-9999	-9999
0250301112	2011	4	5	95	-9999	-9999	-9999
0250301112	2011	4	6	96	-9999	-9999	-9999
0250301112	2011	4	7	97	-9999	-9999	-9999
0250301112	2011	4	8	98	-9999	-9999	-9999
0250301112	2011	4	9	99	-9999	-9999	-9999
0250301112	2011	4	10	100	-9999	-9999	-9999
0250301112	2011	4	11	101	-9999	-9999	-9999
0250301112	2011	4	12	102	-9999	-9999	-9999
0250301112	2011	4	13	103	-9999	-9999	-9999
0250301112	2011	4	14	104	-9999	-9999	-9999
0250301112	2011	4	15	105	-9999	-9999	-9999
0250301112	2011	4	16	106	-9999	-9999	-9999
0250301112	2011	4	17	107	-9999	-9999	-9999
0250301112	2011	4	18	108	-9999	-9999	-9999
0250301112	2011	4	19	109	-9999	-9999	-9999
0250301112	2011	4	20	110	-9999	-9999	-9999
0250301112	2011	4	21	111	-9999	-9999	-9999
0250301112	2011	4	22	112	-9999	-9999	-9999
0250301112	2011	4	23	113	-9999	-9999	-9999
0250301112	2011	4	24	114	-9999	-9999	-9999
0250301112	2011	4	25	115	-9999	-9999	-9999
0250301112	2011	4	26	116	-9999	-9999	-9999
0250301112	2011	4	27	117	-9999	-9999	-9999
0250301112	2011	4	28	118	-9999	-9999	-9999
0250301112	2011	4	29	119	-9999	-9999	-9999
0250301112	2011	4	30	120	-9999	-9999	-9999
0250301112	2011	5	1	121	-9999	-9999	-9999
0250301112	2011	5	2	122	-9999	-9999	-9999
0250301112	2011	5	3	123	-9999	-9999	-9999
0250301112	2011	5	4	124	-9999	-9999	-9999
0250301112	2011	5	5	125	-9999	-9999	-9999
0250301112	2011	5	6	126	-9999	-9999	-9999
0250301112	2011	5	7	127	-9999	-9999	-9999
0250301112	2011	5	8	128	-9999	-9999	-9999
0250301112	2011	5	9	129	-9999	-9999	-9999
0250301112	2011	5	10	130	-9999	-9999	-9999
0250301112	2011	5	11	131	-9999	-9999	-9999
0250301112	2011	5	12	132	-9999	-9999	-9999
0250301112	2011	5	13	133	-9999	-9999	-9999
0250301112	2011	5	14	134	-9999	-9999	-9999
0250301112	2011	5	15	135	-9999	-9999	-9999
0250301112	2011	5	16	136	-9999	-9999	-9999
0250301112	2011	5	17	137	-9999	-9999	-9999
0250301112	2011	5	18	138	-9999	-9999	-9999
0250301112	2011	5	19	139	-9999	-9999	-9999
0250301112	2011	5	20	140	-9999	-9999	-9999
0250301112	2011	5	21	141	-9999	-9999	-9999
0250301112	2011	5	22	142	-9999	-9999	-9999
0250301112	2011	5	23	143	-9999	-9999	-9999
0250301112	2011	5	24	144	-9999	-9999	-9999
0250301112	2011	5	25	145	-9999	-9999	-9999
0250301112	2011	5	26	146	-9999	-9999	-9999
0250301112	2011	5	27	147	-9999	-9999	-9999
0250301112	2011	5	28	148	-9999	-9999	-9999
0250301112	2011	5	29	149	-9999	-9999	-9999
0250301112	2011	5	30	150	-9999	-9999	-9999
0250301112	2011	5	31	151	-9999	-9999	-9999
0250301112	2011	6	1	152	-9999	-9999	-9999
0250301112	2011	6	2	153	-9999	-9999	-9999
0250301112	2011	6	3	154	-9999	-9999	-9999
0250301112	2011	6	4	155	-9999	-9999	-9999
0250301112	2011	6	5	156	-9999	-9999	-9999
0250301112	2011	6	6	157	-9999	-9999	-9999
0250301112	2011	6	7	158	-9999	-9999	-9999
0250301112	2011	6	8	159	-9999	-9999	-9999
0250301112	2011	6	9	160	-9999	-9999	-9999
0250301112	2011	6	10	161	-9999	-9999	-9999
0250301112	2011	6	11	162	-9999	-9999	-9999
0250301112	2011	6	12	163	-9999	-9999	-9999
0250301112	2011	6	13	164	-9999	-9999	-9999
0250301112	2011	6	14	165	-9999	-9999	-9999
0250301112	2011	6	15	166	-9999	-9999	-9999
0250301112	2011	6	16	167	-9999	-9999	-9999
0250301112	2011	6	17	168	-9999	-9999	-9999
0250301112	2011	6	18	169	-9999	-9999	-9999
0250301112	2011	6	19	170	-9999	-9999	-9999
0250301112	2011	6	20	171	-9999	-9999	-9999
0250301112	2011	6	21	172	-9999	-9999	-9999
0250301112	2011	6	22	173	-9999	-9999	-9999
0250301112	2011	6	23	174	-9999	-9999	-9999
0250301112	2011	6	24	175	-9999	-9999	-9999
0250301112	2011	6	25	176	-9999	-9999	-9999
0250301112	2011	6	26	177	-9999	-9999	-9999
0250301112	2011	6	27	178	-9999	-9999	-9999
0250301112	2011	6	28	179	-9999	-9999	-9999
0250301112	2011	6	29	180	-9999	-9999	-9999
0250301112	2011	6	30	181	-9999	-9999	-9999
0250301112	2011	7	1	182	-9999	-9999	-9999
0250301112	2011	7	2	183	-9999	-9999	-9999
0250301112	2011	7	3	184	-9999	-9999	-9999
0250301112	2011	7	4	185	-9999	-9999	-9999
0250301112	2011	7	5	186	-9999	-9999	-9999
0250301112	2011	7	6	187	-9999	-9999	-9999
0250301112	2011	7	7	188	-9999	-9999	-9999
0250301112	2011	7	8	189	-9999	-9999	-9999
0250301112	2011	7	9	190	-9999	-9999	-9999
0250301112	2011	7	10	191	-9999	-9999	-9999
0250301112	2011	7	11	192	-9999	-9999	-9999
0250301112	2011	7	12	193	-9999	-9999	-9999
0250301112	2011	7	13	194	-9999	-9999	-9999
0250301112	2011	7	14	195	-9999	-9999	-9999
0250301112	2011	7	15	196	-9999	-9999	-9999
0250301112	2011	7	16	197	-9999	-9999	-9999
0250301112	2011	7	17	198	-9999	-9999	-9999
0250301112	2011	7	18	199	-9999	-9999	-9999
0250301112	2011	7	19	200	-9999	-9999	-9999
0250301112	2011	7	20	201	-9999	-9999	-9999
0250301112	2011	7	21	202	-9999	-9999	-9999
0250301112	2011	7	22	203	-9999	-9999	-9999
0250301112	2011	7	23	204	-9999	-9999	-9999
0250301112	2011	7	24	205	-9999	-9999	-9999
0250301112	2011	7	25	206	-9999	-9999	-9999
0250301112	2011	7	26	207	-9999	-9999	-9999
0250301112	2011	7	27	208	-9999	-9999	-9999
0250301112	2011	7	28	209	-9999	-9999	-9999
0250301112	2011	7	29	210	-9999	-9999	-9999
0250301112	2011	7	30	211	-9999	-9999	-9999
0250301112	2011	7	31	212	-9999	-9999	-9999
0250301112	2011	8	1	213	-9999	-9999	-9999
0250301112	2011	8	2	214	-9999	-9999	-9999
0250301112	2011	8	3	215	-9999	-9999	-9999
0250301112	2011	8	4	216	-9999	-9999	-9999
0250301112	2011	8	5	217	-9999	-9999	-9999
0250301112	2011	8	6	218	-9999	-9999	-9999
0250301112	2011	8	7	219	-9999	-9999	-9999
0250301112	2011	8	8	220	-9999	-9999	-9999
0250301112	2011	8	9	221	-9999	-9999	-9999
0250301112	2011	8	10	222	-9999	-9999	-9999
0250301112	2011	8	11	223	-9999	-9999	-9999
0250301112	2011	8	12	224	-9999	-9999	-9999
0250301112	2011	8	13	225	-9999	-9999	-9999
0250301112	2011	8	14	226	-9999	-9999	-9999
0250301112	2011	8	15	227	-9999	-9999	-9999
0250301112	2011	8	16	228	-9999	-9999	-9999
0250301112	2011	8	17	229	-9999	-9999	-9999
0250301112	2011	8	18	230	-9999	-9999	-9999
0250301112	2011	8	19	231	-9999	-9999	-9999
0250301112	2011	8	20	232	-9999	-9999	-9999
0250301112	2011	8	21	233	-9999	-9999	-9999
0250301112	2011	8	22	234	-9999	-9999	-9999
0250301112	2011	8	23	235	-9999	-9999	-9999
0250301112	2011	8	24	236	-9999	-9999	-9999
0250301112	2011	8	25	237	0.1415	0.3265	0.254
0250301112	2011	8	26	238	0.127625	0.3255416667	0.2561666667
0250301112	2011	8	27	239	0.1223333333	0.3214166667	0.2545416667
0250301112	2011	8	28	240	0.1175833333	0.3173333333	0.2514583333
0250301112	2011	8	29	241	0.1037083333	0.312625	0.2482916667
0250301112	2011	8	30	242	0.093	0.3074166667	0.2447083333
0250301112	2011	8	31	243	0.081875	0.3021666667	0.2425833333
0250301112	2011	9	1	244	0.07304166667	0.29725	0.2392916667
0250301112	2011	9	2	245	0.06741666667	0.2921666667	0.2365
0250301112	2011	9	3	246	0.05783333333	0.2867083333	0.2343333333
0250301112	2011	9	4	247	0.05179166667	0.2807916667	0.23075
0250301112	2011	9	5	248	0.04741666667	0.2763333333	0.2279166667
0250301112	2011	9	6	249	0.04570833333	0.2728333333	0.225875
0250301112	2011	9	7	250	-9999	0.2710833333	0.2257916667
0250301112	2011	9	8	251	0.1084583333	0.2694583333	0.2266666667
0250301112	2011	9	9	252	0.1731666667	0.26825	0.2240416667
0250301112	2011	9	10	253	0.1609166667	0.26875	0.224
0250301112	2011	9	11	254	0.2352083333	0.3412083333	0.3196666667
0250301112	2011	9	12	255	0.2149583333	0.3596666667	0.3275
0250301112	2011	9	13	256	0.29775	0.3872083333	0.3842083333
0250301112	2011	9	14	257	0.2743333333	0.3813333333	0.3770416667
0250301112	2011	9	15	258	0.2571666667	0.3776666667	0.3712916667
0250301112	2011	9	16	259	0.263125	0.3790833333	0.37125
0250301112	2011	9	17	260	0.254125	0.3772083333	0.369375
0250301112	2011	9	18	261	0.2402083333	0.3745833333	0.3652916667
0250301112	2011	9	19	262	0.2302916667	0.3724166667	0.360625
0250301112	2011	9	20	263	0.2225833333	0.3705833333	0.3569583333
0250301112	2011	9	21	264	0.2138333333	0.3687083333	0.3531666667
0250301112	2011	9	22	265	0.2066666667	0.366625	0.3499583333
0250301112	2011	9	23	266	0.2000833333	0.3648333333	0.3469166667
0250301112	2011	9	24	267	0.191875	0.36275	0.343375
0250301112	2011	9	25	268	0.1876666667	0.361375	0.3409166667
0250301112	2011	9	26	269	0.1814166667	0.3598333333	0.3389166667
0250301112	2011	9	27	270	0.1745833333	0.3579583333	0.33625
0250301112	2011	9	28	271	0.1705	0.3562083333	0.33325
0250301112	2011	9	29	272	0.164	0.3544166667	0.3299583333
0250301112	2011	9	30	273	0.1600416667	0.3526666667	0.327875
0250301112	2011	10	1	274	0.2235833333	0.3594583333	0.3257916667
0250301112	2011	10	2	275	0.2005	0.3598333333	0.32675
0250301112	2011	10	3	276	0.192875	0.358375	0.3264583333
0250301112	2011	10	4	277	0.1910416667	0.3569583333	0.3262083333
0250301112	2011	10	5	278	0.2819583333	0.3789583333	0.3605
0250301112	2011	10	6	279	0.2900434783	0.3853043478	0.3781304348
0250301112	2011	10	7	280	0.265125	0.3787916667	0.376375
0250301112	2011	10	8	281	0.2498333333	0.3752083333	0.3695416667
0250301112	2011	10	9	282	0.2418333333	0.3730416667	0.3652916667
0250301112	2011	10	10	283	0.2363333333	0.3716666667	0.362
0250301112	2011	10	11	284	0.2316666667	0.3705	0.3591666667
0250301112	2011	10	12	285	0.2269166667	0.3699166667	0.3568333333
0250301112	2011	10	13	286	0.2219583333	0.3688333333	0.3542916667
0250301112	2011	10	14	287	0.2175833333	0.3677916667	0.3522083333
0250301112	2011	10	15	288	0.2135	0.3669166667	0.3504583333
0250301112	2011	10	16	289	0.2089583333	0.3659166667	0.34825
0250301112	2011	10	17	290	0.205625	0.3650416667	0.3469166667
0250301112	2011	10	18	291	0.2006666667	0.3637916667	0.3447916667
0250301112	2011	10	19	292	0.1955833333	0.3628333333	0.3424166667
0250301112	2011	10	20	293	0.1939583333	0.3612916667	0.3410416667
0250301112	2011	10	21	294	0.191875	0.360375	0.3389583333
0250301112	2011	10	22	295	0.1886086957	0.3599130435	0.3377391304
0250301112	2011	10	23	296	0.18825	0.3590833333	0.3359583333
0250301112	2011	10	24	297	0.1850434783	0.3584782609	0.335
0250301112	2011	10	25	298	0.189625	0.3585416667	0.33425
0250301112	2011	10	26	299	0.226	0.3624166667	0.3342916667
0250301112	2011	10	27	300	0.2670833333	0.377375	0.3425416667
0250301112	2011	10	28	301	0.260875	0.3770416667	0.3542083333
0250301112	2011	10	29	302	0.2700833333	0.3797083333	0.3609166667
0250301112	2011	10	30	303	0.2658333333	0.379875	0.3647916667
0250301112	2011	10	31	304	0.254125	0.37675	0.3630833333
0250301112	2011	11	1	305	0.2444166667	0.3745	0.3609583333
0250301112	2011	11	2	306	0.234375	0.3725833333	0.3586666667
0250301112	2011	11	3	307	0.2228333333	0.3697916667	0.3562916667
0250301112	2011	11	4	308	0.225	0.3692083333	0.35475
0250301112	2011	11	5	309	0.2865833333	0.3842916667	0.37675
0250301112	2011	11	6	310	0.271625	0.378125	0.374125
0250301112	2011	11	7	311	0.2638333333	0.3755	0.36975
0250301112	2011	11	8	312	0.2620416667	0.3749583333	0.3675416667
0250301112	2011	11	9	313	0.25925	0.374375	0.3662083333
0250301112	2011	11	10	314	0.2564166667	0.3739583333	0.3652916667
0250301112	2011	11	11	315	0.2548333333	0.3734166667	0.3640833333
0250301112	2011	11	12	316	0.254875	0.3734583333	0.3638333333
0250301112	2011	11	13	317	0.2827083333	0.3798333333	0.3797083333
0250301112	2011	11	14	318	0.2846666667	0.3811666667	0.3792916667
0250301112	2011	11	15	319	0.2649583333	0.376625	0.3716666667
0250301112	2011	11	16	320	0.257	0.3753333333	0.36875
0250301112	2011	11	17	321	0.2532941176	0.3747058824	0.3676470588
0250301112	2011	11	18	322	-9999	-9999	-9999
0250301112	2011	11	19	323	-9999	-9999	-9999
0250301112	2011	11	20	324	-9999	-9999	-9999
0250301112	2011	11	21	325	-9999	-9999	-9999
0250301112	2011	11	22	326	-9999	-9999	-9999
0250301112	2011	11	23	327	-9999	-9999	-9999
0250301112	2011	11	24	328	-9999	-9999	-9999
0250301112	2011	11	25	329	-9999	-9999	-9999
0250301112	2011	11	26	330	-9999	-9999	-9999
0250301112	2011	11	27	331	-9999	-9999	-9999
0250301112	2011	11	28	332	-9999	-9999	-9999
0250301112	2011	11	29	333	-9999	-9999	-9999
0250301112	2011	11	30	334	-9999	-9999	-9999
0250301112	2011	12	1	335	-9999	-9999	-9999
0250301112	2011	12	2	336	-9999	-9999	-9999
0250301112	2011	12	3	337	-9999	-9999	-9999
0250301112	2011	12	4	338	-9999	-9999	-9999
0250301112	2011	12	5	339	-9999	-9999	-9999
0250301112	2011	12	6	340	-9999	-9999	-9999
0250301112	2011	12	7	341	-9999	-9999	-9999
0250301112	2011	12	8	342	-9999	-9999	-9999
0250301112	2011	12	9	343	-9999	-9999	-9999
0250301112	2011	12	10	344	-9999	-9999	-9999
0250301112	2011	12	11	345	-9999	-9999	-9999
0250301112	2011	12	12	346	-9999	-9999	-9999
0250301112	2011	12	13	347	-9999	-9999	-9999
0250301112	2011	12	14	348	-9999	-9999	-9999
0250301112	2011	12	15	349	-9999	-9999	-9999
0250301112	2011	12	16	350	-9999	-9999	-9999
0250301112	2011	12	17	351	-9999	-9999	-9999
0250301112	2011	12	18	352	-9999	-9999	-9999
0250301112	2011	12	19	353	-9999	-9999	-9999
0250301112	2011	12	20	354	0.2321666667	0.3706666667	0.3575
0250301112	2011	12	21	355	0.2319166667	0.3708333333	0.3580416667
0250301112	2011	12	22	356	0.232375	0.3709166667	0.35825
0250301112	2011	12	23	357	0.2328333333	0.3707916667	0.3585
0250301112	2011	12	24	358	0.2330416667	0.37075	0.3587083333
0250301112	2011	12	25	359	0.23275	0.3707916667	0.3585833333
0250301112	2011	12	26	360	0.2321666667	0.3707083333	0.358375
0250301112	2011	12	27	361	0.2311666667	0.3702916667	0.3579166667
0250301112	2011	12	28	362	0.2308333333	0.3699583333	0.3575833333
0250301112	2011	12	29	363	0.230375	0.3697916667	0.3573333333
0250301112	2011	12	30	364	0.2306666667	0.3698333333	0.3573333333
0250301112	2011	12	31	365	0.2308333333	0.369875	0.356875
0250301112	2012	1	1	1	0.2316666667	0.3700833333	0.3575
0250301112	2012	1	2	2	0.2316666667	0.370125	0.3572916667
0250301112	2012	1	3	3	0.2318333333	0.3703333333	0.3575
0250301112	2012	1	4	4	0.2334583333	0.3709583333	0.3583333333
0250301112	2012	1	5	5	0.2332083333	0.3709166667	0.3582916667
0250301112	2012	1	6	6	0.2327916667	0.3707916667	0.3583333333
0250301112	2012	1	7	7	0.2329583333	0.3707083333	0.358375
0250301112	2012	1	8	8	0.2322083333	0.370375	0.35825
0250301112	2012	1	9	9	0.2320434783	0.3703043478	0.3582173913
0250301112	2012	1	10	10	0.2310416667	0.3700416667	0.3577083333
0250301112	2012	1	11	11	0.230375	0.3696666667	0.3575
0250301112	2012	1	12	12	0.2299166667	0.3696666667	0.357125
0250301112	2012	1	13	13	0.229	0.3691666667	0.3567083333
0250301112	2012	1	14	14	0.2281666667	0.3690833333	0.3563333333
0250301112	2012	1	15	15	0.2271666667	0.36875	0.3557083333
0250301112	2012	1	16	16	0.2261666667	0.3687083333	0.3555416667
0250301112	2012	1	17	17	0.2261666667	0.3687916667	0.3551666667
0250301112	2012	1	18	18	0.2263333333	0.3687916667	0.355125
0250301112	2012	1	19	19	0.226625	0.3685	0.3547083333
0250301112	2012	1	20	20	0.226125	0.3685416667	0.3549166667
0250301112	2012	1	21	21	0.2267083333	0.3685416667	0.3548333333
0250301112	2012	1	22	22	0.2309166667	0.3697083333	0.3565416667
0250301112	2012	1	23	23	0.2305	0.3692916667	0.35625
0250301112	2012	1	24	24	0.2284583333	0.3690416667	0.356
0250301112	2012	1	25	25	0.2287083333	0.3689166667	0.3556666667
0250301112	2012	1	26	26	0.2275	0.3686666667	0.3553333333
0250301112	2012	1	27	27	0.2275416667	0.368625	0.3551666667
0250301112	2012	1	28	28	0.2270833333	0.3685833333	0.355125
0250301112	2012	1	29	29	0.2273333333	0.3687083333	0.3551666667
0250301112	2012	1	30	30	0.2267916667	0.368375	0.355
0250301112	2012	1	31	31	0.22625	0.3682083333	0.3548333333
0250301112	2012	2	1	32	0.2259166667	0.3682916667	0.3545
0250301112	2012	2	2	33	0.2255	0.3682083333	0.3541666667
0250301112	2012	2	3	34	0.2252916667	0.3680833333	0.35425
0250301112	2012	2	4	35	0.225	0.3680833333	0.3540416667
0250301112	2012	2	5	36	0.2245	0.368	0.3537916667
0250301112	2012	2	6	37	0.2244166667	0.3679166667	0.3535416667
0250301112	2012	2	7	38	0.2237916667	0.3674583333	0.353125
0250301112	2012	2	8	39	0.223	0.3674583333	0.3529583333
0250301112	2012	2	9	40	0.2225416667	0.3674583333	0.3525416667
0250301112	2012	2	10	41	0.2225	0.3677083333	0.3524583333
0250301112	2012	2	11	42	0.222875	0.367625	0.35225
0250301112	2012	2	12	43	0.2230416667	0.3677916667	0.3525416667
0250301112	2012	2	13	44	0.2236666667	0.3679166667	0.3525833333
0250301112	2012	2	14	45	0.2237083333	0.368	0.3527916667
0250301112	2012	2	15	46	0.224375	0.3680833333	0.3529166667
0250301112	2012	2	16	47	0.224625	0.3680833333	0.3532083333
0250301112	2012	2	17	48	0.224625	0.3681666667	0.353125
0250301112	2012	2	18	49	0.224375	0.3681666667	0.3532916667
0250301112	2012	2	19	50	0.2239583333	0.3680833333	0.3532083333
0250301112	2012	2	20	51	0.2235	0.3679166667	0.3532916667
0250301112	2012	2	21	52	0.2233333333	0.3677083333	0.352625
0250301112	2012	2	22	53	0.223	0.36775	0.352625
0250301112	2012	2	23	54	0.224625	0.368125	0.353125
0250301112	2012	2	24	55	0.224125	0.3679583333	0.3529166667
0250301112	2012	2	25	56	0.22375	0.3680416667	0.3529583333
0250301112	2012	2	26	57	0.223875	0.3679583333	0.3530833333
0250301112	2012	2	27	58	0.2240416667	0.3680416667	0.352875
0250301112	2012	2	28	59	0.224	0.3680416667	0.3530416667
0250301112	2012	2	29	60	0.2239583333	0.367875	0.352875
0250301112	2012	3	1	61	0.2239583333	0.3679166667	0.353
0250301112	2012	3	2	62	0.2237083333	0.3679166667	0.3529166667
0250301112	2012	3	3	63	0.2229166667	0.36775	0.3527083333
0250301112	2012	3	4	64	0.222375	0.3674166667	0.3525416667
0250301112	2012	3	5	65	0.222625	0.3675416667	0.3524583333
0250301112	2012	3	6	66	0.2466666667	0.3739166667	0.3567083333
0250301112	2012	3	7	67	0.2459583333	0.3743333333	0.3595
0250301112	2012	3	8	68	0.2424166667	0.37325	0.3595
0250301112	2012	3	9	69	0.2420833333	0.37225	0.3590416667
0250301112	2012	3	10	70	0.23875	0.3717916667	0.358625
0250301112	2012	3	11	71	0.2369583333	0.3712083333	0.35825
0250301112	2012	3	12	72	0.237125	0.3712916667	0.35825
0250301112	2012	3	13	73	0.24	0.372125	0.3587083333
0250301112	2012	3	14	74	0.2450833333	0.373875	0.3604583333
0250301112	2012	3	15	75	0.25025	0.3755416667	0.362625
0250301112	2012	3	16	76	0.258875	0.378625	0.3655
0250301112	2012	3	17	77	0.2646666667	0.3805833333	0.368875
0250301112	2012	3	18	78	0.265375	0.3805416667	0.3699583333
0250301112	2012	3	19	79	0.2583333333	0.3775833333	0.368
0250301112	2012	3	20	80	0.253375	0.3755	0.365625
0250301112	2012	3	21	81	0.2497058824	0.3742352941	0.3638823529
0250301112	2012	3	22	82	0.2480416667	0.3735	0.3632083333
0250301112	2012	3	23	83	0.251375	0.3745833333	0.3635833333
0250301112	2012	3	24	84	0.260625	0.377375	0.3655833333
0250301112	2012	3	25	85	0.2716666667	0.3807916667	0.3685
0250301112	2012	3	26	86	0.285125	0.384	0.371875
0250301112	2012	3	27	87	0.2814166667	0.3823333333	0.3718333333
0250301112	2012	3	28	88	0.2812916667	0.38225	0.372125
0250301112	2012	3	29	89	0.2844166667	0.383375	0.3731666667
0250301112	2012	3	30	90	0.2872916667	0.3841666667	0.374375
0250301112	2012	3	31	91	0.29325	0.38675	0.3796666667
0250301112	2012	4	1	92	0.2938333333	0.3867083333	0.3820416667
0250301112	2012	4	2	93	0.2847083333	0.38275	0.3775416667
0250301112	2012	4	3	94	0.2710416667	0.3785	0.3724583333
0250301112	2012	4	4	95	0.2787916667	0.3804166667	0.373
0250301112	2012	4	5	96	0.2943333333	0.3861666667	0.3805
0250301112	2012	4	6	97	0.29525	0.38625	0.382375
0250301112	2012	4	7	98	0.2926666667	0.3847916667	0.3797916667
0250301112	2012	4	8	99	0.298125	0.3869166667	0.3824166667
0250301112	2012	4	9	100	0.303375	0.3884583333	0.3857916667
0250301112	2012	4	10	101	0.3021666667	0.3875	0.3852083333
0250301112	2012	4	11	102	0.30075	0.3867916667	0.384375
0250301112	2012	4	12	103	0.2960416667	0.3855416667	0.3824166667
0250301112	2012	4	13	104	0.2920416667	0.383625	0.3802083333
0250301112	2012	4	14	105	0.290375	0.3832083333	0.3794583333
0250301112	2012	4	15	106	0.2727083333	0.3777916667	0.37325
0250301112	2012	4	16	107	0.2661666667	0.37575	0.3700416667
0250301112	2012	4	17	108	0.2737916667	0.3777083333	0.3710416667
0250301112	2012	4	18	109	0.298625	0.3870833333	0.3835833333
0250301112	2012	4	19	110	0.306	0.3880416667	0.3861666667
0250301112	2012	4	20	111	0.3111666667	0.3884166667	0.3875
0250301112	2012	4	21	112	0.3147083333	0.3885	0.3872916667
0250301112	2012	4	22	113	0.2934166667	0.3827916667	0.3801666667
0250301112	2012	4	23	114	0.277875	0.379625	0.3744166667
0250301112	2012	4	24	115	0.2650833333	0.3776666667	0.3707083333
0250301112	2012	4	25	116	0.2562083333	0.376	0.3675833333
0250301112	2012	4	26	117	0.2715	0.379	0.369375
0250301112	2012	4	27	118	0.2917916667	0.3827083333	0.378875
0250301112	2012	4	28	119	0.2709583333	0.378125	0.3721666667
0250301112	2012	4	29	120	0.25925	0.37625	0.3685
0250301112	2012	4	30	121	0.24975	0.37475	0.3654583333
0250301112	2012	5	1	122	0.243	0.3737083333	0.3632083333
0250301112	2012	5	2	123	0.2368333333	0.3728333333	0.3606666667
0250301112	2012	5	3	124	0.2302916667	0.371625	0.3591666667
0250301112	2012	5	4	125	0.2229583333	0.3705	0.357125
0250301112	2012	5	5	126	0.2142083333	0.3694166667	0.3549166667
0250301112	2012	5	6	127	0.2067916667	0.36825	0.352875
0250301112	2012	5	7	128	0.198625	0.3670833333	0.3508333333
0250301112	2012	5	8	129	0.1895833333	0.3652916667	0.34875
0250301112	2012	5	9	130	0.183375	0.364375	0.34675
0250301112	2012	5	10	131	0.181875	0.3632916667	0.3455
0250301112	2012	5	11	132	0.1705416667	0.3625833333	0.3435833333
0250301112	2012	5	12	133	0.1558333333	0.3612083333	0.3415833333
0250301112	2012	5	13	134	0.1435416667	0.3594166667	0.3393333333
0250301112	2012	5	14	135	0.127375	0.3577083333	0.33675
0250301112	2012	5	15	136	0.1129583333	0.3552083333	0.3345
0250301112	2012	5	16	137	0.09933333333	0.353375	0.332
0250301112	2012	5	17	138	0.083	0.3504583333	0.3291666667
0250301112	2012	5	18	139	0.06825	0.347875	0.326625
0250301112	2012	5	19	140	0.05575	0.3446666667	0.324
0250301112	2012	5	20	141	0.04729166667	0.3412083333	0.3210833333
0250301112	2012	5	21	142	0.037	0.337875	0.317625
0250301112	2012	5	22	143	0.027	0.3339166667	0.314375
0250301112	2012	5	23	144	0.01783333333	0.3294583333	0.3111666667
0250301112	2012	5	24	145	0.012	0.3251666667	0.307
0250301112	2012	5	25	146	0.006375	0.3220833333	0.3050416667
0250301112	2012	5	26	147	0.002875	0.31925	0.3017083333
0250301112	2012	5	27	148	0.001166666667	0.315125	0.2989583333
0250301112	2012	5	28	149	0.0006666666667	0.311375	0.2955833333
0250301112	2012	5	29	150	0.0002083333333	0.3079583333	0.29175
0250301112	2012	5	30	151	4.166666667E-05	0.304625	0.2882916667
0250301112	2012	5	31	152	8.333333333E-05	0.2999583333	0.2837083333
0250301112	2012	6	1	153	8.333333333E-05	0.2962083333	0.2790416667
0250301112	2012	6	2	154	-9999	0.2923333333	0.27425
0250301112	2012	6	3	155	-9999	0.2878333333	0.2700833333
0250301112	2012	6	4	156	-9999	0.2829166667	0.2652916667
0250301112	2012	6	5	157	-9999	0.2779583333	0.2605416667
0250301112	2012	6	6	158	-9999	0.2741666667	0.2569166667
0250301112	2012	6	7	159	-9999	0.270375	0.25075
0250301112	2012	6	8	160	-9999	0.2667916667	0.246875
0250301112	2012	6	9	161	-9999	0.2635416667	0.2419583333
0250301112	2012	6	10	162	-9999	0.2595833333	0.2377916667
0250301112	2012	6	11	163	-9999	0.2578333333	0.23625
0250301112	2012	6	12	164	-9999	0.2563333333	0.234625
0250301112	2012	6	13	165	-9999	0.253125	0.2303333333
0250301112	2012	6	14	166	-9999	0.25125	0.2275
0250301112	2012	6	15	167	-9999	0.2474583333	0.226625
0250301112	2012	6	16	168	-9999	0.2455833333	0.2234166667
0250301112	2012	6	17	169	-9999	0.24325	0.2228333333
0250301112	2012	6	18	170	-9999	0.241125	0.2201666667
0250301112	2012	6	19	171	-9999	0.2390833333	0.219125
0250301112	2012	6	20	172	-9999	0.2377083333	0.2161666667
0250301112	2012	6	21	173	-9999	0.2359583333	0.2134583333
0250301112	2012	6	22	174	-9999	0.2334166667	0.2120833333
0250301112	2012	6	23	175	-9999	0.2328333333	0.2080416667
0250301112	2012	6	24	176	-9999	0.2310833333	0.2069166667
0250301112	2012	6	25	177	-9999	0.2285833333	0.2064583333
0250301112	2012	6	26	178	-9999	0.2282083333	0.2048333333
0250301112	2012	6	27	179	-9999	0.2281666667	0.203375
0250301112	2012	6	28	180	-9999	0.2254166667	0.2027083333
0250301112	2012	6	29	181	-9999	0.2254166667	0.2016666667
0250301112	2012	6	30	182	-9999	0.2239166667	0.2008333333
0250301112	2012	7	1	183	-9999	0.2229583333	0.1985833333
0250301112	2012	7	2	184	-9999	0.2205833333	0.198375
0250301112	2012	7	3	185	-9999	0.2198333333	0.1970416667
0250301112	2012	7	4	186	-9999	0.2193333333	0.1968333333
0250301112	2012	7	5	187	-9999	0.218625	0.1959583333
0250301112	2012	7	6	188	-9999	0.217875	0.1951666667
0250301112	2012	7	7	189	-9999	0.2185833333	0.1938333333
0250301112	2012	7	8	190	-9999	0.21725	0.1951666667
0250301112	2012	7	9	191	-9999	0.2194583333	0.1928333333
0250301112	2012	7	10	192	-9999	0.2181666667	0.1939583333
0250301112	2012	7	11	193	-9999	0.2176666667	0.195
0250301112	2012	7	12	194	-9999	0.219125	0.192875
0250301112	2012	7	13	195	-9999	0.218875	0.1923333333
0250301112	2012	7	14	196	-9999	0.21775	0.1942916667
0250301112	2012	7	15	197	0.2523333333	0.2217083333	-9999
0250301112	2012	7	16	198	0.30575	0.3449583333	0.3035416667
0250301112	2012	7	17	199	0.27875	0.3710833333	0.3417916667
0250301112	2012	7	18	200	0.251375	0.3667083333	0.3320416667
0250301112	2012	7	19	201	0.233375	0.362625	0.3258333333
0250301112	2012	7	20	202	0.2225416667	0.3597083333	0.3204583333
0250301112	2012	7	21	203	0.2775833333	0.3640416667	0.3175
0250301112	2012	7	22	204	0.3353333333	0.3827142857	0.3397142857
0250301112	2012	7	23	205	0.3393913043	0.3853043478	0.3657391304
0250301112	2012	7	24	206	0.308875	0.3794166667	0.3585833333
0250301112	2012	7	25	207	0.3037083333	0.3780833333	0.356
0250301112	2012	7	26	208	0.29	0.3755	0.3525416667
0250301112	2012	7	27	209	0.2835833333	0.3744583333	0.3495416667
0250301112	2012	7	28	210	0.2799583333	0.37275	0.3467083333
0250301112	2012	7	29	211	0.3357083333	0.3863333333	0.3622916667
0250301112	2012	7	30	212	0.3399166667	0.387	0.3685833333
0250301112	2012	7	31	213	0.31825	0.3820833333	0.3647083333
0250301112	2012	8	1	214	0.3264583333	0.3844583333	0.365875
0250301112	2012	8	2	215	0.3174583333	0.38075	0.36275
0250301112	2012	8	3	216	0.3925	0.3785833333	0.3580833333
0250301112	2012	8	4	217	0.3909166667	0.3765833333	0.3544583333
0250301112	2012	8	5	218	0.395375	0.378375	0.3534166667
0250301112	2012	8	6	219	0.394625	0.3775416667	0.3540416667
0250301112	2012	8	7	220	0.392875	0.3759583333	0.3515833333
0250301112	2012	8	8	221	0.39	0.37375	0.347875
0250301112	2012	8	9	222	0.388375	0.3725	0.344125
0250301112	2012	8	10	223	0.3855416667	0.3710416667	0.3414583333
0250301112	2012	8	11	224	0.3799583333	0.3684166667	0.3377916667
0250301112	2012	8	12	225	0.37375	0.3653333333	0.33375
0250301112	2012	8	13	226	0.3715833333	0.363625	0.330375
0250301112	2012	8	14	227	0.3645833333	0.361	0.3264583333
0250301112	2012	8	15	228	0.3879583333	0.3650833333	0.325125
0250301112	2012	8	16	229	0.398	0.3805416667	0.3370833333
0250301112	2012	8	17	230	0.3998333333	0.3845833333	0.3516666667
0250301112	2012	8	18	231	0.4014583333	0.3882083333	0.3659583333
0250301112	2012	8	19	232	0.4029583333	0.3877083333	0.376875
0250301112	2012	8	20	233	0.404625	0.3910416667	0.38475
0250301112	2012	8	21	234	0.4049583333	0.3900833333	0.3835
0250301112	2012	8	22	235	0.4034583333	0.3846666667	0.373
0250301112	2012	8	23	236	0.4044583333	0.389625	0.3805
0250301112	2012	8	24	237	0.4054166667	0.3909166667	0.3834583333
0250301112	2012	8	25	238	0.4044166667	0.3865	0.3749583333
0250301112	2012	8	26	239	0.4043333333	0.3864583333	0.3747083333
0250301112	2012	8	27	240	0.4039583333	0.3842916667	0.3705416667
0250301112	2012	8	28	241	0.4030416667	0.3826666667	0.3669166667
0250301112	2012	8	29	242	0.402375	0.38175	0.364125
0250301112	2012	8	30	243	0.4017777778	0.3805555556	0.3611111111
0250301112	2012	8	31	244	0.4035833333	0.3863333333	0.3680416667
0250301112	2012	9	1	245	0.403	0.3834166667	0.3664166667
0250301112	2012	9	2	246	0.4020833333	0.3820416667	0.3639583333
0250301112	2012	9	3	247	0.402	0.3814583333	0.3623333333
0250301112	2012	9	4	248	0.4014583333	0.3804583333	0.3606666667
0250301112	2012	9	5	249	0.4023333333	0.3827916667	0.3630833333
0250301112	2012	9	6	250	0.4019583333	0.3813333333	0.3615833333
0250301112	2012	9	7	251	0.405375	0.39125	0.3822083333
0250301112	2012	9	8	252	0.4045	0.386375	0.3752083333
0250301112	2012	9	9	253	0.4038333333	0.3840833333	0.3702083333
0250301112	2012	9	10	254	0.403	0.3824166667	0.3665833333
0250301112	2012	9	11	255	0.4045	0.3880416667	0.3777083333
0250301112	2012	9	12	256	0.4045416667	0.3862916667	0.37625
0250301112	2012	9	13	257	0.4037916667	0.3838333333	0.3702916667
0250301112	2012	9	14	258	0.4029166667	0.381625	0.3658333333
0250301112	2012	9	15	259	0.402	0.3794166667	0.362
0250301112	2012	9	16	260	0.4017916667	0.3780833333	0.3588333333
0250301112	2012	9	17	261	0.401	0.3770833333	0.3565
0250301112	2012	9	18	262	0.4004117647	0.376	0.3537647059
0250301112	2012	9	19	263	0.4	0.375	0.3515833333
0250301112	2012	9	20	264	0.3992083333	0.3744166667	0.3495416667
0250301112	2012	9	21	265	0.398375	0.3737083333	0.3475
0250301112	2012	9	22	266	0.397125	0.3725	0.3455
0250301112	2012	9	23	267	0.396	0.3715	0.3435
0250301112	2012	9	24	268	0.39475	0.3705833333	0.342
0250301112	2012	9	25	269	0.3928823529	0.3691176471	0.34
0250301112	2012	9	26	270	0.3912916667	0.3679583333	0.3377916667
0250301112	2012	9	27	271	0.3900416667	0.36675	0.335875
0250301112	2012	9	28	272	0.3887916667	0.365625	0.334125
0250301112	2012	9	29	273	0.3871666667	0.3649583333	0.3324166667
0250301112	2012	9	30	274	0.3857916667	0.363875	0.3309166667
0250301112	2012	10	1	275	0.3831666667	0.3623333333	0.32875
0250301112	2012	10	2	276	0.3809166667	0.361	0.3266666667
0250301112	2012	10	3	277	0.3785	0.3601666667	0.324625
0250301112	2012	10	4	278	0.3759166667	0.3587916667	0.3233333333
0250301112	2012	10	5	279	0.3732083333	0.3575833333	0.3212083333
0250301112	2012	10	6	280	0.3710833333	0.3563333333	0.3195833333
0250301112	2012	10	7	281	0.36875	0.3554166667	0.3181666667
0250301112	2012	10	8	282	0.3666666667	0.3541666667	0.3165416667
0250301112	2012	10	9	283	0.3645833333	0.353125	0.3149166667
0250301112	2012	10	10	284	0.3632083333	0.3523333333	0.3137916667
0250301112	2012	10	11	285	0.3642083333	0.3516666667	0.3124166667
0250301112	2012	10	12	286	0.396875	0.371125	0.31475
0250301112	2012	10	13	287	0.3995833333	0.3805833333	0.3345
0250301112	2012	10	14	288	0.3978333333	0.376875	0.342
0250301112	2012	10	15	289	0.39675	0.375125	0.3420833333
0250301112	2012	10	16	290	0.3959583333	0.3737916667	0.3415416667
0250301112	2012	10	17	291	0.395125	0.3728333333	0.34075
0250301112	2012	10	18	292	0.39425	0.37225	0.3400833333
0250301112	2012	10	19	293	0.3933333333	0.3711666667	0.3389583333
0250301112	2012	10	20	294	0.39225	0.3702916667	0.33775
0250301112	2012	10	21	295	0.39125	0.3694166667	0.3367083333
0250301112	2012	10	22	296	0.390625	0.36875	0.3361666667
0250301112	2012	10	23	297	0.3899583333	0.3682916667	0.3355833333
0250301112	2012	10	24	298	0.38925	0.3677916667	0.3347916667
0250301112	2012	10	25	299	0.388375	0.366625	0.3338333333
0250301112	2012	10	26	300	0.3866666667	0.3654166667	0.3325416667
0250301112	2012	10	27	301	0.3855416667	0.364125	0.3307916667
0250301112	2012	10	28	302	0.3855416667	0.364	0.33
0250301112	2012	10	29	303	0.3852083333	0.363875	0.3292916667
0250301112	2012	10	30	304	0.384875	0.3634583333	0.3272916667
0250301112	2012	10	31	305	0.3844166667	0.36325	0.3275833333
0250301112	2012	11	1	306	0.3839583333	0.362875	0.3280416667
0250301112	2012	11	2	307	0.3835833333	0.3625833333	0.3273333333
0250301112	2012	11	3	308	0.38325	0.3624166667	0.3269583333
0250301112	2012	11	4	309	0.3829166667	0.361875	0.3265833333
0250301112	2012	11	5	310	0.382125	0.3612083333	0.325625
0250301112	2012	11	6	311	0.3815	0.3610416667	0.3250416667
0250301112	2012	11	7	312	0.3810416667	0.360875	0.3244583333
0250301112	2012	11	8	313	0.3804166667	0.3605833333	0.3189166667
0250301112	2012	11	9	314	0.3947916667	0.3679583333	0.3309583333
0250301112	2012	11	10	315	0.4012083333	0.3858333333	0.3649166667
0250301112	2012	11	11	316	0.4000416667	0.38025	0.3747916667
0250301112	2012	11	12	317	0.3984583333	0.3769166667	0.370625
0250301112	2012	11	13	318	0.3975	0.3750416667	0.3678333333
0250301112	2012	11	14	319	0.397	0.3740416667	0.3660416667
0250301112	2012	11	15	320	0.3974583333	0.3745833333	0.365375
0250301112	2012	11	16	321	0.4	0.3804117647	0.3715294118
0250301112	2012	11	17	322	0.3992083333	0.3781666667	0.3707916667
0250301112	2012	11	18	323	0.39875	0.3769166667	0.369625
0250301112	2012	11	19	324	0.3982916667	0.37575	0.3685
0250301112	2012	11	20	325	0.3978333333	0.3745	0.366875
0250301112	2012	11	21	326	0.3972083333	0.374	0.365875
0250301112	2012	11	22	327	0.397	0.3736666667	0.3650416667
0250301112	2012	11	23	328	0.3969166667	0.373	0.3642083333
0250301112	2012	11	24	329	0.3964583333	0.3728333333	0.3634166667
0250301112	2012	11	25	330	0.3960833333	0.3724166667	0.362875
0250301112	2012	11	26	331	0.396	0.3720833333	0.3621666667
0250301112	2012	11	27	332	0.3955416667	0.3715833333	0.3612916667
0250301112	2012	11	28	333	0.395375	0.371375	0.361
0250301112	2012	11	29	334	0.3950416667	0.3709583333	0.3602916667
0250301112	2012	11	30	335	0.39475	0.3706666667	0.35975
0250301112	2012	12	1	336	0.3947916667	0.370625	0.3591666667
0250301112	2012	12	2	337	0.3944166667	0.37025	0.3589583333
0250301112	2012	12	3	338	0.3940833333	0.369875	0.358375
0250301112	2012	12	4	339	0.394	0.370125	0.358
0250301112	2012	12	5	340	0.394	0.3699583333	0.3576666667
0250301112	2012	12	6	341	0.394	0.3698333333	0.357375
0250301112	2012	12	7	342	0.3937916667	0.3696666667	0.357375
0250301112	2012	12	8	343	0.3926666667	0.3687916667	0.3567916667
0250301112	2012	12	9	344	0.3900416667	0.3675833333	0.3557083333
0250301112	2012	12	10	345	0.3772916667	0.3653333333	0.3539166667
0250301112	2012	12	11	346	0.344375	0.3620833333	0.35175
0250301112	2012	12	12	347	0.266125	0.359875	0.3491666667
0250301112	2012	12	13	348	0.1835	0.3578333333	0.3464166667
0250301112	2012	12	14	349	0.1830416667	0.3567916667	0.3444583333
0250301112	2012	12	15	350	0.2194166667	0.3575	0.3430833333
0250301112	2012	12	16	351	0.2505	0.3584583333	-9999
0250301112	2012	12	17	352	0.281375	0.3595	0.3412916667
0250301112	2012	12	18	353	-9999	-9999	-9999
0250301112	2012	12	19	354	-9999	-9999	-9999
0250301112	2012	12	20	355	-9999	-9999	-9999
0250301112	2012	12	21	356	-9999	-9999	-9999
0250301112	2012	12	22	357	-9999	-9999	-9999
0250301112	2012	12	23	358	-9999	-9999	-9999
0250301112	2012	12	24	359	-9999	-9999	-9999
0250301112	2012	12	25	360	-9999	-9999	-9999
0250301112	2012	12	26	361	-9999	-9999	-9999
0250301112	2012	12	27	362	-9999	-9999	-9999
0250301112	2012	12	28	363	-9999	-9999	-9999
0250301112	2012	12	29	364	-9999	-9999	-9999
0250301112	2012	12	30	365	-9999	-9999	-9999
0250301112	2012	12	31	366	-9999	-9999	-9999
