stationID	Y	M	D	DOY	depth_5	depth_10	depth_20
0251510108	2005	1	1	1	0.315	0.35117	0.35817
0251510108	2005	1	2	2	0.315	0.35125	0.35813
0251510108	2005	1	3	3	0.31462	0.35075	0.35875
0251510108	2005	1	4	4	0.31437	0.35062	0.3585
0251510108	2005	1	5	5	0.3135	0.35112	0.35812
0251510108	2005	1	6	6	0.31275	0.34975	0.35888
0251510108	2005	1	7	7	0.31038	0.35075	0.35912
0251510108	2005	1	8	8	0.30875	0.34987	0.359
0251510108	2005	1	9	9	0.30638	0.34975	0.35875
0251510108	2005	1	10	10	0.305	0.34875	0.35987
0251510108	2005	1	11	11	0.30362	0.35	0.35812
0251510108	2005	1	12	12	0.3015	0.34975	0.357
0251510108	2005	1	13	13	0.30088	0.349	0.35875
0251510108	2005	1	14	14	0.29738	0.34937	0.3575
0251510108	2005	1	15	15	0.29612	0.35	0.35788
0251510108	2005	1	16	16	0.29563	0.34875	0.35738
0251510108	2005	1	17	17	0.29237	0.34812	0.35762
0251510108	2005	1	18	18	0.2885	0.34825	0.35825
0251510108	2005	1	19	19	0.28612	0.34963	0.35662
0251510108	2005	1	20	20	0.28625	0.34775	0.3575
0251510108	2005	1	21	21	0.28825	0.34825	0.35638
0251510108	2005	1	22	22	0.28887	0.348	0.35513
0251510108	2005	1	23	23	0.2915	0.34813	0.35588
0251510108	2005	1	24	24	0.294	0.34775	0.3545
0251510108	2005	1	25	25	0.29471	0.34714	0.35586
0251510108	2005	1	26	26	0.29688	0.34737	0.35475
0251510108	2005	1	27	27	0.2985	0.348	0.35413
0251510108	2005	1	28	28	0.299	0.34675	0.35575
0251510108	2005	1	29	29	0.30038	0.34725	0.35488
0251510108	2005	1	30	30	0.3	0.34687	0.35538
0251510108	2005	1	31	31	0.30075	0.34737	0.35488
0251510108	2005	2	1	32	0.29988	0.34762	0.35475
0251510108	2005	2	2	33	0.29988	0.34787	0.35488
0251510108	2005	2	3	34	0.30062	0.34712	0.35563
0251510108	2005	2	4	35	0.30025	0.3475	0.35475
0251510108	2005	2	5	36	0.29962	0.3475	0.35438
0251510108	2005	2	6	37	0.29988	0.347	0.35462
0251510108	2005	2	7	38	0.30062	0.34737	0.35425
0251510108	2005	2	8	39	0.3005	0.34737	0.35512
0251510108	2005	2	9	40	0.29975	0.34725	0.35475
0251510108	2005	2	10	41	0.29937	0.347	0.35475
0251510108	2005	2	11	42	0.29788	0.34687	0.35462
0251510108	2005	2	12	43	0.29675	0.347	0.35363
0251510108	2005	2	13	44	0.29488	0.34675	0.35337
0251510108	2005	2	14	45	0.2935	0.34737	0.35412
0251510108	2005	2	15	46	0.29225	0.34713	0.354
0251510108	2005	2	16	47	0.29262	0.346	0.35463
0251510108	2005	2	17	48	0.29212	0.34713	0.35388
0251510108	2005	2	18	49	0.2905	0.34737	0.35387
0251510108	2005	2	19	50	0.28837	0.347	0.355
0251510108	2005	2	20	51	0.28675	0.34562	0.35487
0251510108	2005	2	21	52	0.28487	0.34587	0.354
0251510108	2005	2	22	53	0.28163	0.34675	0.353
0251510108	2005	2	23	54	0.27975	0.34587	0.35425
0251510108	2005	2	24	55	0.27963	0.346	0.35275
0251510108	2005	2	25	56	0.27825	0.34525	0.35388
0251510108	2005	2	26	57	0.27713	0.346	0.35275
0251510108	2005	2	27	58	0.27637	0.34513	0.354
0251510108	2005	2	28	59	0.27463	0.34525	0.35388
0251510108	2005	3	1	60	0.27375	0.345	0.35388
0251510108	2005	3	2	61	0.27263	0.34462	0.35237
0251510108	2005	3	3	62	0.2715	0.34513	0.35275
0251510108	2005	3	4	63	0.27	0.3445	0.353
0251510108	2005	3	5	64	0.2695	0.34375	0.353
0251510108	2005	3	6	65	0.26875	0.34362	0.35275
0251510108	2005	3	7	66	0.2695	0.34362	0.353
0251510108	2005	3	8	67	0.26913	0.343	0.3525
0251510108	2005	3	9	68	0.26875	0.344	0.35188
0251510108	2005	3	10	69	0.27	0.34387	0.35175
0251510108	2005	3	11	70	0.271	0.34437	0.35212
0251510108	2005	3	12	71	0.27325	0.34375	0.35162
0251510108	2005	3	13	72	0.27325	0.34362	0.35187
0251510108	2005	3	14	73	0.27613	0.34375	0.35112
0251510108	2005	3	15	74	0.27675	0.34437	0.3505
0251510108	2005	3	16	75	0.27863	0.34387	0.3515
0251510108	2005	3	17	76	0.27988	0.343	0.3515
0251510108	2005	3	18	77	0.28	0.3435	0.35125
0251510108	2005	3	19	78	0.28113	0.344	0.3505
0251510108	2005	3	20	79	0.28362	0.34337	0.35087
0251510108	2005	3	21	80	0.28314	0.34414	0.35
0251510108	2005	3	22	81	0.28375	0.34362	0.35025
0251510108	2005	3	23	82	0.2855	0.344	0.35
0251510108	2005	3	24	83	0.28675	0.34375	0.35062
0251510108	2005	3	25	84	0.288	0.34287	0.34975
0251510108	2005	3	26	85	0.28925	0.34413	0.34987
0251510108	2005	3	27	86	0.28862	0.34387	0.34987
0251510108	2005	3	28	87	0.2905	0.34362	0.3495
0251510108	2005	3	29	88	0.29112	0.34387	0.34975
0251510108	2005	3	30	89	0.29212	0.34362	0.35012
0251510108	2005	3	31	90	0.29338	0.34413	0.34987
0251510108	2005	4	1	91	0.29425	0.34437	0.35025
0251510108	2005	4	2	92	0.29512	0.34425	0.34888
0251510108	2005	4	3	93	0.29588	0.34337	0.3495
0251510108	2005	4	4	94	0.29662	0.3435	0.34975
0251510108	2005	4	5	95	0.29788	0.34338	0.34987
0251510108	2005	4	6	96	0.299	0.344	0.34962
0251510108	2005	4	7	97	0.2985	0.34375	0.3495
0251510108	2005	4	8	98	0.2995	0.34437	0.3495
0251510108	2005	4	9	99	0.30113	0.34425	0.349
0251510108	2005	4	10	100	0.30125	0.34513	0.352
0251510108	2005	4	11	101	0.30388	0.34625	0.35137
0251510108	2005	4	12	102	0.30587	0.34525	0.35313
0251510108	2005	4	13	103	0.30925	0.34537	0.35363
0251510108	2005	4	14	104	0.31612	0.34637	0.35512
0251510108	2005	4	15	105	0.32112	0.34638	0.35687
0251510108	2005	4	16	106	0.32463	0.34613	0.3575
0251510108	2005	4	17	107	0.32875	0.34575	0.35837
0251510108	2005	4	18	108	0.3355	0.347	0.36138
0251510108	2005	4	19	109	0.33813	0.34762	0.36275
0251510108	2005	4	20	110	0.3385	0.34675	0.36287
0251510108	2005	4	21	111	0.33925	0.34825	0.36212
0251510108	2005	4	22	112	0.3395	0.348	0.36187
0251510108	2005	4	23	113	0.34263	0.34787	0.363
0251510108	2005	4	24	114	0.34875	0.34975	0.38575
0251510108	2005	4	25	115	0.35387	0.35875	0.38613
0251510108	2005	4	26	116	0.35688	0.36238	0.38613
0251510108	2005	4	27	117	0.35525	0.35925	0.38638
0251510108	2005	4	28	118	0.35512	0.359	0.38675
0251510108	2005	4	29	119	0.35337	0.359	0.38713
0251510108	2005	4	30	120	0.35286	0.35971	0.38686
0251510108	2005	5	1	121	0.35275	0.35825	0.38725
0251510108	2005	5	2	122	0.35262	0.35863	0.38725
0251510108	2005	5	3	123	0.35462	0.35925	0.38738
0251510108	2005	5	4	124	0.35388	0.35962	0.38713
0251510108	2005	5	5	125	0.35487	0.36362	0.38763
0251510108	2005	5	6	126	0.36113	0.39063	0.38775
0251510108	2005	5	7	127	0.3665	0.38925	0.3875
0251510108	2005	5	8	128	0.37813	0.397	0.3885
0251510108	2005	5	9	129	0.37525	0.38875	0.388
0251510108	2005	5	10	130	0.37462	0.39238	0.38812
0251510108	2005	5	11	131	0.37187	0.37538	0.38812
0251510108	2005	5	12	132	0.37313	0.383	0.388
0251510108	2005	5	13	133	0.37375	0.385	0.38825
0251510108	2005	5	14	134	0.38	0.39788	0.38813
0251510108	2005	5	15	135	0.40575	0.398	0.38838
0251510108	2005	5	16	136	0.406	0.398	0.38762
0251510108	2005	5	17	137	0.40625	0.39775	0.3875
0251510108	2005	5	18	138	0.40613	0.398	0.38763
0251510108	2005	5	19	139	0.40675	0.39813	0.38787
0251510108	2005	5	20	140	0.40713	0.39813	0.38763
0251510108	2005	5	21	141	0.407	0.3985	0.38787
0251510108	2005	5	22	142	0.407	0.39825	0.38813
0251510108	2005	5	23	143	0.40625	0.39838	0.38787
0251510108	2005	5	24	144	0.40563	0.3985	0.38825
0251510108	2005	5	25	145	0.403	0.3985	0.38825
0251510108	2005	5	26	146	0.4015	0.39863	0.38813
0251510108	2005	5	27	147	0.40275	0.39838	0.388
0251510108	2005	5	28	148	0.40475	0.39825	0.38863
0251510108	2005	5	29	149	0.40425	0.3985	0.38838
0251510108	2005	5	30	150	0.40238	0.3985	0.38825
0251510108	2005	5	31	151	0.40188	0.39613	0.38812
0251510108	2005	6	1	152	0.40538	0.3985	0.38887
0251510108	2005	6	2	153	0.4035	0.3985	0.38838
0251510108	2005	6	3	154	0.39975	0.39088	0.38825
0251510108	2005	6	4	155	0.40588	0.3985	0.3885
0251510108	2005	6	5	156	0.40625	0.3985	0.38825
0251510108	2005	6	6	157	0.407	0.39875	0.38813
0251510108	2005	6	7	158	0.407	0.39838	0.3885
0251510108	2005	6	8	159	0.4065	0.39825	0.388
0251510108	2005	6	9	160	0.40538	0.39838	0.38825
0251510108	2005	6	10	161	0.40525	0.3985	0.38863
0251510108	2005	6	11	162	0.40588	0.39838	0.38813
0251510108	2005	6	12	163	0.40563	0.39825	0.38863
0251510108	2005	6	13	164	0.40575	0.39863	0.38838
0251510108	2005	6	14	165	0.40425	0.39838	0.38787
0251510108	2005	6	15	166	0.40538	0.39875	0.38863
0251510108	2005	6	16	167	0.40413	0.3985	0.38825
0251510108	2005	6	17	168	0.40413	0.39838	0.38863
0251510108	2005	6	18	169	0.402	0.398	0.3885
0251510108	2005	6	19	170	0.39888	0.38512	0.38875
0251510108	2005	6	20	171	0.3955	0.37862	0.3885
0251510108	2005	6	21	172	0.394	0.37787	0.389
0251510108	2005	6	22	173	0.39188	0.37738	0.38863
0251510108	2005	6	23	174	0.3905	0.37612	0.38875
0251510108	2005	6	24	175	0.387	0.375	0.38913
0251510108	2005	6	25	176	0.38643	0.37371	0.38829
0251510108	2005	6	26	177	-9999	-9999	-9999
0251510108	2005	6	27	178	-9999	-9999	-9999
0251510108	2005	6	28	179	-9999	-9999	-9999
0251510108	2005	6	29	180	-9999	-9999	-9999
0251510108	2005	6	30	181	-9999	-9999	-9999
0251510108	2005	7	1	182	-9999	-9999	-9999
0251510108	2005	7	2	183	-9999	-9999	-9999
0251510108	2005	7	3	184	-9999	-9999	-9999
0251510108	2005	7	4	185	-9999	-9999	-9999
0251510108	2005	7	5	186	-9999	-9999	-9999
0251510108	2005	7	6	187	-9999	-9999	-9999
0251510108	2005	7	7	188	-9999	-9999	-9999
0251510108	2005	7	8	189	-9999	-9999	-9999
0251510108	2005	7	9	190	-9999	-9999	-9999
0251510108	2005	7	10	191	-9999	-9999	-9999
0251510108	2005	7	11	192	-9999	-9999	-9999
0251510108	2005	7	12	193	-9999	-9999	-9999
0251510108	2005	7	13	194	-9999	-9999	-9999
0251510108	2005	7	14	195	-9999	-9999	-9999
0251510108	2005	7	15	196	-9999	-9999	-9999
0251510108	2005	7	16	197	-9999	-9999	-9999
0251510108	2005	7	17	198	-9999	-9999	-9999
0251510108	2005	7	18	199	-9999	-9999	-9999
0251510108	2005	7	19	200	-9999	-9999	-9999
0251510108	2005	7	20	201	-9999	-9999	-9999
0251510108	2005	7	21	202	-9999	-9999	-9999
0251510108	2005	7	22	203	-9999	-9999	-9999
0251510108	2005	7	23	204	-9999	-9999	-9999
0251510108	2005	7	24	205	-9999	-9999	-9999
0251510108	2005	7	25	206	-9999	-9999	-9999
0251510108	2005	7	26	207	-9999	-9999	-9999
0251510108	2005	7	27	208	-9999	-9999	-9999
0251510108	2005	7	28	209	-9999	-9999	-9999
0251510108	2005	7	29	210	-9999	-9999	-9999
0251510108	2005	7	30	211	-9999	-9999	-9999
0251510108	2005	7	31	212	-9999	-9999	-9999
0251510108	2005	8	1	213	-9999	-9999	-9999
0251510108	2005	8	2	214	-9999	-9999	-9999
0251510108	2005	8	3	215	-9999	-9999	-9999
0251510108	2005	8	4	216	-9999	-9999	-9999
0251510108	2005	8	5	217	-9999	-9999	-9999
0251510108	2005	8	6	218	-9999	-9999	-9999
0251510108	2005	8	7	219	-9999	-9999	-9999
0251510108	2005	8	8	220	-9999	-9999	-9999
0251510108	2005	8	9	221	-9999	-9999	-9999
0251510108	2005	8	10	222	-9999	-9999	-9999
0251510108	2005	8	11	223	-9999	-9999	-9999
0251510108	2005	8	12	224	-9999	-9999	-9999
0251510108	2005	8	13	225	-9999	-9999	-9999
0251510108	2005	8	14	226	-9999	-9999	-9999
0251510108	2005	8	15	227	-9999	-9999	-9999
0251510108	2005	8	16	228	-9999	-9999	-9999
0251510108	2005	8	17	229	-9999	-9999	-9999
0251510108	2005	8	18	230	-9999	-9999	-9999
0251510108	2005	8	19	231	-9999	-9999	-9999
0251510108	2005	8	20	232	-9999	-9999	-9999
0251510108	2005	8	21	233	-9999	-9999	-9999
0251510108	2005	8	22	234	-9999	-9999	-9999
0251510108	2005	8	23	235	-9999	-9999	-9999
0251510108	2005	8	24	236	-9999	-9999	-9999
0251510108	2005	8	25	237	-9999	-9999	-9999
0251510108	2005	8	26	238	-9999	-9999	-9999
0251510108	2005	8	27	239	-9999	-9999	-9999
0251510108	2005	8	28	240	-9999	-9999	-9999
0251510108	2005	8	29	241	-9999	-9999	-9999
0251510108	2005	8	30	242	-9999	-9999	-9999
0251510108	2005	8	31	243	-9999	-9999	-9999
0251510108	2005	9	1	244	-9999	-9999	-9999
0251510108	2005	9	2	245	-9999	-9999	-9999
0251510108	2005	9	3	246	-9999	-9999	-9999
0251510108	2005	9	4	247	-9999	-9999	-9999
0251510108	2005	9	5	248	-9999	-9999	-9999
0251510108	2005	9	6	249	-9999	-9999	-9999
0251510108	2005	9	7	250	-9999	-9999	-9999
0251510108	2005	9	8	251	-9999	-9999	-9999
0251510108	2005	9	9	252	-9999	-9999	-9999
0251510108	2005	9	10	253	-9999	-9999	-9999
0251510108	2005	9	11	254	-9999	-9999	-9999
0251510108	2005	9	12	255	-9999	-9999	-9999
0251510108	2005	9	13	256	-9999	-9999	-9999
0251510108	2005	9	14	257	-9999	-9999	-9999
0251510108	2005	9	15	258	-9999	-9999	-9999
0251510108	2005	9	16	259	-9999	-9999	-9999
0251510108	2005	9	17	260	-9999	-9999	-9999
0251510108	2005	9	18	261	-9999	-9999	-9999
0251510108	2005	9	19	262	-9999	-9999	-9999
0251510108	2005	9	20	263	-9999	-9999	-9999
0251510108	2005	9	21	264	-9999	-9999	-9999
0251510108	2005	9	22	265	-9999	-9999	-9999
0251510108	2005	9	23	266	-9999	-9999	-9999
0251510108	2005	9	24	267	-9999	-9999	-9999
0251510108	2005	9	25	268	-9999	-9999	-9999
0251510108	2005	9	26	269	-9999	-9999	-9999
0251510108	2005	9	27	270	-9999	-9999	-9999
0251510108	2005	9	28	271	-9999	-9999	-9999
0251510108	2005	9	29	272	-9999	-9999	-9999
0251510108	2005	9	30	273	-9999	-9999	-9999
0251510108	2005	10	1	274	-9999	-9999	-9999
0251510108	2005	10	2	275	-9999	-9999	-9999
0251510108	2005	10	3	276	-9999	-9999	-9999
0251510108	2005	10	4	277	-9999	-9999	-9999
0251510108	2005	10	5	278	-9999	-9999	-9999
0251510108	2005	10	6	279	-9999	-9999	-9999
0251510108	2005	10	7	280	-9999	-9999	-9999
0251510108	2005	10	8	281	-9999	-9999	-9999
0251510108	2005	10	9	282	-9999	-9999	-9999
0251510108	2005	10	10	283	-9999	-9999	-9999
0251510108	2005	10	11	284	-9999	-9999	-9999
0251510108	2005	10	12	285	-9999	-9999	-9999
0251510108	2005	10	13	286	-9999	-9999	-9999
0251510108	2005	10	14	287	0.401	0.403	-9999
0251510108	2005	10	15	288	-9999	0.408	-9999
0251510108	2005	10	16	289	-9999	0.4105	-9999
0251510108	2005	10	17	290	-9999	-9999	-9999
0251510108	2005	10	18	291	-9999	0.41567	-9999
0251510108	2005	10	19	292	-9999	-9999	-9999
0251510108	2005	10	20	293	-9999	-9999	-9999
0251510108	2005	10	21	294	-9999	-9999	-9999
0251510108	2005	10	22	295	-9999	-9999	-9999
0251510108	2005	10	23	296	-9999	-9999	-9999
0251510108	2005	10	24	297	-9999	-9999	-9999
0251510108	2005	10	25	298	-9999	-9999	-9999
0251510108	2005	10	26	299	-9999	-9999	-9999
0251510108	2005	10	27	300	-9999	-9999	-9999
0251510108	2005	10	28	301	-9999	-9999	-9999
0251510108	2005	10	29	302	-9999	-9999	-9999
0251510108	2005	10	30	303	-9999	-9999	-9999
0251510108	2005	10	31	304	-9999	-9999	-9999
0251510108	2005	11	1	305	-9999	-9999	-9999
0251510108	2005	11	2	306	-9999	-9999	-9999
0251510108	2005	11	3	307	-9999	-9999	-9999
0251510108	2005	11	4	308	-9999	-9999	-9999
0251510108	2005	11	5	309	-9999	-9999	-9999
0251510108	2005	11	6	310	-9999	-9999	-9999
0251510108	2005	11	7	311	-9999	-9999	-9999
0251510108	2005	11	8	312	-9999	-9999	-9999
0251510108	2005	11	9	313	-9999	-9999	-9999
0251510108	2005	11	10	314	-9999	-9999	-9999
0251510108	2005	11	11	315	-9999	-9999	-9999
0251510108	2005	11	12	316	-9999	-9999	-9999
0251510108	2005	11	13	317	-9999	-9999	-9999
0251510108	2005	11	14	318	-9999	-9999	-9999
0251510108	2005	11	15	319	-9999	-9999	-9999
0251510108	2005	11	16	320	-9999	-9999	-9999
0251510108	2005	11	17	321	-9999	-9999	-9999
0251510108	2005	11	18	322	-9999	-9999	-9999
0251510108	2005	11	19	323	-9999	-9999	-9999
0251510108	2005	11	20	324	-9999	-9999	-9999
0251510108	2005	11	21	325	-9999	-9999	-9999
0251510108	2005	11	22	326	-9999	-9999	-9999
0251510108	2005	11	23	327	-9999	-9999	-9999
0251510108	2005	11	24	328	-9999	-9999	-9999
0251510108	2005	11	25	329	-9999	-9999	-9999
0251510108	2005	11	26	330	-9999	-9999	-9999
0251510108	2005	11	27	331	-9999	-9999	-9999
0251510108	2005	11	28	332	-9999	-9999	-9999
0251510108	2005	11	29	333	-9999	-9999	-9999
0251510108	2005	11	30	334	-9999	-9999	-9999
0251510108	2005	12	1	335	-9999	-9999	-9999
0251510108	2005	12	2	336	-9999	-9999	-9999
0251510108	2005	12	3	337	-9999	-9999	-9999
0251510108	2005	12	4	338	-9999	-9999	-9999
0251510108	2005	12	5	339	-9999	-9999	-9999
0251510108	2005	12	6	340	-9999	-9999	-9999
0251510108	2005	12	7	341	-9999	-9999	-9999
0251510108	2005	12	8	342	-9999	-9999	-9999
0251510108	2005	12	9	343	-9999	-9999	-9999
0251510108	2005	12	10	344	-9999	-9999	-9999
0251510108	2005	12	11	345	-9999	-9999	-9999
0251510108	2005	12	12	346	-9999	-9999	-9999
0251510108	2005	12	13	347	-9999	-9999	-9999
0251510108	2005	12	14	348	-9999	-9999	-9999
0251510108	2005	12	15	349	-9999	-9999	-9999
0251510108	2005	12	16	350	-9999	-9999	-9999
0251510108	2005	12	17	351	-9999	-9999	-9999
0251510108	2005	12	18	352	-9999	-9999	-9999
0251510108	2005	12	19	353	-9999	-9999	-9999
0251510108	2005	12	20	354	-9999	-9999	-9999
0251510108	2005	12	21	355	-9999	-9999	-9999
0251510108	2005	12	22	356	-9999	-9999	-9999
0251510108	2005	12	23	357	-9999	-9999	-9999
0251510108	2005	12	24	358	-9999	-9999	-9999
0251510108	2005	12	25	359	-9999	-9999	-9999
0251510108	2005	12	26	360	-9999	-9999	-9999
0251510108	2005	12	27	361	-9999	-9999	-9999
0251510108	2005	12	28	362	-9999	-9999	-9999
0251510108	2005	12	29	363	-9999	-9999	-9999
0251510108	2005	12	30	364	-9999	-9999	-9999
0251510108	2005	12	31	365	-9999	-9999	-9999
0251510108	2006	1	1	1	-9999	-9999	-9999
0251510108	2006	1	2	2	-9999	-9999	-9999
0251510108	2006	1	3	3	-9999	-9999	-9999
0251510108	2006	1	4	4	-9999	-9999	-9999
0251510108	2006	1	5	5	-9999	-9999	-9999
0251510108	2006	1	6	6	-9999	-9999	-9999
0251510108	2006	1	7	7	-9999	-9999	-9999
0251510108	2006	1	8	8	-9999	-9999	-9999
0251510108	2006	1	9	9	-9999	-9999	-9999
0251510108	2006	1	10	10	-9999	-9999	-9999
0251510108	2006	1	11	11	-9999	-9999	-9999
0251510108	2006	1	12	12	-9999	-9999	-9999
0251510108	2006	1	13	13	-9999	-9999	-9999
0251510108	2006	1	14	14	-9999	-9999	-9999
0251510108	2006	1	15	15	-9999	-9999	-9999
0251510108	2006	1	16	16	-9999	-9999	-9999
0251510108	2006	1	17	17	-9999	-9999	-9999
0251510108	2006	1	18	18	-9999	-9999	-9999
0251510108	2006	1	19	19	-9999	-9999	-9999
0251510108	2006	1	20	20	-9999	-9999	-9999
0251510108	2006	1	21	21	-9999	-9999	-9999
0251510108	2006	1	22	22	-9999	-9999	-9999
0251510108	2006	1	23	23	-9999	-9999	-9999
0251510108	2006	1	24	24	-9999	-9999	-9999
0251510108	2006	1	25	25	-9999	-9999	-9999
0251510108	2006	1	26	26	-9999	-9999	-9999
0251510108	2006	1	27	27	-9999	-9999	-9999
0251510108	2006	1	28	28	-9999	-9999	-9999
0251510108	2006	1	29	29	-9999	-9999	-9999
0251510108	2006	1	30	30	-9999	-9999	-9999
0251510108	2006	1	31	31	-9999	-9999	-9999
0251510108	2006	2	1	32	-9999	-9999	-9999
0251510108	2006	2	2	33	-9999	-9999	-9999
0251510108	2006	2	3	34	-9999	-9999	-9999
0251510108	2006	2	4	35	-9999	-9999	-9999
0251510108	2006	2	5	36	-9999	-9999	-9999
0251510108	2006	2	6	37	-9999	-9999	-9999
0251510108	2006	2	7	38	-9999	-9999	-9999
0251510108	2006	2	8	39	-9999	-9999	-9999
0251510108	2006	2	9	40	-9999	-9999	-9999
0251510108	2006	2	10	41	-9999	-9999	-9999
0251510108	2006	2	11	42	-9999	-9999	-9999
0251510108	2006	2	12	43	-9999	-9999	-9999
0251510108	2006	2	13	44	-9999	-9999	-9999
0251510108	2006	2	14	45	-9999	-9999	-9999
0251510108	2006	2	15	46	-9999	-9999	-9999
0251510108	2006	2	16	47	-9999	-9999	-9999
0251510108	2006	2	17	48	-9999	-9999	-9999
0251510108	2006	2	18	49	-9999	-9999	-9999
0251510108	2006	2	19	50	-9999	-9999	-9999
0251510108	2006	2	20	51	-9999	-9999	-9999
0251510108	2006	2	21	52	-9999	-9999	-9999
0251510108	2006	2	22	53	-9999	-9999	-9999
0251510108	2006	2	23	54	-9999	-9999	-9999
0251510108	2006	2	24	55	-9999	-9999	-9999
0251510108	2006	2	25	56	-9999	-9999	-9999
0251510108	2006	2	26	57	-9999	-9999	-9999
0251510108	2006	2	27	58	-9999	-9999	-9999
0251510108	2006	2	28	59	-9999	-9999	-9999
0251510108	2006	3	1	60	-9999	-9999	-9999
0251510108	2006	3	2	61	-9999	-9999	-9999
0251510108	2006	3	3	62	-9999	-9999	-9999
0251510108	2006	3	4	63	-9999	-9999	-9999
0251510108	2006	3	5	64	-9999	-9999	-9999
0251510108	2006	3	6	65	-9999	-9999	-9999
0251510108	2006	3	7	66	-9999	-9999	-9999
0251510108	2006	3	8	67	-9999	-9999	-9999
0251510108	2006	3	9	68	-9999	-9999	-9999
0251510108	2006	3	10	69	-9999	-9999	-9999
0251510108	2006	3	11	70	-9999	-9999	-9999
0251510108	2006	3	12	71	-9999	-9999	-9999
0251510108	2006	3	13	72	-9999	-9999	-9999
0251510108	2006	3	14	73	-9999	-9999	-9999
0251510108	2006	3	15	74	-9999	-9999	-9999
0251510108	2006	3	16	75	-9999	-9999	-9999
0251510108	2006	3	17	76	-9999	-9999	-9999
0251510108	2006	3	18	77	-9999	-9999	-9999
0251510108	2006	3	19	78	-9999	-9999	-9999
0251510108	2006	3	20	79	-9999	-9999	-9999
0251510108	2006	3	21	80	-9999	-9999	-9999
0251510108	2006	3	22	81	-9999	-9999	-9999
0251510108	2006	3	23	82	-9999	-9999	-9999
0251510108	2006	3	24	83	-9999	-9999	-9999
0251510108	2006	3	25	84	-9999	-9999	-9999
0251510108	2006	3	26	85	-9999	-9999	-9999
0251510108	2006	3	27	86	-9999	-9999	-9999
0251510108	2006	3	28	87	-9999	-9999	-9999
0251510108	2006	3	29	88	-9999	-9999	-9999
0251510108	2006	3	30	89	-9999	-9999	-9999
0251510108	2006	3	31	90	-9999	-9999	-9999
0251510108	2006	4	1	91	-9999	-9999	-9999
0251510108	2006	4	2	92	-9999	-9999	-9999
0251510108	2006	4	3	93	-9999	-9999	-9999
0251510108	2006	4	4	94	-9999	-9999	-9999
0251510108	2006	4	5	95	-9999	-9999	-9999
0251510108	2006	4	6	96	-9999	-9999	-9999
0251510108	2006	4	7	97	-9999	-9999	-9999
0251510108	2006	4	8	98	-9999	-9999	-9999
0251510108	2006	4	9	99	-9999	-9999	-9999
0251510108	2006	4	10	100	-9999	-9999	-9999
0251510108	2006	4	11	101	-9999	-9999	-9999
0251510108	2006	4	12	102	-9999	-9999	-9999
0251510108	2006	4	13	103	-9999	-9999	-9999
0251510108	2006	4	14	104	-9999	-9999	-9999
0251510108	2006	4	15	105	-9999	-9999	-9999
0251510108	2006	4	16	106	-9999	-9999	-9999
0251510108	2006	4	17	107	-9999	-9999	-9999
0251510108	2006	4	18	108	-9999	-9999	-9999
0251510108	2006	4	19	109	-9999	-9999	-9999
0251510108	2006	4	20	110	-9999	-9999	-9999
0251510108	2006	4	21	111	-9999	-9999	-9999
0251510108	2006	4	22	112	-9999	-9999	-9999
0251510108	2006	4	23	113	-9999	-9999	-9999
0251510108	2006	4	24	114	-9999	-9999	-9999
0251510108	2006	4	25	115	-9999	-9999	-9999
0251510108	2006	4	26	116	-9999	-9999	-9999
0251510108	2006	4	27	117	-9999	-9999	-9999
0251510108	2006	4	28	118	-9999	-9999	-9999
0251510108	2006	4	29	119	-9999	-9999	-9999
0251510108	2006	4	30	120	-9999	-9999	-9999
0251510108	2006	5	1	121	-9999	-9999	-9999
0251510108	2006	5	2	122	-9999	-9999	-9999
0251510108	2006	5	3	123	-9999	-9999	-9999
0251510108	2006	5	4	124	-9999	-9999	-9999
0251510108	2006	5	5	125	-9999	-9999	-9999
0251510108	2006	5	6	126	-9999	-9999	-9999
0251510108	2006	5	7	127	-9999	-9999	-9999
0251510108	2006	5	8	128	-9999	-9999	-9999
0251510108	2006	5	9	129	-9999	-9999	-9999
0251510108	2006	5	10	130	-9999	-9999	-9999
0251510108	2006	5	11	131	-9999	-9999	-9999
0251510108	2006	5	12	132	-9999	-9999	-9999
0251510108	2006	5	13	133	-9999	-9999	-9999
0251510108	2006	5	14	134	-9999	-9999	-9999
0251510108	2006	5	15	135	-9999	-9999	-9999
0251510108	2006	5	16	136	-9999	-9999	-9999
0251510108	2006	5	17	137	-9999	-9999	-9999
0251510108	2006	5	18	138	-9999	-9999	-9999
0251510108	2006	5	19	139	-9999	-9999	-9999
0251510108	2006	5	20	140	-9999	-9999	-9999
0251510108	2006	5	21	141	-9999	-9999	-9999
0251510108	2006	5	22	142	-9999	-9999	-9999
0251510108	2006	5	23	143	-9999	-9999	-9999
0251510108	2006	5	24	144	-9999	-9999	-9999
0251510108	2006	5	25	145	-9999	-9999	-9999
0251510108	2006	5	26	146	-9999	-9999	-9999
0251510108	2006	5	27	147	-9999	-9999	-9999
0251510108	2006	5	28	148	-9999	-9999	-9999
0251510108	2006	5	29	149	-9999	-9999	-9999
0251510108	2006	5	30	150	-9999	-9999	-9999
0251510108	2006	5	31	151	-9999	-9999	-9999
0251510108	2006	6	1	152	-9999	-9999	-9999
0251510108	2006	6	2	153	-9999	-9999	-9999
0251510108	2006	6	3	154	-9999	-9999	-9999
0251510108	2006	6	4	155	-9999	-9999	-9999
0251510108	2006	6	5	156	-9999	-9999	-9999
0251510108	2006	6	6	157	-9999	-9999	-9999
0251510108	2006	6	7	158	-9999	-9999	-9999
0251510108	2006	6	8	159	-9999	-9999	-9999
0251510108	2006	6	9	160	-9999	-9999	-9999
0251510108	2006	6	10	161	-9999	-9999	-9999
0251510108	2006	6	11	162	-9999	-9999	-9999
0251510108	2006	6	12	163	-9999	-9999	-9999
0251510108	2006	6	13	164	-9999	-9999	-9999
0251510108	2006	6	14	165	-9999	-9999	-9999
0251510108	2006	6	15	166	-9999	-9999	-9999
0251510108	2006	6	16	167	-9999	-9999	-9999
0251510108	2006	6	17	168	-9999	-9999	-9999
0251510108	2006	6	18	169	-9999	-9999	-9999
0251510108	2006	6	19	170	-9999	-9999	-9999
0251510108	2006	6	20	171	-9999	-9999	-9999
0251510108	2006	6	21	172	-9999	-9999	-9999
0251510108	2006	6	22	173	-9999	-9999	-9999
0251510108	2006	6	23	174	-9999	-9999	-9999
0251510108	2006	6	24	175	-9999	-9999	-9999
0251510108	2006	6	25	176	-9999	-9999	-9999
0251510108	2006	6	26	177	-9999	-9999	-9999
0251510108	2006	6	27	178	-9999	-9999	-9999
0251510108	2006	6	28	179	-9999	-9999	-9999
0251510108	2006	6	29	180	-9999	-9999	-9999
0251510108	2006	6	30	181	-9999	-9999	-9999
0251510108	2006	7	1	182	-9999	-9999	-9999
0251510108	2006	7	2	183	-9999	-9999	-9999
0251510108	2006	7	3	184	-9999	-9999	-9999
0251510108	2006	7	4	185	-9999	-9999	-9999
0251510108	2006	7	5	186	-9999	-9999	-9999
0251510108	2006	7	6	187	-9999	-9999	-9999
0251510108	2006	7	7	188	-9999	-9999	-9999
0251510108	2006	7	8	189	-9999	-9999	-9999
0251510108	2006	7	9	190	-9999	-9999	-9999
0251510108	2006	7	10	191	-9999	-9999	-9999
0251510108	2006	7	11	192	-9999	-9999	-9999
0251510108	2006	7	12	193	-9999	-9999	-9999
0251510108	2006	7	13	194	-9999	-9999	-9999
0251510108	2006	7	14	195	-9999	-9999	-9999
0251510108	2006	7	15	196	-9999	-9999	-9999
0251510108	2006	7	16	197	-9999	-9999	-9999
0251510108	2006	7	17	198	-9999	-9999	-9999
0251510108	2006	7	18	199	-9999	-9999	-9999
0251510108	2006	7	19	200	-9999	-9999	-9999
0251510108	2006	7	20	201	-9999	-9999	-9999
0251510108	2006	7	21	202	-9999	-9999	-9999
0251510108	2006	7	22	203	-9999	-9999	-9999
0251510108	2006	7	23	204	-9999	-9999	-9999
0251510108	2006	7	24	205	-9999	-9999	-9999
0251510108	2006	7	25	206	-9999	-9999	-9999
0251510108	2006	7	26	207	-9999	-9999	-9999
0251510108	2006	7	27	208	-9999	-9999	-9999
0251510108	2006	7	28	209	-9999	-9999	-9999
0251510108	2006	7	29	210	-9999	-9999	-9999
0251510108	2006	7	30	211	-9999	-9999	-9999
0251510108	2006	7	31	212	-9999	-9999	-9999
0251510108	2006	8	1	213	-9999	-9999	-9999
0251510108	2006	8	2	214	-9999	-9999	-9999
0251510108	2006	8	3	215	-9999	-9999	-9999
0251510108	2006	8	4	216	-9999	-9999	-9999
0251510108	2006	8	5	217	-9999	-9999	-9999
0251510108	2006	8	6	218	-9999	-9999	-9999
0251510108	2006	8	7	219	-9999	-9999	-9999
0251510108	2006	8	8	220	-9999	-9999	-9999
0251510108	2006	8	9	221	-9999	-9999	-9999
0251510108	2006	8	10	222	-9999	-9999	-9999
0251510108	2006	8	11	223	-9999	-9999	-9999
0251510108	2006	8	12	224	-9999	-9999	-9999
0251510108	2006	8	13	225	-9999	-9999	-9999
0251510108	2006	8	14	226	-9999	-9999	-9999
0251510108	2006	8	15	227	-9999	-9999	-9999
0251510108	2006	8	16	228	-9999	-9999	-9999
0251510108	2006	8	17	229	-9999	-9999	-9999
0251510108	2006	8	18	230	-9999	-9999	-9999
0251510108	2006	8	19	231	-9999	-9999	-9999
0251510108	2006	8	20	232	-9999	-9999	-9999
0251510108	2006	8	21	233	-9999	-9999	-9999
0251510108	2006	8	22	234	-9999	-9999	-9999
0251510108	2006	8	23	235	-9999	-9999	-9999
0251510108	2006	8	24	236	-9999	-9999	-9999
0251510108	2006	8	25	237	-9999	-9999	-9999
0251510108	2006	8	26	238	-9999	-9999	-9999
0251510108	2006	8	27	239	-9999	-9999	-9999
0251510108	2006	8	28	240	-9999	-9999	-9999
0251510108	2006	8	29	241	-9999	-9999	-9999
0251510108	2006	8	30	242	-9999	-9999	-9999
0251510108	2006	8	31	243	-9999	-9999	-9999
0251510108	2006	9	1	244	-9999	-9999	-9999
0251510108	2006	9	2	245	-9999	-9999	-9999
0251510108	2006	9	3	246	-9999	-9999	-9999
0251510108	2006	9	4	247	-9999	-9999	-9999
0251510108	2006	9	5	248	-9999	-9999	-9999
0251510108	2006	9	6	249	-9999	-9999	-9999
0251510108	2006	9	7	250	-9999	-9999	-9999
0251510108	2006	9	8	251	-9999	-9999	-9999
0251510108	2006	9	9	252	-9999	-9999	-9999
0251510108	2006	9	10	253	-9999	-9999	-9999
0251510108	2006	9	11	254	-9999	-9999	-9999
0251510108	2006	9	12	255	-9999	-9999	-9999
0251510108	2006	9	13	256	-9999	-9999	-9999
0251510108	2006	9	14	257	-9999	-9999	-9999
0251510108	2006	9	15	258	-9999	-9999	-9999
0251510108	2006	9	16	259	-9999	-9999	-9999
0251510108	2006	9	17	260	-9999	-9999	-9999
0251510108	2006	9	18	261	-9999	-9999	-9999
0251510108	2006	9	19	262	-9999	-9999	-9999
0251510108	2006	9	20	263	-9999	-9999	-9999
0251510108	2006	9	21	264	-9999	-9999	-9999
0251510108	2006	9	22	265	-9999	-9999	-9999
0251510108	2006	9	23	266	-9999	-9999	-9999
0251510108	2006	9	24	267	-9999	-9999	-9999
0251510108	2006	9	25	268	-9999	-9999	-9999
0251510108	2006	9	26	269	-9999	-9999	-9999
0251510108	2006	9	27	270	-9999	-9999	-9999
0251510108	2006	9	28	271	-9999	-9999	-9999
0251510108	2006	9	29	272	-9999	-9999	-9999
0251510108	2006	9	30	273	-9999	-9999	-9999
0251510108	2006	10	1	274	-9999	-9999	-9999
0251510108	2006	10	2	275	-9999	-9999	-9999
0251510108	2006	10	3	276	-9999	-9999	-9999
0251510108	2006	10	4	277	-9999	-9999	-9999
0251510108	2006	10	5	278	-9999	-9999	-9999
0251510108	2006	10	6	279	-9999	-9999	-9999
0251510108	2006	10	7	280	-9999	-9999	-9999
0251510108	2006	10	8	281	-9999	-9999	-9999
0251510108	2006	10	9	282	-9999	-9999	-9999
0251510108	2006	10	10	283	-9999	-9999	-9999
0251510108	2006	10	11	284	-9999	-9999	-9999
0251510108	2006	10	12	285	-9999	-9999	-9999
0251510108	2006	10	13	286	-9999	-9999	-9999
0251510108	2006	10	14	287	-9999	-9999	-9999
0251510108	2006	10	15	288	-9999	-9999	-9999
0251510108	2006	10	16	289	-9999	-9999	-9999
0251510108	2006	10	17	290	-9999	-9999	-9999
0251510108	2006	10	18	291	-9999	-9999	-9999
0251510108	2006	10	19	292	-9999	-9999	-9999
0251510108	2006	10	20	293	-9999	-9999	-9999
0251510108	2006	10	21	294	-9999	-9999	-9999
0251510108	2006	10	22	295	-9999	-9999	-9999
0251510108	2006	10	23	296	-9999	-9999	-9999
0251510108	2006	10	24	297	-9999	-9999	-9999
0251510108	2006	10	25	298	-9999	-9999	-9999
0251510108	2006	10	26	299	-9999	-9999	-9999
0251510108	2006	10	27	300	-9999	-9999	-9999
0251510108	2006	10	28	301	-9999	-9999	-9999
0251510108	2006	10	29	302	-9999	-9999	-9999
0251510108	2006	10	30	303	-9999	-9999	-9999
0251510108	2006	10	31	304	-9999	-9999	-9999
0251510108	2006	11	1	305	-9999	-9999	-9999
0251510108	2006	11	2	306	-9999	-9999	-9999
0251510108	2006	11	3	307	-9999	-9999	-9999
0251510108	2006	11	4	308	-9999	-9999	-9999
0251510108	2006	11	5	309	-9999	-9999	-9999
0251510108	2006	11	6	310	-9999	-9999	-9999
0251510108	2006	11	7	311	-9999	-9999	-9999
0251510108	2006	11	8	312	-9999	-9999	-9999
0251510108	2006	11	9	313	-9999	-9999	-9999
0251510108	2006	11	10	314	-9999	-9999	-9999
0251510108	2006	11	11	315	-9999	-9999	-9999
0251510108	2006	11	12	316	-9999	-9999	-9999
0251510108	2006	11	13	317	-9999	-9999	-9999
0251510108	2006	11	14	318	-9999	-9999	-9999
0251510108	2006	11	15	319	-9999	-9999	-9999
0251510108	2006	11	16	320	-9999	-9999	-9999
0251510108	2006	11	17	321	-9999	-9999	-9999
0251510108	2006	11	18	322	-9999	-9999	-9999
0251510108	2006	11	19	323	-9999	-9999	-9999
0251510108	2006	11	20	324	-9999	-9999	-9999
0251510108	2006	11	21	325	-9999	-9999	-9999
0251510108	2006	11	22	326	-9999	-9999	-9999
0251510108	2006	11	23	327	-9999	-9999	-9999
0251510108	2006	11	24	328	-9999	-9999	-9999
0251510108	2006	11	25	329	-9999	-9999	-9999
0251510108	2006	11	26	330	-9999	-9999	-9999
0251510108	2006	11	27	331	-9999	-9999	-9999
0251510108	2006	11	28	332	-9999	-9999	-9999
0251510108	2006	11	29	333	-9999	-9999	-9999
0251510108	2006	11	30	334	-9999	-9999	-9999
0251510108	2006	12	1	335	-9999	-9999	-9999
0251510108	2006	12	2	336	-9999	-9999	-9999
0251510108	2006	12	3	337	-9999	-9999	-9999
0251510108	2006	12	4	338	-9999	-9999	-9999
0251510108	2006	12	5	339	-9999	-9999	-9999
0251510108	2006	12	6	340	-9999	-9999	-9999
0251510108	2006	12	7	341	-9999	-9999	-9999
0251510108	2006	12	8	342	-9999	-9999	-9999
0251510108	2006	12	9	343	-9999	-9999	-9999
0251510108	2006	12	10	344	-9999	-9999	-9999
0251510108	2006	12	11	345	-9999	-9999	-9999
0251510108	2006	12	12	346	-9999	-9999	-9999
0251510108	2006	12	13	347	-9999	-9999	-9999
0251510108	2006	12	14	348	-9999	-9999	-9999
0251510108	2006	12	15	349	-9999	-9999	-9999
0251510108	2006	12	16	350	-9999	-9999	-9999
0251510108	2006	12	17	351	-9999	-9999	-9999
0251510108	2006	12	18	352	-9999	-9999	-9999
0251510108	2006	12	19	353	-9999	-9999	-9999
0251510108	2006	12	20	354	-9999	-9999	-9999
0251510108	2006	12	21	355	-9999	-9999	-9999
0251510108	2006	12	22	356	-9999	-9999	-9999
0251510108	2006	12	23	357	-9999	-9999	-9999
0251510108	2006	12	24	358	-9999	-9999	-9999
0251510108	2006	12	25	359	-9999	-9999	-9999
0251510108	2006	12	26	360	-9999	-9999	-9999
0251510108	2006	12	27	361	-9999	-9999	-9999
0251510108	2006	12	28	362	-9999	-9999	-9999
0251510108	2006	12	29	363	-9999	-9999	-9999
0251510108	2006	12	30	364	-9999	-9999	-9999
0251510108	2006	12	31	365	-9999	-9999	-9999
