stationID	Y	M	D	DOY	depth_5	depth_20	depth_51
0251731012	2010	1	1	1	-9999	-9999	-9999
0251731012	2010	1	2	2	-9999	-9999	-9999
0251731012	2010	1	3	3	-9999	-9999	-9999
0251731012	2010	1	4	4	-9999	-9999	-9999
0251731012	2010	1	5	5	-9999	-9999	-9999
0251731012	2010	1	6	6	-9999	-9999	-9999
0251731012	2010	1	7	7	-9999	-9999	-9999
0251731012	2010	1	8	8	-9999	-9999	-9999
0251731012	2010	1	9	9	-9999	-9999	-9999
0251731012	2010	1	10	10	-9999	-9999	-9999
0251731012	2010	1	11	11	-9999	-9999	-9999
0251731012	2010	1	12	12	-9999	-9999	-9999
0251731012	2010	1	13	13	-9999	-9999	-9999
0251731012	2010	1	14	14	-9999	-9999	-9999
0251731012	2010	1	15	15	-9999	-9999	-9999
0251731012	2010	1	16	16	-9999	-9999	-9999
0251731012	2010	1	17	17	-9999	-9999	-9999
0251731012	2010	1	18	18	-9999	-9999	-9999
0251731012	2010	1	19	19	-9999	-9999	-9999
0251731012	2010	1	20	20	-9999	-9999	-9999
0251731012	2010	1	21	21	-9999	-9999	-9999
0251731012	2010	1	22	22	-9999	-9999	-9999
0251731012	2010	1	23	23	-9999	-9999	-9999
0251731012	2010	1	24	24	-9999	-9999	-9999
0251731012	2010	1	25	25	-9999	-9999	-9999
0251731012	2010	1	26	26	-9999	-9999	-9999
0251731012	2010	1	27	27	-9999	-9999	-9999
0251731012	2010	1	28	28	-9999	-9999	-9999
0251731012	2010	1	29	29	-9999	-9999	-9999
0251731012	2010	1	30	30	-9999	-9999	-9999
0251731012	2010	1	31	31	-9999	-9999	-9999
0251731012	2010	2	1	32	-9999	-9999	-9999
0251731012	2010	2	2	33	-9999	-9999	-9999
0251731012	2010	2	3	34	-9999	-9999	-9999
0251731012	2010	2	4	35	-9999	-9999	-9999
0251731012	2010	2	5	36	-9999	-9999	-9999
0251731012	2010	2	6	37	-9999	-9999	-9999
0251731012	2010	2	7	38	-9999	-9999	-9999
0251731012	2010	2	8	39	-9999	-9999	-9999
0251731012	2010	2	9	40	-9999	-9999	-9999
0251731012	2010	2	10	41	-9999	-9999	-9999
0251731012	2010	2	11	42	-9999	-9999	-9999
0251731012	2010	2	12	43	-9999	-9999	-9999
0251731012	2010	2	13	44	-9999	-9999	-9999
0251731012	2010	2	14	45	-9999	-9999	-9999
0251731012	2010	2	15	46	-9999	-9999	-9999
0251731012	2010	2	16	47	-9999	-9999	-9999
0251731012	2010	2	17	48	-9999	-9999	-9999
0251731012	2010	2	18	49	-9999	-9999	-9999
0251731012	2010	2	19	50	-9999	-9999	-9999
0251731012	2010	2	20	51	-9999	-9999	-9999
0251731012	2010	2	21	52	-9999	-9999	-9999
0251731012	2010	2	22	53	-9999	-9999	-9999
0251731012	2010	2	23	54	-9999	-9999	-9999
0251731012	2010	2	24	55	-9999	-9999	-9999
0251731012	2010	2	25	56	-9999	-9999	-9999
0251731012	2010	2	26	57	-9999	-9999	-9999
0251731012	2010	2	27	58	-9999	-9999	-9999
0251731012	2010	2	28	59	-9999	-9999	-9999
0251731012	2010	3	1	60	-9999	-9999	-9999
0251731012	2010	3	2	61	-9999	-9999	-9999
0251731012	2010	3	3	62	-9999	-9999	-9999
0251731012	2010	3	4	63	-9999	-9999	-9999
0251731012	2010	3	5	64	-9999	-9999	-9999
0251731012	2010	3	6	65	-9999	-9999	-9999
0251731012	2010	3	7	66	-9999	-9999	-9999
0251731012	2010	3	8	67	-9999	-9999	-9999
0251731012	2010	3	9	68	-9999	-9999	-9999
0251731012	2010	3	10	69	-9999	-9999	-9999
0251731012	2010	3	11	70	-9999	-9999	-9999
0251731012	2010	3	12	71	-9999	-9999	-9999
0251731012	2010	3	13	72	-9999	-9999	-9999
0251731012	2010	3	14	73	-9999	-9999	-9999
0251731012	2010	3	15	74	-9999	-9999	-9999
0251731012	2010	3	16	75	-9999	-9999	-9999
0251731012	2010	3	17	76	-9999	-9999	-9999
0251731012	2010	3	18	77	-9999	-9999	-9999
0251731012	2010	3	19	78	-9999	-9999	-9999
0251731012	2010	3	20	79	-9999	-9999	-9999
0251731012	2010	3	21	80	-9999	-9999	-9999
0251731012	2010	3	22	81	-9999	-9999	-9999
0251731012	2010	3	23	82	-9999	-9999	-9999
0251731012	2010	3	24	83	-9999	-9999	-9999
0251731012	2010	3	25	84	-9999	-9999	-9999
0251731012	2010	3	26	85	-9999	-9999	-9999
0251731012	2010	3	27	86	-9999	-9999	-9999
0251731012	2010	3	28	87	-9999	-9999	-9999
0251731012	2010	3	29	88	-9999	-9999	-9999
0251731012	2010	3	30	89	-9999	-9999	-9999
0251731012	2010	3	31	90	-9999	-9999	-9999
0251731012	2010	4	1	91	-9999	-9999	-9999
0251731012	2010	4	2	92	-9999	-9999	-9999
0251731012	2010	4	3	93	-9999	-9999	-9999
0251731012	2010	4	4	94	-9999	-9999	-9999
0251731012	2010	4	5	95	-9999	-9999	-9999
0251731012	2010	4	6	96	-9999	-9999	-9999
0251731012	2010	4	7	97	-9999	-9999	-9999
0251731012	2010	4	8	98	-9999	-9999	-9999
0251731012	2010	4	9	99	-9999	-9999	-9999
0251731012	2010	4	10	100	-9999	-9999	-9999
0251731012	2010	4	11	101	-9999	-9999	-9999
0251731012	2010	4	12	102	-9999	-9999	-9999
0251731012	2010	4	13	103	-9999	-9999	-9999
0251731012	2010	4	14	104	-9999	-9999	-9999
0251731012	2010	4	15	105	-9999	-9999	-9999
0251731012	2010	4	16	106	-9999	-9999	-9999
0251731012	2010	4	17	107	-9999	-9999	-9999
0251731012	2010	4	18	108	-9999	-9999	-9999
0251731012	2010	4	19	109	-9999	-9999	-9999
0251731012	2010	4	20	110	-9999	-9999	-9999
0251731012	2010	4	21	111	-9999	-9999	-9999
0251731012	2010	4	22	112	-9999	-9999	-9999
0251731012	2010	4	23	113	-9999	-9999	-9999
0251731012	2010	4	24	114	-9999	-9999	-9999
0251731012	2010	4	25	115	-9999	-9999	-9999
0251731012	2010	4	26	116	-9999	-9999	-9999
0251731012	2010	4	27	117	-9999	-9999	-9999
0251731012	2010	4	28	118	-9999	-9999	-9999
0251731012	2010	4	29	119	-9999	-9999	-9999
0251731012	2010	4	30	120	-9999	-9999	-9999
0251731012	2010	5	1	121	-9999	-9999	-9999
0251731012	2010	5	2	122	-9999	-9999	-9999
0251731012	2010	5	3	123	-9999	-9999	-9999
0251731012	2010	5	4	124	-9999	-9999	-9999
0251731012	2010	5	5	125	-9999	-9999	-9999
0251731012	2010	5	6	126	-9999	-9999	-9999
0251731012	2010	5	7	127	-9999	-9999	-9999
0251731012	2010	5	8	128	-9999	-9999	-9999
0251731012	2010	5	9	129	-9999	-9999	-9999
0251731012	2010	5	10	130	-9999	-9999	-9999
0251731012	2010	5	11	131	-9999	-9999	-9999
0251731012	2010	5	12	132	-9999	-9999	-9999
0251731012	2010	5	13	133	-9999	-9999	-9999
0251731012	2010	5	14	134	-9999	-9999	-9999
0251731012	2010	5	15	135	-9999	-9999	-9999
0251731012	2010	5	16	136	-9999	-9999	-9999
0251731012	2010	5	17	137	-9999	-9999	-9999
0251731012	2010	5	18	138	-9999	-9999	-9999
0251731012	2010	5	19	139	-9999	-9999	-9999
0251731012	2010	5	20	140	-9999	-9999	-9999
0251731012	2010	5	21	141	-9999	-9999	-9999
0251731012	2010	5	22	142	-9999	-9999	-9999
0251731012	2010	5	23	143	-9999	-9999	-9999
0251731012	2010	5	24	144	-9999	-9999	-9999
0251731012	2010	5	25	145	-9999	-9999	-9999
0251731012	2010	5	26	146	-9999	-9999	-9999
0251731012	2010	5	27	147	-9999	-9999	-9999
0251731012	2010	5	28	148	-9999	-9999	-9999
0251731012	2010	5	29	149	-9999	-9999	-9999
0251731012	2010	5	30	150	-9999	-9999	-9999
0251731012	2010	5	31	151	-9999	-9999	-9999
0251731012	2010	6	1	152	-9999	-9999	-9999
0251731012	2010	6	2	153	-9999	-9999	-9999
0251731012	2010	6	3	154	-9999	-9999	-9999
0251731012	2010	6	4	155	-9999	-9999	-9999
0251731012	2010	6	5	156	-9999	-9999	-9999
0251731012	2010	6	6	157	-9999	-9999	-9999
0251731012	2010	6	7	158	-9999	-9999	-9999
0251731012	2010	6	8	159	-9999	-9999	-9999
0251731012	2010	6	9	160	-9999	-9999	-9999
0251731012	2010	6	10	161	-9999	-9999	-9999
0251731012	2010	6	11	162	-9999	-9999	-9999
0251731012	2010	6	12	163	-9999	-9999	-9999
0251731012	2010	6	13	164	-9999	-9999	-9999
0251731012	2010	6	14	165	-9999	-9999	-9999
0251731012	2010	6	15	166	-9999	-9999	-9999
0251731012	2010	6	16	167	-9999	-9999	-9999
0251731012	2010	6	17	168	-9999	-9999	-9999
0251731012	2010	6	18	169	-9999	-9999	-9999
0251731012	2010	6	19	170	-9999	-9999	-9999
0251731012	2010	6	20	171	-9999	-9999	-9999
0251731012	2010	6	21	172	-9999	-9999	-9999
0251731012	2010	6	22	173	-9999	-9999	-9999
0251731012	2010	6	23	174	-9999	-9999	-9999
0251731012	2010	6	24	175	-9999	-9999	-9999
0251731012	2010	6	25	176	-9999	-9999	-9999
0251731012	2010	6	26	177	-9999	-9999	-9999
0251731012	2010	6	27	178	-9999	-9999	-9999
0251731012	2010	6	28	179	-9999	-9999	-9999
0251731012	2010	6	29	180	-9999	-9999	-9999
0251731012	2010	6	30	181	-9999	-9999	-9999
0251731012	2010	7	1	182	-9999	-9999	-9999
0251731012	2010	7	2	183	-9999	-9999	-9999
0251731012	2010	7	3	184	-9999	-9999	-9999
0251731012	2010	7	4	185	-9999	-9999	-9999
0251731012	2010	7	5	186	-9999	-9999	-9999
0251731012	2010	7	6	187	-9999	-9999	-9999
0251731012	2010	7	7	188	-9999	-9999	-9999
0251731012	2010	7	8	189	-9999	-9999	-9999
0251731012	2010	7	9	190	-9999	-9999	-9999
0251731012	2010	7	10	191	-9999	-9999	-9999
0251731012	2010	7	11	192	-9999	-9999	-9999
0251731012	2010	7	12	193	-9999	-9999	-9999
0251731012	2010	7	13	194	-9999	-9999	-9999
0251731012	2010	7	14	195	-9999	-9999	-9999
0251731012	2010	7	15	196	-9999	-9999	-9999
0251731012	2010	7	16	197	-9999	-9999	-9999
0251731012	2010	7	17	198	-9999	-9999	-9999
0251731012	2010	7	18	199	-9999	-9999	-9999
0251731012	2010	7	19	200	-9999	-9999	-9999
0251731012	2010	7	20	201	-9999	-9999	-9999
0251731012	2010	7	21	202	-9999	-9999	-9999
0251731012	2010	7	22	203	-9999	-9999	-9999
0251731012	2010	7	23	204	-9999	-9999	-9999
0251731012	2010	7	24	205	-9999	-9999	-9999
0251731012	2010	7	25	206	-9999	-9999	-9999
0251731012	2010	7	26	207	-9999	-9999	-9999
0251731012	2010	7	27	208	-9999	-9999	0.05625
0251731012	2010	7	28	209	-9999	-9999	0.052125
0251731012	2010	7	29	210	0.0055	-9999	0.051792
0251731012	2010	7	30	211	0.0083077	-9999	0.050292
0251731012	2010	7	31	212	0.026958	-9999	0.051792
0251731012	2010	8	1	213	0.021833	-9999	0.051042
0251731012	2010	8	2	214	0.013958	-9999	0.053125
0251731012	2010	8	3	215	0.003625	-9999	0.053333
0251731012	2010	8	4	216	-9999	-9999	0.052958
0251731012	2010	8	5	217	-9999	-9999	0.05425
0251731012	2010	8	6	218	-9999	-9999	0.052583
0251731012	2010	8	7	219	-9999	-9999	0.054042
0251731012	2010	8	8	220	-9999	-9999	0.051958
0251731012	2010	8	9	221	-9999	-9999	0.05225
0251731012	2010	8	10	222	-9999	-9999	0.051292
0251731012	2010	8	11	223	-9999	-9999	0.049917
0251731012	2010	8	12	224	-9999	-9999	0.051625
0251731012	2010	8	13	225	-9999	-9999	0.050167
0251731012	2010	8	14	226	-9999	-9999	0.050333
0251731012	2010	8	15	227	-9999	-9999	0.049458
0251731012	2010	8	16	228	-9999	-9999	0.050833
0251731012	2010	8	17	229	-9999	-9999	0.050375
0251731012	2010	8	18	230	-9999	-9999	0.049458
0251731012	2010	8	19	231	0.10053	-9999	0.050545
0251731012	2010	8	20	232	0.080417	-9999	0.047917
0251731012	2010	8	21	233	0.05875	-9999	0.048458
0251731012	2010	8	22	234	0.048	-9999	0.045667
0251731012	2010	8	23	235	0.038625	-9999	0.046083
0251731012	2010	8	24	236	0.032042	-9999	0.046375
0251731012	2010	8	25	237	0.02925	-9999	0.043625
0251731012	2010	8	26	238	0.021542	-9999	0.043458
0251731012	2010	8	27	239	0.012917	-9999	0.04425
0251731012	2010	8	28	240	0.0074545	-9999	0.044458
0251731012	2010	8	29	241	0.003	-9999	0.044958
0251731012	2010	8	30	242	0.004	-9999	0.045125
0251731012	2010	8	31	243	0.0036	-9999	0.04225
0251731012	2010	9	1	244	0.005	-9999	0.0405
0251731012	2010	9	2	245	-9999	-9999	0.039875
0251731012	2010	9	3	246	-9999	-9999	0.040875
0251731012	2010	9	4	247	-9999	-9999	0.040958
0251731012	2010	9	5	248	-9999	-9999	0.039833
0251731012	2010	9	6	249	-9999	-9999	0.04175
0251731012	2010	9	7	250	-9999	-9999	0.041542
0251731012	2010	9	8	251	-9999	-9999	0.040542
0251731012	2010	9	9	252	-9999	-9999	0.040375
0251731012	2010	9	10	253	-9999	-9999	0.036917
0251731012	2010	9	11	254	-9999	-9999	0.037833
0251731012	2010	9	12	255	-9999	-9999	0.036083
0251731012	2010	9	13	256	-9999	-9999	0.036125
0251731012	2010	9	14	257	-9999	-9999	0.036792
0251731012	2010	9	15	258	-9999	-9999	0.038083
0251731012	2010	9	16	259	-9999	-9999	0.036667
0251731012	2010	9	17	260	-9999	-9999	0.036417
0251731012	2010	9	18	261	-9999	-9999	0.03675
0251731012	2010	9	19	262	-9999	-9999	0.035667
0251731012	2010	9	20	263	-9999	-9999	0.035875
0251731012	2010	9	21	264	-9999	-9999	0.038
0251731012	2010	9	22	265	-9999	-9999	0.037292
0251731012	2010	9	23	266	-9999	-9999	0.036125
0251731012	2010	9	24	267	-9999	-9999	0.036375
0251731012	2010	9	25	268	-9999	-9999	0.033708
0251731012	2010	9	26	269	-9999	-9999	0.033375
0251731012	2010	9	27	270	-9999	-9999	0.033875
0251731012	2010	9	28	271	-9999	-9999	0.033542
0251731012	2010	9	29	272	-9999	-9999	0.035417
0251731012	2010	9	30	273	-9999	-9999	0.033667
0251731012	2010	10	1	274	-9999	-9999	0.035826
0251731012	2010	10	2	275	-9999	-9999	0.034333
0251731012	2010	10	3	276	-9999	-9999	0.0345
0251731012	2010	10	4	277	0.06475	-9999	0.033917
0251731012	2010	10	5	278	0.14979	-9999	0.033083
0251731012	2010	10	6	279	0.18975	-9999	0.030542
0251731012	2010	10	7	280	0.17383	-9999	0.028375
0251731012	2010	10	8	281	0.17225	-9999	0.02775
0251731012	2010	10	9	282	0.17504	0.041261	0.025958
0251731012	2010	10	10	283	0.17429	0.080667	0.024958
0251731012	2010	10	11	284	0.169	0.11404	0.024542
0251731012	2010	10	12	285	0.14117	0.099	0.024458
0251731012	2010	10	13	286	0.085478	0.084667	0.024375
0251731012	2010	10	14	287	0.09825	0.07525	0.033333
0251731012	2010	10	15	288	0.12358	0.075208	0.056958
0251731012	2010	10	16	289	0.104	0.072875	0.071458
0251731012	2010	10	17	290	0.10421	0.070208	0.079458
0251731012	2010	10	18	291	0.12729	0.07075	0.084042
0251731012	2010	10	19	292	0.15254	0.087833	0.084042
0251731012	2010	10	20	293	0.075409	0.090667	0.087042
0251731012	2010	10	21	294	0.11383	0.080583	0.090708
0251731012	2010	10	22	295	0.12842	0.083708	0.091333
0251731012	2010	10	23	296	0.14512	0.085167	0.09325
0251731012	2010	10	24	297	0.15496	0.095083	0.095417
0251731012	2010	10	25	298	0.15267	0.10771	0.12725
0251731012	2010	10	26	299	0.071062	0.087958	0.17542
0251731012	2010	10	27	300	-9999	0.074958	0.16567
0251731012	2010	10	28	301	-9999	0.067333	0.15717
0251731012	2010	10	29	302	-9999	0.063083	0.15092
0251731012	2010	10	30	303	-9999	0.059125	0.1465
0251731012	2010	10	31	304	-9999	0.05775	0.14367
0251731012	2010	11	1	305	-9999	0.056958	0.14121
0251731012	2010	11	2	306	0.001	0.051083	0.13763
0251731012	2010	11	3	307	0.00625	0.0505	0.13758
0251731012	2010	11	4	308	0.0086667	0.053458	0.13379
0251731012	2010	11	5	309	0.011647	0.051917	0.13471
0251731012	2010	11	6	310	0.011059	0.054167	0.134
0251731012	2010	11	7	311	0.0099091	0.055042	0.13467
0251731012	2010	11	8	312	0.0071538	0.060375	0.13592
0251731012	2010	11	9	313	0.011636	0.059792	0.13533
0251731012	2010	11	10	314	0.011533	0.062458	0.13533
0251731012	2010	11	11	315	0.010529	0.059875	0.13479
0251731012	2010	11	12	316	0.010944	0.06025	0.13642
0251731012	2010	11	13	317	0.0096154	0.062792	0.138
0251731012	2010	11	14	318	0.012667	0.057375	0.13713
0251731012	2010	11	15	319	0.017526	0.05875	0.13754
0251731012	2010	11	16	320	0.02325	0.05925	0.13646
0251731012	2010	11	17	321	0.026167	0.06125	0.13692
0251731012	2010	11	18	322	0.03075	0.059625	0.13675
0251731012	2010	11	19	323	0.035375	0.062458	0.13858
0251731012	2010	11	20	324	0.039875	0.063875	0.13733
0251731012	2010	11	21	325	0.046	0.059542	0.13746
0251731012	2010	11	22	326	0.053667	0.05875	0.13842
0251731012	2010	11	23	327	0.06025	0.05775	0.13796
0251731012	2010	11	24	328	0.067958	0.063833	0.13758
0251731012	2010	11	25	329	0.07125	0.063708	0.14004
0251731012	2010	11	26	330	0.074917	0.062708	0.13879
0251731012	2010	11	27	331	0.077375	0.065958	0.13821
0251731012	2010	11	28	332	0.080458	0.062833	0.13996
0251731012	2010	11	29	333	0.081208	0.058292	0.13896
0251731012	2010	11	30	334	0.0835	0.061583	0.13963
0251731012	2010	12	1	335	0.087583	0.06225	0.13858
0251731012	2010	12	2	336	0.092125	0.061458	0.13804
0251731012	2010	12	3	337	0.10004	0.063917	0.13813
0251731012	2010	12	4	338	0.11517	0.063583	0.14104
0251731012	2010	12	5	339	0.12496	0.06575	0.1385
0251731012	2010	12	6	340	0.13421	0.065542	0.14138
0251731012	2010	12	7	341	0.13825	0.067958	0.14067
0251731012	2010	12	8	342	0.13829	0.0675	0.14083
0251731012	2010	12	9	343	0.13879	0.067583	0.1405
0251731012	2010	12	10	344	0.14112	0.068708	0.14062
0251731012	2010	12	11	345	0.14317	0.066667	0.1425
0251731012	2010	12	12	346	0.14492	0.069417	0.14292
0251731012	2010	12	13	347	0.14254	0.071542	0.14496
0251731012	2010	12	14	348	0.14312	0.070083	0.14437
0251731012	2010	12	15	349	0.14217	0.069583	0.14583
0251731012	2010	12	16	350	0.143	0.070708	0.14687
0251731012	2010	12	17	351	0.13962	0.072458	0.14787
0251731012	2010	12	18	352	0.138	0.070583	0.14725
0251731012	2010	12	19	353	0.13525	0.071125	0.14888
0251731012	2010	12	20	354	0.13613	0.07025	0.14771
0251731012	2010	12	21	355	0.13758	0.071042	0.15008
0251731012	2010	12	22	356	0.14242	0.0715	0.14992
0251731012	2010	12	23	357	0.14579	0.071583	0.15046
0251731012	2010	12	24	358	0.14787	0.072792	0.14975
0251731012	2010	12	25	359	0.14987	0.07325	0.14979
0251731012	2010	12	26	360	0.15225	0.073375	0.15263
0251731012	2010	12	27	361	0.15062	0.076292	0.15292
0251731012	2010	12	28	362	0.1525	0.074208	0.15354
0251731012	2010	12	29	363	0.15379	0.073042	0.15442
0251731012	2010	12	30	364	0.15408	0.07375	0.155
0251731012	2010	12	31	365	0.15162	0.075542	0.15704
0251731012	2011	1	1	1	0.15312	0.073833	0.15592
0251731012	2011	1	2	2	0.15329	0.073375	0.15737
0251731012	2011	1	3	3	0.15421	0.073	0.15642
0251731012	2011	1	4	4	0.15338	0.073083	0.15779
0251731012	2011	1	5	5	0.15037	0.075708	0.15633
0251731012	2011	1	6	6	0.15117	0.073833	0.15846
0251731012	2011	1	7	7	0.15012	0.072875	0.15862
0251731012	2011	1	8	8	0.15179	0.072208	0.15692
0251731012	2011	1	9	9	0.1485	0.073917	0.15696
0251731012	2011	1	10	10	0.14917	0.072042	0.156
0251731012	2011	1	11	11	0.14933	0.071792	0.15696
0251731012	2011	1	12	12	0.14867	0.072625	0.15687
0251731012	2011	1	13	13	0.14933	0.070125	0.15554
0251731012	2011	1	14	14	0.14642	0.07275	0.15517
0251731012	2011	1	15	15	0.14538	0.072917	0.157
0251731012	2011	1	16	16	0.14642	0.07275	0.15679
0251731012	2011	1	17	17	0.14842	0.069208	0.15621
0251731012	2011	1	18	18	0.14787	0.069917	0.1565
0251731012	2011	1	19	19	0.1485	0.068208	0.155
0251731012	2011	1	20	20	0.14958	0.069125	0.15496
0251731012	2011	1	21	21	0.14829	0.06875	0.15508
0251731012	2011	1	22	22	0.14808	0.069583	0.1555
0251731012	2011	1	23	23	0.14842	0.070333	0.15504
0251731012	2011	1	24	24	0.14717	0.072417	0.15458
0251731012	2011	1	25	25	0.14525	0.072833	0.15629
0251731012	2011	1	26	26	0.14558	0.071333	0.15617
0251731012	2011	1	27	27	0.14671	0.069833	0.15496
0251731012	2011	1	28	28	0.14712	0.069667	0.15575
0251731012	2011	1	29	29	0.14583	0.071042	0.15525
0251731012	2011	1	30	30	0.14583	0.070833	0.155
0251731012	2011	1	31	31	0.14683	0.067917	0.15521
0251731012	2011	2	1	32	0.14396	0.07	0.15529
0251731012	2011	2	2	33	0.1445	0.069458	0.15492
0251731012	2011	2	3	34	0.1435	0.069833	0.15575
0251731012	2011	2	4	35	0.14375	0.070333	0.15417
0251731012	2011	2	5	36	0.14429	0.06825	0.15421
0251731012	2011	2	6	37	0.14471	0.068208	0.15292
0251731012	2011	2	7	38	0.14246	0.068792	0.15404
0251731012	2011	2	8	39	0.14292	0.067625	0.15296
0251731012	2011	2	9	40	0.14325	0.06675	0.15317
0251731012	2011	2	10	41	0.14383	0.066417	0.15358
0251731012	2011	2	11	42	0.14154	0.068417	0.15212
0251731012	2011	2	12	43	0.14163	0.067083	0.15312
0251731012	2011	2	13	44	0.14221	0.067	0.15229
0251731012	2011	2	14	45	0.14362	0.066542	0.15217
0251731012	2011	2	15	46	0.14013	0.068792	0.15225
0251731012	2011	2	16	47	0.14233	0.065042	0.15012
0251731012	2011	2	17	48	0.14275	0.066917	0.15037
0251731012	2011	2	18	49	0.14012	0.067875	0.15267
0251731012	2011	2	19	50	0.14104	0.064708	0.15058
0251731012	2011	2	20	51	0.14054	0.065917	0.15025
0251731012	2011	2	21	52	0.13871	0.065792	0.15096
0251731012	2011	2	22	53	0.13963	0.066667	0.15154
0251731012	2011	2	23	54	0.14121	0.067417	0.14996
0251731012	2011	2	24	55	0.14146	0.064	0.15017
0251731012	2011	2	25	56	0.13979	0.066708	0.14917
0251731012	2011	2	26	57	0.13967	0.06525	0.15012
0251731012	2011	2	27	58	0.13979	0.067458	0.15062
0251731012	2011	2	28	59	0.14042	0.067167	0.15
0251731012	2011	3	1	60	0.14092	0.066625	0.14967
0251731012	2011	3	2	61	0.14075	0.066708	0.14946
0251731012	2011	3	3	62	0.13996	0.065625	0.14979
0251731012	2011	3	4	63	0.13938	0.065458	0.14933
0251731012	2011	3	5	64	0.13978	0.065348	0.14939
0251731012	2011	3	6	65	0.13988	0.065625	0.14742
0251731012	2011	3	7	66	0.141	0.064208	0.14958
0251731012	2011	3	8	67	0.14071	0.064583	0.14867
0251731012	2011	3	9	68	0.14092	0.066208	0.14796
0251731012	2011	3	10	69	0.14133	0.0645	0.14946
0251731012	2011	3	11	70	0.14071	0.066958	0.14871
0251731012	2011	3	12	71	0.14092	0.06525	0.14842
0251731012	2011	3	13	72	0.14329	0.063333	0.14775
0251731012	2011	3	14	73	0.14167	0.067208	0.14842
0251731012	2011	3	15	74	0.14121	0.06375	0.14933
0251731012	2011	3	16	75	0.14375	0.06625	0.14971
0251731012	2011	3	17	76	0.14546	0.065125	0.14875
0251731012	2011	3	18	77	0.14258	0.065542	0.14892
0251731012	2011	3	19	78	0.14171	0.068875	0.14829
0251731012	2011	3	20	79	0.14329	0.067125	0.14983
0251731012	2011	3	21	80	0.14446	0.066417	0.14808
0251731012	2011	3	22	81	0.14371	0.067833	0.15017
0251731012	2011	3	23	82	0.14229	0.066	0.14762
0251731012	2011	3	24	83	0.14475	0.067167	0.15008
0251731012	2011	3	25	84	0.14575	0.066333	0.14967
0251731012	2011	3	26	85	0.14283	0.067667	0.14829
0251731012	2011	3	27	86	0.14537	0.068708	0.14946
0251731012	2011	3	28	87	0.14308	0.067083	0.14883
0251731012	2011	3	29	88	0.14304	0.065958	0.14983
0251731012	2011	3	30	89	0.14363	0.066333	0.14967
0251731012	2011	3	31	90	0.14412	0.067625	0.14929
0251731012	2011	4	1	91	0.14525	0.06625	0.15004
0251731012	2011	4	2	92	0.14217	0.068833	0.14925
0251731012	2011	4	3	93	0.14417	0.06625	0.15025
0251731012	2011	4	4	94	0.14454	0.068917	0.14871
0251731012	2011	4	5	95	0.14583	0.069583	0.15175
0251731012	2011	4	6	96	0.14562	0.068333	0.15196
0251731012	2011	4	7	97	0.14708	0.06875	0.15146
0251731012	2011	4	8	98	0.14471	0.067833	0.15254
0251731012	2011	4	9	99	0.14579	0.070917	0.15125
0251731012	2011	4	10	100	0.14459	0.076565	0.15196
0251731012	2011	4	11	101	0.14592	0.067583	0.15337
0251731012	2011	4	12	102	0.1505	0.068292	0.15271
0251731012	2011	4	13	103	0.14879	0.07025	0.15271
0251731012	2011	4	14	104	0.15021	0.070833	0.153
0251731012	2011	4	15	105	0.15058	0.070833	0.15367
0251731012	2011	4	16	106	0.15283	0.070833	0.15304
0251731012	2011	4	17	107	0.15254	0.071292	0.15387
0251731012	2011	4	18	108	0.15287	0.069917	0.15567
0251731012	2011	4	19	109	0.15412	0.072125	0.15496
0251731012	2011	4	20	110	0.15579	0.071458	0.156
0251731012	2011	4	21	111	0.15388	0.072958	0.15533
0251731012	2011	4	22	112	0.15538	0.074083	0.15767
0251731012	2011	4	23	113	0.15704	0.072625	0.15808
0251731012	2011	4	24	114	0.15621	0.073875	0.15837
0251731012	2011	4	25	115	0.15725	0.072708	0.15812
0251731012	2011	4	26	116	0.15604	0.072458	0.15937
0251731012	2011	4	27	117	0.15808	0.074375	0.15904
0251731012	2011	4	28	118	0.15871	0.074958	0.15992
0251731012	2011	4	29	119	0.15887	0.074875	0.16058
0251731012	2011	4	30	120	0.1615	0.075083	0.15908
0251731012	2011	5	1	121	0.16071	0.076708	0.1605
0251731012	2011	5	2	122	0.15958	0.074917	0.16071
0251731012	2011	5	3	123	0.16171	0.075667	0.16179
0251731012	2011	5	4	124	0.16087	0.075083	0.16088
0251731012	2011	5	5	125	0.16525	0.076625	0.16233
0251731012	2011	5	6	126	0.16779	0.079292	0.16588
0251731012	2011	5	7	127	0.17033	0.082458	0.17621
0251731012	2011	5	8	128	0.17242	0.084708	0.19008
0251731012	2011	5	9	129	0.16979	0.08525	0.19
0251731012	2011	5	10	130	0.16779	0.082458	0.18529
0251731012	2011	5	11	131	0.16858	0.080917	0.18279
0251731012	2011	5	12	132	0.16879	0.079833	0.18179
0251731012	2011	5	13	133	0.1683	0.082739	0.18278
0251731012	2011	5	14	134	0.17212	0.084083	0.18763
0251731012	2011	5	15	135	0.17354	0.087125	0.19392
0251731012	2011	5	16	136	0.17408	0.087208	0.19646
0251731012	2011	5	17	137	0.17258	0.085958	0.19312
0251731012	2011	5	18	138	0.17037	0.084292	0.18858
0251731012	2011	5	19	139	0.17121	0.083542	0.18608
0251731012	2011	5	20	140	0.1705	0.082792	0.18463
0251731012	2011	5	21	141	0.17	0.082083	0.18487
0251731012	2011	5	22	142	0.172	0.08275	0.18542
0251731012	2011	5	23	143	0.17621	0.08675	0.19425
0251731012	2011	5	24	144	0.17554	0.087708	0.19675
0251731012	2011	5	25	145	0.17371	0.086833	0.19337
0251731012	2011	5	26	146	0.17538	0.086875	0.19208
0251731012	2011	5	27	147	0.17588	0.089542	0.19854
0251731012	2011	5	28	148	0.17717	0.090375	0.20154
0251731012	2011	5	29	149	0.179	0.093	0.20396
0251731012	2011	5	30	150	0.17912	0.091083	0.2035
0251731012	2011	5	31	151	0.17692	0.087583	0.19679
0251731012	2011	6	1	152	0.17804	0.089696	0.19761
0251731012	2011	6	2	153	0.17942	0.0925	0.20446
0251731012	2011	6	3	154	0.17971	0.091833	0.20379
0251731012	2011	6	4	155	0.18033	0.092625	0.20458
0251731012	2011	6	5	156	0.1815	0.093	0.20683
0251731012	2011	6	6	157	0.18179	0.093625	0.20638
0251731012	2011	6	7	158	0.18054	0.092667	0.20296
0251731012	2011	6	8	159	0.181	0.092917	-9999
0251731012	2011	6	9	160	0.1813	0.095565	-9999
0251731012	2011	6	10	161	0.18254	-9999	-9999
0251731012	2011	6	11	162	0.19804	-9999	-9999
0251731012	2011	6	12	163	-9999	-9999	-9999
0251731012	2011	6	13	164	-9999	-9999	-9999
0251731012	2011	6	14	165	-9999	-9999	-9999
0251731012	2011	6	15	166	-9999	-9999	-9999
0251731012	2011	6	16	167	-9999	-9999	-9999
0251731012	2011	6	17	168	-9999	-9999	-9999
0251731012	2011	6	18	169	-9999	-9999	-9999
0251731012	2011	6	19	170	-9999	-9999	-9999
0251731012	2011	6	20	171	-9999	-9999	-9999
0251731012	2011	6	21	172	-9999	-9999	-9999
0251731012	2011	6	22	173	-9999	-9999	-9999
0251731012	2011	6	23	174	-9999	-9999	-9999
0251731012	2011	6	24	175	-9999	-9999	-9999
0251731012	2011	6	25	176	-9999	-9999	-9999
0251731012	2011	6	26	177	-9999	-9999	-9999
0251731012	2011	6	27	178	-9999	-9999	-9999
0251731012	2011	6	28	179	-9999	-9999	-9999
0251731012	2011	6	29	180	-9999	-9999	-9999
0251731012	2011	6	30	181	-9999	-9999	-9999
0251731012	2011	7	1	182	0.20521	-9999	-9999
0251731012	2011	7	2	183	0.18313	-9999	-9999
0251731012	2011	7	3	184	0.15738	0.16075	0.21638
0251731012	2011	7	4	185	0.13725	0.155	0.20583
0251731012	2011	7	5	186	0.22092	0.16012	0.20492
0251731012	2011	7	6	187	0.19904	0.15833	0.20083
0251731012	2011	7	7	188	0.20683	0.15629	0.20042
0251731012	2011	7	8	189	0.19462	0.15487	0.19704
0251731012	2011	7	9	190	0.17054	0.1515	0.19583
0251731012	2011	7	10	191	0.14662	0.14808	0.19183
0251731012	2011	7	11	192	0.13783	0.14142	0.18837
0251731012	2011	7	12	193	0.12704	0.13821	0.18458
0251731012	2011	7	13	194	0.11221	0.13267	0.18133
0251731012	2011	7	14	195	0.096417	0.13013	0.17833
0251731012	2011	7	15	196	0.088375	0.12625	0.17475
0251731012	2011	7	16	197	0.081958	0.12317	0.17354
0251731012	2011	7	17	198	0.077458	0.11913	0.17033
0251731012	2011	7	18	199	0.072875	0.11525	0.168
0251731012	2011	7	19	200	0.069375	0.11333	0.1655
0251731012	2011	7	20	201	0.065083	0.11033	0.16321
0251731012	2011	7	21	202	0.061542	0.10921	0.16108
0251731012	2011	7	22	203	0.0565	0.10471	0.16017
0251731012	2011	7	23	204	0.051708	0.10217	0.15904
0251731012	2011	7	24	205	0.05025	0.099833	0.15671
0251731012	2011	7	25	206	0.046583	0.09625	0.15392
0251731012	2011	7	26	207	0.049875	0.093417	0.15454
0251731012	2011	7	27	208	0.14821	0.099292	0.15412
0251731012	2011	7	28	209	0.12617	0.10271	0.156
0251731012	2011	7	29	210	0.099958	0.10242	0.15529
0251731012	2011	7	30	211	0.088667	0.10079	0.15612
0251731012	2011	7	31	212	0.1185	0.098792	0.15538
0251731012	2011	8	1	213	0.12317	0.1	0.15421
0251731012	2011	8	2	214	0.1575	0.10283	0.15183
0251731012	2011	8	3	215	0.16275	0.10779	0.15442
0251731012	2011	8	4	216	0.14387	0.10917	0.1545
0251731012	2011	8	5	217	0.10658	0.10796	0.15283
0251731012	2011	8	6	218	0.0855	0.10654	0.15242
0251731012	2011	8	7	219	0.078167	0.103	0.15071
0251731012	2011	8	8	220	0.071583	0.10021	0.14996
0251731012	2011	8	9	221	0.067958	0.098417	0.1485
0251731012	2011	8	10	222	0.062208	0.094333	0.14792
0251731012	2011	8	11	223	0.058458	0.092583	0.14704
0251731012	2011	8	12	224	0.055125	0.089583	0.14508
0251731012	2011	8	13	225	0.050167	0.0875	0.144
0251731012	2011	8	14	226	0.048208	0.085208	0.14179
0251731012	2011	8	15	227	0.04725	0.085083	0.1405
0251731012	2011	8	16	228	0.043458	0.083083	0.13921
0251731012	2011	8	17	229	0.041667	0.081333	0.13821
0251731012	2011	8	18	230	0.038333	0.080375	0.13721
0251731012	2011	8	19	231	0.03525	0.078292	0.13671
0251731012	2011	8	20	232	0.031875	0.077292	0.13487
0251731012	2011	8	21	233	0.030167	0.076458	0.13433
0251731012	2011	8	22	234	0.028375	0.07425	0.13329
0251731012	2011	8	23	235	0.026667	0.074583	0.13146
0251731012	2011	8	24	236	0.021625	0.073875	0.13058
0251731012	2011	8	25	237	0.020083	0.072167	0.12871
0251731012	2011	8	26	238	0.017542	0.071583	0.12938
0251731012	2011	8	27	239	0.015208	0.069458	0.12896
0251731012	2011	8	28	240	0.014917	0.06975	0.12633
0251731012	2011	8	29	241	0.01325	0.068542	0.12617
0251731012	2011	8	30	242	0.047042	0.066958	0.12471
0251731012	2011	8	31	243	0.038348	0.065478	0.12348
0251731012	2011	9	1	244	0.029	0.066375	0.12287
0251731012	2011	9	2	245	0.022917	0.064458	0.12113
0251731012	2011	9	3	246	0.01925	0.064333	0.12
0251731012	2011	9	4	247	0.016125	0.062583	0.11904
0251731012	2011	9	5	248	0.013792	0.063625	0.11775
0251731012	2011	9	6	249	0.021417	0.06175	0.11662
0251731012	2011	9	7	250	0.02275	0.060292	0.11642
0251731012	2011	9	8	251	0.019167	0.0605	0.11479
0251731012	2011	9	9	252	0.017542	0.0595	0.11413
0251731012	2011	9	10	253	0.015292	0.059167	0.11308
0251731012	2011	9	11	254	0.018875	0.058542	0.11238
0251731012	2011	9	12	255	0.1105	0.056542	0.11233
0251731012	2011	9	13	256	0.095391	0.057565	0.11304
0251731012	2011	9	14	257	0.13346	0.05875	0.11325
0251731012	2011	9	15	258	0.11967	0.062083	0.1135
0251731012	2011	9	16	259	0.11978	0.064458	0.11879
0251731012	2011	9	17	260	0.16021	0.067042	0.11525
0251731012	2011	9	18	261	0.14283	0.070042	0.11617
0251731012	2011	9	19	262	0.12942	0.071625	0.11592
0251731012	2011	9	20	263	0.11683	0.071833	0.11596
0251731012	2011	9	21	264	0.10492	0.07325	0.11546
0251731012	2011	9	22	265	0.0965	0.072125	0.11629
0251731012	2011	9	23	266	0.086417	0.071542	0.11538
0251731012	2011	9	24	267	0.075667	0.071542	0.11488
0251731012	2011	9	25	268	0.06475	0.071	0.11458
0251731012	2011	9	26	269	0.057583	0.069667	0.11383
0251731012	2011	9	27	270	0.054125	0.068417	0.11458
0251731012	2011	9	28	271	0.052292	0.067417	0.11371
0251731012	2011	9	29	272	0.049083	0.067958	0.11371
0251731012	2011	9	30	273	0.04675	0.066625	0.11279
0251731012	2011	10	1	274	0.053042	0.065167	0.11267
0251731012	2011	10	2	275	0.048217	0.064696	0.11226
0251731012	2011	10	3	276	0.048417	0.065125	0.11188
0251731012	2011	10	4	277	0.14375	0.0645	0.112
0251731012	2011	10	5	278	0.17008	0.070625	0.11625
0251731012	2011	10	6	279	0.17675	0.081583	0.117
0251731012	2011	10	7	280	0.17259	0.11409	0.11922
0251731012	2011	10	8	281	0.17488	0.1235	0.12008
0251731012	2011	10	9	282	0.17487	0.1405	0.11992
0251731012	2011	10	10	283	0.17492	0.14408	0.12242
0251731012	2011	10	11	284	0.18226	0.14904	0.13465
0251731012	2011	10	12	285	0.15592	0.15112	0.18983
0251731012	2011	10	13	286	0.17483	0.13917	0.17921
0251731012	2011	10	14	287	0.19079	0.1535	0.19842
0251731012	2011	10	15	288	0.16704	0.14792	0.19792
0251731012	2011	10	16	289	0.15142	0.13692	0.1855
0251731012	2011	10	17	290	0.14442	0.13242	0.17658
0251731012	2011	10	18	291	0.11825	0.12679	0.172
0251731012	2011	10	19	292	0.12433	0.12346	0.16575
0251731012	2011	10	20	293	0.10121	0.12113	0.16337
0251731012	2011	10	21	294	0.11579	0.11763	0.16046
0251731012	2011	10	22	295	0.10188	0.11712	0.15767
0251731012	2011	10	23	296	0.0735	0.11496	0.15658
0251731012	2011	10	24	297	0.099167	0.11388	0.155
0251731012	2011	10	25	298	0.090083	0.11133	0.15196
0251731012	2011	10	26	299	0.075083	0.10925	0.14983
0251731012	2011	10	27	300	0.0069474	0.10833	0.14908
0251731012	2011	10	28	301	0.007	0.10571	0.147
0251731012	2011	10	29	302	0.0172	0.10054	0.14587
0251731012	2011	10	30	303	0.018842	0.096208	0.14508
0251731012	2011	10	31	304	0.022917	0.093708	0.14308
0251731012	2011	11	1	305	0.024727	0.092667	0.14221
0251731012	2011	11	2	306	-9999	0.091375	0.14167
0251731012	2011	11	3	307	0.0015	0.074125	0.13963
0251731012	2011	11	4	308	-9999	0.058333	0.13783
0251731012	2011	11	5	309	-9999	0.022167	0.13733
0251731012	2011	11	6	310	-9999	0.0076667	0.13496
0251731012	2011	11	7	311	-9999	0.0056316	0.13346
0251731012	2011	11	8	312	-9999	0.00625	0.13154
0251731012	2011	11	9	313	-9999	0.0062	0.1325
0251731012	2011	11	10	314	-9999	0.0035385	0.12871
0251731012	2011	11	11	315	-9999	0.0050526	0.12771
0251731012	2011	11	12	316	-9999	0.00575	0.12746
0251731012	2011	11	13	317	-9999	0.0058947	0.12613
0251731012	2011	11	14	318	-9999	0.005619	0.12613
0251731012	2011	11	15	319	-9999	0.0041875	0.12529
0251731012	2011	11	16	320	-9999	0.0028462	0.12408
0251731012	2011	11	17	321	-9999	0.0025	0.12258
0251731012	2011	11	18	322	-9999	0.0026	0.12129
0251731012	2011	11	19	323	-9999	0.001	0.12017
0251731012	2011	11	20	324	-9999	-9999	0.11775
0251731012	2011	11	21	325	-9999	-9999	0.11546
0251731012	2011	11	22	326	-9999	0.004	0.115
0251731012	2011	11	23	327	-9999	0.0026667	0.11379
0251731012	2011	11	24	328	0.002	0.003	0.11325
0251731012	2011	11	25	329	-9999	0.005	0.114
0251731012	2011	11	26	330	-9999	-9999	0.11317
0251731012	2011	11	27	331	-9999	-9999	0.11179
0251731012	2011	11	28	332	0.002	0.001	0.11009
0251731012	2011	11	29	333	0.002	0.001	0.11029
0251731012	2011	11	30	334	0.001	0.001	0.11029
0251731012	2011	12	1	335	-9999	-9999	0.10942
0251731012	2011	12	2	336	-9999	-9999	0.10854
0251731012	2011	12	3	337	-9999	-9999	0.10738
0251731012	2011	12	4	338	-9999	-9999	0.10592
0251731012	2011	12	5	339	-9999	-9999	0.10546
0251731012	2011	12	6	340	-9999	-9999	0.10417
0251731012	2011	12	7	341	-9999	-9999	0.10242
0251731012	2011	12	8	342	-9999	-9999	0.10213
0251731012	2011	12	9	343	-9999	-9999	0.10154
0251731012	2011	12	10	344	-9999	-9999	0.099958
0251731012	2011	12	11	345	-9999	-9999	0.097458
0251731012	2011	12	12	346	-9999	-9999	0.09425
0251731012	2011	12	13	347	-9999	-9999	0.09175
0251731012	2011	12	14	348	-9999	-9999	0.088625
0251731012	2011	12	15	349	-9999	-9999	0.087292
0251731012	2011	12	16	350	-9999	-9999	0.085042
0251731012	2011	12	17	351	-9999	-9999	0.082583
0251731012	2011	12	18	352	-9999	-9999	0.078083
0251731012	2011	12	19	353	0.001	-9999	0.071208
0251731012	2011	12	20	354	-9999	-9999	0.067083
0251731012	2011	12	21	355	-9999	-9999	0.059292
0251731012	2011	12	22	356	-9999	-9999	0.048125
0251731012	2011	12	23	357	-9999	-9999	0.037125
0251731012	2011	12	24	358	-9999	-9999	0.027583
0251731012	2011	12	25	359	-9999	-9999	0.022125
0251731012	2011	12	26	360	-9999	-9999	0.019958
0251731012	2011	12	27	361	-9999	-9999	0.019208
0251731012	2011	12	28	362	-9999	-9999	0.0195
0251731012	2011	12	29	363	-9999	-9999	0.019375
0251731012	2011	12	30	364	-9999	-9999	0.02075
0251731012	2011	12	31	365	-9999	-9999	0.022792
0251731012	2012	1	1	1	-9999	-9999	0.020542
0251731012	2012	1	2	2	-9999	-9999	0.020292
0251731012	2012	1	3	3	-9999	-9999	0.019708
0251731012	2012	1	4	4	-9999	-9999	0.018542
0251731012	2012	1	5	5	-9999	-9999	0.01925
0251731012	2012	1	6	6	-9999	-9999	0.018583
0251731012	2012	1	7	7	-9999	-9999	0.019375
0251731012	2012	1	8	8	-9999	-9999	0.018875
0251731012	2012	1	9	9	-9999	-9999	0.017042
0251731012	2012	1	10	10	-9999	-9999	0.015917
0251731012	2012	1	11	11	-9999	-9999	0.015
0251731012	2012	1	12	12	-9999	-9999	0.015458
0251731012	2012	1	13	13	-9999	-9999	0.01275
0251731012	2012	1	14	14	-9999	-9999	0.0096667
0251731012	2012	1	15	15	-9999	-9999	0.0097083
0251731012	2012	1	16	16	-9999	-9999	0.0097917
0251731012	2012	1	17	17	-9999	-9999	0.00825
0251731012	2012	1	18	18	-9999	-9999	0.005875
0251731012	2012	1	19	19	-9999	-9999	0.0049565
0251731012	2012	1	20	20	-9999	-9999	0.0045417
0251731012	2012	1	21	21	-9999	-9999	0.0060417
0251731012	2012	1	22	22	-9999	-9999	0.0072917
0251731012	2012	1	23	23	-9999	-9999	0.00725
0251731012	2012	1	24	24	-9999	-9999	0.0081667
0251731012	2012	1	25	25	-9999	-9999	0.0084167
0251731012	2012	1	26	26	-9999	-9999	0.0081667
0251731012	2012	1	27	27	-9999	-9999	0.008875
0251731012	2012	1	28	28	-9999	-9999	0.010208
0251731012	2012	1	29	29	-9999	-9999	0.0095
0251731012	2012	1	30	30	-9999	-9999	0.009125
0251731012	2012	1	31	31	-9999	-9999	0.0092917
0251731012	2012	2	1	32	-9999	-9999	0.0090417
0251731012	2012	2	2	33	-9999	-9999	0.009
0251731012	2012	2	3	34	-9999	-9999	0.009625
0251731012	2012	2	4	35	-9999	-9999	0.0090833
0251731012	2012	2	5	36	-9999	-9999	0.0093333
0251731012	2012	2	6	37	-9999	-9999	0.0092083
0251731012	2012	2	7	38	-9999	-9999	0.0087083
0251731012	2012	2	8	39	-9999	-9999	0.0082083
0251731012	2012	2	9	40	-9999	-9999	0.0079167
0251731012	2012	2	10	41	-9999	-9999	0.0092083
0251731012	2012	2	11	42	-9999	-9999	0.00925
0251731012	2012	2	12	43	-9999	-9999	0.0090435
0251731012	2012	2	13	44	-9999	-9999	0.0091667
0251731012	2012	2	14	45	-9999	-9999	0.010167
0251731012	2012	2	15	46	-9999	-9999	0.010167
0251731012	2012	2	16	47	-9999	-9999	0.01
0251731012	2012	2	17	48	-9999	-9999	0.010667
0251731012	2012	2	18	49	-9999	-9999	0.01125
0251731012	2012	2	19	50	-9999	-9999	0.011458
0251731012	2012	2	20	51	-9999	-9999	0.012458
0251731012	2012	2	21	52	-9999	-9999	0.012125
0251731012	2012	2	22	53	-9999	-9999	0.0135
0251731012	2012	2	23	54	-9999	-9999	0.01225
0251731012	2012	2	24	55	-9999	-9999	0.013625
0251731012	2012	2	25	56	-9999	-9999	0.013542
0251731012	2012	2	26	57	-9999	-9999	0.014917
0251731012	2012	2	27	58	-9999	-9999	0.01475
0251731012	2012	2	28	59	-9999	-9999	0.015167
0251731012	2012	2	29	60	-9999	-9999	0.014958
0251731012	2012	3	1	61	-9999	-9999	0.015292
0251731012	2012	3	2	62	-9999	-9999	0.015375
0251731012	2012	3	3	63	-9999	-9999	0.015208
0251731012	2012	3	4	64	-9999	-9999	0.015083
0251731012	2012	3	5	65	-9999	-9999	0.01475
0251731012	2012	3	6	66	-9999	-9999	0.015167
0251731012	2012	3	7	67	-9999	-9999	0.014833
0251731012	2012	3	8	68	-9999	-9999	0.01525
0251731012	2012	3	9	69	-9999	-9999	0.014167
0251731012	2012	3	10	70	-9999	-9999	0.016417
0251731012	2012	3	11	71	-9999	-9999	0.016625
0251731012	2012	3	12	72	-9999	-9999	0.015708
0251731012	2012	3	13	73	-9999	-9999	0.015875
0251731012	2012	3	14	74	-9999	-9999	0.017125
0251731012	2012	3	15	75	-9999	-9999	0.017458
0251731012	2012	3	16	76	-9999	-9999	0.015833
0251731012	2012	3	17	77	-9999	-9999	0.017667
0251731012	2012	3	18	78	-9999	-9999	0.017708
0251731012	2012	3	19	79	0.001	-9999	0.0195
0251731012	2012	3	20	80	-9999	-9999	0.020042
0251731012	2012	3	21	81	-9999	-9999	0.021391
0251731012	2012	3	22	82	-9999	-9999	0.020833
0251731012	2012	3	23	83	-9999	-9999	0.021958
0251731012	2012	3	24	84	-9999	-9999	0.022375
0251731012	2012	3	25	85	-9999	-9999	0.022292
0251731012	2012	3	26	86	0.001	-9999	0.02375
0251731012	2012	3	27	87	0.001	0.0015	0.024167
0251731012	2012	3	28	88	0.001	-9999	0.025167
0251731012	2012	3	29	89	-9999	0.001	0.025208
0251731012	2012	3	30	90	-9999	-9999	0.025875
0251731012	2012	3	31	91	-9999	0.001	0.025292
0251731012	2012	4	1	92	0.001	0.0023333	0.0255
0251731012	2012	4	2	93	0.0021429	-9999	0.028292
0251731012	2012	4	3	94	0.0032	0.0023333	0.029208
0251731012	2012	4	4	95	0.0032	0.0025	0.029833
0251731012	2012	4	5	96	0.0021	0.002625	0.030958
0251731012	2012	4	6	97	0.00325	0.0021	0.032958
0251731012	2012	4	7	98	0.0025	0.003	0.036958
0251731012	2012	4	8	99	0.0018333	0.002625	0.035625
0251731012	2012	4	9	100	0.0026667	0.0028889	0.036542
0251731012	2012	4	10	101	0.0018	0.0024286	0.036958
0251731012	2012	4	11	102	0.00275	0.00425	0.039458
0251731012	2012	4	12	103	0.0039412	0.003375	0.039292
0251731012	2012	4	13	104	0.004375	0.0034545	0.041125
0251731012	2012	4	14	105	0.0045556	0.0043	0.044625
0251731012	2012	4	15	106	0.0031429	0.0037143	0.046042
0251731012	2012	4	16	107	0.0034	0.0054	0.046875
0251731012	2012	4	17	108	0.0040667	0.0052941	0.049083
0251731012	2012	4	18	109	0.0034615	0.0054	0.053235
0251731012	2012	4	19	110	0.0039444	0.0038571	0.057083
0251731012	2012	4	20	111	0.004	0.0045455	0.059125
0251731012	2012	4	21	112	0.0075417	0.0065882	0.060042
0251731012	2012	4	22	113	0.061875	0.0049524	0.063
0251731012	2012	4	23	114	0.12533	0.0066842	0.064042
0251731012	2012	4	24	115	0.15092	0.0084545	0.068
0251731012	2012	4	25	116	-9999	-9999	-9999
0251731012	2012	4	26	117	-9999	-9999	-9999
0251731012	2012	4	27	118	0.19333	0.015267	0.077933
0251731012	2012	4	28	119	0.16471	0.016083	0.082292
0251731012	2012	4	29	120	0.15733	0.021333	0.086875
0251731012	2012	4	30	121	0.19421	0.02525	0.091792
0251731012	2012	5	1	122	0.20304	0.02825	0.095375
0251731012	2012	5	2	123	0.20708	0.044292	0.102
0251731012	2012	5	3	124	0.20796	0.10438	0.14417
0251731012	2012	5	4	125	0.21054	0.12238	0.1405
0251731012	2012	5	5	126	0.21054	0.12737	0.14512
0251731012	2012	5	6	127	0.21121	0.12825	0.14675
0251731012	2012	5	7	128	0.21075	0.13025	0.14688
0251731012	2012	5	8	129	-9999	-9999	-9999
0251731012	2012	5	9	130	-9999	-9999	-9999
0251731012	2012	5	10	131	0.221	0.146	0.144
0251731012	2012	5	11	132	0.21604	0.14662	0.14729
0251731012	2012	5	12	133	0.20396	0.14662	0.15004
0251731012	2012	5	13	134	0.1775	0.14604	0.15279
0251731012	2012	5	14	135	0.14892	0.15079	0.1585
0251731012	2012	5	15	136	0.16746	0.15121	0.18604
0251731012	2012	5	16	137	0.15475	0.14188	0.19504
0251731012	2012	5	17	138	0.14529	0.13058	0.17858
0251731012	2012	5	18	139	0.13975	0.12421	0.16721
0251731012	2012	5	19	140	0.12092	0.1185	0.1585
0251731012	2012	5	20	141	0.11517	0.11738	0.152
0251731012	2012	5	21	142	0.10154	0.11529	0.15054
0251731012	2012	5	22	143	0.081208	0.11142	0.1455
0251731012	2012	5	23	144	0.054292	0.10867	0.14292
0251731012	2012	5	24	145	0.050958	0.10392	0.14088
0251731012	2012	5	25	146	0.044958	0.10221	0.13554
0251731012	2012	5	26	147	0.0525	0.099167	0.13413
0251731012	2012	5	27	148	0.10233	0.097958	0.12992
0251731012	2012	5	28	149	0.12967	0.10071	0.13092
0251731012	2012	5	29	150	0.13579	0.10717	0.13517
0251731012	2012	5	30	151	0.10463	0.10733	0.13667
0251731012	2012	5	31	152	0.086792	0.10508	0.13642
0251731012	2012	6	1	153	0.07525	0.10329	0.13313
0251731012	2012	6	2	154	0.070042	0.10125	0.13108
0251731012	2012	6	3	155	0.062833	0.098083	0.12929
0251731012	2012	6	4	156	0.053542	0.095833	0.12621
0251731012	2012	6	5	157	0.043	0.091833	0.12496
0251731012	2012	6	6	158	0.042478	0.085565	0.12235
0251731012	2012	6	7	159	0.041083	0.083208	0.11971
0251731012	2012	6	8	160	0.036333	0.082042	0.11783
0251731012	2012	6	9	161	0.029625	0.08075	0.11604
0251731012	2012	6	10	162	0.022917	0.075	0.11429
0251731012	2012	6	11	163	0.02025	0.074958	0.11308
0251731012	2012	6	12	164	0.014167	0.073417	0.11258
0251731012	2012	6	13	165	0.0082632	0.072625	0.11125
0251731012	2012	6	14	166	0.0051	0.071208	0.10988
0251731012	2012	6	15	167	0.002	0.070833	0.10763
0251731012	2012	6	16	168	0.00625	0.066708	0.10604
0251731012	2012	6	17	169	0.002	0.066458	0.10421
0251731012	2012	6	18	170	0.002	0.066167	0.10354
0251731012	2012	6	19	171	-9999	0.065667	0.10229
0251731012	2012	6	20	172	-9999	0.063917	0.10079
0251731012	2012	6	21	173	-9999	0.061375	0.099417
0251731012	2012	6	22	174	-9999	0.062167	0.097167
0251731012	2012	6	23	175	-9999	0.059958	0.096042
0251731012	2012	6	24	176	-9999	0.059208	0.094292
0251731012	2012	6	25	177	-9999	0.058667	0.093375
0251731012	2012	6	26	178	-9999	0.056292	0.092375
0251731012	2012	6	27	179	-9999	0.056	0.091167
0251731012	2012	6	28	180	-9999	0.055	0.088783
0251731012	2012	6	29	181	-9999	0.054375	0.087167
0251731012	2012	6	30	182	-9999	0.053125	0.085792
0251731012	2012	7	1	183	-9999	0.050875	0.086667
0251731012	2012	7	2	184	-9999	0.051417	0.084333
0251731012	2012	7	3	185	-9999	0.049917	0.082417
0251731012	2012	7	4	186	-9999	0.049042	0.080792
0251731012	2012	7	5	187	0.005	0.047292	0.078667
0251731012	2012	7	6	188	0.01375	0.045083	0.076375
0251731012	2012	7	7	189	0.0060526	0.042958	0.074
0251731012	2012	7	8	190	0.0061818	0.041917	0.070292
0251731012	2012	7	9	191	0.0025	0.041625	0.068375
0251731012	2012	7	10	192	-9999	0.043625	0.066583
0251731012	2012	7	11	193	-9999	0.0445	0.064958
0251731012	2012	7	12	194	-9999	0.0435	0.062542
0251731012	2012	7	13	195	0.047739	0.039958	0.060083
0251731012	2012	7	14	196	0.074542	0.039583	0.058708
0251731012	2012	7	15	197	0.13958	0.039292	0.059625
0251731012	2012	7	16	198	0.118	0.051667	0.064583
0251731012	2012	7	17	199	0.09975	0.060458	0.067167
0251731012	2012	7	18	200	0.062167	0.064125	0.068083
0251731012	2012	7	19	201	0.043708	0.063792	0.068333
0251731012	2012	7	20	202	0.041083	0.062792	0.068417
0251731012	2012	7	21	203	0.036583	0.062208	0.0665
0251731012	2012	7	22	204	0.036818	0.060545	0.068955
0251731012	2012	7	23	205	0.032	0.059783	0.067261
0251731012	2012	7	24	206	0.10171	0.062667	0.067042
0251731012	2012	7	25	207	0.090542	0.065458	0.07075
0251731012	2012	7	26	208	0.061417	0.067542	0.073125
0251731012	2012	7	27	209	0.043292	0.0665	0.07325
0251731012	2012	7	28	210	0.034167	0.065917	0.073042
0251731012	2012	7	29	211	0.025583	0.065625	0.073
0251731012	2012	7	30	212	0.016292	0.063542	0.069958
0251731012	2012	7	31	213	0.012792	0.061792	0.070042
0251731012	2012	8	1	214	0.01225	0.061333	0.068458
0251731012	2012	8	2	215	0.0265	0.058	0.065958
0251731012	2012	8	3	216	0.014375	0.058167	0.061667
0251731012	2012	8	4	217	0.0051176	0.0565	0.059042
0251731012	2012	8	5	218	0.004	0.054417	0.056042
0251731012	2012	8	6	219	0.003	0.053958	0.053083
0251731012	2012	8	7	220	0.0064615	0.049542	0.051708
0251731012	2012	8	8	221	0.0027	0.049625	0.048833
0251731012	2012	8	9	222	0.0051667	0.047375	0.04525
0251731012	2012	8	10	223	0.0055	0.045417	0.0405
0251731012	2012	8	11	224	0.074167	0.044583	0.0395
0251731012	2012	8	12	225	0.062417	0.044958	0.035667
0251731012	2012	8	13	226	0.0785	0.044833	0.032917
0251731012	2012	8	14	227	0.069083	0.045833	0.032333
0251731012	2012	8	15	228	0.053667	0.046417	0.030125
0251731012	2012	8	16	229	0.036917	0.046	0.028375
0251731012	2012	8	17	230	0.029042	0.046917	0.025083
0251731012	2012	8	18	231	0.052917	0.046833	0.02425
0251731012	2012	8	19	232	0.043167	0.046	0.022417
0251731012	2012	8	20	233	0.082333	0.046333	0.022292
0251731012	2012	8	21	234	0.068167	0.046042	0.020875
0251731012	2012	8	22	235	0.092333	0.047625	0.021375
0251731012	2012	8	23	236	0.086042	0.049958	0.021583
0251731012	2012	8	24	237	0.074375	0.051792	0.021458
0251731012	2012	8	25	238	0.060125	0.052625	0.019542
0251731012	2012	8	26	239	0.078417	0.05325	0.0185
0251731012	2012	8	27	240	0.051833	0.052958	0.017542
0251731012	2012	8	28	241	0.032583	0.05175	0.01475
0251731012	2012	8	29	242	0.024	0.051333	0.013792
0251731012	2012	8	30	243	0.017667	0.049875	0.0135
0251731012	2012	8	31	244	0.014458	0.048708	0.012375
0251731012	2012	9	1	245	0.077833	0.047417	0.013
0251731012	2012	9	2	246	0.072375	0.047917	0.012417
0251731012	2012	9	3	247	0.052458	0.049792	0.010708
0251731012	2012	9	4	248	0.032	0.050083	0.0085
0251731012	2012	9	5	249	0.02375	0.048833	0.00725
0251731012	2012	9	6	250	0.018083	0.049417	0.0081739
0251731012	2012	9	7	251	0.054833	0.04875	0.0078333
0251731012	2012	9	8	252	0.04075	0.04825	0.0074583
0251731012	2012	9	9	253	0.027208	0.047542	0.0060417
0251731012	2012	9	10	254	0.022783	0.046522	0.0049048
0251731012	2012	9	11	255	0.12596	0.046375	0.0064583
0251731012	2012	9	12	256	0.13341	0.052235	0.0073529
0251731012	2012	9	13	257	0.11092	0.057292	0.0084583
0251731012	2012	9	14	258	0.097412	0.059647	0.0089412
0251731012	2012	9	15	259	0.085375	0.063542	0.006875
0251731012	2012	9	16	260	0.067667	0.062583	0.0074583
0251731012	2012	9	17	261	0.053875	0.062875	0.0081667
0251731012	2012	9	18	262	0.042588	0.062118	0.0096471
0251731012	2012	9	19	263	0.032529	0.061	0.0079412
0251731012	2012	9	20	264	0.027458	0.060292	0.0085417
0251731012	2012	9	21	265	0.023118	0.059294	0.0064118
0251731012	2012	9	22	266	0.02025	0.058292	0.0066667
0251731012	2012	9	23	267	0.018941	0.057882	0.007875
0251731012	2012	9	24	268	0.038958	0.056458	0.0072917
0251731012	2012	9	25	269	0.12929	0.055941	0.0084118
0251731012	2012	9	26	270	0.12318	0.059529	0.0097647
0251731012	2012	9	27	271	0.11367	0.062542	0.011542
0251731012	2012	9	28	272	0.10692	0.06375	0.012167
0251731012	2012	9	29	273	0.103	0.067333	0.013833
0251731012	2012	9	30	274	0.096417	0.068083	0.014
0251731012	2012	10	1	275	0.089292	0.067875	0.014458
0251731012	2012	10	2	276	0.082708	0.068667	0.013833
0251731012	2012	10	3	277	0.071958	0.0675	0.013417
0251731012	2012	10	4	278	0.059625	0.067292	0.014292
0251731012	2012	10	5	279	0.041294	0.065588	0.014176
0251731012	2012	10	6	280	0.033792	0.06575	0.014583
0251731012	2012	10	7	281	0.023263	0.06375	0.014292
0251731012	2012	10	8	282	0.028083	0.064	0.014708
0251731012	2012	10	9	283	0.023125	0.061792	0.016125
0251731012	2012	10	10	284	0.025083	0.062083	0.014917
0251731012	2012	10	11	285	0.060917	0.06125	0.016333
0251731012	2012	10	12	286	0.12558	0.061167	0.017417
0251731012	2012	10	13	287	0.14304	0.06475	0.019375
0251731012	2012	10	14	288	0.11125	0.074167	0.021958
0251731012	2012	10	15	289	0.12008	0.081333	0.024
0251731012	2012	10	16	290	0.11142	0.083417	0.026125
0251731012	2012	10	17	291	0.094292	0.085042	0.028625
0251731012	2012	10	18	292	0.062625	0.08475	0.032125
0251731012	2012	10	19	293	0.077458	0.084292	0.030708
0251731012	2012	10	20	294	0.073333	0.08325	0.033333
0251731012	2012	10	21	295	0.0655	0.08275	0.033208
0251731012	2012	10	22	296	0.064542	0.082542	0.035667
0251731012	2012	10	23	297	0.053208	0.082875	0.039208
0251731012	2012	10	24	298	0.0235	0.080625	0.041375
0251731012	2012	10	25	299	0.0068333	0.079458	0.044042
0251731012	2012	10	26	300	0.00395	0.078625	0.046083
0251731012	2012	10	27	301	0.0050455	0.077083	0.048
0251731012	2012	10	28	302	0.0091667	0.076208	0.048875
0251731012	2012	10	29	303	0.0165	0.075292	0.051125
0251731012	2012	10	30	304	0.022833	0.075333	0.05275
0251731012	2012	10	31	305	0.02475	0.07425	0.051125
0251731012	2012	11	1	306	0.027792	0.073	0.051083
0251731012	2012	11	2	307	0.019591	0.071958	0.050667
0251731012	2012	11	3	308	0.0095	0.071417	0.051958
0251731012	2012	11	4	309	0.015778	0.068958	0.053
0251731012	2012	11	5	310	0.029385	0.064833	0.053292
0251731012	2012	11	6	311	0.034	0.061375	0.05475
0251731012	2012	11	7	312	0.0335	0.060375	0.054292
0251731012	2012	11	8	313	0.03	0.058667	0.055708
0251731012	2012	11	9	314	0.012444	0.059458	0.05475
0251731012	2012	11	10	315	-9999	0.059958	0.055042
0251731012	2012	11	11	316	-9999	0.059875	0.056875
0251731012	2012	11	12	317	-9999	0.05875	0.056583
0251731012	2012	11	13	318	-9999	0.057125	0.0565
0251731012	2012	11	14	319	-9999	0.055583	0.057458
0251731012	2012	11	15	320	-9999	0.054083	0.058375
0251731012	2012	11	16	321	-9999	0.054278	0.0575
0251731012	2012	11	17	322	-9999	0.053042	0.057375
0251731012	2012	11	18	323	0.0015	0.053042	0.057625
0251731012	2012	11	19	324	0.0014286	0.053833	0.059
0251731012	2012	11	20	325	0.0016	0.055917	0.057917
0251731012	2012	11	21	326	0.0017	0.055958	0.059
0251731012	2012	11	22	327	0.0021667	0.056875	0.059125
0251731012	2012	11	23	328	0.0013333	0.057708	0.059417
0251731012	2012	11	24	329	0.0018571	0.058042	0.058958
0251731012	2012	11	25	330	0.0015714	0.058042	0.059875
0251731012	2012	11	26	331	0.00125	0.057792	0.059875
0251731012	2012	11	27	332	-9999	0.057917	0.059833
0251731012	2012	11	28	333	0.003	0.056792	0.060292
0251731012	2012	11	29	334	0.0012	0.056167	0.06025
0251731012	2012	11	30	335	0.0014286	0.055375	0.06075
0251731012	2012	12	1	336	0.0027059	0.056417	0.061292
0251731012	2012	12	2	337	0.0026875	0.055333	0.060833
0251731012	2012	12	3	338	0.0034375	0.055706	0.061412
0251731012	2012	12	4	339	0.0022	0.057059	0.061176
0251731012	2012	12	5	340	0.0061765	0.055765	0.060824
0251731012	2012	12	6	341	0.008125	0.058542	0.062333
0251731012	2012	12	7	342	0.0025714	0.057792	0.060667
0251731012	2012	12	8	343	0.0016667	0.05725	0.06175
0251731012	2012	12	9	344	-9999	0.0575	0.062667
0251731012	2012	12	10	345	-9999	0.05625	0.06225
0251731012	2012	12	11	346	-9999	0.053708	0.061375
0251731012	2012	12	12	347	-9999	0.0525	0.062125
0251731012	2012	12	13	348	-9999	0.050941	0.061412
0251731012	2012	12	14	349	-9999	0.048667	0.061417
0251731012	2012	12	15	350	-9999	0.046375	0.062
0251731012	2012	12	16	351	-9999	0.047889	0.061833
0251731012	2012	12	17	352	-9999	0.047833	0.062958
0251731012	2012	12	18	353	-9999	0.045792	0.06125
0251731012	2012	12	19	354	-9999	0.047583	0.06325
0251731012	2012	12	20	355	-9999	0.047292	0.062417
0251731012	2012	12	21	356	-9999	0.045792	0.062292
0251731012	2012	12	22	357	-9999	0.047706	0.062235
0251731012	2012	12	23	358	0.001	0.046833	0.062778
0251731012	2012	12	24	359	0.0015	0.047042	0.062458
0251731012	2012	12	25	360	-9999	-9999	-9999
0251731012	2012	12	26	361	-9999	-9999	-9999
0251731012	2012	12	27	362	-9999	-9999	-9999
0251731012	2012	12	28	363	-9999	-9999	-9999
0251731012	2012	12	29	364	-9999	-9999	-9999
0251731012	2012	12	30	365	-9999	-9999	-9999
0251731012	2012	12	31	366	-9999	-9999	-9999
