stationID	Y	M	D	DOY	depth_5	depth_20	depth_51
0251591012	2010	1	1	1	-9999	-9999	-9999
0251591012	2010	1	2	2	-9999	-9999	-9999
0251591012	2010	1	3	3	-9999	-9999	-9999
0251591012	2010	1	4	4	-9999	-9999	-9999
0251591012	2010	1	5	5	-9999	-9999	-9999
0251591012	2010	1	6	6	-9999	-9999	-9999
0251591012	2010	1	7	7	-9999	-9999	-9999
0251591012	2010	1	8	8	-9999	-9999	-9999
0251591012	2010	1	9	9	-9999	-9999	-9999
0251591012	2010	1	10	10	-9999	-9999	-9999
0251591012	2010	1	11	11	-9999	-9999	-9999
0251591012	2010	1	12	12	-9999	-9999	-9999
0251591012	2010	1	13	13	-9999	-9999	-9999
0251591012	2010	1	14	14	-9999	-9999	-9999
0251591012	2010	1	15	15	-9999	-9999	-9999
0251591012	2010	1	16	16	-9999	-9999	-9999
0251591012	2010	1	17	17	-9999	-9999	-9999
0251591012	2010	1	18	18	-9999	-9999	-9999
0251591012	2010	1	19	19	-9999	-9999	-9999
0251591012	2010	1	20	20	-9999	-9999	-9999
0251591012	2010	1	21	21	-9999	-9999	-9999
0251591012	2010	1	22	22	-9999	-9999	-9999
0251591012	2010	1	23	23	-9999	-9999	-9999
0251591012	2010	1	24	24	-9999	-9999	-9999
0251591012	2010	1	25	25	-9999	-9999	-9999
0251591012	2010	1	26	26	-9999	-9999	-9999
0251591012	2010	1	27	27	-9999	-9999	-9999
0251591012	2010	1	28	28	-9999	-9999	-9999
0251591012	2010	1	29	29	-9999	-9999	-9999
0251591012	2010	1	30	30	-9999	-9999	-9999
0251591012	2010	1	31	31	-9999	-9999	-9999
0251591012	2010	2	1	32	-9999	-9999	-9999
0251591012	2010	2	2	33	-9999	-9999	-9999
0251591012	2010	2	3	34	-9999	-9999	-9999
0251591012	2010	2	4	35	-9999	-9999	-9999
0251591012	2010	2	5	36	-9999	-9999	-9999
0251591012	2010	2	6	37	-9999	-9999	-9999
0251591012	2010	2	7	38	-9999	-9999	-9999
0251591012	2010	2	8	39	-9999	-9999	-9999
0251591012	2010	2	9	40	-9999	-9999	-9999
0251591012	2010	2	10	41	-9999	-9999	-9999
0251591012	2010	2	11	42	-9999	-9999	-9999
0251591012	2010	2	12	43	-9999	-9999	-9999
0251591012	2010	2	13	44	-9999	-9999	-9999
0251591012	2010	2	14	45	-9999	-9999	-9999
0251591012	2010	2	15	46	-9999	-9999	-9999
0251591012	2010	2	16	47	-9999	-9999	-9999
0251591012	2010	2	17	48	-9999	-9999	-9999
0251591012	2010	2	18	49	-9999	-9999	-9999
0251591012	2010	2	19	50	-9999	-9999	-9999
0251591012	2010	2	20	51	-9999	-9999	-9999
0251591012	2010	2	21	52	-9999	-9999	-9999
0251591012	2010	2	22	53	-9999	-9999	-9999
0251591012	2010	2	23	54	-9999	-9999	-9999
0251591012	2010	2	24	55	-9999	-9999	-9999
0251591012	2010	2	25	56	-9999	-9999	-9999
0251591012	2010	2	26	57	-9999	-9999	-9999
0251591012	2010	2	27	58	-9999	-9999	-9999
0251591012	2010	2	28	59	-9999	-9999	-9999
0251591012	2010	3	1	60	-9999	-9999	-9999
0251591012	2010	3	2	61	-9999	-9999	-9999
0251591012	2010	3	3	62	-9999	-9999	-9999
0251591012	2010	3	4	63	-9999	-9999	-9999
0251591012	2010	3	5	64	-9999	-9999	-9999
0251591012	2010	3	6	65	-9999	-9999	-9999
0251591012	2010	3	7	66	-9999	-9999	-9999
0251591012	2010	3	8	67	-9999	-9999	-9999
0251591012	2010	3	9	68	-9999	-9999	-9999
0251591012	2010	3	10	69	-9999	-9999	-9999
0251591012	2010	3	11	70	-9999	-9999	-9999
0251591012	2010	3	12	71	-9999	-9999	-9999
0251591012	2010	3	13	72	-9999	-9999	-9999
0251591012	2010	3	14	73	-9999	-9999	-9999
0251591012	2010	3	15	74	-9999	-9999	-9999
0251591012	2010	3	16	75	-9999	-9999	-9999
0251591012	2010	3	17	76	-9999	-9999	-9999
0251591012	2010	3	18	77	-9999	-9999	-9999
0251591012	2010	3	19	78	-9999	-9999	-9999
0251591012	2010	3	20	79	-9999	-9999	-9999
0251591012	2010	3	21	80	-9999	-9999	-9999
0251591012	2010	3	22	81	-9999	-9999	-9999
0251591012	2010	3	23	82	-9999	-9999	-9999
0251591012	2010	3	24	83	-9999	-9999	-9999
0251591012	2010	3	25	84	-9999	-9999	-9999
0251591012	2010	3	26	85	-9999	-9999	-9999
0251591012	2010	3	27	86	-9999	-9999	-9999
0251591012	2010	3	28	87	-9999	-9999	-9999
0251591012	2010	3	29	88	-9999	-9999	-9999
0251591012	2010	3	30	89	-9999	-9999	-9999
0251591012	2010	3	31	90	-9999	-9999	-9999
0251591012	2010	4	1	91	-9999	-9999	-9999
0251591012	2010	4	2	92	-9999	-9999	-9999
0251591012	2010	4	3	93	-9999	-9999	-9999
0251591012	2010	4	4	94	-9999	-9999	-9999
0251591012	2010	4	5	95	-9999	-9999	-9999
0251591012	2010	4	6	96	-9999	-9999	-9999
0251591012	2010	4	7	97	-9999	-9999	-9999
0251591012	2010	4	8	98	-9999	-9999	-9999
0251591012	2010	4	9	99	-9999	-9999	-9999
0251591012	2010	4	10	100	-9999	-9999	-9999
0251591012	2010	4	11	101	-9999	-9999	-9999
0251591012	2010	4	12	102	-9999	-9999	-9999
0251591012	2010	4	13	103	-9999	-9999	-9999
0251591012	2010	4	14	104	-9999	-9999	-9999
0251591012	2010	4	15	105	-9999	-9999	-9999
0251591012	2010	4	16	106	-9999	-9999	-9999
0251591012	2010	4	17	107	-9999	-9999	-9999
0251591012	2010	4	18	108	-9999	-9999	-9999
0251591012	2010	4	19	109	-9999	-9999	-9999
0251591012	2010	4	20	110	-9999	-9999	-9999
0251591012	2010	4	21	111	-9999	-9999	-9999
0251591012	2010	4	22	112	-9999	-9999	-9999
0251591012	2010	4	23	113	-9999	-9999	-9999
0251591012	2010	4	24	114	-9999	-9999	-9999
0251591012	2010	4	25	115	-9999	-9999	-9999
0251591012	2010	4	26	116	-9999	-9999	-9999
0251591012	2010	4	27	117	-9999	-9999	-9999
0251591012	2010	4	28	118	-9999	-9999	-9999
0251591012	2010	4	29	119	-9999	-9999	-9999
0251591012	2010	4	30	120	-9999	-9999	-9999
0251591012	2010	5	1	121	-9999	-9999	-9999
0251591012	2010	5	2	122	-9999	-9999	-9999
0251591012	2010	5	3	123	-9999	-9999	-9999
0251591012	2010	5	4	124	-9999	-9999	-9999
0251591012	2010	5	5	125	-9999	-9999	-9999
0251591012	2010	5	6	126	-9999	-9999	-9999
0251591012	2010	5	7	127	-9999	-9999	-9999
0251591012	2010	5	8	128	-9999	-9999	-9999
0251591012	2010	5	9	129	-9999	-9999	-9999
0251591012	2010	5	10	130	-9999	-9999	-9999
0251591012	2010	5	11	131	-9999	-9999	-9999
0251591012	2010	5	12	132	-9999	-9999	-9999
0251591012	2010	5	13	133	-9999	-9999	-9999
0251591012	2010	5	14	134	-9999	-9999	-9999
0251591012	2010	5	15	135	-9999	-9999	-9999
0251591012	2010	5	16	136	-9999	-9999	-9999
0251591012	2010	5	17	137	-9999	-9999	-9999
0251591012	2010	5	18	138	-9999	-9999	-9999
0251591012	2010	5	19	139	-9999	-9999	-9999
0251591012	2010	5	20	140	-9999	-9999	-9999
0251591012	2010	5	21	141	-9999	-9999	-9999
0251591012	2010	5	22	142	-9999	-9999	-9999
0251591012	2010	5	23	143	-9999	-9999	-9999
0251591012	2010	5	24	144	-9999	-9999	-9999
0251591012	2010	5	25	145	-9999	-9999	-9999
0251591012	2010	5	26	146	-9999	-9999	-9999
0251591012	2010	5	27	147	-9999	-9999	-9999
0251591012	2010	5	28	148	-9999	-9999	-9999
0251591012	2010	5	29	149	-9999	-9999	-9999
0251591012	2010	5	30	150	-9999	-9999	-9999
0251591012	2010	5	31	151	-9999	-9999	-9999
0251591012	2010	6	1	152	-9999	-9999	-9999
0251591012	2010	6	2	153	-9999	-9999	-9999
0251591012	2010	6	3	154	-9999	-9999	-9999
0251591012	2010	6	4	155	-9999	-9999	-9999
0251591012	2010	6	5	156	-9999	-9999	-9999
0251591012	2010	6	6	157	-9999	-9999	-9999
0251591012	2010	6	7	158	-9999	-9999	-9999
0251591012	2010	6	8	159	-9999	-9999	-9999
0251591012	2010	6	9	160	-9999	-9999	-9999
0251591012	2010	6	10	161	-9999	-9999	-9999
0251591012	2010	6	11	162	-9999	-9999	-9999
0251591012	2010	6	12	163	-9999	-9999	-9999
0251591012	2010	6	13	164	-9999	-9999	-9999
0251591012	2010	6	14	165	-9999	-9999	-9999
0251591012	2010	6	15	166	-9999	-9999	-9999
0251591012	2010	6	16	167	-9999	-9999	-9999
0251591012	2010	6	17	168	-9999	-9999	-9999
0251591012	2010	6	18	169	-9999	-9999	-9999
0251591012	2010	6	19	170	-9999	-9999	-9999
0251591012	2010	6	20	171	-9999	-9999	-9999
0251591012	2010	6	21	172	-9999	-9999	-9999
0251591012	2010	6	22	173	-9999	-9999	-9999
0251591012	2010	6	23	174	-9999	-9999	-9999
0251591012	2010	6	24	175	-9999	-9999	-9999
0251591012	2010	6	25	176	-9999	-9999	-9999
0251591012	2010	6	26	177	-9999	-9999	-9999
0251591012	2010	6	27	178	-9999	-9999	-9999
0251591012	2010	6	28	179	-9999	-9999	-9999
0251591012	2010	6	29	180	-9999	-9999	-9999
0251591012	2010	6	30	181	-9999	-9999	-9999
0251591012	2010	7	1	182	-9999	-9999	-9999
0251591012	2010	7	2	183	-9999	-9999	-9999
0251591012	2010	7	3	184	-9999	-9999	-9999
0251591012	2010	7	4	185	-9999	-9999	-9999
0251591012	2010	7	5	186	-9999	-9999	-9999
0251591012	2010	7	6	187	-9999	-9999	-9999
0251591012	2010	7	7	188	-9999	-9999	-9999
0251591012	2010	7	8	189	-9999	-9999	-9999
0251591012	2010	7	9	190	-9999	-9999	-9999
0251591012	2010	7	10	191	-9999	-9999	-9999
0251591012	2010	7	11	192	-9999	-9999	-9999
0251591012	2010	7	12	193	-9999	-9999	-9999
0251591012	2010	7	13	194	-9999	-9999	-9999
0251591012	2010	7	14	195	-9999	-9999	-9999
0251591012	2010	7	15	196	-9999	-9999	-9999
0251591012	2010	7	16	197	-9999	-9999	-9999
0251591012	2010	7	17	198	-9999	-9999	-9999
0251591012	2010	7	18	199	-9999	-9999	-9999
0251591012	2010	7	19	200	-9999	-9999	-9999
0251591012	2010	7	20	201	-9999	-9999	-9999
0251591012	2010	7	21	202	-9999	-9999	-9999
0251591012	2010	7	22	203	-9999	-9999	-9999
0251591012	2010	7	23	204	-9999	-9999	-9999
0251591012	2010	7	24	205	-9999	-9999	-9999
0251591012	2010	7	25	206	-9999	-9999	-9999
0251591012	2010	7	26	207	-9999	-9999	-9999
0251591012	2010	7	27	208	-9999	-9999	-9999
0251591012	2010	7	28	209	-9999	-9999	-9999
0251591012	2010	7	29	210	-9999	-9999	-9999
0251591012	2010	7	30	211	-9999	-9999	-9999
0251591012	2010	7	31	212	-9999	-9999	-9999
0251591012	2010	8	1	213	-9999	-9999	-9999
0251591012	2010	8	2	214	-9999	-9999	-9999
0251591012	2010	8	3	215	-9999	-9999	-9999
0251591012	2010	8	4	216	-9999	-9999	-9999
0251591012	2010	8	5	217	-9999	-9999	-9999
0251591012	2010	8	6	218	-9999	-9999	-9999
0251591012	2010	8	7	219	-9999	-9999	-9999
0251591012	2010	8	8	220	-9999	-9999	-9999
0251591012	2010	8	9	221	-9999	-9999	-9999
0251591012	2010	8	10	222	-9999	-9999	-9999
0251591012	2010	8	11	223	-9999	-9999	-9999
0251591012	2010	8	12	224	-9999	-9999	-9999
0251591012	2010	8	13	225	-9999	-9999	-9999
0251591012	2010	8	14	226	-9999	-9999	-9999
0251591012	2010	8	15	227	-9999	-9999	-9999
0251591012	2010	8	16	228	-9999	-9999	-9999
0251591012	2010	8	17	229	0.028	-9999	0.248
0251591012	2010	8	18	230	0.023455	-9999	0.188
0251591012	2010	8	19	231	0.024231	-9999	0.15154
0251591012	2010	8	20	232	0.02425	-9999	0.13
0251591012	2010	8	21	233	0.026375	-9999	0.11538
0251591012	2010	8	22	234	0.026542	-9999	0.10575
0251591012	2010	8	23	235	0.027792	-9999	0.10004
0251591012	2010	8	24	236	0.027708	-9999	0.095417
0251591012	2010	8	25	237	0.025083	-9999	0.091583
0251591012	2010	8	26	238	0.027042	-9999	0.091417
0251591012	2010	8	27	239	0.028292	-9999	0.087
0251591012	2010	8	28	240	0.0275	-9999	0.084208
0251591012	2010	8	29	241	0.028167	-9999	0.084292
0251591012	2010	8	30	242	0.027292	-9999	0.081208
0251591012	2010	8	31	243	0.025708	-9999	0.082083
0251591012	2010	9	1	244	0.027083	-9999	0.081583
0251591012	2010	9	2	245	0.024917	-9999	0.079167
0251591012	2010	9	3	246	0.025458	-9999	0.078542
0251591012	2010	9	4	247	0.023875	-9999	0.078
0251591012	2010	9	5	248	0.024625	-9999	0.077625
0251591012	2010	9	6	249	0.025125	-9999	0.075917
0251591012	2010	9	7	250	0.021208	-9999	0.076083
0251591012	2010	9	8	251	0.020083	-9999	0.075667
0251591012	2010	9	9	252	0.020542	-9999	0.075458
0251591012	2010	9	10	253	0.020833	-9999	0.074167
0251591012	2010	9	11	254	0.019292	-9999	0.073583
0251591012	2010	9	12	255	0.016	-9999	0.072833
0251591012	2010	9	13	256	0.016667	-9999	0.073792
0251591012	2010	9	14	257	0.015667	-9999	0.073708
0251591012	2010	9	15	258	0.012667	-9999	0.072833
0251591012	2010	9	16	259	0.010375	-9999	0.070708
0251591012	2010	9	17	260	0.01175	-9999	0.071667
0251591012	2010	9	18	261	0.010208	-9999	0.070125
0251591012	2010	9	19	262	0.0074583	-9999	0.071167
0251591012	2010	9	20	263	0.0066818	-9999	0.070583
0251591012	2010	9	21	264	0.0042632	-9999	0.07125
0251591012	2010	9	22	265	0.0052778	-9999	0.069542
0251591012	2010	9	23	266	0.07325	-9999	0.067708
0251591012	2010	9	24	267	0.074333	-9999	0.06925
0251591012	2010	9	25	268	0.071708	-9999	0.069042
0251591012	2010	9	26	269	0.066667	-9999	0.0675
0251591012	2010	9	27	270	0.064375	-9999	0.069417
0251591012	2010	9	28	271	0.058958	-9999	0.067375
0251591012	2010	9	29	272	0.056333	-9999	0.067958
0251591012	2010	9	30	273	0.052292	-9999	0.069375
0251591012	2010	10	1	274	0.050542	-9999	0.069333
0251591012	2010	10	2	275	0.045833	-9999	0.06875
0251591012	2010	10	3	276	0.04225	-9999	0.069583
0251591012	2010	10	4	277	0.040458	-9999	0.069125
0251591012	2010	10	5	278	0.037	-9999	0.069542
0251591012	2010	10	6	279	0.037	-9999	0.069167
0251591012	2010	10	7	280	0.03613	-9999	0.067826
0251591012	2010	10	8	281	0.03325	-9999	0.067958
0251591012	2010	10	9	282	0.034083	-9999	0.067792
0251591012	2010	10	10	283	0.028958	-9999	0.065917
0251591012	2010	10	11	284	0.030125	-9999	0.06675
0251591012	2010	10	12	285	0.028958	-9999	0.068583
0251591012	2010	10	13	286	0.027708	-9999	0.0665
0251591012	2010	10	14	287	0.026875	-9999	0.066
0251591012	2010	10	15	288	0.026208	-9999	0.065042
0251591012	2010	10	16	289	0.026583	-9999	0.065375
0251591012	2010	10	17	290	0.026083	-9999	0.065083
0251591012	2010	10	18	291	0.025208	-9999	0.065167
0251591012	2010	10	19	292	0.023958	-9999	0.065667
0251591012	2010	10	20	293	0.025167	-9999	0.063875
0251591012	2010	10	21	294	0.03475	-9999	0.065833
0251591012	2010	10	22	295	0.058083	-9999	0.063542
0251591012	2010	10	23	296	0.067417	0.0482	0.064417
0251591012	2010	10	24	297	0.111	0.075333	0.064333
0251591012	2010	10	25	298	0.11404	0.070958	0.063583
0251591012	2010	10	26	299	0.13096	0.078042	0.062833
0251591012	2010	10	27	300	0.12617	0.073042	0.0645
0251591012	2010	10	28	301	0.12163	0.068542	0.062917
0251591012	2010	10	29	302	0.12096	0.065375	0.063167
0251591012	2010	10	30	303	0.11821	0.061417	0.063083
0251591012	2010	10	31	304	0.11767	0.059458	0.061208
0251591012	2010	11	1	305	0.11442	0.057125	0.06325
0251591012	2010	11	2	306	0.11167	0.055625	0.063
0251591012	2010	11	3	307	0.10921	0.052625	0.061792
0251591012	2010	11	4	308	0.10683	0.051375	0.06225
0251591012	2010	11	5	309	0.10217	0.047625	0.062792
0251591012	2010	11	6	310	0.10071	0.046125	0.063792
0251591012	2010	11	7	311	0.096792	0.043458	0.06225
0251591012	2010	11	8	312	0.097208	0.04125	0.062583
0251591012	2010	11	9	313	0.094	0.04025	0.062667
0251591012	2010	11	10	314	0.093375	0.037833	0.062875
0251591012	2010	11	11	315	0.0925	0.036917	0.062
0251591012	2010	11	12	316	0.089542	0.036625	0.0635
0251591012	2010	11	13	317	0.090042	0.035792	0.064208
0251591012	2010	11	14	318	0.088	0.034125	0.064958
0251591012	2010	11	15	319	0.087042	0.034583	0.065708
0251591012	2010	11	16	320	0.087083	0.033583	0.063125
0251591012	2010	11	17	321	0.086417	0.033833	0.063583
0251591012	2010	11	18	322	0.083375	0.032333	0.063333
0251591012	2010	11	19	323	0.085542	0.032875	0.063792
0251591012	2010	11	20	324	0.084042	0.03075	0.062958
0251591012	2010	11	21	325	0.082792	0.030708	0.06325
0251591012	2010	11	22	326	0.080125	0.030167	0.062958
0251591012	2010	11	23	327	0.080583	0.028792	0.063042
0251591012	2010	11	24	328	0.081125	0.029125	0.061333
0251591012	2010	11	25	329	0.08025	0.027875	0.06375
0251591012	2010	11	26	330	0.079	0.027625	0.062917
0251591012	2010	11	27	331	0.078542	0.026333	0.062875
0251591012	2010	11	28	332	0.077958	0.027	0.062708
0251591012	2010	11	29	333	0.07775	0.028042	0.064042
0251591012	2010	11	30	334	0.077833	0.02675	0.063833
0251591012	2010	12	1	335	0.07525	0.024458	0.0625
0251591012	2010	12	2	336	0.075333	0.025375	0.062833
0251591012	2010	12	3	337	0.0775	0.026333	0.063
0251591012	2010	12	4	338	0.075417	0.025542	0.062958
0251591012	2010	12	5	339	0.074208	0.024375	0.06325
0251591012	2010	12	6	340	0.074083	0.024708	0.0635
0251591012	2010	12	7	341	0.071375	0.02375	0.062667
0251591012	2010	12	8	342	0.071917	0.021292	0.063292
0251591012	2010	12	9	343	0.072417	0.022625	0.062875
0251591012	2010	12	10	344	0.070292	0.023042	0.063083
0251591012	2010	12	11	345	0.073708	0.02175	0.061833
0251591012	2010	12	12	346	0.071375	0.02	0.062542
0251591012	2010	12	13	347	0.070583	0.020792	0.063542
0251591012	2010	12	14	348	0.069667	0.02075	0.06275
0251591012	2010	12	15	349	0.069542	0.020708	0.061833
0251591012	2010	12	16	350	0.07025	0.020833	0.063875
0251591012	2010	12	17	351	0.067875	0.019917	0.064292
0251591012	2010	12	18	352	0.065125	0.021333	0.061542
0251591012	2010	12	19	353	0.065042	0.020792	0.0645
0251591012	2010	12	20	354	0.068708	0.02125	0.062917
0251591012	2010	12	21	355	0.064917	0.020292	0.066208
0251591012	2010	12	22	356	0.069042	0.020375	0.064625
0251591012	2010	12	23	357	0.070917	0.019125	0.063
0251591012	2010	12	24	358	0.067091	0.019091	0.061409
0251591012	2010	12	25	359	0.067542	0.019917	0.062583
0251591012	2010	12	26	360	0.068	0.019875	0.064
0251591012	2010	12	27	361	0.066227	0.018045	0.061773
0251591012	2010	12	28	362	0.068375	0.018542	0.06375
0251591012	2010	12	29	363	0.065583	0.018625	0.064917
0251591012	2010	12	30	364	0.066	0.0185	0.064417
0251591012	2010	12	31	365	0.066458	0.018042	0.067417
0251591012	2011	1	1	1	0.067875	0.018292	0.062458
0251591012	2011	1	2	2	0.068	0.017125	0.062333
0251591012	2011	1	3	3	0.066208	0.01775	0.064
0251591012	2011	1	4	4	0.068522	0.017435	0.063304
0251591012	2011	1	5	5	0.065609	0.015478	0.063913
0251591012	2011	1	6	6	0.06513	0.017609	0.063565
0251591012	2011	1	7	7	0.061958	0.016625	0.062375
0251591012	2011	1	8	8	0.065958	0.016292	0.062833
0251591012	2011	1	9	9	0.063917	0.016167	0.063958
0251591012	2011	1	10	10	0.062833	0.015042	0.062708
0251591012	2011	1	11	11	0.065208	0.016208	0.063125
0251591012	2011	1	12	12	0.065208	0.015333	0.0625
0251591012	2011	1	13	13	0.061542	0.015458	0.064083
0251591012	2011	1	14	14	0.06175	0.015208	0.06275
0251591012	2011	1	15	15	0.061292	0.015792	0.063792
0251591012	2011	1	16	16	0.061917	0.015083	0.063042
0251591012	2011	1	17	17	0.060375	0.014917	0.06225
0251591012	2011	1	18	18	0.059625	0.014167	0.063208
0251591012	2011	1	19	19	0.060292	0.013917	0.062833
0251591012	2011	1	20	20	0.060167	0.014458	0.063625
0251591012	2011	1	21	21	0.061333	0.012875	0.06375
0251591012	2011	1	22	22	0.061208	0.0135	0.063208
0251591012	2011	1	23	23	0.0615	0.01275	0.06375
0251591012	2011	1	24	24	0.059167	0.013333	0.061083
0251591012	2011	1	25	25	0.060333	0.013917	0.06175
0251591012	2011	1	26	26	0.050083	0.013167	0.065125
0251591012	2011	1	27	27	0.044458	0.012458	0.065708
0251591012	2011	1	28	28	0.042875	0.014208	0.063083
0251591012	2011	1	29	29	0.042667	0.011042	0.065542
0251591012	2011	1	30	30	0.044458	0.012958	0.063958
0251591012	2011	1	31	31	0.042667	0.012125	0.062792
0251591012	2011	2	1	32	0.044708	0.011625	0.063292
0251591012	2011	2	2	33	0.044625	0.011417	0.063125
0251591012	2011	2	3	34	0.041875	0.011375	0.06425
0251591012	2011	2	4	35	0.038667	0.011042	0.063583
0251591012	2011	2	5	36	0.035583	0.0094583	0.0635
0251591012	2011	2	6	37	0.037708	0.010875	0.064917
0251591012	2011	2	7	38	0.035542	0.011125	0.06375
0251591012	2011	2	8	39	0.035708	0.00975	0.064625
0251591012	2011	2	9	40	0.035333	0.010125	0.063208
0251591012	2011	2	10	41	0.03525	0.00975	0.065083
0251591012	2011	2	11	42	0.034625	0.01	0.062208
0251591012	2011	2	12	43	0.034708	0.009625	0.062458
0251591012	2011	2	13	44	0.037	0.0080417	0.062958
0251591012	2011	2	14	45	0.037042	0.0086667	0.062917
0251591012	2011	2	15	46	0.039958	0.008875	0.063875
0251591012	2011	2	16	47	0.043417	0.0078333	0.064625
0251591012	2011	2	17	48	0.051917	0.006875	0.062375
0251591012	2011	2	18	49	0.058083	0.0082083	0.064375
0251591012	2011	2	19	50	0.059542	0.008	0.062833
0251591012	2011	2	20	51	0.077667	0.0075	0.064458
0251591012	2011	2	21	52	0.091792	0.0089583	0.064167
0251591012	2011	2	22	53	0.092625	0.0082917	0.063875
0251591012	2011	2	23	54	0.092167	0.0085	0.063333
0251591012	2011	2	24	55	0.0975	0.0088333	0.065667
0251591012	2011	2	25	56	0.096167	0.0093333	0.064083
0251591012	2011	2	26	57	0.096083	0.00975	0.065042
0251591012	2011	2	27	58	0.094958	0.0097917	0.063875
0251591012	2011	2	28	59	0.094958	0.012167	0.06375
0251591012	2011	3	1	60	0.093667	0.011708	0.0645
0251591012	2011	3	2	61	0.094	0.012958	0.064625
0251591012	2011	3	3	62	0.098	0.013458	0.065542
0251591012	2011	3	4	63	0.12996	0.013833	0.064542
0251591012	2011	3	5	64	0.14517	0.015417	0.066125
0251591012	2011	3	6	65	0.14612	0.018208	0.066542
0251591012	2011	3	7	66	0.14213	0.020833	0.063458
0251591012	2011	3	8	67	0.14167	0.023667	0.0635
0251591012	2011	3	9	68	0.13983	0.024292	0.064958
0251591012	2011	3	10	69	0.13879	0.025542	0.065042
0251591012	2011	3	11	70	0.16367	0.027417	0.064875
0251591012	2011	3	12	71	0.21296	0.06975	0.063792
0251591012	2011	3	13	72	0.23008	0.11017	0.064125
0251591012	2011	3	14	73	-9999	-9999	0.065292
0251591012	2011	3	15	74	-9999	0.11138	0.068625
0251591012	2011	3	16	75	-9999	-9999	0.11075
0251591012	2011	3	17	76	-9999	-9999	0.22492
0251591012	2011	3	18	77	-9999	-9999	0.26254
0251591012	2011	3	19	78	-9999	-9999	0.26788
0251591012	2011	3	20	79	-9999	-9999	0.26892
0251591012	2011	3	21	80	-9999	-9999	0.26483
0251591012	2011	3	22	81	-9999	0.10446	0.26137
0251591012	2011	3	23	82	0.22233	0.099833	0.262
0251591012	2011	3	24	83	0.22896	0.10096	0.26071
0251591012	2011	3	25	84	0.21775	0.096917	0.262
0251591012	2011	3	26	85	0.21158	0.093042	0.26146
0251591012	2011	3	27	86	0.20858	0.090625	0.26142
0251591012	2011	3	28	87	0.209	0.090375	0.26033
0251591012	2011	3	29	88	0.21888	0.092042	0.26096
0251591012	2011	3	30	89	0.21292	0.09175	0.26271
0251591012	2011	3	31	90	0.20729	0.088833	0.26208
0251591012	2011	4	1	91	0.20279	0.086583	0.26275
0251591012	2011	4	2	92	0.19833	0.084417	0.26183
0251591012	2011	4	3	93	0.19279	0.083542	0.26125
0251591012	2011	4	4	94	0.18742	0.080875	0.26013
0251591012	2011	4	5	95	0.18592	0.079833	0.26117
0251591012	2011	4	6	96	0.18529	0.077625	0.25954
0251591012	2011	4	7	97	0.182	0.075125	0.2595
0251591012	2011	4	8	98	0.20871	0.080417	0.25867
0251591012	2011	4	9	99	0.22983	0.090583	0.25954
0251591012	2011	4	10	100	0.22113	0.089833	0.25967
0251591012	2011	4	11	101	0.22033	0.090083	0.26125
0251591012	2011	4	12	102	0.21821	0.08825	0.261
0251591012	2011	4	13	103	0.21133	0.085792	0.26063
0251591012	2011	4	14	104	0.20504	0.084375	0.26121
0251591012	2011	4	15	105	0.19833	0.082125	0.25821
0251591012	2011	4	16	106	0.19513	0.080375	0.255
0251591012	2011	4	17	107	0.19121	0.0765	0.25421
0251591012	2011	4	18	108	0.18696	0.075375	0.25292
0251591012	2011	4	19	109	0.18088	0.073583	0.25121
0251591012	2011	4	20	110	0.17625	0.071708	0.24954
0251591012	2011	4	21	111	0.17454	0.070417	0.24783
0251591012	2011	4	22	112	0.17104	0.068417	0.24546
0251591012	2011	4	23	113	0.16567	0.066667	0.24538
0251591012	2011	4	24	114	0.1633	0.064217	0.24352
0251591012	2011	4	25	115	0.159	0.065125	0.24308
0251591012	2011	4	26	116	0.16637	0.063833	0.24121
0251591012	2011	4	27	117	0.17658	0.066333	0.24058
0251591012	2011	4	28	118	0.19625	0.070375	0.23917
0251591012	2011	4	29	119	-9999	-9999	0.23858
0251591012	2011	4	30	120	-9999	-9999	0.24096
0251591012	2011	5	1	121	-9999	0.10454	0.24254
0251591012	2011	5	2	122	0.22567	0.1	0.24517
0251591012	2011	5	3	123	0.23108	0.10096	0.24508
0251591012	2011	5	4	124	0.22643	0.098478	0.24491
0251591012	2011	5	5	125	0.22091	0.094955	0.24573
0251591012	2011	5	6	126	0.21548	0.090652	0.24483
0251591012	2011	5	7	127	0.21021	0.088333	0.24404
0251591012	2011	5	8	128	0.2033	0.083913	0.24352
0251591012	2011	5	9	129	0.19917	0.081609	0.24143
0251591012	2011	5	10	130	0.19217	0.078348	0.24135
0251591012	2011	5	11	131	0.18837	0.075542	0.23929
0251591012	2011	5	12	132	0.18383	0.074174	0.23939
0251591012	2011	5	13	133	0.1823	0.07213	0.23817
0251591012	2011	5	14	134	0.17813	0.071167	0.23625
0251591012	2011	5	15	135	0.17659	0.068727	0.23477
0251591012	2011	5	16	136	0.17175	0.067833	0.23321
0251591012	2011	5	17	137	0.16729	0.064792	0.23075
0251591012	2011	5	18	138	0.16167	0.063917	0.23067
0251591012	2011	5	19	139	0.1595	0.061125	0.22913
0251591012	2011	5	20	140	0.157	0.059609	0.22765
0251591012	2011	5	21	141	0.15679	0.059	0.22667
0251591012	2011	5	22	142	0.15542	0.059333	0.22408
0251591012	2011	5	23	143	0.1535	0.058208	0.22429
0251591012	2011	5	24	144	0.14975	0.056	0.22154
0251591012	2011	5	25	145	0.14717	0.055391	0.21922
0251591012	2011	5	26	146	0.14812	0.053125	0.21846
0251591012	2011	5	27	147	0.14421	0.052167	0.21621
0251591012	2011	5	28	148	0.13771	0.050458	0.21242
0251591012	2011	5	29	149	0.137	0.048333	0.21225
0251591012	2011	5	30	150	0.13021	0.047292	0.20967
0251591012	2011	5	31	151	0.12629	0.0445	0.20858
0251591012	2011	6	1	152	0.12304	0.043917	0.20612
0251591012	2011	6	2	153	0.11904	0.043391	0.20348
0251591012	2011	6	3	154	0.11446	0.040167	0.20096
0251591012	2011	6	4	155	0.11217	0.0385	0.1985
0251591012	2011	6	5	156	0.10992	0.0355	0.19662
0251591012	2011	6	6	157	0.10583	0.034609	0.1943
0251591012	2011	6	7	158	0.10058	0.032958	0.19187
0251591012	2011	6	8	159	0.095375	0.030792	0.18804
0251591012	2011	6	9	160	0.094042	0.029583	0.18617
0251591012	2011	6	10	161	0.09013	0.025696	0.18357
0251591012	2011	6	11	162	0.086609	0.024304	0.182
0251591012	2011	6	12	163	0.082591	0.025591	0.17914
0251591012	2011	6	13	164	0.079875	0.022958	0.17604
0251591012	2011	6	14	165	0.075545	0.020364	0.17409
0251591012	2011	6	15	166	0.073708	0.0195	0.16929
0251591012	2011	6	16	167	0.071458	0.017667	0.167
0251591012	2011	6	17	168	0.068957	0.016696	0.16387
0251591012	2011	6	18	169	0.063478	0.015217	0.16004
0251591012	2011	6	19	170	0.06275	0.01275	0.15646
0251591012	2011	6	20	171	0.060875	0.012542	0.15421
0251591012	2011	6	21	172	0.059375	0.011417	0.15025
0251591012	2011	6	22	173	0.058167	0.010875	0.14792
0251591012	2011	6	23	174	0.054909	0.010955	0.14391
0251591012	2011	6	24	175	0.054174	0.0074348	0.14139
0251591012	2011	6	25	176	0.054455	0.00625	0.14027
0251591012	2011	6	26	177	0.050682	0.0057	0.13514
0251591012	2011	6	27	178	0.049304	0.0043684	0.13104
0251591012	2011	6	28	179	0.048375	0.0039444	0.129
0251591012	2011	6	29	180	0.045818	0.0035714	0.12477
0251591012	2011	6	30	181	0.04375	0.003	0.12233
0251591012	2011	7	1	182	0.042238	0.003	0.11948
0251591012	2011	7	2	183	0.041682	0.0015	0.11668
0251591012	2011	7	3	184	0.040091	0.001	0.11418
0251591012	2011	7	4	185	0.038045	0.001	0.1115
0251591012	2011	7	5	186	0.038136	0.0015	0.10918
0251591012	2011	7	6	187	0.0374	-9999	0.10755
0251591012	2011	7	7	188	0.035783	-9999	0.106
0251591012	2011	7	8	189	0.034348	-9999	0.10513
0251591012	2011	7	9	190	0.033292	-9999	0.10163
0251591012	2011	7	10	191	0.03287	-9999	0.10026
0251591012	2011	7	11	192	0.029542	-9999	0.099458
0251591012	2011	7	12	193	0.028591	-9999	0.097773
0251591012	2011	7	13	194	0.028222	-9999	0.095778
0251591012	2011	7	14	195	0.026565	-9999	0.094
0251591012	2011	7	15	196	0.026174	-9999	0.093348
0251591012	2011	7	16	197	0.027	-9999	0.092042
0251591012	2011	7	17	198	0.025087	-9999	0.089913
0251591012	2011	7	18	199	0.02425	-9999	0.0895
0251591012	2011	7	19	200	0.021952	-9999	0.088381
0251591012	2011	7	20	201	0.021455	-9999	0.087227
0251591012	2011	7	21	202	0.020696	-9999	0.086478
0251591012	2011	7	22	203	0.019208	-9999	0.084625
0251591012	2011	7	23	204	0.018	-9999	0.084435
0251591012	2011	7	24	205	0.018609	-9999	0.083826
0251591012	2011	7	25	206	0.017652	-9999	0.083833
0251591012	2011	7	26	207	0.018333	-9999	0.082048
0251591012	2011	7	27	208	0.018708	-9999	0.080917
0251591012	2011	7	28	209	0.017042	-9999	0.080875
0251591012	2011	7	29	210	0.016955	-9999	0.080727
0251591012	2011	7	30	211	0.015957	-9999	0.080522
0251591012	2011	7	31	212	0.017333	-9999	0.079375
0251591012	2011	8	1	213	0.0155	-9999	0.078167
0251591012	2011	8	2	214	0.015042	-9999	0.078042
0251591012	2011	8	3	215	0.015136	-9999	0.077682
0251591012	2011	8	4	216	0.014857	-9999	0.077762
0251591012	2011	8	5	217	0.015167	-9999	0.077208
0251591012	2011	8	6	218	0.015208	-9999	0.077042
0251591012	2011	8	7	219	0.013792	-9999	0.076708
0251591012	2011	8	8	220	0.012667	-9999	0.075571
0251591012	2011	8	9	221	0.011826	-9999	0.075217
0251591012	2011	8	10	222	0.0125	-9999	0.075417
0251591012	2011	8	11	223	0.0097826	-9999	0.075739
0251591012	2011	8	12	224	0.0093913	-9999	0.074458
0251591012	2011	8	13	225	0.0075	-9999	0.073682
0251591012	2011	8	14	226	0.0067391	-9999	0.072783
0251591012	2011	8	15	227	0.0063913	-9999	0.072375
0251591012	2011	8	16	228	0.0073333	-9999	0.071917
0251591012	2011	8	17	229	0.0054762	-9999	0.072542
0251591012	2011	8	18	230	0.0047059	-9999	0.071125
0251591012	2011	8	19	231	0.0042857	-9999	0.071333
0251591012	2011	8	20	232	0.0048667	-9999	0.071292
0251591012	2011	8	21	233	0.0041875	-9999	0.071083
0251591012	2011	8	22	234	0.0045	-9999	0.070167
0251591012	2011	8	23	235	0.0054762	-9999	0.070125
0251591012	2011	8	24	236	0.00625	-9999	0.070458
0251591012	2011	8	25	237	0.0049545	-9999	0.07075
0251591012	2011	8	26	238	0.005	-9999	0.0695
0251591012	2011	8	27	239	0.0033125	-9999	0.069792
0251591012	2011	8	28	240	0.0049412	-9999	0.068208
0251591012	2011	8	29	241	0.0042778	-9999	0.069167
0251591012	2011	8	30	242	0.0046429	-9999	0.068667
0251591012	2011	8	31	243	0.0044545	-9999	0.06825
0251591012	2011	9	1	244	0.00275	-9999	0.067708
0251591012	2011	9	2	245	0.0016	-9999	0.068042
0251591012	2011	9	3	246	0.002	-9999	0.066625
0251591012	2011	9	4	247	0.0018333	-9999	0.066083
0251591012	2011	9	5	248	0.0020909	-9999	0.066417
0251591012	2011	9	6	249	0.0032222	-9999	0.066
0251591012	2011	9	7	250	0.0036923	-9999	0.067375
0251591012	2011	9	8	251	0.004	-9999	0.066958
0251591012	2011	9	9	252	0.0043636	-9999	0.067125
0251591012	2011	9	10	253	0.0041818	-9999	0.066333
0251591012	2011	9	11	254	0.00525	-9999	0.0675
0251591012	2011	9	12	255	0.0058182	-9999	0.065
0251591012	2011	9	13	256	0.0064444	-9999	0.064917
0251591012	2011	9	14	257	0.007	-9999	0.067583
0251591012	2011	9	15	258	0.0071875	-9999	0.0645
0251591012	2011	9	16	259	0.0067895	-9999	0.065958
0251591012	2011	9	17	260	0.0076818	-9999	0.065875
0251591012	2011	9	18	261	0.0078	-9999	0.066
0251591012	2011	9	19	262	0.0077619	-9999	0.066083
0251591012	2011	9	20	263	0.0087917	-9999	0.066667
0251591012	2011	9	21	264	0.010682	-9999	0.066375
0251591012	2011	9	22	265	0.0096522	-9999	0.066958
0251591012	2011	9	23	266	0.010417	-9999	0.067417
0251591012	2011	9	24	267	0.011792	-9999	0.065875
0251591012	2011	9	25	268	0.00925	-9999	0.066708
0251591012	2011	9	26	269	0.0105	-9999	0.065833
0251591012	2011	9	27	270	0.011739	-9999	0.067125
0251591012	2011	9	28	271	0.011417	-9999	0.067125
0251591012	2011	9	29	272	0.012609	-9999	0.066667
0251591012	2011	9	30	273	0.010458	-9999	0.067625
0251591012	2011	10	1	274	0.011792	-9999	0.066875
0251591012	2011	10	2	275	0.0094583	-9999	0.066458
0251591012	2011	10	3	276	0.0096667	-9999	0.066542
0251591012	2011	10	4	277	0.010783	-9999	0.065083
0251591012	2011	10	5	278	0.009375	-9999	0.064833
0251591012	2011	10	6	279	0.0083333	-9999	0.064708
0251591012	2011	10	7	280	0.007625	-9999	0.066208
0251591012	2011	10	8	281	0.0062083	-9999	0.066
0251591012	2011	10	9	282	0.0050417	-9999	0.064833
0251591012	2011	10	10	283	0.0061053	-9999	0.064917
0251591012	2011	10	11	284	0.0057895	-9999	0.063417
0251591012	2011	10	12	285	0.0072381	-9999	0.063167
0251591012	2011	10	13	286	0.0068095	-9999	0.062583
0251591012	2011	10	14	287	0.0076087	-9999	0.063708
0251591012	2011	10	15	288	0.0085217	-9999	0.064625
0251591012	2011	10	16	289	0.0091429	-9999	0.062958
0251591012	2011	10	17	290	0.010261	-9999	0.064
0251591012	2011	10	18	291	0.0099583	-9999	0.064125
0251591012	2011	10	19	292	0.00925	-9999	0.063333
0251591012	2011	10	20	293	0.008875	-9999	0.06275
0251591012	2011	10	21	294	0.010167	-9999	0.062667
0251591012	2011	10	22	295	0.010043	-9999	0.061667
0251591012	2011	10	23	296	0.010875	-9999	0.062542
0251591012	2011	10	24	297	0.014167	-9999	0.063583
0251591012	2011	10	25	298	0.012348	-9999	0.062542
0251591012	2011	10	26	299	0.013583	-9999	0.062375
0251591012	2011	10	27	300	0.011792	-9999	0.063208
0251591012	2011	10	28	301	0.01125	-9999	0.062875
0251591012	2011	10	29	302	0.011	-9999	0.061625
0251591012	2011	10	30	303	0.010458	-9999	0.0625
0251591012	2011	10	31	304	0.010875	-9999	0.062542
0251591012	2011	11	1	305	0.0115	-9999	0.061708
0251591012	2011	11	2	306	0.015125	0.048917	0.061917
0251591012	2011	11	3	307	0.0255	0.059542	0.061667
0251591012	2011	11	4	308	0.028417	0.05975	0.061625
0251591012	2011	11	5	309	0.036083	0.06025	0.0685
0251591012	2011	11	6	310	0.041	0.060042	0.078542
0251591012	2011	11	7	311	0.046292	0.059458	0.090042
0251591012	2011	11	8	312	0.050125	0.059417	0.10029
0251591012	2011	11	9	313	0.053167	0.05875	0.10533
0251591012	2011	11	10	314	0.054708	0.057333	0.10933
0251591012	2011	11	11	315	0.057167	0.057208	0.11113
0251591012	2011	11	12	316	0.058625	0.056	0.11283
0251591012	2011	11	13	317	0.060958	0.054542	0.11538
0251591012	2011	11	14	318	0.060917	0.055208	0.11408
0251591012	2011	11	15	319	0.063792	0.054542	0.11588
0251591012	2011	11	16	320	0.065083	0.054792	0.11579
0251591012	2011	11	17	321	0.067	0.054	0.11787
0251591012	2011	11	18	322	0.067375	0.053083	0.11933
0251591012	2011	11	19	323	0.068818	0.052182	0.11759
0251591012	2011	11	20	324	0.06887	0.052304	0.11839
0251591012	2011	11	21	325	0.071783	0.050957	0.117
0251591012	2011	11	22	326	0.070625	0.050708	0.118
0251591012	2011	11	23	327	0.068833	0.051208	0.11833
0251591012	2011	11	24	328	0.075333	0.048333	0.11908
0251591012	2011	11	25	329	0.069826	0.049565	0.11696
0251591012	2011	11	26	330	0.074174	0.04787	0.11726
0251591012	2011	11	27	331	0.074875	0.049042	0.11621
0251591012	2011	11	28	332	0.072792	0.047417	0.11875
0251591012	2011	11	29	333	0.075917	0.045542	0.11708
0251591012	2011	11	30	334	0.075875	0.0465	0.11642
0251591012	2011	12	1	335	0.074957	0.045087	0.11565
0251591012	2011	12	2	336	0.074667	0.043833	0.11583
0251591012	2011	12	3	337	0.075087	0.042478	0.1173
0251591012	2011	12	4	338	0.071333	0.043583	0.11567
0251591012	2011	12	5	339	0.073125	0.041167	0.11604
0251591012	2011	12	6	340	0.071625	0.042833	0.11533
0251591012	2011	12	7	341	0.073958	0.040292	0.11625
0251591012	2011	12	8	342	0.076667	0.040333	0.11229
0251591012	2011	12	9	343	0.072957	0.039565	0.113
0251591012	2011	12	10	344	0.072042	0.039042	0.11575
0251591012	2011	12	11	345	0.07175	0.037667	0.11442
0251591012	2011	12	12	346	0.074261	0.037522	0.11291
0251591012	2011	12	13	347	0.072	0.035792	0.11313
0251591012	2011	12	14	348	0.072611	0.035444	0.112
0251591012	2011	12	15	349	0.073952	0.034952	0.11514
0251591012	2011	12	16	350	0.073333	0.03625	0.11417
0251591012	2011	12	17	351	0.074478	0.034304	0.11452
0251591012	2011	12	18	352	0.073375	0.033167	0.11292
0251591012	2011	12	19	353	0.07425	0.033875	0.11208
0251591012	2011	12	20	354	0.069783	0.034783	0.11187
0251591012	2011	12	21	355	0.070458	0.031958	0.11204
0251591012	2011	12	22	356	0.072348	0.032304	0.11287
0251591012	2011	12	23	357	0.073958	0.031458	0.11142
0251591012	2011	12	24	358	0.071875	0.031458	0.11175
0251591012	2011	12	25	359	0.07025	0.031042	0.11046
0251591012	2011	12	26	360	0.071667	0.030292	0.111
0251591012	2011	12	27	361	0.071833	0.030083	0.11
0251591012	2011	12	28	362	0.071	0.030167	0.11042
0251591012	2011	12	29	363	0.070042	0.028833	0.11175
0251591012	2011	12	30	364	0.069292	0.0285	0.10917
0251591012	2011	12	31	365	0.071652	0.028609	0.108
0251591012	2012	1	1	1	0.073833	0.027833	0.10717
0251591012	2012	1	2	2	0.071	0.028045	0.10859
0251591012	2012	1	3	3	0.072333	0.027917	0.10675
0251591012	2012	1	4	4	0.069364	0.028273	0.10859
0251591012	2012	1	5	5	0.070667	0.027458	0.10717
0251591012	2012	1	6	6	0.0685	0.026917	0.10908
0251591012	2012	1	7	7	0.070417	0.0265	0.10913
0251591012	2012	1	8	8	0.070667	0.026417	0.10904
0251591012	2012	1	9	9	0.069083	0.025583	0.10838
0251591012	2012	1	10	10	0.071083	0.02575	0.10792
0251591012	2012	1	11	11	0.070667	0.023833	0.10608
0251591012	2012	1	12	12	0.06925	0.024542	0.10613
0251591012	2012	1	13	13	0.065875	0.022958	0.10762
0251591012	2012	1	14	14	0.063042	0.024167	0.10763
0251591012	2012	1	15	15	0.061708	0.02375	0.10625
0251591012	2012	1	16	16	0.062167	0.023417	0.10554
0251591012	2012	1	17	17	0.060875	0.022917	0.10746
0251591012	2012	1	18	18	0.066083	0.023833	0.10371
0251591012	2012	1	19	19	0.061875	0.021708	0.106
0251591012	2012	1	20	20	0.061042	0.022667	0.10358
0251591012	2012	1	21	21	0.0645	0.022333	0.10483
0251591012	2012	1	22	22	0.063583	0.02075	0.10358
0251591012	2012	1	23	23	0.065167	0.021333	0.10363
0251591012	2012	1	24	24	0.065625	0.020958	0.10358
0251591012	2012	1	25	25	0.06575	0.019792	0.10383
0251591012	2012	1	26	26	0.063	0.020696	0.10139
0251591012	2012	1	27	27	0.065958	0.019917	0.10333
0251591012	2012	1	28	28	0.0645	0.019458	0.10346
0251591012	2012	1	29	29	0.064167	0.019917	0.10325
0251591012	2012	1	30	30	0.06525	0.019583	0.10375
0251591012	2012	1	31	31	0.0635	0.017792	0.10421
0251591012	2012	2	1	32	0.065833	0.019042	0.1025
0251591012	2012	2	2	33	0.063333	0.017958	0.10158
0251591012	2012	2	3	34	0.062417	0.018208	0.10363
0251591012	2012	2	4	35	0.064542	0.018708	0.10183
0251591012	2012	2	5	36	0.064167	0.019375	0.101
0251591012	2012	2	6	37	0.063833	0.018125	0.10204
0251591012	2012	2	7	38	0.062208	0.016167	0.10175
0251591012	2012	2	8	39	0.060167	0.016667	0.10204
0251591012	2012	2	9	40	0.062083	0.017708	0.10204
0251591012	2012	2	10	41	0.060542	0.017292	0.10117
0251591012	2012	2	11	42	0.060333	0.016542	0.10163
0251591012	2012	2	12	43	0.063087	0.016957	0.099
0251591012	2012	2	13	44	0.060708	0.016083	0.1005
0251591012	2012	2	14	45	0.0625	0.016833	0.099417
0251591012	2012	2	15	46	0.061375	0.017083	0.1005
0251591012	2012	2	16	47	0.062417	0.016083	0.098167
0251591012	2012	2	17	48	0.059375	0.015667	0.10158
0251591012	2012	2	18	49	0.06225	0.016167	0.099708
0251591012	2012	2	19	50	0.061292	0.015208	0.10013
0251591012	2012	2	20	51	0.062542	0.014875	0.099542
0251591012	2012	2	21	52	0.060652	0.014261	0.098739
0251591012	2012	2	22	53	0.059833	0.014042	0.10179
0251591012	2012	2	23	54	0.06213	0.015174	0.098261
0251591012	2012	2	24	55	0.060042	0.014625	0.098542
0251591012	2012	2	25	56	0.06075	0.014792	0.10033
0251591012	2012	2	26	57	0.061917	0.014708	0.098625
0251591012	2012	2	27	58	0.060208	0.014125	0.096833
0251591012	2012	2	28	59	0.058958	0.014125	0.099167
0251591012	2012	2	29	60	0.060792	0.014	0.097917
0251591012	2012	3	1	61	0.062125	0.013583	0.097917
0251591012	2012	3	2	62	0.061	0.0135	0.099583
0251591012	2012	3	3	63	0.061833	0.014083	0.097708
0251591012	2012	3	4	64	0.061042	0.013625	0.099
0251591012	2012	3	5	65	0.059083	0.012917	0.097875
0251591012	2012	3	6	66	0.062	0.013125	0.099042
0251591012	2012	3	7	67	0.059792	0.014292	0.097583
0251591012	2012	3	8	68	0.059625	0.012417	0.099292
0251591012	2012	3	9	69	0.058958	0.01275	0.097333
0251591012	2012	3	10	70	0.060375	0.013083	0.095875
0251591012	2012	3	11	71	0.061125	0.012833	0.097792
0251591012	2012	3	12	72	0.060208	0.013042	0.096875
0251591012	2012	3	13	73	0.061083	0.013667	0.097458
0251591012	2012	3	14	74	0.057958	0.012167	0.096708
0251591012	2012	3	15	75	0.064083	0.011958	0.096375
0251591012	2012	3	16	76	0.14158	0.014417	0.096167
0251591012	2012	3	17	77	0.18512	0.057583	0.097417
0251591012	2012	3	18	78	0.19671	0.10438	0.096917
0251591012	2012	3	19	79	0.19617	0.10292	0.12288
0251591012	2012	3	20	80	0.18904	0.098333	0.15408
0251591012	2012	3	21	81	0.18559	0.095182	0.16714
0251591012	2012	3	22	82	0.20263	0.102	0.17483
0251591012	2012	3	23	83	-9999	-9999	0.19275
0251591012	2012	3	24	84	-9999	-9999	0.23488
0251591012	2012	3	25	85	-9999	-9999	0.25479
0251591012	2012	3	26	86	-9999	-9999	0.25433
0251591012	2012	3	27	87	0.21533	0.10854	0.25037
0251591012	2012	3	28	88	0.2045	0.10208	0.25017
0251591012	2012	3	29	89	0.19683	0.095739	0.24965
0251591012	2012	3	30	90	0.19079	0.092167	0.24825
0251591012	2012	3	31	91	0.18733	0.089542	0.24763
0251591012	2012	4	1	92	0.18383	0.085958	0.24679
0251591012	2012	4	2	93	0.17667	0.083375	0.24517
0251591012	2012	4	3	94	0.17342	0.081708	0.24454
0251591012	2012	4	4	95	0.17583	0.080625	0.24421
0251591012	2012	4	5	96	0.18842	0.082542	0.24387
0251591012	2012	4	6	97	0.22	0.10475	0.24733
0251591012	2012	4	7	98	-9999	-9999	0.25667
0251591012	2012	4	8	99	0.22196	0.10604	0.25608
0251591012	2012	4	9	100	0.2135	0.10125	0.25567
0251591012	2012	4	10	101	0.20538	0.096458	0.25425
0251591012	2012	4	11	102	0.19938	0.093167	0.25421
0251591012	2012	4	12	103	0.19408	0.090625	0.25346
0251591012	2012	4	13	104	0.1905	0.086792	0.25271
0251591012	2012	4	14	105	0.18479	0.08475	0.25042
0251591012	2012	4	15	106	0.18083	0.08325	0.25092
0251591012	2012	4	16	107	0.17958	0.082208	0.25017
0251591012	2012	4	17	108	0.18854	0.082333	0.24913
0251591012	2012	4	18	109	0.21583	0.091375	0.24858
0251591012	2012	4	19	110	0.20825	0.09225	0.24812
0251591012	2012	4	20	111	0.20317	0.090042	0.24821
0251591012	2012	4	21	112	0.19662	0.0865	0.24692
0251591012	2012	4	22	113	0.192	0.084167	0.24783
0251591012	2012	4	23	114	0.1855	0.081375	0.24525
0251591012	2012	4	24	115	0.18167	0.078583	0.2435
0251591012	2012	4	25	116	0.17296	0.075522	0.24261
0251591012	2012	4	26	117	0.16991	0.073087	0.2407
0251591012	2012	4	27	118	0.16325	0.070375	0.23954
0251591012	2012	4	28	119	0.15883	0.070208	0.23896
0251591012	2012	4	29	120	0.1565	0.066542	0.23638
0251591012	2012	4	30	121	0.15346	0.066	0.23479
0251591012	2012	5	1	122	0.14867	0.061792	0.23317
0251591012	2012	5	2	123	0.14292	0.059708	0.23258
0251591012	2012	5	3	124	0.13622	0.057261	0.22948
0251591012	2012	5	4	125	0.13183	0.055542	0.22788
0251591012	2012	5	5	126	0.12658	0.051375	0.22479
0251591012	2012	5	6	127	0.11995	0.049364	0.2225
0251591012	2012	5	7	128	0.11617	0.047292	0.22325
0251591012	2012	5	8	129	0.1153	0.048087	0.22065
0251591012	2012	5	9	130	0.1155	0.04625	0.21933
0251591012	2012	5	10	131	0.11162	0.044083	0.21833
0251591012	2012	5	11	132	0.10917	0.043042	0.21608
0251591012	2012	5	12	133	0.10521	0.041542	0.21496
0251591012	2012	5	13	134	0.10354	0.040792	0.21408
0251591012	2012	5	14	135	0.10125	0.04075	0.21283
0251591012	2012	5	15	136	0.10021	0.039125	0.21071
0251591012	2012	5	16	137	0.096652	0.036826	0.20965
0251591012	2012	5	17	138	0.090667	0.033333	0.20846
0251591012	2012	5	18	139	0.088	0.031917	0.2055
0251591012	2012	5	19	140	0.08575	0.028958	0.20379
0251591012	2012	5	20	141	0.084174	0.027609	0.20296
0251591012	2012	5	21	142	0.078917	0.026875	0.20079
0251591012	2012	5	22	143	0.080125	0.025708	0.19875
0251591012	2012	5	23	144	0.070875	0.022208	0.19763
0251591012	2012	5	24	145	0.068667	0.021292	0.19471
0251591012	2012	5	25	146	0.066833	0.018958	0.19208
0251591012	2012	5	26	147	0.0635	0.016542	0.18954
0251591012	2012	5	27	148	0.059125	0.014125	0.18704
0251591012	2012	5	28	149	0.055083	0.011458	0.1845
0251591012	2012	5	29	150	0.05325	0.0105	0.18317
0251591012	2012	5	30	151	0.053458	0.008125	0.1805
0251591012	2012	5	31	152	0.053667	0.0065833	0.17646
0251591012	2012	6	1	153	0.052042	0.0065417	0.17442
0251591012	2012	6	2	154	0.052125	0.0059091	0.17325
0251591012	2012	6	3	155	0.048917	0.0046111	0.17196
0251591012	2012	6	4	156	0.045792	0.0034375	0.16933
0251591012	2012	6	5	157	0.044625	0.0036	0.16679
0251591012	2012	6	6	158	0.045708	0.0028667	0.16604
0251591012	2012	6	7	159	0.043667	0.0026667	0.1625
0251591012	2012	6	8	160	0.046375	0.0028889	0.16158
0251591012	2012	6	9	161	0.043217	0.001	0.15804
0251591012	2012	6	10	162	0.043917	0.0016667	0.15542
0251591012	2012	6	11	163	0.042458	0.002	0.15279
0251591012	2012	6	12	164	0.041583	0.001	0.14975
0251591012	2012	6	13	165	0.040458	0.001	0.14821
0251591012	2012	6	14	166	0.041167	0.001	0.14446
0251591012	2012	6	15	167	0.039917	-9999	0.14175
0251591012	2012	6	16	168	0.04025	0.001	0.14017
0251591012	2012	6	17	169	0.04	0.001	0.1365
0251591012	2012	6	18	170	0.036417	-9999	0.13425
0251591012	2012	6	19	171	0.036708	-9999	0.13008
0251591012	2012	6	20	172	0.03575	-9999	0.12675
0251591012	2012	6	21	173	0.034958	-9999	0.12417
0251591012	2012	6	22	174	0.036667	-9999	0.12242
0251591012	2012	6	23	175	0.034	-9999	0.11871
0251591012	2012	6	24	176	0.032208	-9999	0.11654
0251591012	2012	6	25	177	0.033125	-9999	0.11433
0251591012	2012	6	26	178	0.030875	-9999	0.10996
0251591012	2012	6	27	179	0.030542	-9999	0.1075
0251591012	2012	6	28	180	0.026833	-9999	0.10575
0251591012	2012	6	29	181	0.026042	-9999	0.10308
0251591012	2012	6	30	182	0.023958	-9999	0.10067
0251591012	2012	7	1	183	0.0215	-9999	0.098292
0251591012	2012	7	2	184	0.019917	-9999	0.096083
0251591012	2012	7	3	185	0.0175	-9999	0.095167
0251591012	2012	7	4	186	0.016667	-9999	0.093417
0251591012	2012	7	5	187	0.014542	-9999	0.092292
0251591012	2012	7	6	188	0.018208	-9999	0.090583
0251591012	2012	7	7	189	0.019083	-9999	0.090292
0251591012	2012	7	8	190	0.018833	-9999	0.090583
0251591012	2012	7	9	191	0.017333	-9999	0.090917
0251591012	2012	7	10	192	0.018708	-9999	0.090792
0251591012	2012	7	11	193	0.019083	-9999	0.090375
0251591012	2012	7	12	194	0.020458	-9999	0.090667
0251591012	2012	7	13	195	0.01975	-9999	0.090625
0251591012	2012	7	14	196	0.020708	-9999	0.089958
0251591012	2012	7	15	197	0.022708	-9999	0.089125
0251591012	2012	7	16	198	0.022958	-9999	0.08925
0251591012	2012	7	17	199	0.024083	-9999	0.087583
0251591012	2012	7	18	200	0.023583	-9999	0.087167
0251591012	2012	7	19	201	0.023917	-9999	0.088
0251591012	2012	7	20	202	0.023708	-9999	0.085417
0251591012	2012	7	21	203	0.022417	-9999	0.085667
0251591012	2012	7	22	204	0.024182	-9999	0.085682
0251591012	2012	7	23	205	0.022565	-9999	0.084391
0251591012	2012	7	24	206	0.023583	-9999	0.083458
0251591012	2012	7	25	207	0.022042	-9999	0.082583
0251591012	2012	7	26	208	0.021292	-9999	0.082542
0251591012	2012	7	27	209	0.021292	-9999	0.082375
0251591012	2012	7	28	210	0.022083	-9999	0.08325
0251591012	2012	7	29	211	0.022375	-9999	0.082
0251591012	2012	7	30	212	0.022292	-9999	0.080292
0251591012	2012	7	31	213	0.020208	-9999	0.080208
0251591012	2012	8	1	214	0.018542	-9999	0.079458
0251591012	2012	8	2	215	0.019708	-9999	0.079375
0251591012	2012	8	3	216	0.018833	-9999	0.078167
0251591012	2012	8	4	217	0.018167	-9999	0.078958
0251591012	2012	8	5	218	0.01575	-9999	0.077458
0251591012	2012	8	6	219	0.015583	-9999	0.078625
0251591012	2012	8	7	220	0.017	-9999	0.0775
0251591012	2012	8	8	221	0.018917	-9999	0.07775
0251591012	2012	8	9	222	0.021042	-9999	0.078583
0251591012	2012	8	10	223	0.023667	-9999	0.078375
0251591012	2012	8	11	224	0.023708	-9999	0.078667
0251591012	2012	8	12	225	0.0225	-9999	0.079333
0251591012	2012	8	13	226	0.022625	-9999	0.079208
0251591012	2012	8	14	227	0.024125	-9999	0.079167
0251591012	2012	8	15	228	0.023542	-9999	0.0785
0251591012	2012	8	16	229	0.022292	-9999	0.077458
0251591012	2012	8	17	230	0.021542	-9999	0.07725
0251591012	2012	8	18	231	0.022333	-9999	0.079583
0251591012	2012	8	19	232	0.022292	-9999	0.077542
0251591012	2012	8	20	233	0.022333	-9999	0.077625
0251591012	2012	8	21	234	0.023375	-9999	0.077833
0251591012	2012	8	22	235	0.021333	-9999	0.078917
0251591012	2012	8	23	236	0.022292	-9999	0.07725
0251591012	2012	8	24	237	0.0225	-9999	0.078042
0251591012	2012	8	25	238	0.021417	-9999	0.077458
0251591012	2012	8	26	239	0.022542	-9999	0.077458
0251591012	2012	8	27	240	0.021	-9999	0.076958
0251591012	2012	8	28	241	0.019583	-9999	0.077
0251591012	2012	8	29	242	0.019208	-9999	0.077167
0251591012	2012	8	30	243	0.019208	-9999	0.075458
0251591012	2012	8	31	244	0.017792	-9999	0.075958
0251591012	2012	9	1	245	0.016708	-9999	0.075042
0251591012	2012	9	2	246	0.016833	-9999	0.075167
0251591012	2012	9	3	247	0.017208	-9999	0.0735
0251591012	2012	9	4	248	0.015833	-9999	0.073958
0251591012	2012	9	5	249	0.014542	-9999	0.073792
0251591012	2012	9	6	250	0.014042	-9999	0.072625
0251591012	2012	9	7	251	0.013708	-9999	0.070958
0251591012	2012	9	8	252	0.0099583	-9999	0.07275
0251591012	2012	9	9	253	0.009125	-9999	0.071625
0251591012	2012	9	10	254	0.0096667	-9999	0.0705
0251591012	2012	9	11	255	0.0098696	-9999	0.071042
0251591012	2012	9	12	256	0.0089167	-9999	0.071208
0251591012	2012	9	13	257	0.0079565	-9999	0.069
0251591012	2012	9	14	258	0.0084783	-9999	0.071083
0251591012	2012	9	15	259	0.00875	-9999	0.069792
0251591012	2012	9	16	260	0.011917	-9999	0.071
0251591012	2012	9	17	261	0.01525	-9999	0.070542
0251591012	2012	9	18	262	0.015118	-9999	0.070059
0251591012	2012	9	19	263	0.015417	-9999	0.070625
0251591012	2012	9	20	264	0.018375	-9999	0.071208
0251591012	2012	9	21	265	0.017176	-9999	0.070706
0251591012	2012	9	22	266	0.016667	-9999	0.071833
0251591012	2012	9	23	267	0.017083	-9999	0.0715
0251591012	2012	9	24	268	0.016708	-9999	0.071333
0251591012	2012	9	25	269	0.014706	-9999	0.071
0251591012	2012	9	26	270	0.016412	-9999	0.072176
0251591012	2012	9	27	271	0.014792	-9999	0.071
0251591012	2012	9	28	272	0.015958	-9999	0.070125
0251591012	2012	9	29	273	0.014583	-9999	0.069333
0251591012	2012	9	30	274	0.015708	-9999	0.069542
0251591012	2012	10	1	275	0.012625	-9999	0.06975
0251591012	2012	10	2	276	0.012875	-9999	0.069625
0251591012	2012	10	3	277	0.013708	-9999	0.069958
0251591012	2012	10	4	278	0.011833	-9999	0.06825
0251591012	2012	10	5	279	0.010958	-9999	0.067625
0251591012	2012	10	6	280	0.00875	-9999	0.067875
0251591012	2012	10	7	281	0.0082917	-9999	0.066708
0251591012	2012	10	8	282	0.0065217	-9999	0.0665
0251591012	2012	10	9	283	0.0074167	-9999	0.065875
0251591012	2012	10	10	284	0.0069565	-9999	0.065375
0251591012	2012	10	11	285	0.0068636	-9999	0.06425
0251591012	2012	10	12	286	0.0090909	-9999	0.063167
0251591012	2012	10	13	287	0.00335	-9999	0.064125
0251591012	2012	10	14	288	0.003625	-9999	0.063783
0251591012	2012	10	15	289	0.0036	-9999	0.064333
0251591012	2012	10	16	290	0.0036875	-9999	0.0635
0251591012	2012	10	17	291	0.0056	-9999	0.063667
0251591012	2012	10	18	292	0.0046667	-9999	0.0635
0251591012	2012	10	19	293	0.0041765	-9999	0.062583
0251591012	2012	10	20	294	0.0046429	-9999	0.062542
0251591012	2012	10	21	295	0.005	-9999	0.062958
0251591012	2012	10	22	296	0.0037778	-9999	0.061583
0251591012	2012	10	23	297	0.0043333	-9999	0.061842
0251591012	2012	10	24	298	0.0050833	-9999	0.062208
0251591012	2012	10	25	299	0.003	-9999	0.060913
0251591012	2012	10	26	300	0.0025	-9999	0.060917
0251591012	2012	10	27	301	0.002	-9999	0.060542
0251591012	2012	10	28	302	-9999	-9999	0.06025
0251591012	2012	10	29	303	0.002	-9999	0.060217
0251591012	2012	10	30	304	0.003	-9999	0.060208
0251591012	2012	10	31	305	0.0035	-9999	0.060792
0251591012	2012	11	1	306	0.0023333	-9999	0.058917
0251591012	2012	11	2	307	0.00125	-9999	0.058917
0251591012	2012	11	3	308	0.0015	-9999	0.059667
0251591012	2012	11	4	309	-9999	-9999	0.059208
0251591012	2012	11	5	310	-9999	-9999	0.058917
0251591012	2012	11	6	311	0.002	-9999	0.058917
0251591012	2012	11	7	312	0.001	-9999	0.05825
0251591012	2012	11	8	313	-9999	-9999	0.057917
0251591012	2012	11	9	314	-9999	-9999	0.057292
0251591012	2012	11	10	315	-9999	-9999	0.058083
0251591012	2012	11	11	316	-9999	-9999	0.056708
0251591012	2012	11	12	317	-9999	-9999	0.056625
0251591012	2012	11	13	318	-9999	-9999	0.056792
0251591012	2012	11	14	319	-9999	-9999	0.05725
0251591012	2012	11	15	320	-9999	-9999	0.056417
0251591012	2012	11	16	321	-9999	-9999	0.0565
0251591012	2012	11	17	322	-9999	-9999	0.05613
0251591012	2012	11	18	323	-9999	-9999	0.05575
0251591012	2012	11	19	324	-9999	-9999	0.055792
0251591012	2012	11	20	325	-9999	-9999	0.05625
0251591012	2012	11	21	326	-9999	-9999	0.055625
0251591012	2012	11	22	327	-9999	-9999	0.055083
0251591012	2012	11	23	328	-9999	-9999	0.0555
0251591012	2012	11	24	329	-9999	-9999	0.054833
0251591012	2012	11	25	330	-9999	-9999	0.054333
0251591012	2012	11	26	331	-9999	-9999	0.053875
0251591012	2012	11	27	332	-9999	-9999	0.055565
0251591012	2012	11	28	333	-9999	-9999	0.05325
0251591012	2012	11	29	334	-9999	-9999	0.053917
0251591012	2012	11	30	335	-9999	-9999	0.054217
0251591012	2012	12	1	336	-9999	-9999	0.053875
0251591012	2012	12	2	337	-9999	-9999	0.054042
0251591012	2012	12	3	338	-9999	-9999	0.053933
0251591012	2012	12	4	339	-9999	-9999	0.05425
0251591012	2012	12	5	340	-9999	-9999	0.053941
0251591012	2012	12	6	341	-9999	-9999	0.053708
0251591012	2012	12	7	342	-9999	-9999	0.054292
0251591012	2012	12	8	343	-9999	-9999	0.053125
0251591012	2012	12	9	344	-9999	-9999	0.054
0251591012	2012	12	10	345	-9999	-9999	0.053909
0251591012	2012	12	11	346	-9999	-9999	0.053208
0251591012	2012	12	12	347	-9999	-9999	0.053167
0251591012	2012	12	13	348	-9999	-9999	0.052217
0251591012	2012	12	14	349	-9999	-9999	-9999
0251591012	2012	12	15	350	-9999	-9999	0.05275
0251591012	2012	12	16	351	-9999	-9999	0.054125
0251591012	2012	12	17	352	-9999	-9999	0.053417
0251591012	2012	12	18	353	-9999	-9999	0.052333
0251591012	2012	12	19	354	-9999	-9999	0.05325
0251591012	2012	12	20	355	-9999	-9999	0.052458
0251591012	2012	12	21	356	-9999	-9999	0.053042
0251591012	2012	12	22	357	-9999	-9999	0.051917
0251591012	2012	12	23	358	-9999	-9999	0.053235
0251591012	2012	12	24	359	-9999	-9999	0.052917
0251591012	2012	12	25	360	-9999	-9999	-9999
0251591012	2012	12	26	361	-9999	-9999	-9999
0251591012	2012	12	27	362	-9999	-9999	-9999
0251591012	2012	12	28	363	-9999	-9999	-9999
0251591012	2012	12	29	364	-9999	-9999	-9999
0251591012	2012	12	30	365	-9999	-9999	-9999
0251591012	2012	12	31	366	-9999	-9999	-9999
