stationID	Y	M	D	DOY	depth_5	depth_20	depth_51
0251941112	2011	1	1	1	-9999	-9999	-9999
0251941112	2011	1	2	2	-9999	-9999	-9999
0251941112	2011	1	3	3	-9999	-9999	-9999
0251941112	2011	1	4	4	-9999	-9999	-9999
0251941112	2011	1	5	5	-9999	-9999	-9999
0251941112	2011	1	6	6	-9999	-9999	-9999
0251941112	2011	1	7	7	-9999	-9999	-9999
0251941112	2011	1	8	8	-9999	-9999	-9999
0251941112	2011	1	9	9	-9999	-9999	-9999
0251941112	2011	1	10	10	-9999	-9999	-9999
0251941112	2011	1	11	11	-9999	-9999	-9999
0251941112	2011	1	12	12	-9999	-9999	-9999
0251941112	2011	1	13	13	-9999	-9999	-9999
0251941112	2011	1	14	14	-9999	-9999	-9999
0251941112	2011	1	15	15	-9999	-9999	-9999
0251941112	2011	1	16	16	-9999	-9999	-9999
0251941112	2011	1	17	17	-9999	-9999	-9999
0251941112	2011	1	18	18	-9999	-9999	-9999
0251941112	2011	1	19	19	-9999	-9999	-9999
0251941112	2011	1	20	20	-9999	-9999	-9999
0251941112	2011	1	21	21	-9999	-9999	-9999
0251941112	2011	1	22	22	-9999	-9999	-9999
0251941112	2011	1	23	23	-9999	-9999	-9999
0251941112	2011	1	24	24	-9999	-9999	-9999
0251941112	2011	1	25	25	-9999	-9999	-9999
0251941112	2011	1	26	26	-9999	-9999	-9999
0251941112	2011	1	27	27	-9999	-9999	-9999
0251941112	2011	1	28	28	-9999	-9999	-9999
0251941112	2011	1	29	29	-9999	-9999	-9999
0251941112	2011	1	30	30	-9999	-9999	-9999
0251941112	2011	1	31	31	-9999	-9999	-9999
0251941112	2011	2	1	32	-9999	-9999	-9999
0251941112	2011	2	2	33	-9999	-9999	-9999
0251941112	2011	2	3	34	-9999	-9999	-9999
0251941112	2011	2	4	35	-9999	-9999	-9999
0251941112	2011	2	5	36	-9999	-9999	-9999
0251941112	2011	2	6	37	-9999	-9999	-9999
0251941112	2011	2	7	38	-9999	-9999	-9999
0251941112	2011	2	8	39	-9999	-9999	-9999
0251941112	2011	2	9	40	-9999	-9999	-9999
0251941112	2011	2	10	41	-9999	-9999	-9999
0251941112	2011	2	11	42	-9999	-9999	-9999
0251941112	2011	2	12	43	-9999	-9999	-9999
0251941112	2011	2	13	44	-9999	-9999	-9999
0251941112	2011	2	14	45	-9999	-9999	-9999
0251941112	2011	2	15	46	-9999	-9999	-9999
0251941112	2011	2	16	47	-9999	-9999	-9999
0251941112	2011	2	17	48	-9999	-9999	-9999
0251941112	2011	2	18	49	-9999	-9999	-9999
0251941112	2011	2	19	50	-9999	-9999	-9999
0251941112	2011	2	20	51	-9999	-9999	-9999
0251941112	2011	2	21	52	-9999	-9999	-9999
0251941112	2011	2	22	53	-9999	-9999	-9999
0251941112	2011	2	23	54	-9999	-9999	-9999
0251941112	2011	2	24	55	-9999	-9999	-9999
0251941112	2011	2	25	56	-9999	-9999	-9999
0251941112	2011	2	26	57	-9999	-9999	-9999
0251941112	2011	2	27	58	-9999	-9999	-9999
0251941112	2011	2	28	59	-9999	-9999	-9999
0251941112	2011	3	1	60	-9999	-9999	-9999
0251941112	2011	3	2	61	-9999	-9999	-9999
0251941112	2011	3	3	62	-9999	-9999	-9999
0251941112	2011	3	4	63	-9999	-9999	-9999
0251941112	2011	3	5	64	-9999	-9999	-9999
0251941112	2011	3	6	65	-9999	-9999	-9999
0251941112	2011	3	7	66	-9999	-9999	-9999
0251941112	2011	3	8	67	-9999	-9999	-9999
0251941112	2011	3	9	68	-9999	-9999	-9999
0251941112	2011	3	10	69	-9999	-9999	-9999
0251941112	2011	3	11	70	-9999	-9999	-9999
0251941112	2011	3	12	71	-9999	-9999	-9999
0251941112	2011	3	13	72	-9999	-9999	-9999
0251941112	2011	3	14	73	-9999	-9999	-9999
0251941112	2011	3	15	74	-9999	-9999	-9999
0251941112	2011	3	16	75	-9999	-9999	-9999
0251941112	2011	3	17	76	-9999	-9999	-9999
0251941112	2011	3	18	77	-9999	-9999	-9999
0251941112	2011	3	19	78	-9999	-9999	-9999
0251941112	2011	3	20	79	-9999	-9999	-9999
0251941112	2011	3	21	80	-9999	-9999	-9999
0251941112	2011	3	22	81	-9999	-9999	-9999
0251941112	2011	3	23	82	-9999	-9999	-9999
0251941112	2011	3	24	83	-9999	-9999	-9999
0251941112	2011	3	25	84	-9999	-9999	-9999
0251941112	2011	3	26	85	-9999	-9999	-9999
0251941112	2011	3	27	86	-9999	-9999	-9999
0251941112	2011	3	28	87	-9999	-9999	-9999
0251941112	2011	3	29	88	-9999	-9999	-9999
0251941112	2011	3	30	89	-9999	-9999	-9999
0251941112	2011	3	31	90	-9999	-9999	-9999
0251941112	2011	4	1	91	-9999	-9999	-9999
0251941112	2011	4	2	92	-9999	-9999	-9999
0251941112	2011	4	3	93	-9999	-9999	-9999
0251941112	2011	4	4	94	-9999	-9999	-9999
0251941112	2011	4	5	95	-9999	-9999	-9999
0251941112	2011	4	6	96	-9999	-9999	-9999
0251941112	2011	4	7	97	-9999	-9999	-9999
0251941112	2011	4	8	98	-9999	-9999	-9999
0251941112	2011	4	9	99	-9999	-9999	-9999
0251941112	2011	4	10	100	-9999	-9999	-9999
0251941112	2011	4	11	101	-9999	-9999	-9999
0251941112	2011	4	12	102	-9999	-9999	-9999
0251941112	2011	4	13	103	-9999	-9999	-9999
0251941112	2011	4	14	104	-9999	-9999	-9999
0251941112	2011	4	15	105	-9999	-9999	-9999
0251941112	2011	4	16	106	-9999	-9999	-9999
0251941112	2011	4	17	107	-9999	-9999	-9999
0251941112	2011	4	18	108	-9999	-9999	-9999
0251941112	2011	4	19	109	-9999	-9999	-9999
0251941112	2011	4	20	110	-9999	-9999	-9999
0251941112	2011	4	21	111	-9999	-9999	-9999
0251941112	2011	4	22	112	-9999	-9999	-9999
0251941112	2011	4	23	113	-9999	-9999	-9999
0251941112	2011	4	24	114	-9999	-9999	-9999
0251941112	2011	4	25	115	-9999	-9999	-9999
0251941112	2011	4	26	116	-9999	-9999	-9999
0251941112	2011	4	27	117	-9999	-9999	-9999
0251941112	2011	4	28	118	-9999	-9999	-9999
0251941112	2011	4	29	119	-9999	-9999	-9999
0251941112	2011	4	30	120	-9999	-9999	-9999
0251941112	2011	5	1	121	-9999	-9999	-9999
0251941112	2011	5	2	122	-9999	-9999	-9999
0251941112	2011	5	3	123	-9999	-9999	-9999
0251941112	2011	5	4	124	-9999	-9999	-9999
0251941112	2011	5	5	125	-9999	-9999	-9999
0251941112	2011	5	6	126	-9999	-9999	-9999
0251941112	2011	5	7	127	-9999	-9999	-9999
0251941112	2011	5	8	128	-9999	-9999	-9999
0251941112	2011	5	9	129	-9999	-9999	-9999
0251941112	2011	5	10	130	-9999	-9999	-9999
0251941112	2011	5	11	131	-9999	-9999	-9999
0251941112	2011	5	12	132	-9999	-9999	-9999
0251941112	2011	5	13	133	-9999	-9999	-9999
0251941112	2011	5	14	134	-9999	-9999	-9999
0251941112	2011	5	15	135	-9999	-9999	-9999
0251941112	2011	5	16	136	-9999	-9999	-9999
0251941112	2011	5	17	137	-9999	-9999	-9999
0251941112	2011	5	18	138	-9999	-9999	-9999
0251941112	2011	5	19	139	-9999	-9999	-9999
0251941112	2011	5	20	140	-9999	-9999	-9999
0251941112	2011	5	21	141	-9999	-9999	-9999
0251941112	2011	5	22	142	-9999	-9999	-9999
0251941112	2011	5	23	143	-9999	-9999	-9999
0251941112	2011	5	24	144	-9999	-9999	-9999
0251941112	2011	5	25	145	-9999	-9999	-9999
0251941112	2011	5	26	146	-9999	-9999	-9999
0251941112	2011	5	27	147	-9999	-9999	-9999
0251941112	2011	5	28	148	-9999	-9999	-9999
0251941112	2011	5	29	149	-9999	-9999	-9999
0251941112	2011	5	30	150	-9999	-9999	-9999
0251941112	2011	5	31	151	-9999	-9999	-9999
0251941112	2011	6	1	152	-9999	-9999	-9999
0251941112	2011	6	2	153	-9999	-9999	-9999
0251941112	2011	6	3	154	-9999	-9999	-9999
0251941112	2011	6	4	155	-9999	-9999	-9999
0251941112	2011	6	5	156	-9999	-9999	-9999
0251941112	2011	6	6	157	-9999	-9999	-9999
0251941112	2011	6	7	158	-9999	-9999	-9999
0251941112	2011	6	8	159	-9999	-9999	-9999
0251941112	2011	6	9	160	-9999	-9999	-9999
0251941112	2011	6	10	161	-9999	-9999	-9999
0251941112	2011	6	11	162	-9999	-9999	-9999
0251941112	2011	6	12	163	-9999	-9999	-9999
0251941112	2011	6	13	164	-9999	-9999	-9999
0251941112	2011	6	14	165	-9999	-9999	-9999
0251941112	2011	6	15	166	-9999	-9999	-9999
0251941112	2011	6	16	167	-9999	-9999	-9999
0251941112	2011	6	17	168	-9999	-9999	-9999
0251941112	2011	6	18	169	-9999	-9999	-9999
0251941112	2011	6	19	170	-9999	-9999	-9999
0251941112	2011	6	20	171	-9999	-9999	-9999
0251941112	2011	6	21	172	-9999	-9999	-9999
0251941112	2011	6	22	173	-9999	-9999	-9999
0251941112	2011	6	23	174	-9999	-9999	-9999
0251941112	2011	6	24	175	-9999	-9999	-9999
0251941112	2011	6	25	176	-9999	-9999	-9999
0251941112	2011	6	26	177	-9999	-9999	-9999
0251941112	2011	6	27	178	-9999	-9999	-9999
0251941112	2011	6	28	179	-9999	-9999	-9999
0251941112	2011	6	29	180	-9999	-9999	-9999
0251941112	2011	6	30	181	-9999	-9999	-9999
0251941112	2011	7	1	182	-9999	-9999	-9999
0251941112	2011	7	2	183	-9999	-9999	-9999
0251941112	2011	7	3	184	-9999	-9999	-9999
0251941112	2011	7	4	185	-9999	-9999	-9999
0251941112	2011	7	5	186	-9999	-9999	-9999
0251941112	2011	7	6	187	-9999	-9999	-9999
0251941112	2011	7	7	188	-9999	-9999	-9999
0251941112	2011	7	8	189	-9999	-9999	-9999
0251941112	2011	7	9	190	-9999	-9999	-9999
0251941112	2011	7	10	191	-9999	-9999	-9999
0251941112	2011	7	11	192	-9999	-9999	-9999
0251941112	2011	7	12	193	-9999	-9999	-9999
0251941112	2011	7	13	194	-9999	-9999	-9999
0251941112	2011	7	14	195	-9999	-9999	-9999
0251941112	2011	7	15	196	-9999	-9999	-9999
0251941112	2011	7	16	197	-9999	-9999	-9999
0251941112	2011	7	17	198	-9999	-9999	-9999
0251941112	2011	7	18	199	-9999	-9999	-9999
0251941112	2011	7	19	200	-9999	-9999	-9999
0251941112	2011	7	20	201	-9999	-9999	-9999
0251941112	2011	7	21	202	-9999	-9999	-9999
0251941112	2011	7	22	203	-9999	-9999	-9999
0251941112	2011	7	23	204	-9999	-9999	-9999
0251941112	2011	7	24	205	-9999	-9999	-9999
0251941112	2011	7	25	206	-9999	-9999	-9999
0251941112	2011	7	26	207	-9999	-9999	-9999
0251941112	2011	7	27	208	-9999	-9999	-9999
0251941112	2011	7	28	209	-9999	-9999	-9999
0251941112	2011	7	29	210	-9999	-9999	-9999
0251941112	2011	7	30	211	-9999	-9999	-9999
0251941112	2011	7	31	212	-9999	-9999	-9999
0251941112	2011	8	1	213	-9999	-9999	-9999
0251941112	2011	8	2	214	-9999	-9999	-9999
0251941112	2011	8	3	215	-9999	-9999	-9999
0251941112	2011	8	4	216	-9999	-9999	-9999
0251941112	2011	8	5	217	-9999	-9999	-9999
0251941112	2011	8	6	218	-9999	-9999	-9999
0251941112	2011	8	7	219	-9999	-9999	-9999
0251941112	2011	8	8	220	-9999	-9999	-9999
0251941112	2011	8	9	221	-9999	-9999	-9999
0251941112	2011	8	10	222	-9999	-9999	-9999
0251941112	2011	8	11	223	-9999	-9999	-9999
0251941112	2011	8	12	224	-9999	-9999	-9999
0251941112	2011	8	13	225	-9999	-9999	-9999
0251941112	2011	8	14	226	-9999	-9999	-9999
0251941112	2011	8	15	227	-9999	-9999	-9999
0251941112	2011	8	16	228	-9999	-9999	-9999
0251941112	2011	8	17	229	-9999	-9999	-9999
0251941112	2011	8	18	230	-9999	-9999	-9999
0251941112	2011	8	19	231	-9999	-9999	-9999
0251941112	2011	8	20	232	-9999	-9999	-9999
0251941112	2011	8	21	233	-9999	-9999	-9999
0251941112	2011	8	22	234	-9999	-9999	-9999
0251941112	2011	8	23	235	-9999	-9999	-9999
0251941112	2011	8	24	236	-9999	-9999	-9999
0251941112	2011	8	25	237	-9999	-9999	-9999
0251941112	2011	8	26	238	-9999	-9999	-9999
0251941112	2011	8	27	239	-9999	-9999	-9999
0251941112	2011	8	28	240	-9999	-9999	-9999
0251941112	2011	8	29	241	-9999	-9999	-9999
0251941112	2011	8	30	242	-9999	-9999	-9999
0251941112	2011	8	31	243	-9999	-9999	-9999
0251941112	2011	9	1	244	-9999	-9999	-9999
0251941112	2011	9	2	245	-9999	-9999	-9999
0251941112	2011	9	3	246	-9999	-9999	-9999
0251941112	2011	9	4	247	-9999	-9999	-9999
0251941112	2011	9	5	248	-9999	-9999	-9999
0251941112	2011	9	6	249	-9999	-9999	-9999
0251941112	2011	9	7	250	-9999	-9999	-9999
0251941112	2011	9	8	251	-9999	-9999	-9999
0251941112	2011	9	9	252	-9999	-9999	-9999
0251941112	2011	9	10	253	-9999	-9999	-9999
0251941112	2011	9	11	254	-9999	-9999	-9999
0251941112	2011	9	12	255	-9999	-9999	-9999
0251941112	2011	9	13	256	-9999	-9999	-9999
0251941112	2011	9	14	257	-9999	-9999	-9999
0251941112	2011	9	15	258	-9999	-9999	0.12313
0251941112	2011	9	16	259	0.22754	0.2625	0.11217
0251941112	2011	9	17	260	0.19104	0.23492	0.10242
0251941112	2011	9	18	261	0.17291	0.21657	0.096
0251941112	2011	9	19	262	0.16179	0.20608	0.091542
0251941112	2011	9	20	263	0.1537	0.19735	0.08787
0251941112	2011	9	21	264	0.14625	0.18971	0.085208
0251941112	2011	9	22	265	0.14025	0.18333	0.082208
0251941112	2011	9	23	266	0.13604	0.17813	0.080333
0251941112	2011	9	24	267	0.13091	0.17322	0.078348
0251941112	2011	9	25	268	0.12704	0.16871	0.07675
0251941112	2011	9	26	269	0.088208	0.16242	0.074958
0251941112	2011	9	27	270	0.078792	0.159	0.0735
0251941112	2011	9	28	271	0.076957	0.15683	0.071261
0251941112	2011	9	29	272	0.071875	0.15475	0.070292
0251941112	2011	9	30	273	0.069739	0.15248	0.068348
0251941112	2011	10	1	274	0.068125	0.15017	0.067708
0251941112	2011	10	2	275	0.06475	0.14779	0.067417
0251941112	2011	10	3	276	0.062125	0.14258	0.065583
0251941112	2011	10	4	277	0.062696	0.14065	0.064609
0251941112	2011	10	5	278	0.058125	0.13688	0.062625
0251941112	2011	10	6	279	0.054917	0.13167	0.060625
0251941112	2011	10	7	280	0.061435	0.12826	0.05813
0251941112	2011	10	8	281	0.13104	0.12587	0.056875
0251941112	2011	10	9	282	0.15038	0.127	0.055708
0251941112	2011	10	10	283	0.16492	0.1415	0.054125
0251941112	2011	10	11	284	0.18078	0.20391	0.053652
0251941112	2011	10	12	285	0.15637	0.21817	0.053458
0251941112	2011	10	13	286	0.14608	0.21258	0.052042
0251941112	2011	10	14	287	0.13638	0.20992	0.051833
0251941112	2011	10	15	288	0.13046	0.2075	0.051542
0251941112	2011	10	16	289	0.12504	0.20383	0.051217
0251941112	2011	10	17	290	0.11912	0.19896	0.050875
0251941112	2011	10	18	291	0.11458	0.19442	0.049875
0251941112	2011	10	19	292	0.1125	0.19121	0.049292
0251941112	2011	10	20	293	0.10952	0.18848	0.048217
0251941112	2011	10	21	294	0.10688	0.18604	0.0475
0251941112	2011	10	22	295	0.10496	0.18363	0.047417
0251941112	2011	10	23	296	0.10246	0.18108	0.0465
0251941112	2011	10	24	297	0.10117	0.17879	0.045167
0251941112	2011	10	25	298	0.097958	0.17608	0.04475
0251941112	2011	10	26	299	0.092542	0.17271	0.043583
0251941112	2011	10	27	300	0.086958	0.17071	0.043167
0251941112	2011	10	28	301	0.084875	0.16783	0.042458
0251941112	2011	10	29	302	0.089625	0.16696	0.042
0251941112	2011	10	30	303	0.089792	0.16629	0.040833
0251941112	2011	10	31	304	0.089125	0.16587	0.040583
0251941112	2011	11	1	305	0.088208	0.16487	0.040625
0251941112	2011	11	2	306	0.06825	0.16354	0.040458
0251941112	2011	11	3	307	0.049792	0.16121	0.039292
0251941112	2011	11	4	308	0.068542	0.15983	0.038625
0251941112	2011	11	5	309	0.075	0.15858	0.037792
0251941112	2011	11	6	310	0.057625	0.15762	0.038
0251941112	2011	11	7	311	0.060958	0.15662	0.038375
0251941112	2011	11	8	312	0.058958	0.1555	0.037208
0251941112	2011	11	9	313	0.040625	0.1545	0.036375
0251941112	2011	11	10	314	0.035708	0.15271	0.036875
0251941112	2011	11	11	315	0.034042	0.15167	0.0355
0251941112	2011	11	12	316	0.033542	0.15013	0.034875
0251941112	2011	11	13	317	0.034958	0.14883	0.034458
0251941112	2011	11	14	318	0.031417	0.14796	0.034042
0251941112	2011	11	15	319	0.028375	0.14612	0.033667
0251941112	2011	11	16	320	0.025417	0.14496	0.033458
0251941112	2011	11	17	321	0.022042	0.14421	0.033083
0251941112	2011	11	18	322	0.026667	0.14279	0.033625
0251941112	2011	11	19	323	0.025917	0.14137	0.033708
0251941112	2011	11	20	324	0.022417	0.13988	0.03325
0251941112	2011	11	21	325	0.02225	0.13846	0.032
0251941112	2011	11	22	326	0.02225	0.13771	0.031375
0251941112	2011	11	23	327	0.023667	0.13608	0.0315
0251941112	2011	11	24	328	0.023304	0.13543	0.032261
0251941112	2011	11	25	329	0.022458	0.134	0.032375
0251941112	2011	11	26	330	0.02025	0.13283	0.032208
0251941112	2011	11	27	331	0.019	0.13158	0.030875
0251941112	2011	11	28	332	0.020042	0.13108	0.030083
0251941112	2011	11	29	333	0.020125	0.12992	0.030458
0251941112	2011	11	30	334	0.018208	0.12863	0.030208
0251941112	2011	12	1	335	0.017083	0.12687	0.030292
0251941112	2011	12	2	336	0.014583	0.12554	0.030875
0251941112	2011	12	3	337	0.0115	0.12321	0.030292
0251941112	2011	12	4	338	0.0079583	0.11863	0.030125
0251941112	2011	12	5	339	0.0058333	0.095042	0.030458
0251941112	2011	12	6	340	0.0032857	0.070667	0.029417
0251941112	2011	12	7	341	0.0031875	0.061125	0.029417
0251941112	2011	12	8	342	0.0027647	0.056833	0.029458
0251941112	2011	12	9	343	0.001875	0.0535	0.028083
0251941112	2011	12	10	344	0.001	0.048792	0.027208
0251941112	2011	12	11	345	0.001	0.046	0.027458
0251941112	2011	12	12	346	-9999	0.042833	0.027375
0251941112	2011	12	13	347	-9999	0.040875	0.027917
0251941112	2011	12	14	348	-9999	0.037625	0.027125
0251941112	2011	12	15	349	-9999	0.035917	0.027583
0251941112	2011	12	16	350	-9999	0.035	0.027417
0251941112	2011	12	17	351	-9999	0.0355	0.025917
0251941112	2011	12	18	352	-9999	0.0365	0.023708
0251941112	2011	12	19	353	-9999	0.0355	0.022417
0251941112	2011	12	20	354	-9999	0.036417	0.020208
0251941112	2011	12	21	355	-9999	0.036542	0.01775
0251941112	2011	12	22	356	-9999	0.034833	0.016542
0251941112	2011	12	23	357	-9999	0.032522	0.014522
0251941112	2011	12	24	358	-9999	0.030708	0.010375
0251941112	2011	12	25	359	-9999	0.0305	0.005625
0251941112	2011	12	26	360	-9999	0.030333	0.0042174
0251941112	2011	12	27	361	-9999	0.030292	0.0035789
0251941112	2011	12	28	362	-9999	0.031292	0.003
0251941112	2011	12	29	363	-9999	0.032625	0.0036522
0251941112	2011	12	30	364	0.003	0.035875	0.0041667
0251941112	2011	12	31	365	0.0049167	0.040333	0.0054583
0251941112	2012	1	1	1	0.0016667	0.039292	0.0077083
0251941112	2012	1	2	2	-9999	0.036583	0.0097917
0251941112	2012	1	3	3	-9999	0.037375	0.010875
0251941112	2012	1	4	4	-9999	0.036917	0.011167
0251941112	2012	1	5	5	-9999	0.036458	0.011708
0251941112	2012	1	6	6	-9999	0.035542	0.011875
0251941112	2012	1	7	7	-9999	0.034	0.01175
0251941112	2012	1	8	8	-9999	0.033958	0.01125
0251941112	2012	1	9	9	-9999	0.0325	0.009625
0251941112	2012	1	10	10	-9999	0.031167	0.0075833
0251941112	2012	1	11	11	-9999	0.030083	0.007375
0251941112	2012	1	12	12	-9999	0.027583	0.0054545
0251941112	2012	1	13	13	-9999	0.026	0.0048333
0251941112	2012	1	14	14	-9999	0.024833	0.0037857
0251941112	2012	1	15	15	-9999	0.025917	0.0025714
0251941112	2012	1	16	16	-9999	0.026	0.0021429
0251941112	2012	1	17	17	-9999	0.025833	0.00225
0251941112	2012	1	18	18	-9999	0.024292	0.0013333
0251941112	2012	1	19	19	-9999	0.024792	0.001
0251941112	2012	1	20	20	-9999	0.025833	0.001
0251941112	2012	1	21	21	-9999	0.027375	0.001
0251941112	2012	1	22	22	-9999	0.031583	-9999
0251941112	2012	1	23	23	-9999	0.033458	0.001
0251941112	2012	1	24	24	0.001	0.035292	0.0014545
0251941112	2012	1	25	25	-9999	0.0365	0.0027647
0251941112	2012	1	26	26	0.001	0.035667	0.0031
0251941112	2012	1	27	27	0.002	0.037292	0.0037917
0251941112	2012	1	28	28	0.0022	0.03925	0.005125
0251941112	2012	1	29	29	-9999	0.039125	0.006125
0251941112	2012	1	30	30	0.001	0.038917	0.0074583
0251941112	2012	1	31	31	0.001	0.038167	0.0083333
0251941112	2012	2	1	32	-9999	0.0385	0.010208
0251941112	2012	2	2	33	-9999	0.037625	0.010417
0251941112	2012	2	3	34	-9999	0.038083	0.012542
0251941112	2012	2	4	35	-9999	0.036542	0.012667
0251941112	2012	2	5	36	-9999	0.035958	0.01225
0251941112	2012	2	6	37	-9999	0.034292	0.011083
0251941112	2012	2	7	38	-9999	0.032542	0.010167
0251941112	2012	2	8	39	-9999	0.033125	0.0093333
0251941112	2012	2	9	40	-9999	0.033833	0.0082083
0251941112	2012	2	10	41	-9999	0.034833	0.0079583
0251941112	2012	2	11	42	-9999	0.034625	0.008
0251941112	2012	2	12	43	-9999	0.035125	0.0078333
0251941112	2012	2	13	44	-9999	0.035708	0.0085833
0251941112	2012	2	14	45	-9999	0.035375	0.009125
0251941112	2012	2	15	46	-9999	0.036417	0.0092083
0251941112	2012	2	16	47	0.001	0.03725	0.0090833
0251941112	2012	2	17	48	0.001	0.03675	0.01075
0251941112	2012	2	18	49	0.001	0.037333	0.011208
0251941112	2012	2	19	50	-9999	0.038042	0.010292
0251941112	2012	2	20	51	-9999	0.036833	0.011375
0251941112	2012	2	21	52	-9999	0.037083	0.011667
0251941112	2012	2	22	53	-9999	0.037375	0.011458
0251941112	2012	2	23	54	0.001	0.0375	0.011792
0251941112	2012	2	24	55	0.001	0.038667	0.012083
0251941112	2012	2	25	56	0.001	0.039417	0.01175
0251941112	2012	2	26	57	0.0018	0.039208	0.013375
0251941112	2012	2	27	58	0.0013333	0.039708	0.012708
0251941112	2012	2	28	59	0.001	0.038292	0.013542
0251941112	2012	2	29	60	0.001	0.037625	0.013917
0251941112	2012	3	1	61	-9999	0.036792	0.013708
0251941112	2012	3	2	62	-9999	0.035583	0.012583
0251941112	2012	3	3	63	-9999	0.037083	0.0115
0251941112	2012	3	4	64	-9999	0.036583	0.010292
0251941112	2012	3	5	65	-9999	0.035917	0.0115
0251941112	2012	3	6	66	0.001	0.037208	0.010542
0251941112	2012	3	7	67	0.001	0.0385	0.010917
0251941112	2012	3	8	68	0.001	0.038792	0.01025
0251941112	2012	3	9	69	-9999	0.03975	0.011125
0251941112	2012	3	10	70	0.0022353	0.039833	0.012917
0251941112	2012	3	11	71	0.0036667	0.041417	0.012583
0251941112	2012	3	12	72	0.004625	0.04225	0.013667
0251941112	2012	3	13	73	0.0058333	0.044042	0.015375
0251941112	2012	3	14	74	0.006125	0.044917	0.016833
0251941112	2012	3	15	75	0.0072083	0.045708	0.018083
0251941112	2012	3	16	76	0.007625	0.046583	0.020708
0251941112	2012	3	17	77	0.0092917	0.048167	0.022958
0251941112	2012	3	18	78	0.010542	0.049083	0.025625
0251941112	2012	3	19	79	0.012292	0.050958	0.02725
0251941112	2012	3	20	80	0.013042	0.051792	0.026667
0251941112	2012	3	21	81	0.012818	0.053	0.028091
0251941112	2012	3	22	82	0.013875	0.05475	0.02825
0251941112	2012	3	23	83	0.016292	0.055292	0.028542
0251941112	2012	3	24	84	0.019458	0.056458	0.028417
0251941112	2012	3	25	85	0.022125	0.058125	0.028458
0251941112	2012	3	26	86	0.02575	0.06025	0.027583
0251941112	2012	3	27	87	0.0285	0.061875	0.026958
0251941112	2012	3	28	88	0.031208	0.0645	0.027667
0251941112	2012	3	29	89	0.032292	0.065	0.02675
0251941112	2012	3	30	90	0.035	0.067375	0.027
0251941112	2012	3	31	91	0.036208	0.068875	0.02675
0251941112	2012	4	1	92	0.03975	0.071208	0.02675
0251941112	2012	4	2	93	0.04925	0.073	0.026958
0251941112	2012	4	3	94	0.055917	0.074958	0.0275
0251941112	2012	4	4	95	0.10657	0.076304	0.027522
0251941112	2012	4	5	96	0.12258	0.079208	0.025875
0251941112	2012	4	6	97	0.11983	0.081417	0.025625
0251941112	2012	4	7	98	0.11804	0.084667	0.026208
0251941112	2012	4	8	99	0.11904	0.087833	0.025833
0251941112	2012	4	9	100	0.26033	0.092333	0.026167
0251941112	2012	4	10	101	-9999	0.1635	0.027
0251941112	2012	4	11	102	-9999	0.2505	0.047583
0251941112	2012	4	12	103	0.23879	0.2515	0.11133
0251941112	2012	4	13	104	0.22042	0.24779	0.12404
0251941112	2012	4	14	105	0.20858	0.24375	0.12508
0251941112	2012	4	15	106	0.20379	0.24	0.12496
0251941112	2012	4	16	107	-9999	0.2525	0.12563
0251941112	2012	4	17	108	-9999	0.26992	0.13808
0251941112	2012	4	18	109	-9999	0.285	0.16483
0251941112	2012	4	19	110	-9999	-9999	0.18304
0251941112	2012	4	20	111	-9999	-9999	0.19708
0251941112	2012	4	21	112	-9999	-9999	-9999
0251941112	2012	4	22	113	-9999	-9999	-9999
0251941112	2012	4	23	114	-9999	-9999	-9999
0251941112	2012	4	24	115	-9999	-9999	-9999
0251941112	2012	4	25	116	-9999	-9999	-9999
0251941112	2012	4	26	117	-9999	-9999	-9999
0251941112	2012	4	27	118	0.2396	-9999	-9999
0251941112	2012	4	28	119	0.22292	-9999	-9999
0251941112	2012	4	29	120	0.20196	-9999	-9999
0251941112	2012	4	30	121	0.18904	-9999	-9999
0251941112	2012	5	1	122	0.17908	0.28167	0.21092
0251941112	2012	5	2	123	0.17263	0.27596	0.20713
0251941112	2012	5	3	124	0.16739	0.27091	0.20404
0251941112	2012	5	4	125	0.164	0.267	0.20113
0251941112	2012	5	5	126	0.17463	0.26825	0.19921
0251941112	2012	5	6	127	0.1775	0.27363	0.19921
0251941112	2012	5	7	128	0.16875	0.27017	0.19875
0251941112	2012	5	8	129	0.16474	0.26578	0.19739
0251941112	2012	5	9	130	0.16254	0.26417	0.19571
0251941112	2012	5	10	131	0.15825	0.26188	0.1945
0251941112	2012	5	11	132	0.15371	0.25842	0.19321
0251941112	2012	5	12	133	0.15157	0.25604	0.19161
0251941112	2012	5	13	134	0.15004	0.25417	0.19017
0251941112	2012	5	14	135	0.14788	0.25271	0.18908
0251941112	2012	5	15	136	0.14671	0.25133	0.18825
0251941112	2012	5	16	137	0.14604	0.24996	0.18717
0251941112	2012	5	17	138	0.14196	0.24821	0.18617
0251941112	2012	5	18	139	0.14308	0.24542	0.185
0251941112	2012	5	19	140	0.14421	0.24667	0.18404
0251941112	2012	5	20	141	0.1437	0.24665	0.18313
0251941112	2012	5	21	142	0.1425	0.2455	0.18242
0251941112	2012	5	22	143	0.13796	0.24262	0.18187
0251941112	2012	5	23	144	0.13583	0.24083	0.18071
0251941112	2012	5	24	145	0.13242	0.23754	0.17942
0251941112	2012	5	25	146	0.13008	0.23521	0.17842
0251941112	2012	5	26	147	0.129	0.23271	0.17712
0251941112	2012	5	27	148	0.13283	0.23196	0.17537
0251941112	2012	5	28	149	0.136	0.23446	0.17471
0251941112	2012	5	29	150	0.13646	0.23562	0.17462
0251941112	2012	5	30	151	0.1345	0.23508	0.17442
0251941112	2012	5	31	152	0.13333	0.23379	0.17433
0251941112	2012	6	1	153	0.13108	0.23288	0.17412
0251941112	2012	6	2	154	0.12633	0.23067	0.17321
0251941112	2012	6	3	155	0.12054	0.22692	0.17263
0251941112	2012	6	4	156	0.11683	0.224	0.17137
0251941112	2012	6	5	157	0.11	0.21846	0.17004
0251941112	2012	6	6	158	0.16733	0.22167	0.16775
0251941112	2012	6	7	159	0.18325	0.25462	0.16846
0251941112	2012	6	8	160	0.162	0.25075	0.17058
0251941112	2012	6	9	161	0.14921	0.24471	0.17183
0251941112	2012	6	10	162	0.14088	0.2385	0.17133
0251941112	2012	6	11	163	0.1365	0.23479	0.17021
0251941112	2012	6	12	164	0.13025	0.23054	0.16963
0251941112	2012	6	13	165	0.12304	0.22513	0.169
0251941112	2012	6	14	166	0.11496	0.2205	0.16796
0251941112	2012	6	15	167	0.10575	0.2145	0.16696
0251941112	2012	6	16	168	0.094917	0.20883	0.16554
0251941112	2012	6	17	169	0.082833	0.20196	0.1645
0251941112	2012	6	18	170	0.068667	0.19371	0.16262
0251941112	2012	6	19	171	0.057958	0.18458	0.16062
0251941112	2012	6	20	172	0.050083	0.17529	0.15817
0251941112	2012	6	21	173	0.04425	0.16396	0.15629
0251941112	2012	6	22	174	0.038333	0.14933	0.1545
0251941112	2012	6	23	175	0.032583	0.13913	0.152
0251941112	2012	6	24	176	0.030875	0.12875	0.14975
0251941112	2012	6	25	177	0.029042	0.11908	0.14696
0251941112	2012	6	26	178	0.027	0.11117	0.14392
0251941112	2012	6	27	179	0.025739	0.10509	0.14096
0251941112	2012	6	28	180	0.024458	0.10229	0.13783
0251941112	2012	6	29	181	0.022875	0.098708	0.13529
0251941112	2012	6	30	182	0.020375	0.09625	0.132
0251941112	2012	7	1	183	0.019	0.097958	0.12987
0251941112	2012	7	2	184	0.014917	0.09675	0.12679
0251941112	2012	7	3	185	0.012292	0.097417	0.12279
0251941112	2012	7	4	186	0.0088696	0.096625	0.11879
0251941112	2012	7	5	187	0.0066818	0.096042	0.11258
0251941112	2012	7	6	188	0.0056875	0.094522	0.10674
0251941112	2012	7	7	189	0.0050769	0.093542	0.097542
0251941112	2012	7	8	190	0.0036667	0.092125	0.085875
0251941112	2012	7	9	191	0.0028889	0.090042	0.07525
0251941112	2012	7	10	192	0.0018	0.088417	0.06925
0251941112	2012	7	11	193	0.0015	0.084417	0.063042
0251941112	2012	7	12	194	-9999	0.081625	0.057167
0251941112	2012	7	13	195	-9999	0.080042	0.050917
0251941112	2012	7	14	196	-9999	0.077261	0.047783
0251941112	2012	7	15	197	-9999	0.074458	0.045375
0251941112	2012	7	16	198	-9999	0.072958	0.042583
0251941112	2012	7	17	199	-9999	0.070875	0.040125
0251941112	2012	7	18	200	-9999	0.068696	0.038696
0251941112	2012	7	19	201	-9999	0.067583	0.036792
0251941112	2012	7	20	202	-9999	0.064792	0.03575
0251941112	2012	7	21	203	-9999	0.064917	0.034292
0251941112	2012	7	22	204	-9999	0.064545	0.032455
0251941112	2012	7	23	205	-9999	0.06413	0.030783
0251941112	2012	7	24	206	-9999	0.063	0.031522
0251941112	2012	7	25	207	-9999	0.06	0.030875
0251941112	2012	7	26	208	-9999	0.05975	0.028292
0251941112	2012	7	27	209	-9999	0.059625	0.0265
0251941112	2012	7	28	210	-9999	0.059125	0.025792
0251941112	2012	7	29	211	-9999	0.057542	0.024875
0251941112	2012	7	30	212	-9999	0.057391	0.023652
0251941112	2012	7	31	213	-9999	0.056792	0.022208
0251941112	2012	8	1	214	-9999	0.055833	0.021708
0251941112	2012	8	2	215	-9999	0.055917	0.021
0251941112	2012	8	3	216	-9999	0.054542	0.019917
0251941112	2012	8	4	217	-9999	0.053375	0.018375
0251941112	2012	8	5	218	-9999	0.053583	0.017875
0251941112	2012	8	6	219	-9999	0.051542	0.017958
0251941112	2012	8	7	220	-9999	0.051625	0.016208
0251941112	2012	8	8	221	-9999	0.051042	0.015958
0251941112	2012	8	9	222	-9999	0.050875	0.015833
0251941112	2012	8	10	223	-9999	0.0505	0.015167
0251941112	2012	8	11	224	-9999	0.050609	0.014783
0251941112	2012	8	12	225	-9999	0.04925	0.014833
0251941112	2012	8	13	226	-9999	0.048217	0.013348
0251941112	2012	8	14	227	-9999	0.04825	0.012583
0251941112	2012	8	15	228	-9999	0.047583	0.012667
0251941112	2012	8	16	229	-9999	0.047583	0.011667
0251941112	2012	8	17	230	-9999	0.04625	0.011
0251941112	2012	8	18	231	-9999	0.044542	0.011333
0251941112	2012	8	19	232	-9999	0.041792	0.010375
0251941112	2012	8	20	233	-9999	0.042	0.009875
0251941112	2012	8	21	234	-9999	0.041208	0.0090833
0251941112	2012	8	22	235	-9999	0.04125	0.0076667
0251941112	2012	8	23	236	-9999	0.041	0.0088333
0251941112	2012	8	24	237	-9999	0.040917	0.00825
0251941112	2012	8	25	238	-9999	0.039833	0.0085
0251941112	2012	8	26	239	-9999	0.040565	0.0085217
0251941112	2012	8	27	240	-9999	0.039417	0.0082917
0251941112	2012	8	28	241	-9999	0.03875	0.007375
0251941112	2012	8	29	242	-9999	0.037792	0.0070417
0251941112	2012	8	30	243	-9999	0.037	0.00725
0251941112	2012	8	31	244	-9999	0.038	0.0059167
0251941112	2012	9	1	245	-9999	0.037125	0.0062083
0251941112	2012	9	2	246	-9999	0.035917	0.0065833
0251941112	2012	9	3	247	-9999	0.036167	0.0055417
0251941112	2012	9	4	248	-9999	0.035042	0.0049583
0251941112	2012	9	5	249	-9999	0.035667	0.0055417
0251941112	2012	9	6	250	-9999	0.035	0.0050435
0251941112	2012	9	7	251	-9999	0.034167	0.0052917
0251941112	2012	9	8	252	-9999	0.033208	0.004087
0251941112	2012	9	9	253	-9999	0.033292	0.0048696
0251941112	2012	9	10	254	-9999	0.03375	0.0046364
0251941112	2012	9	11	255	-9999	0.031583	0.0042917
0251941112	2012	9	12	256	-9999	0.031125	0.0033333
0251941112	2012	9	13	257	-9999	0.030375	0.0036957
0251941112	2012	9	14	258	-9999	0.03025	0.002625
0251941112	2012	9	15	259	-9999	0.03075	0.0033478
0251941112	2012	9	16	260	-9999	0.029708	0.0032083
0251941112	2012	9	17	261	-9999	0.02975	0.0037391
0251941112	2012	9	18	262	-9999	0.030471	0.0049286
0251941112	2012	9	19	263	-9999	0.03025	0.004
0251941112	2012	9	20	264	-9999	0.030478	0.00355
0251941112	2012	9	21	265	-9999	0.030938	0.0032
0251941112	2012	9	22	266	-9999	0.030833	0.0035
0251941112	2012	9	23	267	-9999	0.029667	0.0037059
0251941112	2012	9	24	268	-9999	0.028652	0.0044706
0251941112	2012	9	25	269	-9999	0.027647	0.0035
0251941112	2012	9	26	270	-9999	0.026	0.0028667
0251941112	2012	9	27	271	-9999	0.026208	0.0030625
0251941112	2012	9	28	272	-9999	0.026458	0.0023
0251941112	2012	9	29	273	-9999	0.0265	0.0026
0251941112	2012	9	30	274	-9999	0.027375	0.0029231
0251941112	2012	10	1	275	-9999	0.027125	0.0027647
0251941112	2012	10	2	276	-9999	0.026333	0.003
0251941112	2012	10	3	277	-9999	0.026833	0.0029
0251941112	2012	10	4	278	-9999	0.026167	0.0014444
0251941112	2012	10	5	279	-9999	0.024333	0.0015
0251941112	2012	10	6	280	-9999	0.0245	0.0015
0251941112	2012	10	7	281	-9999	0.024583	0.001
0251941112	2012	10	8	282	-9999	0.023167	-9999
0251941112	2012	10	9	283	-9999	0.023083	0.001
0251941112	2012	10	10	284	-9999	0.023167	0.002
0251941112	2012	10	11	285	-9999	0.023667	0.001
0251941112	2012	10	12	286	-9999	0.023208	0.0015
0251941112	2012	10	13	287	-9999	0.023708	0.001
0251941112	2012	10	14	288	-9999	0.0235	0.001
0251941112	2012	10	15	289	-9999	0.02413	-9999
0251941112	2012	10	16	290	-9999	0.025087	-9999
0251941112	2012	10	17	291	-9999	0.024167	0.001
0251941112	2012	10	18	292	-9999	0.022083	-9999
0251941112	2012	10	19	293	-9999	0.021625	-9999
0251941112	2012	10	20	294	-9999	0.02225	0.001
0251941112	2012	10	21	295	-9999	0.022042	0.001
0251941112	2012	10	22	296	-9999	0.0205	-9999
0251941112	2012	10	23	297	-9999	0.0205	-9999
0251941112	2012	10	24	298	-9999	0.018667	-9999
0251941112	2012	10	25	299	-9999	0.01825	-9999
0251941112	2012	10	26	300	-9999	0.018792	-9999
0251941112	2012	10	27	301	-9999	0.017333	-9999
0251941112	2012	10	28	302	-9999	0.016375	-9999
0251941112	2012	10	29	303	-9999	0.016348	-9999
0251941112	2012	10	30	304	-9999	0.015875	-9999
0251941112	2012	10	31	305	-9999	0.0165	-9999
0251941112	2012	11	1	306	0.083875	0.015208	-9999
0251941112	2012	11	2	307	0.10879	0.015292	-9999
0251941112	2012	11	3	308	0.094292	0.016208	-9999
0251941112	2012	11	4	309	0.10796	0.015583	-9999
0251941112	2012	11	5	310	0.11521	0.015667	-9999
0251941112	2012	11	6	311	0.11783	0.016208	-9999
0251941112	2012	11	7	312	0.11642	0.016333	-9999
0251941112	2012	11	8	313	0.11767	0.016583	-9999
0251941112	2012	11	9	314	0.10846	0.017333	-9999
0251941112	2012	11	10	315	0.098	0.016958	-9999
0251941112	2012	11	11	316	0.092083	0.017958	-9999
0251941112	2012	11	12	317	0.086708	0.019208	-9999
0251941112	2012	11	13	318	0.082	0.01875	-9999
0251941112	2012	11	14	319	0.078583	0.020458	-9999
0251941112	2012	11	15	320	0.077292	0.021333	-9999
0251941112	2012	11	16	321	0.075167	0.022611	-9999
0251941112	2012	11	17	322	0.073542	0.02425	-9999
0251941112	2012	11	18	323	0.075958	0.025417	-9999
0251941112	2012	11	19	324	0.080783	0.026217	-9999
0251941112	2012	11	20	325	0.08425	0.027917	-9999
0251941112	2012	11	21	326	0.087833	0.028875	-9999
0251941112	2012	11	22	327	0.097	0.031957	-9999
0251941112	2012	11	23	328	0.090625	0.033625	-9999
0251941112	2012	11	24	329	0.0835	0.037333	-9999
0251941112	2012	11	25	330	0.06625	0.0415	-9999
0251941112	2012	11	26	331	0.033167	0.044875	-9999
0251941112	2012	11	27	332	0.005625	0.047917	-9999
0251941112	2012	11	28	333	0.0062083	0.050625	-9999
0251941112	2012	11	29	334	0.0092083	0.050542	-9999
0251941112	2012	11	30	335	0.014417	0.051167	-9999
0251941112	2012	12	1	336	0.0195	0.052375	-9999
0251941112	2012	12	2	337	0.02525	0.052458	-9999
0251941112	2012	12	3	338	0.031	0.052941	-9999
0251941112	2012	12	4	339	0.036471	0.052235	-9999
0251941112	2012	12	5	340	0.043	0.053235	-9999
0251941112	2012	12	6	341	0.069292	0.054625	-9999
0251941112	2012	12	7	342	0.084708	0.059167	-9999
0251941112	2012	12	8	343	0.08025	0.070375	-9999
0251941112	2012	12	9	344	0.059458	0.081917	-9999
0251941112	2012	12	10	345	0.041417	0.086333	-9999
0251941112	2012	12	11	346	0.037625	0.089583	-9999
0251941112	2012	12	12	347	0.033	0.092375	-9999
0251941112	2012	12	13	348	0.03425	0.0935	-9999
0251941112	2012	12	14	349	0.036625	0.0955	-9999
0251941112	2012	12	15	350	0.037833	0.096458	-9999
0251941112	2012	12	16	351	0.038111	0.097611	-9999
0251941112	2012	12	17	352	0.040375	0.097667	-9999
0251941112	2012	12	18	353	0.042	0.097208	-9999
0251941112	2012	12	19	354	0.043792	0.097417	-9999
0251941112	2012	12	20	355	0.041167	0.098208	-9999
0251941112	2012	12	21	356	0.038833	0.098042	-9999
0251941112	2012	12	22	357	0.038471	0.098176	-9999
0251941112	2012	12	23	358	0.039235	0.098176	-9999
0251941112	2012	12	24	359	0.0395	0.098333	-9999
0251941112	2012	12	25	360	-9999	-9999	-9999
0251941112	2012	12	26	361	-9999	-9999	-9999
0251941112	2012	12	27	362	-9999	-9999	-9999
0251941112	2012	12	28	363	-9999	-9999	-9999
0251941112	2012	12	29	364	-9999	-9999	-9999
0251941112	2012	12	30	365	-9999	-9999	-9999
0251941112	2012	12	31	366	-9999	-9999	-9999
