stationID	Y	M	D	DOY	depth_5	depth_20	depth_51
0252331012	2010	1	1	1	-9999	-9999	-9999
0252331012	2010	1	2	2	-9999	-9999	-9999
0252331012	2010	1	3	3	-9999	-9999	-9999
0252331012	2010	1	4	4	-9999	-9999	-9999
0252331012	2010	1	5	5	-9999	-9999	-9999
0252331012	2010	1	6	6	-9999	-9999	-9999
0252331012	2010	1	7	7	-9999	-9999	-9999
0252331012	2010	1	8	8	-9999	-9999	-9999
0252331012	2010	1	9	9	-9999	-9999	-9999
0252331012	2010	1	10	10	-9999	-9999	-9999
0252331012	2010	1	11	11	-9999	-9999	-9999
0252331012	2010	1	12	12	-9999	-9999	-9999
0252331012	2010	1	13	13	-9999	-9999	-9999
0252331012	2010	1	14	14	-9999	-9999	-9999
0252331012	2010	1	15	15	-9999	-9999	-9999
0252331012	2010	1	16	16	-9999	-9999	-9999
0252331012	2010	1	17	17	-9999	-9999	-9999
0252331012	2010	1	18	18	-9999	-9999	-9999
0252331012	2010	1	19	19	-9999	-9999	-9999
0252331012	2010	1	20	20	-9999	-9999	-9999
0252331012	2010	1	21	21	-9999	-9999	-9999
0252331012	2010	1	22	22	-9999	-9999	-9999
0252331012	2010	1	23	23	-9999	-9999	-9999
0252331012	2010	1	24	24	-9999	-9999	-9999
0252331012	2010	1	25	25	-9999	-9999	-9999
0252331012	2010	1	26	26	-9999	-9999	-9999
0252331012	2010	1	27	27	-9999	-9999	-9999
0252331012	2010	1	28	28	-9999	-9999	-9999
0252331012	2010	1	29	29	-9999	-9999	-9999
0252331012	2010	1	30	30	-9999	-9999	-9999
0252331012	2010	1	31	31	-9999	-9999	-9999
0252331012	2010	2	1	32	-9999	-9999	-9999
0252331012	2010	2	2	33	-9999	-9999	-9999
0252331012	2010	2	3	34	-9999	-9999	-9999
0252331012	2010	2	4	35	-9999	-9999	-9999
0252331012	2010	2	5	36	-9999	-9999	-9999
0252331012	2010	2	6	37	-9999	-9999	-9999
0252331012	2010	2	7	38	-9999	-9999	-9999
0252331012	2010	2	8	39	-9999	-9999	-9999
0252331012	2010	2	9	40	-9999	-9999	-9999
0252331012	2010	2	10	41	-9999	-9999	-9999
0252331012	2010	2	11	42	-9999	-9999	-9999
0252331012	2010	2	12	43	-9999	-9999	-9999
0252331012	2010	2	13	44	-9999	-9999	-9999
0252331012	2010	2	14	45	-9999	-9999	-9999
0252331012	2010	2	15	46	-9999	-9999	-9999
0252331012	2010	2	16	47	-9999	-9999	-9999
0252331012	2010	2	17	48	-9999	-9999	-9999
0252331012	2010	2	18	49	-9999	-9999	-9999
0252331012	2010	2	19	50	-9999	-9999	-9999
0252331012	2010	2	20	51	-9999	-9999	-9999
0252331012	2010	2	21	52	-9999	-9999	-9999
0252331012	2010	2	22	53	-9999	-9999	-9999
0252331012	2010	2	23	54	-9999	-9999	-9999
0252331012	2010	2	24	55	-9999	-9999	-9999
0252331012	2010	2	25	56	-9999	-9999	-9999
0252331012	2010	2	26	57	-9999	-9999	-9999
0252331012	2010	2	27	58	-9999	-9999	-9999
0252331012	2010	2	28	59	-9999	-9999	-9999
0252331012	2010	3	1	60	-9999	-9999	-9999
0252331012	2010	3	2	61	-9999	-9999	-9999
0252331012	2010	3	3	62	-9999	-9999	-9999
0252331012	2010	3	4	63	-9999	-9999	-9999
0252331012	2010	3	5	64	-9999	-9999	-9999
0252331012	2010	3	6	65	-9999	-9999	-9999
0252331012	2010	3	7	66	-9999	-9999	-9999
0252331012	2010	3	8	67	-9999	-9999	-9999
0252331012	2010	3	9	68	-9999	-9999	-9999
0252331012	2010	3	10	69	-9999	-9999	-9999
0252331012	2010	3	11	70	-9999	-9999	-9999
0252331012	2010	3	12	71	-9999	-9999	-9999
0252331012	2010	3	13	72	-9999	-9999	-9999
0252331012	2010	3	14	73	-9999	-9999	-9999
0252331012	2010	3	15	74	-9999	-9999	-9999
0252331012	2010	3	16	75	-9999	-9999	-9999
0252331012	2010	3	17	76	-9999	-9999	-9999
0252331012	2010	3	18	77	-9999	-9999	-9999
0252331012	2010	3	19	78	-9999	-9999	-9999
0252331012	2010	3	20	79	-9999	-9999	-9999
0252331012	2010	3	21	80	-9999	-9999	-9999
0252331012	2010	3	22	81	-9999	-9999	-9999
0252331012	2010	3	23	82	-9999	-9999	-9999
0252331012	2010	3	24	83	-9999	-9999	-9999
0252331012	2010	3	25	84	-9999	-9999	-9999
0252331012	2010	3	26	85	-9999	-9999	-9999
0252331012	2010	3	27	86	-9999	-9999	-9999
0252331012	2010	3	28	87	-9999	-9999	-9999
0252331012	2010	3	29	88	-9999	-9999	-9999
0252331012	2010	3	30	89	-9999	-9999	-9999
0252331012	2010	3	31	90	-9999	-9999	-9999
0252331012	2010	4	1	91	-9999	-9999	-9999
0252331012	2010	4	2	92	-9999	-9999	-9999
0252331012	2010	4	3	93	-9999	-9999	-9999
0252331012	2010	4	4	94	-9999	-9999	-9999
0252331012	2010	4	5	95	-9999	-9999	-9999
0252331012	2010	4	6	96	-9999	-9999	-9999
0252331012	2010	4	7	97	-9999	-9999	-9999
0252331012	2010	4	8	98	-9999	-9999	-9999
0252331012	2010	4	9	99	-9999	-9999	-9999
0252331012	2010	4	10	100	-9999	-9999	-9999
0252331012	2010	4	11	101	-9999	-9999	-9999
0252331012	2010	4	12	102	-9999	-9999	-9999
0252331012	2010	4	13	103	-9999	-9999	-9999
0252331012	2010	4	14	104	-9999	-9999	-9999
0252331012	2010	4	15	105	-9999	-9999	-9999
0252331012	2010	4	16	106	-9999	-9999	-9999
0252331012	2010	4	17	107	-9999	-9999	-9999
0252331012	2010	4	18	108	-9999	-9999	-9999
0252331012	2010	4	19	109	-9999	-9999	-9999
0252331012	2010	4	20	110	-9999	-9999	-9999
0252331012	2010	4	21	111	-9999	-9999	-9999
0252331012	2010	4	22	112	-9999	-9999	-9999
0252331012	2010	4	23	113	-9999	-9999	-9999
0252331012	2010	4	24	114	-9999	-9999	-9999
0252331012	2010	4	25	115	-9999	-9999	-9999
0252331012	2010	4	26	116	-9999	-9999	-9999
0252331012	2010	4	27	117	-9999	-9999	-9999
0252331012	2010	4	28	118	-9999	-9999	-9999
0252331012	2010	4	29	119	-9999	-9999	-9999
0252331012	2010	4	30	120	-9999	-9999	-9999
0252331012	2010	5	1	121	-9999	-9999	-9999
0252331012	2010	5	2	122	-9999	-9999	-9999
0252331012	2010	5	3	123	-9999	-9999	-9999
0252331012	2010	5	4	124	-9999	-9999	-9999
0252331012	2010	5	5	125	-9999	-9999	-9999
0252331012	2010	5	6	126	-9999	-9999	-9999
0252331012	2010	5	7	127	-9999	-9999	-9999
0252331012	2010	5	8	128	-9999	-9999	-9999
0252331012	2010	5	9	129	-9999	-9999	-9999
0252331012	2010	5	10	130	-9999	-9999	-9999
0252331012	2010	5	11	131	-9999	-9999	-9999
0252331012	2010	5	12	132	-9999	-9999	-9999
0252331012	2010	5	13	133	-9999	-9999	-9999
0252331012	2010	5	14	134	-9999	-9999	-9999
0252331012	2010	5	15	135	-9999	-9999	-9999
0252331012	2010	5	16	136	-9999	-9999	-9999
0252331012	2010	5	17	137	-9999	-9999	-9999
0252331012	2010	5	18	138	-9999	-9999	-9999
0252331012	2010	5	19	139	-9999	-9999	-9999
0252331012	2010	5	20	140	-9999	-9999	-9999
0252331012	2010	5	21	141	-9999	-9999	-9999
0252331012	2010	5	22	142	-9999	-9999	-9999
0252331012	2010	5	23	143	-9999	-9999	-9999
0252331012	2010	5	24	144	-9999	-9999	-9999
0252331012	2010	5	25	145	-9999	-9999	-9999
0252331012	2010	5	26	146	-9999	-9999	-9999
0252331012	2010	5	27	147	-9999	-9999	-9999
0252331012	2010	5	28	148	-9999	-9999	-9999
0252331012	2010	5	29	149	-9999	-9999	-9999
0252331012	2010	5	30	150	-9999	-9999	-9999
0252331012	2010	5	31	151	-9999	-9999	-9999
0252331012	2010	6	1	152	-9999	-9999	-9999
0252331012	2010	6	2	153	-9999	-9999	-9999
0252331012	2010	6	3	154	-9999	-9999	-9999
0252331012	2010	6	4	155	-9999	-9999	-9999
0252331012	2010	6	5	156	-9999	-9999	-9999
0252331012	2010	6	6	157	-9999	-9999	-9999
0252331012	2010	6	7	158	-9999	-9999	-9999
0252331012	2010	6	8	159	-9999	-9999	-9999
0252331012	2010	6	9	160	-9999	-9999	-9999
0252331012	2010	6	10	161	-9999	-9999	-9999
0252331012	2010	6	11	162	-9999	-9999	-9999
0252331012	2010	6	12	163	-9999	-9999	-9999
0252331012	2010	6	13	164	-9999	-9999	-9999
0252331012	2010	6	14	165	-9999	-9999	-9999
0252331012	2010	6	15	166	-9999	-9999	-9999
0252331012	2010	6	16	167	-9999	-9999	-9999
0252331012	2010	6	17	168	-9999	-9999	-9999
0252331012	2010	6	18	169	-9999	-9999	-9999
0252331012	2010	6	19	170	-9999	-9999	-9999
0252331012	2010	6	20	171	-9999	-9999	-9999
0252331012	2010	6	21	172	-9999	-9999	-9999
0252331012	2010	6	22	173	-9999	-9999	-9999
0252331012	2010	6	23	174	-9999	-9999	-9999
0252331012	2010	6	24	175	-9999	-9999	-9999
0252331012	2010	6	25	176	-9999	-9999	-9999
0252331012	2010	6	26	177	-9999	-9999	-9999
0252331012	2010	6	27	178	-9999	-9999	-9999
0252331012	2010	6	28	179	-9999	-9999	-9999
0252331012	2010	6	29	180	-9999	-9999	-9999
0252331012	2010	6	30	181	-9999	-9999	-9999
0252331012	2010	7	1	182	-9999	-9999	-9999
0252331012	2010	7	2	183	-9999	-9999	-9999
0252331012	2010	7	3	184	-9999	-9999	-9999
0252331012	2010	7	4	185	-9999	-9999	-9999
0252331012	2010	7	5	186	-9999	-9999	-9999
0252331012	2010	7	6	187	-9999	-9999	-9999
0252331012	2010	7	7	188	-9999	-9999	-9999
0252331012	2010	7	8	189	-9999	-9999	-9999
0252331012	2010	7	9	190	-9999	-9999	-9999
0252331012	2010	7	10	191	-9999	-9999	-9999
0252331012	2010	7	11	192	-9999	-9999	-9999
0252331012	2010	7	12	193	-9999	-9999	-9999
0252331012	2010	7	13	194	-9999	-9999	-9999
0252331012	2010	7	14	195	-9999	-9999	-9999
0252331012	2010	7	15	196	-9999	-9999	-9999
0252331012	2010	7	16	197	-9999	-9999	-9999
0252331012	2010	7	17	198	-9999	-9999	-9999
0252331012	2010	7	18	199	-9999	-9999	-9999
0252331012	2010	7	19	200	-9999	-9999	-9999
0252331012	2010	7	20	201	-9999	-9999	-9999
0252331012	2010	7	21	202	-9999	-9999	-9999
0252331012	2010	7	22	203	-9999	-9999	-9999
0252331012	2010	7	23	204	-9999	-9999	-9999
0252331012	2010	7	24	205	-9999	-9999	-9999
0252331012	2010	7	25	206	-9999	-9999	-9999
0252331012	2010	7	26	207	-9999	-9999	-9999
0252331012	2010	7	27	208	-9999	-9999	-9999
0252331012	2010	7	28	209	-9999	-9999	-9999
0252331012	2010	7	29	210	-9999	-9999	-9999
0252331012	2010	7	30	211	-9999	-9999	-9999
0252331012	2010	7	31	212	-9999	-9999	-9999
0252331012	2010	8	1	213	-9999	-9999	-9999
0252331012	2010	8	2	214	-9999	-9999	-9999
0252331012	2010	8	3	215	-9999	-9999	-9999
0252331012	2010	8	4	216	-9999	-9999	-9999
0252331012	2010	8	5	217	-9999	-9999	-9999
0252331012	2010	8	6	218	-9999	-9999	-9999
0252331012	2010	8	7	219	-9999	-9999	-9999
0252331012	2010	8	8	220	-9999	-9999	-9999
0252331012	2010	8	9	221	-9999	-9999	-9999
0252331012	2010	8	10	222	-9999	-9999	-9999
0252331012	2010	8	11	223	-9999	-9999	-9999
0252331012	2010	8	12	224	-9999	-9999	-9999
0252331012	2010	8	13	225	-9999	-9999	-9999
0252331012	2010	8	14	226	-9999	-9999	-9999
0252331012	2010	8	15	227	-9999	-9999	-9999
0252331012	2010	8	16	228	-9999	-9999	-9999
0252331012	2010	8	17	229	-9999	-9999	-9999
0252331012	2010	8	18	230	-9999	-9999	-9999
0252331012	2010	8	19	231	-9999	-9999	-9999
0252331012	2010	8	20	232	-9999	-9999	-9999
0252331012	2010	8	21	233	-9999	-9999	-9999
0252331012	2010	8	22	234	-9999	-9999	-9999
0252331012	2010	8	23	235	-9999	-9999	-9999
0252331012	2010	8	24	236	-9999	-9999	-9999
0252331012	2010	8	25	237	-9999	-9999	-9999
0252331012	2010	8	26	238	-9999	-9999	-9999
0252331012	2010	8	27	239	-9999	-9999	-9999
0252331012	2010	8	28	240	-9999	-9999	-9999
0252331012	2010	8	29	241	-9999	-9999	-9999
0252331012	2010	8	30	242	-9999	-9999	-9999
0252331012	2010	8	31	243	-9999	-9999	-9999
0252331012	2010	9	1	244	-9999	-9999	-9999
0252331012	2010	9	2	245	-9999	-9999	-9999
0252331012	2010	9	3	246	-9999	-9999	-9999
0252331012	2010	9	4	247	-9999	-9999	-9999
0252331012	2010	9	5	248	-9999	-9999	-9999
0252331012	2010	9	6	249	-9999	-9999	-9999
0252331012	2010	9	7	250	-9999	-9999	-9999
0252331012	2010	9	8	251	-9999	-9999	-9999
0252331012	2010	9	9	252	-9999	-9999	-9999
0252331012	2010	9	10	253	-9999	-9999	-9999
0252331012	2010	9	11	254	-9999	-9999	-9999
0252331012	2010	9	12	255	-9999	-9999	-9999
0252331012	2010	9	13	256	-9999	-9999	-9999
0252331012	2010	9	14	257	-9999	-9999	-9999
0252331012	2010	9	15	258	-9999	-9999	-9999
0252331012	2010	9	16	259	-9999	-9999	-9999
0252331012	2010	9	17	260	-9999	-9999	-9999
0252331012	2010	9	18	261	-9999	-9999	-9999
0252331012	2010	9	19	262	-9999	-9999	-9999
0252331012	2010	9	20	263	-9999	-9999	-9999
0252331012	2010	9	21	264	-9999	-9999	-9999
0252331012	2010	9	22	265	-9999	-9999	-9999
0252331012	2010	9	23	266	-9999	-9999	-9999
0252331012	2010	9	24	267	-9999	-9999	-9999
0252331012	2010	9	25	268	-9999	-9999	-9999
0252331012	2010	9	26	269	-9999	-9999	-9999
0252331012	2010	9	27	270	-9999	-9999	-9999
0252331012	2010	9	28	271	-9999	-9999	-9999
0252331012	2010	9	29	272	-9999	-9999	-9999
0252331012	2010	9	30	273	-9999	-9999	-9999
0252331012	2010	10	1	274	-9999	-9999	-9999
0252331012	2010	10	2	275	-9999	-9999	-9999
0252331012	2010	10	3	276	-9999	-9999	-9999
0252331012	2010	10	4	277	-9999	-9999	-9999
0252331012	2010	10	5	278	-9999	-9999	-9999
0252331012	2010	10	6	279	-9999	-9999	-9999
0252331012	2010	10	7	280	-9999	-9999	-9999
0252331012	2010	10	8	281	-9999	-9999	-9999
0252331012	2010	10	9	282	-9999	-9999	-9999
0252331012	2010	10	10	283	-9999	-9999	-9999
0252331012	2010	10	11	284	-9999	-9999	-9999
0252331012	2010	10	12	285	-9999	-9999	-9999
0252331012	2010	10	13	286	-9999	-9999	-9999
0252331012	2010	10	14	287	-9999	-9999	-9999
0252331012	2010	10	15	288	-9999	-9999	-9999
0252331012	2010	10	16	289	-9999	-9999	-9999
0252331012	2010	10	17	290	-9999	-9999	-9999
0252331012	2010	10	18	291	-9999	-9999	-9999
0252331012	2010	10	19	292	-9999	-9999	-9999
0252331012	2010	10	20	293	-9999	-9999	-9999
0252331012	2010	10	21	294	-9999	-9999	-9999
0252331012	2010	10	22	295	0.0892	0.0012	0.0674
0252331012	2010	10	23	296	0.085125	0.001333333333	0.06425
0252331012	2010	10	24	297	0.09058333333	0.002041666667	0.0655
0252331012	2010	10	25	298	0.2580434783	0.001869565217	0.0662173913
0252331012	2010	10	26	299	0.273875	0.001	0.06741666667
0252331012	2010	10	27	300	0.2635416667	0.000875	0.06783333333
0252331012	2010	10	28	301	0.2545	0.004208333333	0.06708333333
0252331012	2010	10	29	302	0.25075	-9999	0.069125
0252331012	2010	10	30	303	0.2707083333	0.04541666667	0.06854166667
0252331012	2010	10	31	304	0.28325	0.06629166667	0.07075
0252331012	2010	11	1	305	0.275875	0.08795833333	0.069875
0252331012	2010	11	2	306	0.272625	0.09833333333	0.06820833333
0252331012	2010	11	3	307	0.2900833333	0.1112916667	0.06816666667
0252331012	2010	11	4	308	0.2845416667	0.1477916667	0.069125
0252331012	2010	11	5	309	0.28225	0.1734166667	0.07004166667
0252331012	2010	11	6	310	0.2817083333	0.1814583333	0.070375
0252331012	2010	11	7	311	0.2774166667	0.1793333333	0.06983333333
0252331012	2010	11	8	312	0.270875	0.1727083333	0.07104166667
0252331012	2010	11	9	313	0.2692916667	0.1719583333	0.06925
0252331012	2010	11	10	314	0.2524583333	0.1670833333	0.07166666667
0252331012	2010	11	11	315	0.2386666667	0.159875	0.07104166667
0252331012	2010	11	12	316	0.224625	0.1533333333	0.07104166667
0252331012	2010	11	13	317	0.2103333333	0.1469166667	0.07029166667
0252331012	2010	11	14	318	0.201125	0.1415416667	0.070625
0252331012	2010	11	15	319	0.193875	0.1368333333	0.07158333333
0252331012	2010	11	16	320	0.192625	0.1339583333	0.074
0252331012	2010	11	17	321	0.193	0.130375	0.07375
0252331012	2010	11	18	322	0.1897916667	0.1296666667	0.07375
0252331012	2010	11	19	323	0.1825	0.1280416667	0.07516666667
0252331012	2010	11	20	324	0.1801666667	0.1255416667	0.074875
0252331012	2010	11	21	325	0.18225	0.1242083333	0.07475
0252331012	2010	11	22	326	0.185875	0.1229583333	0.07491666667
0252331012	2010	11	23	327	0.1875416667	0.1224583333	0.07541666667
0252331012	2010	11	24	328	0.1877916667	0.1210833333	0.07466666667
0252331012	2010	11	25	329	0.1849583333	0.1209583333	0.07579166667
0252331012	2010	11	26	330	0.173625	0.1199583333	0.07675
0252331012	2010	11	27	331	0.16525	0.1190833333	0.076
0252331012	2010	11	28	332	0.1579583333	0.118125	0.07725
0252331012	2010	11	29	333	0.1514583333	0.116	0.07695833333
0252331012	2010	11	30	334	0.1489166667	0.1146666667	0.07833333333
0252331012	2010	12	1	335	0.1408333333	0.1139583333	0.07745833333
0252331012	2010	12	2	336	0.143	0.1120833333	0.07695833333
0252331012	2010	12	3	337	0.1472916667	0.1110416667	0.078375
0252331012	2010	12	4	338	0.1527916667	0.11	0.07820833333
0252331012	2010	12	5	339	0.1583333333	0.1091666667	0.07958333333
0252331012	2010	12	6	340	0.1640416667	0.10925	0.079625
0252331012	2010	12	7	341	0.1633333333	0.1083333333	0.07995833333
0252331012	2010	12	8	342	0.1662916667	0.1084583333	0.0795
0252331012	2010	12	9	343	0.168	0.1087083333	0.080125
0252331012	2010	12	10	344	0.1703333333	0.1089166667	0.07970833333
0252331012	2010	12	11	345	0.174625	0.1087083333	0.07958333333
0252331012	2010	12	12	346	0.1775	0.1092083333	0.08216666667
0252331012	2010	12	13	347	0.181375	0.1094166667	0.08129166667
0252331012	2010	12	14	348	0.18475	0.1100833333	0.08095833333
0252331012	2010	12	15	349	0.1849583333	0.110375	0.08225
0252331012	2010	12	16	350	0.1868333333	0.1115833333	0.08308333333
0252331012	2010	12	17	351	0.1860833333	0.112375	0.08266666667
0252331012	2010	12	18	352	0.179	0.112125	0.08179166667
0252331012	2010	12	19	353	0.17325	0.1121666667	0.083625
0252331012	2010	12	20	354	0.1730833333	0.1124583333	0.08295833333
0252331012	2010	12	21	355	0.17725	0.1120416667	0.08379166667
0252331012	2010	12	22	356	0.1807083333	0.1119583333	0.083875
0252331012	2010	12	23	357	0.18475	0.1116666667	0.08470833333
0252331012	2010	12	24	358	0.188375	0.1127083333	0.08520833333
0252331012	2010	12	25	359	0.1920416667	0.114125	0.08520833333
0252331012	2010	12	26	360	0.1941666667	0.1151666667	0.08579166667
0252331012	2010	12	27	361	0.195875	0.116375	0.08629166667
0252331012	2010	12	28	362	0.1965416667	0.1180416667	0.08629166667
0252331012	2010	12	29	363	0.1964166667	0.1189583333	0.08708333333
0252331012	2010	12	30	364	0.1966666667	0.1195416667	0.08795833333
0252331012	2010	12	31	365	0.1970416667	0.1210416667	0.08983333333
0252331012	2011	1	1	1	0.1963333333	0.1204166667	0.08775
0252331012	2011	1	2	2	0.1959166667	0.12125	0.08970833333
0252331012	2011	1	3	3	0.1930833333	0.1220833333	0.09020833333
0252331012	2011	1	4	4	0.1892083333	0.1217916667	0.088375
0252331012	2011	1	5	5	0.1871666667	0.121375	0.08966666667
0252331012	2011	1	6	6	0.1839583333	0.1210833333	0.09075
0252331012	2011	1	7	7	0.1813333333	0.1205416667	0.09116666667
0252331012	2011	1	8	8	0.1780416667	0.1203333333	0.09129166667
0252331012	2011	1	9	9	0.1767083333	0.1192916667	0.092375
0252331012	2011	1	10	10	0.1755416667	0.1187916667	0.09345833333
0252331012	2011	1	11	11	0.17475	0.1179583333	0.093
0252331012	2011	1	12	12	0.1716666667	0.1172083333	0.09295833333
0252331012	2011	1	13	13	0.1707083333	0.1171666667	0.09466666667
0252331012	2011	1	14	14	0.1671666667	0.1166666667	0.09504166667
0252331012	2011	1	15	15	0.1657916667	0.1160416667	0.094875
0252331012	2011	1	16	16	0.1660416667	0.1149583333	0.093875
0252331012	2011	1	17	17	0.1684347826	0.1143478261	0.0957826087
0252331012	2011	1	18	18	0.17075	0.113625	0.09525
0252331012	2011	1	19	19	0.174625	0.1150416667	0.09783333333
0252331012	2011	1	20	20	0.178375	0.1148333333	0.09695833333
0252331012	2011	1	21	21	0.181875	0.1152083333	0.09604166667
0252331012	2011	1	22	22	0.185125	0.1165416667	0.09791666667
0252331012	2011	1	23	23	0.1870416667	0.11775	0.09816666667
0252331012	2011	1	24	24	0.1887083333	0.11875	0.098875
0252331012	2011	1	25	25	0.1900833333	0.1204583333	0.0995
0252331012	2011	1	26	26	0.1909166667	0.1205	0.09941666667
0252331012	2011	1	27	27	0.191375	0.1210416667	0.09941666667
0252331012	2011	1	28	28	0.192625	0.121375	0.099125
0252331012	2011	1	29	29	0.19225	0.1222916667	0.100875
0252331012	2011	1	30	30	0.191625	0.1228333333	0.1014583333
0252331012	2011	1	31	31	0.1918333333	0.1231666667	0.1010416667
0252331012	2011	2	1	32	0.1912916667	0.1227916667	0.1017083333
0252331012	2011	2	2	33	0.1902916667	0.1239166667	0.1041666667
0252331012	2011	2	3	34	0.1895833333	0.1235	0.104625
0252331012	2011	2	4	35	0.189625	0.1230416667	0.103
0252331012	2011	2	5	36	0.186875	0.122375	0.1046666667
0252331012	2011	2	6	37	0.18525	0.1227083333	0.1053333333
0252331012	2011	2	7	38	0.184625	0.1224583333	0.1058333333
0252331012	2011	2	8	39	0.1838333333	0.121625	0.107
0252331012	2011	2	9	40	0.18375	0.1216666667	0.1071666667
0252331012	2011	2	10	41	0.1848333333	0.1206666667	0.106875
0252331012	2011	2	11	42	0.185375	0.1213333333	0.10825
0252331012	2011	2	12	43	0.1845	0.1212083333	0.10775
0252331012	2011	2	13	44	0.1850833333	0.1210833333	0.1087916667
0252331012	2011	2	14	45	0.1839583333	0.1213333333	0.1094166667
0252331012	2011	2	15	46	0.18375	0.120625	0.1097916667
0252331012	2011	2	16	47	0.1830833333	0.1214583333	0.1105
0252331012	2011	2	17	48	0.18175	0.1207916667	0.1115416667
0252331012	2011	2	18	49	0.1819583333	0.1198333333	0.11225
0252331012	2011	2	19	50	0.1815833333	0.1199583333	0.112375
0252331012	2011	2	20	51	0.181625	0.120125	0.114125
0252331012	2011	2	21	52	0.1815833333	0.119375	0.1140833333
0252331012	2011	2	22	53	0.1817083333	0.1194166667	0.1144166667
0252331012	2011	2	23	54	0.1825416667	0.1195833333	0.1144583333
0252331012	2011	2	24	55	0.1827083333	0.12025	0.1152083333
0252331012	2011	2	25	56	0.183125	0.1190833333	0.114875
0252331012	2011	2	26	57	0.1834782609	0.1203043478	0.1152608696
0252331012	2011	2	27	58	0.18375	0.1204583333	0.1160416667
0252331012	2011	2	28	59	0.1843043478	0.1199565217	0.1165652174
0252331012	2011	3	1	60	0.184625	0.1198333333	0.1173333333
0252331012	2011	3	2	61	0.1846666667	0.120125	0.1189583333
0252331012	2011	3	3	62	0.186375	0.1208333333	0.117625
0252331012	2011	3	4	63	0.1861666667	0.120875	0.119125
0252331012	2011	3	5	64	0.1862916667	0.1224166667	0.119125
0252331012	2011	3	6	65	0.1864166667	0.12225	0.11925
0252331012	2011	3	7	66	0.1867916667	0.1229583333	0.1201666667
0252331012	2011	3	8	67	0.1872916667	0.1222916667	0.1210416667
0252331012	2011	3	9	68	0.1874583333	0.1217916667	0.1219166667
0252331012	2011	3	10	69	0.188625	0.1236666667	0.12
0252331012	2011	3	11	70	0.1886521739	0.1234347826	0.1219565217
0252331012	2011	3	12	71	0.1894166667	0.1242083333	0.1230416667
0252331012	2011	3	13	72	0.1900416667	0.1249583333	0.1234583333
0252331012	2011	3	14	73	0.1912083333	0.1251666667	0.123625
0252331012	2011	3	15	74	0.191875	0.1265	0.124
0252331012	2011	3	16	75	0.192375	0.126875	0.124375
0252331012	2011	3	17	76	0.194125	0.1283333333	0.1256666667
0252331012	2011	3	18	77	0.1948333333	0.1301666667	0.1252916667
0252331012	2011	3	19	78	0.1959583333	0.1307916667	0.127
0252331012	2011	3	20	79	0.1978333333	0.1310833333	0.1270833333
0252331012	2011	3	21	80	0.200625	0.1322916667	0.1283333333
0252331012	2011	3	22	81	0.202	0.1339583333	0.12875
0252331012	2011	3	23	82	0.2035	0.1362083333	0.1275
0252331012	2011	3	24	83	0.2051666667	0.1376666667	0.129125
0252331012	2011	3	25	84	0.2055416667	0.138375	0.1297916667
0252331012	2011	3	26	85	0.2054166667	0.1404166667	0.1290833333
0252331012	2011	3	27	86	0.2053333333	0.139875	0.1303333333
0252331012	2011	3	28	87	0.20475	0.1409583333	0.1321666667
0252331012	2011	3	29	88	0.2047916667	0.1399166667	0.1315833333
0252331012	2011	3	30	89	0.2034583333	0.140875	0.1322083333
0252331012	2011	3	31	90	0.2032916667	0.140125	0.1324583333
0252331012	2011	4	1	91	0.2103333333	0.1410833333	0.1329583333
0252331012	2011	4	2	92	0.2442916667	0.165875	0.136375
0252331012	2011	4	3	93	0.2968333333	0.2050833333	0.2024583333
0252331012	2011	4	4	94	0.2801666667	0.2076666667	0.2425833333
0252331012	2011	4	5	95	0.271	0.20125	0.2414583333
0252331012	2011	4	6	96	0.284125	0.2042083333	0.24225
0252331012	2011	4	7	97	0.2796666667	0.203625	0.246625
0252331012	2011	4	8	98	0.2767083333	0.2031666667	0.2475416667
0252331012	2011	4	9	99	0.2737916667	0.2017083333	0.24725
0252331012	2011	4	10	100	0.2699166667	0.1983333333	0.247375
0252331012	2011	4	11	101	0.2668333333	0.1977916667	0.2472083333
0252331012	2011	4	12	102	0.2646363636	0.1954545455	0.2461363636
0252331012	2011	4	13	103	0.2636666667	0.1954583333	0.2467916667
0252331012	2011	4	14	104	0.2649166667	0.19525	0.2462916667
0252331012	2011	4	15	105	0.2670416667	0.1962916667	0.2467916667
0252331012	2011	4	16	106	0.26725	0.19525	0.2459166667
0252331012	2011	4	17	107	0.291	0.203	0.2482916667
0252331012	2011	4	18	108	0.316	0.222125	0.264
0252331012	2011	4	19	109	0.3057083333	0.2315416667	0.279625
0252331012	2011	4	20	110	0.29	0.223	0.2785833333
0252331012	2011	4	21	111	0.2826666667	0.217	0.2759583333
0252331012	2011	4	22	112	0.27825	0.213625	0.2740416667
0252331012	2011	4	23	113	0.2759166667	0.210625	0.2721666667
0252331012	2011	4	24	114	0.2729583333	0.2091666667	0.2711666667
0252331012	2011	4	25	115	0.2705833333	0.2055	0.2672916667
0252331012	2011	4	26	116	0.2692083333	0.205125	0.267125
0252331012	2011	4	27	117	0.2687916667	0.2037916667	0.26675
0252331012	2011	4	28	118	0.2663333333	0.203125	0.2651666667
0252331012	2011	4	29	119	0.2710833333	0.2025833333	0.2642083333
0252331012	2011	4	30	120	0.273	0.2050416667	0.263375
0252331012	2011	5	1	121	0.2717083333	0.2050416667	0.2645833333
0252331012	2011	5	2	122	0.269	0.2036666667	0.26425
0252331012	2011	5	3	123	0.267625	0.201625	0.26275
0252331012	2011	5	4	124	0.2667083333	0.201875	0.263875
0252331012	2011	5	5	125	0.26575	0.1999166667	0.2609166667
0252331012	2011	5	6	126	0.2976666667	0.2109166667	0.2627083333
0252331012	2011	5	7	127	0.3282916667	0.2287916667	0.27475
0252331012	2011	5	8	128	0.3355416667	0.258125	0.3160833333
0252331012	2011	5	9	129	0.3332083333	0.2787916667	0.3787083333
0252331012	2011	5	10	130	0.3281666667	0.2746666667	0.3819166667
0252331012	2011	5	11	131	0.3183333333	0.2648333333	0.38025
0252331012	2011	5	12	132	0.3248333333	0.2619166667	0.3625416667
0252331012	2011	5	13	133	0.3417083333	0.2715833333	0.3707916667
0252331012	2011	5	14	134	0.35525	0.3702083333	0.37725
0252331012	2011	5	15	135	0.3621666667	0.3995	0.3795833333
0252331012	2011	5	16	136	0.4002083333	0.4020833333	0.3816666667
0252331012	2011	5	17	137	0.40075	0.403	0.3828333333
0252331012	2011	5	18	138	0.3968333333	0.4030833333	0.3835833333
0252331012	2011	5	19	139	0.3863333333	0.4039166667	0.3843333333
0252331012	2011	5	20	140	0.3780416667	0.3919583333	0.3846666667
0252331012	2011	5	21	141	0.3709166667	0.38375	0.385375
0252331012	2011	5	22	142	0.3689166667	0.381375	0.3856666667
0252331012	2011	5	23	143	0.3850416667	0.3916666667	0.3866666667
0252331012	2011	5	24	144	0.3857916667	0.3943333333	0.38725
0252331012	2011	5	25	145	0.3860833333	0.3961666667	0.387625
0252331012	2011	5	26	146	0.39825	0.397125	0.3882083333
0252331012	2011	5	27	147	0.3984583333	0.3977916667	0.3888333333
0252331012	2011	5	28	148	0.3995833333	0.3972916667	0.389125
0252331012	2011	5	29	149	0.40025	0.396	0.3892083333
0252331012	2011	5	30	150	0.4000416667	0.3947083333	0.389625
0252331012	2011	5	31	151	0.399375	0.394	0.3899166667
0252331012	2011	6	1	152	0.400875	0.39275	0.3900416667
0252331012	2011	6	2	153	0.4025	0.3914583333	0.3902916667
0252331012	2011	6	3	154	0.4028333333	0.3901666667	0.390625
0252331012	2011	6	4	155	0.4030434783	0.388173913	0.3907826087
0252331012	2011	6	5	156	0.4037916667	0.3861666667	0.39075
0252331012	2011	6	6	157	0.4039583333	0.3872916667	0.3909583333
0252331012	2011	6	7	158	0.4034583333	0.38475	0.3909166667
0252331012	2011	6	8	159	0.4029583333	0.385125	0.3905416667
0252331012	2011	6	9	160	0.402	0.3826666667	0.3899166667
0252331012	2011	6	10	161	0.401875	0.3821666667	0.3885
0252331012	2011	6	11	162	0.4004166667	0.3816666667	0.38625
0252331012	2011	6	12	163	0.3997916667	0.3820416667	0.38475
0252331012	2011	6	13	164	0.3984166667	0.383875	0.3832916667
0252331012	2011	6	14	165	0.3982083333	0.382875	0.3814166667
0252331012	2011	6	15	166	0.3974583333	0.383	0.3785833333
0252331012	2011	6	16	167	0.39675	0.3825833333	0.3751666667
0252331012	2011	6	17	168	0.3963478261	0.3827391304	0.3703043478
0252331012	2011	6	18	169	0.395	0.383625	0.36525
0252331012	2011	6	19	170	0.39325	0.383625	0.3637083333
0252331012	2011	6	20	171	0.3934583333	0.3837083333	0.3619583333
0252331012	2011	6	21	172	0.3907916667	0.382375	0.3615
0252331012	2011	6	22	173	0.389375	0.3816666667	0.3620416667
0252331012	2011	6	23	174	0.3869583333	0.3809166667	0.3620833333
0252331012	2011	6	24	175	0.3856956522	0.3793043478	0.3635652174
0252331012	2011	6	25	176	0.3809166667	0.3774583333	0.364375
0252331012	2011	6	26	177	0.3776666667	0.3742083333	0.3655
0252331012	2011	6	27	178	0.3750833333	0.37	0.3659583333
0252331012	2011	6	28	179	0.3735833333	0.3665	0.3655833333
0252331012	2011	6	29	180	0.3714583333	0.3619583333	0.3654166667
0252331012	2011	6	30	181	0.37125	0.3642916667	0.3674166667
0252331012	2011	7	1	182	0.3725416667	0.3633333333	0.3674583333
0252331012	2011	7	2	183	0.3772916667	0.360375	0.3669583333
0252331012	2011	7	3	184	0.376875	0.3566666667	0.3662083333
0252331012	2011	7	4	185	0.3745	0.3516666667	0.3665833333
0252331012	2011	7	5	186	0.3738333333	0.350625	0.3681666667
0252331012	2011	7	6	187	0.378875	0.3581666667	0.3714166667
0252331012	2011	7	7	188	0.376875	0.3556666667	0.3709583333
0252331012	2011	7	8	189	0.3779583333	0.3635	0.373375
0252331012	2011	7	9	190	0.3694347826	0.3599130435	0.372826087
0252331012	2011	7	10	191	0.3651666667	0.356875	0.372625
0252331012	2011	7	11	192	0.3630833333	0.3625416667	0.3745833333
0252331012	2011	7	12	193	0.3385	0.3688333333	0.3755416667
0252331012	2011	7	13	194	0.3240416667	0.3669583333	0.375125
0252331012	2011	7	14	195	0.3105	0.364375	0.374375
0252331012	2011	7	15	196	0.3145416667	0.3584166667	0.37325
0252331012	2011	7	16	197	0.30875	0.3521666667	0.3723333333
0252331012	2011	7	17	198	0.32025	0.346625	0.3694583333
0252331012	2011	7	18	199	0.322625	0.3416666667	0.3683333333
0252331012	2011	7	19	200	0.3395416667	0.339875	0.3689583333
0252331012	2011	7	20	201	0.341	0.3395	0.370625
0252331012	2011	7	21	202	0.3523333333	0.333375	0.370125
0252331012	2011	7	22	203	0.3529166667	0.324625	0.367875
0252331012	2011	7	23	204	0.3497916667	0.3182083333	0.3639166667
0252331012	2011	7	24	205	0.3470416667	0.3122083333	0.36
0252331012	2011	7	25	206	0.3440416667	0.3073333333	0.3558333333
0252331012	2011	7	26	207	0.3460833333	0.3077083333	0.354875
0252331012	2011	7	27	208	0.3436666667	0.3059583333	0.354875
0252331012	2011	7	28	209	0.3393333333	0.3025	0.3530416667
0252331012	2011	7	29	210	0.3227083333	0.29725	0.3513333333
0252331012	2011	7	30	211	0.311375	0.2919166667	0.3490833333
0252331012	2011	7	31	212	0.3197916667	0.2916666667	0.3480833333
0252331012	2011	8	1	213	0.3206666667	0.2923333333	0.347875
0252331012	2011	8	2	214	0.3215	0.2924166667	0.3480416667
0252331012	2011	8	3	215	0.3220833333	0.293125	0.3474583333
0252331012	2011	8	4	216	0.3181666667	0.2930833333	0.3467083333
0252331012	2011	8	5	217	0.3134583333	0.2915	0.3459166667
0252331012	2011	8	6	218	0.3053333333	0.2868333333	0.3455
0252331012	2011	8	7	219	0.2952083333	0.2807916667	0.3428333333
0252331012	2011	8	8	220	0.2862916667	0.274	0.3364583333
0252331012	2011	8	9	221	0.2717916667	0.26825	0.332375
0252331012	2011	8	10	222	0.2565833333	0.26225	0.3307083333
0252331012	2011	8	11	223	0.2395833333	0.2569166667	0.3284166667
0252331012	2011	8	12	224	0.22	0.2518333333	0.3266666667
0252331012	2011	8	13	225	0.19725	0.2465	0.3249583333
0252331012	2011	8	14	226	0.1848333333	0.2444583333	0.3239166667
0252331012	2011	8	15	227	0.177125	0.2445	0.3239583333
0252331012	2011	8	16	228	0.2080416667	0.253875	0.3250833333
0252331012	2011	8	17	229	0.2209166667	0.2535	0.3257083333
0252331012	2011	8	18	230	0.1997916667	0.2509166667	0.3254583333
0252331012	2011	8	19	231	0.1844583333	0.2481666667	0.3249166667
0252331012	2011	8	20	232	0.173375	0.2465	0.3243333333
0252331012	2011	8	21	233	0.2395217391	0.2586086957	0.3250434783
0252331012	2011	8	22	234	0.2314583333	0.2582916667	0.327125
0252331012	2011	8	23	235	0.210826087	0.2549130435	0.3257826087
0252331012	2011	8	24	236	0.1963333333	0.2526666667	0.325375
0252331012	2011	8	25	237	0.1888333333	0.2517916667	0.3244583333
0252331012	2011	8	26	238	0.292375	0.3035833333	0.3385
0252331012	2011	8	27	239	0.286125	0.2969583333	0.3405
0252331012	2011	8	28	240	0.2919583333	0.2949166667	0.3389583333
0252331012	2011	8	29	241	0.312125	0.30425	0.3438333333
0252331012	2011	8	30	242	0.2912916667	0.2984166667	0.3448333333
0252331012	2011	8	31	243	0.2871666667	0.29425	0.3423333333
0252331012	2011	9	1	244	0.2718333333	0.287375	0.33975
0252331012	2011	9	2	245	0.2543333333	0.27975	0.3365833333
0252331012	2011	9	3	246	0.239875	0.2739166667	0.334125
0252331012	2011	9	4	247	0.2277916667	0.2685833333	0.3295416667
0252331012	2011	9	5	248	0.2162083333	0.2640833333	0.32725
0252331012	2011	9	6	249	0.22875	0.2665416667	0.3259166667
0252331012	2011	9	7	250	0.2642083333	0.2715833333	0.326375
0252331012	2011	9	8	251	0.2540416667	0.268625	0.3277083333
0252331012	2011	9	9	252	0.2439583333	0.2668333333	0.3263333333
0252331012	2011	9	10	253	0.2365833333	0.264625	0.3249583333
0252331012	2011	9	11	254	0.2702083333	0.272625	0.3269583333
0252331012	2011	9	12	255	0.2703333333	0.2725	0.3269583333
0252331012	2011	9	13	256	0.2852083333	0.2764166667	0.3285833333
0252331012	2011	9	14	257	0.272125	0.2727083333	0.3285833333
0252331012	2011	9	15	258	0.26725	0.2709166667	0.327375
0252331012	2011	9	16	259	0.2610833333	0.2689583333	0.3265
0252331012	2011	9	17	260	0.3195	0.2981666667	0.33325
0252331012	2011	9	18	261	0.2967083333	0.2970833333	0.3418333333
0252331012	2011	9	19	262	0.2815	0.2895416667	0.341
0252331012	2011	9	20	263	0.2687083333	0.283625	0.3382083333
0252331012	2011	9	21	264	0.2597916667	0.279	0.3371666667
0252331012	2011	9	22	265	0.2524166667	0.2747916667	0.3352916667
0252331012	2011	9	23	266	0.2422083333	0.271	0.3341666667
0252331012	2011	9	24	267	0.2357083333	0.2673333333	0.3300833333
0252331012	2011	9	25	268	0.2283333333	0.2655	0.3257083333
0252331012	2011	9	26	269	0.2197083333	0.26325	0.3240833333
0252331012	2011	9	27	270	0.2169166667	0.261875	0.3239583333
0252331012	2011	9	28	271	0.209375	0.2599166667	0.322875
0252331012	2011	9	29	272	0.2022083333	0.2580416667	0.3229583333
0252331012	2011	9	30	273	0.1959583333	0.2559166667	0.3224583333
0252331012	2011	10	1	274	0.1890833333	0.2544583333	0.321375
0252331012	2011	10	2	275	0.1874583333	0.25325	0.3210833333
0252331012	2011	10	3	276	0.1863333333	0.2522916667	0.3212083333
0252331012	2011	10	4	277	0.1900416667	0.2535	0.3199583333
0252331012	2011	10	5	278	0.2014166667	0.2574583333	0.3210416667
0252331012	2011	10	6	279	0.2107083333	0.2595	0.3210833333
0252331012	2011	10	7	280	0.2280416667	0.263625	0.3217083333
0252331012	2011	10	8	281	0.2382083333	0.268625	0.322125
0252331012	2011	10	9	282	0.2432916667	0.2735	0.3225
0252331012	2011	10	10	283	0.245	0.2742916667	0.322625
0252331012	2011	10	11	284	0.2488333333	0.282625	0.3256666667
0252331012	2011	10	12	285	0.2544166667	0.2950833333	0.3320416667
0252331012	2011	10	13	286	0.2544166667	0.291625	0.3337083333
0252331012	2011	10	14	287	0.2530833333	0.2867083333	0.333
0252331012	2011	10	15	288	0.247875	0.282625	0.332
0252331012	2011	10	16	289	0.2426666667	0.279375	0.33075
0252331012	2011	10	17	290	0.2518333333	0.2859583333	0.329625
0252331012	2011	10	18	291	0.2697916667	0.2875416667	0.33225
0252331012	2011	10	19	292	0.261375	0.28175	0.3308333333
0252331012	2011	10	20	293	0.256375	0.279	0.328875
0252331012	2011	10	21	294	0.25275	0.2867083333	0.326625
0252331012	2011	10	22	295	0.248375	0.286875	0.3252916667
0252331012	2011	10	23	296	0.2453333333	0.2842916667	0.3237083333
0252331012	2011	10	24	297	0.241125	0.2815416667	0.3225
0252331012	2011	10	25	298	0.242	0.281	0.322625
0252331012	2011	10	26	299	0.2469166667	0.2813333333	0.3222916667
0252331012	2011	10	27	300	0.2373333333	0.2787916667	0.3212083333
0252331012	2011	10	28	301	0.177125	0.2749583333	0.3202083333
0252331012	2011	10	29	302	0.1312916667	0.2709166667	0.3187916667
0252331012	2011	10	30	303	0.1243333333	0.2696666667	0.3182083333
0252331012	2011	10	31	304	0.133125	0.269625	0.317
0252331012	2011	11	1	305	0.169	0.2709583333	0.3162916667
0252331012	2011	11	2	306	0.213125	0.2719166667	0.3173333333
0252331012	2011	11	3	307	0.1399166667	0.2712916667	0.317375
0252331012	2011	11	4	308	0.1082083333	0.2717916667	0.317125
0252331012	2011	11	5	309	0.1305	0.2742916667	0.3159166667
0252331012	2011	11	6	310	0.115125	0.2740833333	0.31825
0252331012	2011	11	7	311	0.09229166667	0.2715833333	0.3165416667
0252331012	2011	11	8	312	0.077625	0.2682083333	0.317125
0252331012	2011	11	9	313	0.06608333333	0.2642083333	0.3174583333
0252331012	2011	11	10	314	0.06333333333	0.2580416667	0.316
0252331012	2011	11	11	315	0.06179166667	0.2527916667	0.3152916667
0252331012	2011	11	12	316	0.06958333333	0.2509583333	0.3147916667
0252331012	2011	11	13	317	0.07616666667	0.25475	0.3145
0252331012	2011	11	14	318	0.07766666667	0.258125	0.3153333333
0252331012	2011	11	15	319	0.07629166667	0.2604583333	0.3147083333
0252331012	2011	11	16	320	0.07325	0.2603333333	0.3145833333
0252331012	2011	11	17	321	0.07033333333	0.2599583333	0.3150833333
0252331012	2011	11	18	322	0.07466666667	0.2594166667	0.315
0252331012	2011	11	19	323	0.08008695652	0.2606521739	0.3145652174
0252331012	2011	11	20	324	0.08245833333	0.261875	0.3149166667
0252331012	2011	11	21	325	0.08245833333	0.2619166667	0.3150416667
0252331012	2011	11	22	326	0.08504166667	0.26225	0.3150833333
0252331012	2011	11	23	327	0.082125	0.263	0.3142083333
0252331012	2011	11	24	328	0.0835	0.2627916667	0.31475
0252331012	2011	11	25	329	0.0825	0.2625	0.3140833333
0252331012	2011	11	26	330	0.08166666667	0.26175	0.3142083333
0252331012	2011	11	27	331	0.07954166667	0.260875	0.3147083333
0252331012	2011	11	28	332	0.07983333333	0.259875	0.3135416667
0252331012	2011	11	29	333	0.08154166667	0.259	0.3135
0252331012	2011	11	30	334	0.08083333333	0.2589583333	0.3135416667
0252331012	2011	12	1	335	0.083	0.258875	0.3137916667
0252331012	2011	12	2	336	0.08416666667	0.2593333333	0.3135833333
0252331012	2011	12	3	337	0.082375	0.2592916667	0.3133333333
0252331012	2011	12	4	338	0.08325	0.25925	0.314125
0252331012	2011	12	5	339	0.082875	0.2585	0.3130833333
0252331012	2011	12	6	340	0.07945833333	0.2574583333	0.31375
0252331012	2011	12	7	341	0.0795	0.25575	0.31275
0252331012	2011	12	8	342	0.079375	0.2546666667	0.3121666667
0252331012	2011	12	9	343	0.07933333333	0.2549583333	0.3117916667
0252331012	2011	12	10	344	0.0785	0.2540416667	0.311
0252331012	2011	12	11	345	0.07791666667	0.253875	0.311625
0252331012	2011	12	12	346	0.07741666667	0.2527916667	0.3109166667
0252331012	2011	12	13	347	0.07820833333	0.2527083333	0.3100416667
0252331012	2011	12	14	348	0.07916666667	0.2523333333	0.3101666667
0252331012	2011	12	15	349	0.07908333333	0.2522916667	0.309875
0252331012	2011	12	16	350	0.0765	0.2522083333	0.3098333333
0252331012	2011	12	17	351	0.07366666667	0.251875	0.3095
0252331012	2011	12	18	352	0.07441666667	0.252125	0.3096666667
0252331012	2011	12	19	353	0.07625	0.253125	0.3095
0252331012	2011	12	20	354	0.07729166667	0.25475	0.3094583333
0252331012	2011	12	21	355	0.07733333333	0.2540833333	0.3089583333
0252331012	2011	12	22	356	0.07770833333	0.253125	0.3089583333
0252331012	2011	12	23	357	0.07983333333	0.2534166667	0.3092916667
0252331012	2011	12	24	358	0.07941666667	0.2540416667	0.30925
0252331012	2011	12	25	359	0.07941666667	0.2539166667	0.308125
0252331012	2011	12	26	360	0.080625	0.2543333333	0.3088333333
0252331012	2011	12	27	361	0.081375	0.2542916667	0.3085833333
0252331012	2011	12	28	362	0.08213043478	0.2540869565	0.308826087
0252331012	2011	12	29	363	0.08316666667	0.254	0.3080416667
0252331012	2011	12	30	364	0.0875	0.254125	0.308875
0252331012	2011	12	31	365	0.08904166667	0.2545416667	0.3082916667
0252331012	2012	1	1	1	0.08879166667	0.2552916667	0.309125
0252331012	2012	1	2	2	0.08516666667	0.2546666667	0.30775
0252331012	2012	1	3	3	0.08454166667	0.2547916667	0.30825
0252331012	2012	1	4	4	0.08504166667	0.2547083333	0.3087916667
0252331012	2012	1	5	5	0.08420833333	0.2539166667	0.3084166667
0252331012	2012	1	6	6	0.08441666667	0.253875	0.3086666667
0252331012	2012	1	7	7	0.08433333333	0.2535	0.3085833333
0252331012	2012	1	8	8	0.09370833333	0.2536666667	0.30775
0252331012	2012	1	9	9	0.09795833333	0.2540416667	0.3080416667
0252331012	2012	1	10	10	0.09508333333	0.2545416667	0.308625
0252331012	2012	1	11	11	0.09395833333	0.2543333333	0.309375
0252331012	2012	1	12	12	0.1439583333	0.2559166667	0.30875
0252331012	2012	1	13	13	0.1980416667	0.2572916667	0.3085
0252331012	2012	1	14	14	0.214625	0.2566666667	0.3075
0252331012	2012	1	15	15	0.2255416667	0.2567083333	0.3078333333
0252331012	2012	1	16	16	0.237375	0.2568333333	0.3086666667
0252331012	2012	1	17	17	0.250375	0.2567916667	0.3081666667
0252331012	2012	1	18	18	0.261	0.2570416667	0.3077916667
0252331012	2012	1	19	19	0.2672916667	0.2568333333	0.3075
0252331012	2012	1	20	20	0.2672083333	0.2568333333	0.307
0252331012	2012	1	21	21	0.2679583333	0.2565	0.30675
0252331012	2012	1	22	22	0.2737916667	0.2571666667	0.3072083333
0252331012	2012	1	23	23	0.285	0.25775	0.3079166667
0252331012	2012	1	24	24	0.2962916667	0.258	0.3074583333
0252331012	2012	1	25	25	0.306125	0.2573333333	0.30725
0252331012	2012	1	26	26	0.312	0.258	0.3078333333
0252331012	2012	1	27	27	0.3145416667	0.2577083333	0.3073333333
0252331012	2012	1	28	28	0.3162916667	0.2586666667	0.3074583333
0252331012	2012	1	29	29	0.3155	0.2585833333	0.3066666667
0252331012	2012	1	30	30	0.313125	0.2586666667	0.3065416667
0252331012	2012	1	31	31	0.3115833333	0.2587083333	0.3075833333
0252331012	2012	2	1	32	0.3095416667	0.2588333333	0.3075
0252331012	2012	2	2	33	0.3037083333	0.2584583333	0.3070833333
0252331012	2012	2	3	34	0.3044583333	0.2587083333	0.3065
0252331012	2012	2	4	35	0.2987083333	0.2589583333	0.306875
0252331012	2012	2	5	36	0.2949166667	0.2595416667	0.306625
0252331012	2012	2	6	37	0.2934583333	0.2605	0.3079583333
0252331012	2012	2	7	38	0.293125	0.2614166667	0.3074583333
0252331012	2012	2	8	39	0.2919583333	0.26125	0.3063333333
0252331012	2012	2	9	40	0.2887916667	0.26075	0.3072916667
0252331012	2012	2	10	41	0.292	0.2602916667	0.3079583333
0252331012	2012	2	11	42	0.2961666667	0.2599166667	0.3064166667
0252331012	2012	2	12	43	0.2960416667	0.2589583333	0.307875
0252331012	2012	2	13	44	0.2972083333	0.26	0.3072083333
0252331012	2012	2	14	45	0.2949583333	0.2597916667	0.306875
0252331012	2012	2	15	46	0.2968333333	0.2604583333	0.3073333333
0252331012	2012	2	16	47	0.2973333333	0.2612916667	0.3070833333
0252331012	2012	2	17	48	0.2942083333	0.261	0.30675
0252331012	2012	2	18	49	0.2816666667	0.259875	0.3074166667
0252331012	2012	2	19	50	0.2744583333	0.2588333333	0.3059166667
0252331012	2012	2	20	51	0.2769583333	0.2589583333	0.306875
0252331012	2012	2	21	52	0.27675	0.2595	0.3066666667
0252331012	2012	2	22	53	0.2735833333	0.2589166667	0.30725
0252331012	2012	2	23	54	0.2762916667	0.2589166667	0.3067916667
0252331012	2012	2	24	55	0.2810833333	0.2600833333	0.306625
0252331012	2012	2	25	56	0.2838333333	0.2617083333	0.3072083333
0252331012	2012	2	26	57	0.27925	0.2617916667	0.3067916667
0252331012	2012	2	27	58	0.2723333333	0.2608333333	0.3065416667
0252331012	2012	2	28	59	0.2679583333	0.2595	0.3059583333
0252331012	2012	2	29	60	0.2625833333	0.2587916667	0.3062916667
0252331012	2012	3	1	61	0.25725	0.2575416667	0.3053333333
0252331012	2012	3	2	62	0.2527916667	0.2573333333	0.3064166667
0252331012	2012	3	3	63	0.2498333333	0.2565	0.305
0252331012	2012	3	4	64	0.2482916667	0.2562916667	0.3045416667
0252331012	2012	3	5	65	0.2464166667	0.2555833333	0.3054166667
0252331012	2012	3	6	66	0.2456956522	0.254826087	0.3052608696
0252331012	2012	3	7	67	0.246875	0.2554166667	0.3046666667
0252331012	2012	3	8	68	0.2474166667	0.2555	0.304125
0252331012	2012	3	9	69	0.2465833333	0.2545	0.3049166667
0252331012	2012	3	10	70	0.245625	0.255	0.3045
0252331012	2012	3	11	71	0.244173913	0.2548695652	0.3046521739
0252331012	2012	3	12	72	0.24425	0.2542916667	0.3036666667
0252331012	2012	3	13	73	0.245875	0.25475	0.3030416667
0252331012	2012	3	14	74	0.2482916667	0.2553333333	0.3037916667
0252331012	2012	3	15	75	0.2520416667	0.2564166667	0.30425
0252331012	2012	3	16	76	0.2633333333	0.2572083333	0.3034166667
0252331012	2012	3	17	77	0.271875	0.2590833333	0.3045833333
0252331012	2012	3	18	78	0.2845	0.261875	0.3041666667
0252331012	2012	3	19	79	0.278625	0.2631666667	0.3049166667
0252331012	2012	3	20	80	0.2761666667	0.2643333333	0.3054166667
0252331012	2012	3	21	81	0.281	0.2635217391	0.3054347826
0252331012	2012	3	22	82	0.279625	0.2639583333	0.3042916667
0252331012	2012	3	23	83	0.3067083333	0.2659166667	0.3049166667
0252331012	2012	3	24	84	0.31	0.2695	0.3061666667
0252331012	2012	3	25	85	0.310125	0.2722083333	0.307
0252331012	2012	3	26	86	0.3092083333	0.2749166667	0.3115416667
0252331012	2012	3	27	87	0.3028333333	0.277625	0.312
0252331012	2012	3	28	88	0.3056956522	0.2780434783	0.3119565217
0252331012	2012	3	29	89	0.3106666667	0.2801666667	0.314125
0252331012	2012	3	30	90	0.3140833333	0.283125	0.31625
0252331012	2012	3	31	91	0.3140416667	0.2894166667	0.3295
0252331012	2012	4	1	92	0.3142083333	0.3020833333	0.3472916667
0252331012	2012	4	2	93	0.3111666667	0.2995	0.339
0252331012	2012	4	3	94	0.3081666667	0.2947916667	0.332875
0252331012	2012	4	4	95	0.3106956522	0.293826087	0.3320869565
0252331012	2012	4	5	96	0.3111666667	0.2995	0.3405
0252331012	2012	4	6	97	0.3114583333	0.3024166667	0.3424166667
0252331012	2012	4	7	98	0.3110416667	0.297125	0.335875
0252331012	2012	4	8	99	0.3102083333	0.2941666667	0.3319166667
0252331012	2012	4	9	100	0.311125	0.298875	0.3372083333
0252331012	2012	4	10	101	0.307875	0.30575	0.3482916667
0252331012	2012	4	11	102	0.3035416667	0.3152916667	0.36175
0252331012	2012	4	12	103	0.2981304348	0.3312173913	0.3604782609
0252331012	2012	4	13	104	0.299	0.32175	0.3538333333
0252331012	2012	4	14	105	0.2974166667	0.3138333333	0.345
0252331012	2012	4	15	106	0.2989166667	0.3115	0.3407916667
0252331012	2012	4	16	107	0.3052083333	0.31525	0.3382083333
0252331012	2012	4	17	108	0.3145	0.3204583333	0.3372916667
0252331012	2012	4	18	109	0.3159583333	0.318125	0.3349583333
0252331012	2012	4	19	110	0.3070416667	0.316125	0.3367916667
0252331012	2012	4	20	111	0.3034782609	0.3146086957	0.3372173913
0252331012	2012	4	21	112	0.2980416667	0.3108333333	0.337125
0252331012	2012	4	22	113	0.2960833333	0.3105	0.341125
0252331012	2012	4	23	114	0.2947083333	0.3102916667	0.3429583333
0252331012	2012	4	24	115	0.293875	0.31275	0.3439166667
0252331012	2012	4	25	116	0.2930833333	0.316	0.3454166667
0252331012	2012	4	26	117	0.2925833333	0.3188333333	0.3455
0252331012	2012	4	27	118	0.2962083333	0.3247916667	0.3515416667
0252331012	2012	4	28	119	0.294625	0.3229166667	0.351375
0252331012	2012	4	29	120	0.2919130435	0.3195217391	0.3477391304
0252331012	2012	4	30	121	0.2893333333	0.315125	0.344
0252331012	2012	5	1	122	0.2925416667	0.315125	0.3422916667
0252331012	2012	5	2	123	0.2959166667	0.3199166667	0.3470833333
0252331012	2012	5	3	124	0.2917391304	0.3163478261	0.3453913043
0252331012	2012	5	4	125	0.2902916667	0.3123333333	0.3425
0252331012	2012	5	5	126	0.2917083333	0.3092916667	0.3395833333
0252331012	2012	5	6	127	0.2883913043	0.3049565217	0.3364347826
0252331012	2012	5	7	128	0.286125	0.3014583333	0.334375
0252331012	2012	5	8	129	0.2809583333	0.29775	0.3312916667
0252331012	2012	5	9	130	0.279875	0.2939583333	0.3275416667
0252331012	2012	5	10	131	0.2749130435	0.2904347826	0.3253043478
0252331012	2012	5	11	132	-9999	-9999	-9999
0252331012	2012	5	12	133	-9999	-9999	-9999
0252331012	2012	5	13	134	-9999	-9999	-9999
0252331012	2012	5	14	135	-9999	-9999	-9999
0252331012	2012	5	15	136	-9999	-9999	-9999
0252331012	2012	5	16	137	-9999	-9999	-9999
0252331012	2012	5	17	138	-9999	-9999	-9999
0252331012	2012	5	18	139	-9999	-9999	-9999
0252331012	2012	5	19	140	-9999	-9999	-9999
0252331012	2012	5	20	141	-9999	-9999	-9999
0252331012	2012	5	21	142	-9999	-9999	-9999
0252331012	2012	5	22	143	-9999	-9999	-9999
0252331012	2012	5	23	144	-9999	-9999	-9999
0252331012	2012	5	24	145	-9999	-9999	-9999
0252331012	2012	5	25	146	-9999	-9999	-9999
0252331012	2012	5	26	147	-9999	-9999	-9999
0252331012	2012	5	27	148	-9999	-9999	-9999
0252331012	2012	5	28	149	-9999	-9999	-9999
0252331012	2012	5	29	150	-9999	-9999	-9999
0252331012	2012	5	30	151	-9999	-9999	-9999
0252331012	2012	5	31	152	-9999	-9999	-9999
0252331012	2012	6	1	153	-9999	-9999	-9999
0252331012	2012	6	2	154	-9999	-9999	-9999
0252331012	2012	6	3	155	-9999	-9999	-9999
0252331012	2012	6	4	156	-9999	-9999	-9999
0252331012	2012	6	5	157	-9999	-9999	-9999
0252331012	2012	6	6	158	-9999	-9999	-9999
0252331012	2012	6	7	159	-9999	-9999	-9999
0252331012	2012	6	8	160	-9999	-9999	-9999
0252331012	2012	6	9	161	-9999	-9999	-9999
0252331012	2012	6	10	162	-9999	-9999	-9999
0252331012	2012	6	11	163	-9999	-9999	-9999
0252331012	2012	6	12	164	0.06925	0.1503333333	0.2900833333
0252331012	2012	6	13	165	0.06758333333	0.1377083333	0.288375
0252331012	2012	6	14	166	0.06566666667	0.1205833333	0.2860833333
0252331012	2012	6	15	167	0.0635	0.1041666667	0.28375
0252331012	2012	6	16	168	0.06216666667	0.097625	0.2815416667
0252331012	2012	6	17	169	0.060625	0.08166666667	0.2795833333
0252331012	2012	6	18	170	0.059375	0.066625	0.276125
0252331012	2012	6	19	171	0.05691666667	0.058375	0.2730833333
0252331012	2012	6	20	172	0.05420833333	0.05333333333	0.2697916667
0252331012	2012	6	21	173	0.05320833333	0.04891666667	0.265625
0252331012	2012	6	22	174	0.05279166667	0.04616666667	0.2607083333
0252331012	2012	6	23	175	0.05129166667	0.04395833333	0.2557916667
0252331012	2012	6	24	176	0.04933333333	0.04175	0.2499166667
0252331012	2012	6	25	177	0.04820833333	0.04079166667	0.2444583333
0252331012	2012	6	26	178	0.04879166667	0.039875	0.2395416667
0252331012	2012	6	27	179	0.04508333333	0.03854166667	0.2317083333
0252331012	2012	6	28	180	0.04425	0.03754166667	0.2245
0252331012	2012	6	29	181	0.04416666667	0.03654166667	0.2155
0252331012	2012	6	30	182	0.04279166667	0.03645833333	0.206625
0252331012	2012	7	1	183	0.041875	0.03520833333	0.1959166667
0252331012	2012	7	2	184	0.04016666667	0.03320833333	0.1853333333
0252331012	2012	7	3	185	0.04041666667	0.03366666667	0.17325
0252331012	2012	7	4	186	0.03720833333	0.03316666667	0.161
0252331012	2012	7	5	187	0.03965217391	0.032	0.1539565217
0252331012	2012	7	6	188	0.1079583333	0.02995833333	0.155
0252331012	2012	7	7	189	0.1599583333	0.03091666667	0.15675
0252331012	2012	7	8	190	0.159	0.03158333333	0.1592083333
0252331012	2012	7	9	191	0.1264166667	0.034125	0.15825
0252331012	2012	7	10	192	0.09075	0.03616666667	0.1574166667
0252331012	2012	7	11	193	0.06770833333	0.03508333333	0.1575833333
0252331012	2012	7	12	194	0.05633333333	0.03604166667	0.15325
0252331012	2012	7	13	195	0.05182608696	0.03456521739	0.1508695652
0252331012	2012	7	14	196	0.05120833333	0.03495833333	0.1482916667
0252331012	2012	7	15	197	0.05169565217	0.03482608696	0.148173913
0252331012	2012	7	16	198	0.050125	0.03404166667	0.1489166667
0252331012	2012	7	17	199	0.06275	0.03558333333	0.146375
0252331012	2012	7	18	200	0.06882608696	0.03665217391	0.1472608696
0252331012	2012	7	19	201	0.05958333333	0.03833333333	0.1459583333
0252331012	2012	7	20	202	0.05220833333	0.03833333333	0.1410833333
0252331012	2012	7	21	203	0.07383333333	0.03733333333	0.1401666667
0252331012	2012	7	22	204	0.1708571429	0.03657142857	0.142047619
0252331012	2012	7	23	205	0.1758695652	0.03839130435	0.1436086957
0252331012	2012	7	24	206	0.2225	0.08816666667	0.1444166667
0252331012	2012	7	25	207	0.1929166667	0.1395416667	0.1451666667
0252331012	2012	7	26	208	0.1645	0.1370416667	0.1424166667
0252331012	2012	7	27	209	0.14725	0.131875	0.1417916667
0252331012	2012	7	28	210	0.134625	0.1252083333	0.1440833333
0252331012	2012	7	29	211	0.1252083333	0.120875	0.145875
0252331012	2012	7	30	212	0.116375	0.1166666667	0.1439583333
0252331012	2012	7	31	213	0.102625	0.1129166667	0.1459166667
0252331012	2012	8	1	214	0.09266666667	0.1082083333	0.1432083333
0252331012	2012	8	2	215	0.07966666667	0.1021666667	0.1430833333
0252331012	2012	8	3	216	0.06860869565	0.0937826087	0.1420434783
0252331012	2012	8	4	217	0.06120833333	0.08345833333	0.1401666667
0252331012	2012	8	5	218	0.054375	0.07275	0.1385416667
0252331012	2012	8	6	219	0.05443478261	0.06360869565	0.1344347826
0252331012	2012	8	7	220	0.05066666667	0.05370833333	0.1255
0252331012	2012	8	8	221	0.0475	0.04629166667	0.1143333333
0252331012	2012	8	9	222	0.04575	0.04295833333	0.1021666667
0252331012	2012	8	10	223	0.04565217391	0.03895652174	0.1014782609
0252331012	2012	8	11	224	0.051125	0.03995833333	0.101375
0252331012	2012	8	12	225	0.04825	0.04045833333	0.1010416667
0252331012	2012	8	13	226	0.047625	0.04116666667	0.09458333333
0252331012	2012	8	14	227	0.04516666667	0.03941666667	0.08775
0252331012	2012	8	15	228	0.0425	0.03745833333	0.07966666667
0252331012	2012	8	16	229	0.04158333333	0.035875	0.07266666667
0252331012	2012	8	17	230	0.03920833333	0.03404166667	0.06720833333
0252331012	2012	8	18	231	0.03879166667	0.03241666667	0.06270833333
0252331012	2012	8	19	232	0.03683333333	0.031375	0.05754166667
0252331012	2012	8	20	233	0.03708333333	0.03095833333	0.05479166667
0252331012	2012	8	21	234	0.0345	0.02945833333	0.05466666667
0252331012	2012	8	22	235	0.035375	0.02970833333	0.05079166667
0252331012	2012	8	23	236	0.03620833333	0.02733333333	0.0515
0252331012	2012	8	24	237	0.03654166667	0.02829166667	0.051875
0252331012	2012	8	25	238	0.03329166667	0.02829166667	0.04875
0252331012	2012	8	26	239	0.03434782609	0.02691304348	0.04773913043
0252331012	2012	8	27	240	0.03504166667	0.02679166667	0.04875
0252331012	2012	8	28	241	0.035	0.02858333333	0.04633333333
0252331012	2012	8	29	242	0.03470833333	0.02833333333	0.0465
0252331012	2012	8	30	243	0.034875	0.028625	0.04554166667
0252331012	2012	8	31	244	0.0705	0.02708333333	0.04770833333
0252331012	2012	9	1	245	0.1432083333	0.02654166667	0.046875
0252331012	2012	9	2	246	0.1686666667	0.02791666667	0.04745833333
0252331012	2012	9	3	247	0.1537826087	0.0272173913	0.04808695652
0252331012	2012	9	4	248	0.1356666667	0.02704166667	0.04841666667
0252331012	2012	9	5	249	0.115875	0.02691666667	0.04795833333
0252331012	2012	9	6	250	0.0985	0.02816666667	0.04833333333
0252331012	2012	9	7	251	0.08779166667	0.02958333333	0.04891666667
0252331012	2012	9	8	252	0.07504166667	0.02995833333	0.04891666667
0252331012	2012	9	9	253	0.06341666667	0.03029166667	0.048125
0252331012	2012	9	10	254	0.05408333333	0.03191666667	0.04920833333
0252331012	2012	9	11	255	0.05095833333	0.03266666667	0.05004166667
0252331012	2012	9	12	256	0.04505882353	0.03070588235	0.04923529412
0252331012	2012	9	13	257	0.041125	0.02975	0.04808333333
0252331012	2012	9	14	258	0.037875	0.02908333333	0.04579166667
0252331012	2012	9	15	259	0.03620833333	0.02795833333	0.04466666667
0252331012	2012	9	16	260	0.03358333333	0.02670833333	0.04404166667
0252331012	2012	9	17	261	0.034125	0.024875	0.04170833333
0252331012	2012	9	18	262	0.03070588235	0.02329411765	0.041
0252331012	2012	9	19	263	0.02970833333	0.02354166667	0.04075
0252331012	2012	9	20	264	0.02904166667	0.02270833333	0.0395
0252331012	2012	9	21	265	0.028375	0.02270833333	0.03991666667
0252331012	2012	9	22	266	0.02808333333	0.02204166667	0.03679166667
0252331012	2012	9	23	267	0.02752941176	0.02147058824	0.03652941176
0252331012	2012	9	24	268	0.02725	0.02129166667	0.0375
0252331012	2012	9	25	269	-9999	0.01911764706	0.03688235294
0252331012	2012	9	26	270	0.06652941176	0.02070588235	0.03811764706
0252331012	2012	9	27	271	0.090875	0.02191666667	0.03925
0252331012	2012	9	28	272	0.09366666667	0.02179166667	0.03895833333
0252331012	2012	9	29	273	0.08858333333	0.02125	0.03879166667
0252331012	2012	9	30	274	0.08252173913	0.02043478261	0.03873913043
0252331012	2012	10	1	275	0.07383333333	0.02141666667	0.04
0252331012	2012	10	2	276	0.06583333333	0.0215	0.0395
0252331012	2012	10	3	277	0.05733333333	0.02166666667	0.03983333333
0252331012	2012	10	4	278	0.04825	0.02116666667	0.039375
0252331012	2012	10	5	279	0.043875	0.02191666667	0.03945833333
0252331012	2012	10	6	280	0.036125	0.020625	0.03866666667
0252331012	2012	10	7	281	0.03204166667	0.0185	0.03845833333
0252331012	2012	10	8	282	0.03133333333	0.01833333333	0.03804166667
0252331012	2012	10	9	283	0.032125	0.01929166667	0.038375
0252331012	2012	10	10	284	0.03269565217	0.01965217391	0.03726086957
0252331012	2012	10	11	285	0.03420833333	0.02125	-9999
0252331012	2012	10	12	286	0.03320833333	0.02166666667	0.037875
0252331012	2012	10	13	287	0.03133333333	0.02004166667	0.038875
0252331012	2012	10	14	288	0.04491666667	0.01983333333	0.037875
0252331012	2012	10	15	289	0.054375	0.020125	0.03845833333
0252331012	2012	10	16	290	0.05845833333	0.02041666667	0.03904166667
0252331012	2012	10	17	291	0.129375	0.02058333333	0.039875
0252331012	2012	10	18	292	0.1304583333	0.019125	0.0385
0252331012	2012	10	19	293	0.1237916667	0.018625	0.03908333333
0252331012	2012	10	20	294	0.1235	0.01891666667	0.03816666667
0252331012	2012	10	21	295	0.1226666667	0.02033333333	0.03908333333
0252331012	2012	10	22	296	0.1210416667	0.02158333333	0.03854166667
0252331012	2012	10	23	297	0.1219166667	0.02229166667	0.04054166667
0252331012	2012	10	24	298	0.130375	0.020875	0.03954166667
0252331012	2012	10	25	299	0.132875	0.02083333333	0.04020833333
0252331012	2012	10	26	300	0.1210416667	0.020125	0.041
0252331012	2012	10	27	301	0.111875	0.01954166667	0.03929166667
0252331012	2012	10	28	302	0.1132916667	0.02020833333	0.03925
0252331012	2012	10	29	303	0.1274166667	0.02908333333	0.03975
0252331012	2012	10	30	304	0.1295416667	0.03225	0.03983333333
0252331012	2012	10	31	305	0.127875	0.03458333333	0.0395
0252331012	2012	11	1	306	0.1340416667	0.03675	0.040375
0252331012	2012	11	2	307	0.1377391304	0.04017391304	0.0402173913
0252331012	2012	11	3	308	0.1325833333	0.04279166667	0.04004166667
0252331012	2012	11	4	309	0.109	0.04775	0.04070833333
0252331012	2012	11	5	310	0.09933333333	0.04929166667	0.0405
0252331012	2012	11	6	311	0.090875	0.053125	0.039125
0252331012	2012	11	7	312	0.07254166667	0.05420833333	0.04045833333
0252331012	2012	11	8	313	0.06445833333	0.056375	0.039625
0252331012	2012	11	9	314	0.07333333333	0.056625	0.03904166667
0252331012	2012	11	10	315	0.08341666667	0.05704166667	0.04220833333
0252331012	2012	11	11	316	0.09695833333	0.058125	0.041375
0252331012	2012	11	12	317	0.1074166667	0.05741666667	0.042
0252331012	2012	11	13	318	0.11425	0.058875	0.04133333333
0252331012	2012	11	14	319	0.1199166667	0.05845833333	0.04183333333
0252331012	2012	11	15	320	0.1219583333	0.05970833333	0.042
0252331012	2012	11	16	321	0.09622222222	0.05977777778	0.04366666667
0252331012	2012	11	17	322	0.074375	0.06008333333	0.041375
0252331012	2012	11	18	323	0.08125	0.06020833333	0.041
0252331012	2012	11	19	324	0.086375	0.06158333333	0.04325
0252331012	2012	11	20	325	0.0685	0.06125	0.0435
0252331012	2012	11	21	326	0.06316666667	0.06079166667	0.04333333333
0252331012	2012	11	22	327	0.064	0.05995833333	0.04358333333
0252331012	2012	11	23	328	0.04666666667	0.05970833333	0.0425
0252331012	2012	11	24	329	0.0385	0.054	0.042
0252331012	2012	11	25	330	0.02991666667	0.032	0.04345833333
0252331012	2012	11	26	331	0.02416666667	0.02170833333	0.04220833333
0252331012	2012	11	27	332	0.01320833333	0.01333333333	0.04170833333
0252331012	2012	11	28	333	0.01345833333	0.01025	0.041875
0252331012	2012	11	29	334	0.02258333333	0.013375	0.04175
0252331012	2012	11	30	335	0.02366666667	0.014125	0.04229166667
0252331012	2012	12	1	336	0.03195833333	0.01729166667	0.042625
0252331012	2012	12	2	337	0.02779166667	0.01891666667	0.04220833333
0252331012	2012	12	3	338	0.03643478261	0.02069565217	0.04295652174
0252331012	2012	12	4	339	0.03179166667	0.02270833333	0.04258333333
0252331012	2012	12	5	340	0.03641176471	0.02617647059	0.04435294118
0252331012	2012	12	6	341	0.04247826087	0.03165217391	0.04469565217
0252331012	2012	12	7	342	0.037375	0.032875	0.04525
0252331012	2012	12	8	343	0.03470833333	0.03066666667	0.04466666667
0252331012	2012	12	9	344	0.03495833333	0.02995833333	0.0455
0252331012	2012	12	10	345	0.03520833333	0.03104166667	0.04520833333
0252331012	2012	12	11	346	0.03729166667	0.03175	0.04575
0252331012	2012	12	12	347	0.039	0.03369565217	0.04695652174
0252331012	2012	12	13	348	0.03979166667	0.03516666667	0.046375
0252331012	2012	12	14	349	0.03891666667	0.03708333333	0.04575
0252331012	2012	12	15	350	0.03975	0.03841666667	0.0465
0252331012	2012	12	16	351	0.04083333333	0.04025	0.04720833333
0252331012	2012	12	17	352	0.04016666667	0.04170833333	0.047875
0252331012	2012	12	18	353	-9999	-9999	-9999
0252331012	2012	12	19	354	-9999	-9999	-9999
0252331012	2012	12	20	355	-9999	-9999	-9999
0252331012	2012	12	21	356	-9999	-9999	-9999
0252331012	2012	12	22	357	-9999	-9999	-9999
0252331012	2012	12	23	358	-9999	-9999	-9999
0252331012	2012	12	24	359	-9999	-9999	-9999
0252331012	2012	12	25	360	-9999	-9999	-9999
0252331012	2012	12	26	361	-9999	-9999	-9999
0252331012	2012	12	27	362	-9999	-9999	-9999
0252331012	2012	12	28	363	-9999	-9999	-9999
0252331012	2012	12	29	364	-9999	-9999	-9999
0252331012	2012	12	30	365	-9999	-9999	-9999
0252331012	2012	12	31	366	-9999	-9999	-9999
