stationID	Y	M	D	DOY	depth_5	depth_20	depth_51
0252351012	2010	1	1	1	-9999	-9999	-9999
0252351012	2010	1	2	2	-9999	-9999	-9999
0252351012	2010	1	3	3	-9999	-9999	-9999
0252351012	2010	1	4	4	-9999	-9999	-9999
0252351012	2010	1	5	5	-9999	-9999	-9999
0252351012	2010	1	6	6	-9999	-9999	-9999
0252351012	2010	1	7	7	-9999	-9999	-9999
0252351012	2010	1	8	8	-9999	-9999	-9999
0252351012	2010	1	9	9	-9999	-9999	-9999
0252351012	2010	1	10	10	-9999	-9999	-9999
0252351012	2010	1	11	11	-9999	-9999	-9999
0252351012	2010	1	12	12	-9999	-9999	-9999
0252351012	2010	1	13	13	-9999	-9999	-9999
0252351012	2010	1	14	14	-9999	-9999	-9999
0252351012	2010	1	15	15	-9999	-9999	-9999
0252351012	2010	1	16	16	-9999	-9999	-9999
0252351012	2010	1	17	17	-9999	-9999	-9999
0252351012	2010	1	18	18	-9999	-9999	-9999
0252351012	2010	1	19	19	-9999	-9999	-9999
0252351012	2010	1	20	20	-9999	-9999	-9999
0252351012	2010	1	21	21	-9999	-9999	-9999
0252351012	2010	1	22	22	-9999	-9999	-9999
0252351012	2010	1	23	23	-9999	-9999	-9999
0252351012	2010	1	24	24	-9999	-9999	-9999
0252351012	2010	1	25	25	-9999	-9999	-9999
0252351012	2010	1	26	26	-9999	-9999	-9999
0252351012	2010	1	27	27	-9999	-9999	-9999
0252351012	2010	1	28	28	-9999	-9999	-9999
0252351012	2010	1	29	29	-9999	-9999	-9999
0252351012	2010	1	30	30	-9999	-9999	-9999
0252351012	2010	1	31	31	-9999	-9999	-9999
0252351012	2010	2	1	32	-9999	-9999	-9999
0252351012	2010	2	2	33	-9999	-9999	-9999
0252351012	2010	2	3	34	-9999	-9999	-9999
0252351012	2010	2	4	35	-9999	-9999	-9999
0252351012	2010	2	5	36	-9999	-9999	-9999
0252351012	2010	2	6	37	-9999	-9999	-9999
0252351012	2010	2	7	38	-9999	-9999	-9999
0252351012	2010	2	8	39	-9999	-9999	-9999
0252351012	2010	2	9	40	-9999	-9999	-9999
0252351012	2010	2	10	41	-9999	-9999	-9999
0252351012	2010	2	11	42	-9999	-9999	-9999
0252351012	2010	2	12	43	-9999	-9999	-9999
0252351012	2010	2	13	44	-9999	-9999	-9999
0252351012	2010	2	14	45	-9999	-9999	-9999
0252351012	2010	2	15	46	-9999	-9999	-9999
0252351012	2010	2	16	47	-9999	-9999	-9999
0252351012	2010	2	17	48	-9999	-9999	-9999
0252351012	2010	2	18	49	-9999	-9999	-9999
0252351012	2010	2	19	50	-9999	-9999	-9999
0252351012	2010	2	20	51	-9999	-9999	-9999
0252351012	2010	2	21	52	-9999	-9999	-9999
0252351012	2010	2	22	53	-9999	-9999	-9999
0252351012	2010	2	23	54	-9999	-9999	-9999
0252351012	2010	2	24	55	-9999	-9999	-9999
0252351012	2010	2	25	56	-9999	-9999	-9999
0252351012	2010	2	26	57	-9999	-9999	-9999
0252351012	2010	2	27	58	-9999	-9999	-9999
0252351012	2010	2	28	59	-9999	-9999	-9999
0252351012	2010	3	1	60	-9999	-9999	-9999
0252351012	2010	3	2	61	-9999	-9999	-9999
0252351012	2010	3	3	62	-9999	-9999	-9999
0252351012	2010	3	4	63	-9999	-9999	-9999
0252351012	2010	3	5	64	-9999	-9999	-9999
0252351012	2010	3	6	65	-9999	-9999	-9999
0252351012	2010	3	7	66	-9999	-9999	-9999
0252351012	2010	3	8	67	-9999	-9999	-9999
0252351012	2010	3	9	68	-9999	-9999	-9999
0252351012	2010	3	10	69	-9999	-9999	-9999
0252351012	2010	3	11	70	-9999	-9999	-9999
0252351012	2010	3	12	71	-9999	-9999	-9999
0252351012	2010	3	13	72	-9999	-9999	-9999
0252351012	2010	3	14	73	-9999	-9999	-9999
0252351012	2010	3	15	74	-9999	-9999	-9999
0252351012	2010	3	16	75	-9999	-9999	-9999
0252351012	2010	3	17	76	-9999	-9999	-9999
0252351012	2010	3	18	77	-9999	-9999	-9999
0252351012	2010	3	19	78	-9999	-9999	-9999
0252351012	2010	3	20	79	-9999	-9999	-9999
0252351012	2010	3	21	80	-9999	-9999	-9999
0252351012	2010	3	22	81	-9999	-9999	-9999
0252351012	2010	3	23	82	-9999	-9999	-9999
0252351012	2010	3	24	83	-9999	-9999	-9999
0252351012	2010	3	25	84	-9999	-9999	-9999
0252351012	2010	3	26	85	-9999	-9999	-9999
0252351012	2010	3	27	86	-9999	-9999	-9999
0252351012	2010	3	28	87	-9999	-9999	-9999
0252351012	2010	3	29	88	-9999	-9999	-9999
0252351012	2010	3	30	89	-9999	-9999	-9999
0252351012	2010	3	31	90	-9999	-9999	-9999
0252351012	2010	4	1	91	-9999	-9999	-9999
0252351012	2010	4	2	92	-9999	-9999	-9999
0252351012	2010	4	3	93	-9999	-9999	-9999
0252351012	2010	4	4	94	-9999	-9999	-9999
0252351012	2010	4	5	95	-9999	-9999	-9999
0252351012	2010	4	6	96	-9999	-9999	-9999
0252351012	2010	4	7	97	-9999	-9999	-9999
0252351012	2010	4	8	98	-9999	-9999	-9999
0252351012	2010	4	9	99	-9999	-9999	-9999
0252351012	2010	4	10	100	-9999	-9999	-9999
0252351012	2010	4	11	101	-9999	-9999	-9999
0252351012	2010	4	12	102	-9999	-9999	-9999
0252351012	2010	4	13	103	-9999	-9999	-9999
0252351012	2010	4	14	104	-9999	-9999	-9999
0252351012	2010	4	15	105	-9999	-9999	-9999
0252351012	2010	4	16	106	-9999	-9999	-9999
0252351012	2010	4	17	107	-9999	-9999	-9999
0252351012	2010	4	18	108	-9999	-9999	-9999
0252351012	2010	4	19	109	-9999	-9999	-9999
0252351012	2010	4	20	110	-9999	-9999	-9999
0252351012	2010	4	21	111	-9999	-9999	-9999
0252351012	2010	4	22	112	-9999	-9999	-9999
0252351012	2010	4	23	113	-9999	-9999	-9999
0252351012	2010	4	24	114	-9999	-9999	-9999
0252351012	2010	4	25	115	-9999	-9999	-9999
0252351012	2010	4	26	116	-9999	-9999	-9999
0252351012	2010	4	27	117	-9999	-9999	-9999
0252351012	2010	4	28	118	-9999	-9999	-9999
0252351012	2010	4	29	119	-9999	-9999	-9999
0252351012	2010	4	30	120	-9999	-9999	-9999
0252351012	2010	5	1	121	-9999	-9999	-9999
0252351012	2010	5	2	122	-9999	-9999	-9999
0252351012	2010	5	3	123	-9999	-9999	-9999
0252351012	2010	5	4	124	-9999	-9999	-9999
0252351012	2010	5	5	125	-9999	-9999	-9999
0252351012	2010	5	6	126	-9999	-9999	-9999
0252351012	2010	5	7	127	-9999	-9999	-9999
0252351012	2010	5	8	128	-9999	-9999	-9999
0252351012	2010	5	9	129	-9999	-9999	-9999
0252351012	2010	5	10	130	-9999	-9999	-9999
0252351012	2010	5	11	131	-9999	-9999	-9999
0252351012	2010	5	12	132	-9999	-9999	-9999
0252351012	2010	5	13	133	-9999	-9999	-9999
0252351012	2010	5	14	134	-9999	-9999	-9999
0252351012	2010	5	15	135	-9999	-9999	-9999
0252351012	2010	5	16	136	-9999	-9999	-9999
0252351012	2010	5	17	137	-9999	-9999	-9999
0252351012	2010	5	18	138	-9999	-9999	-9999
0252351012	2010	5	19	139	-9999	-9999	-9999
0252351012	2010	5	20	140	-9999	-9999	-9999
0252351012	2010	5	21	141	-9999	-9999	-9999
0252351012	2010	5	22	142	-9999	-9999	-9999
0252351012	2010	5	23	143	-9999	-9999	-9999
0252351012	2010	5	24	144	-9999	-9999	-9999
0252351012	2010	5	25	145	-9999	-9999	-9999
0252351012	2010	5	26	146	-9999	-9999	-9999
0252351012	2010	5	27	147	-9999	-9999	-9999
0252351012	2010	5	28	148	-9999	-9999	-9999
0252351012	2010	5	29	149	-9999	-9999	-9999
0252351012	2010	5	30	150	-9999	-9999	-9999
0252351012	2010	5	31	151	-9999	-9999	-9999
0252351012	2010	6	1	152	-9999	-9999	-9999
0252351012	2010	6	2	153	-9999	-9999	-9999
0252351012	2010	6	3	154	-9999	-9999	-9999
0252351012	2010	6	4	155	-9999	-9999	-9999
0252351012	2010	6	5	156	-9999	-9999	-9999
0252351012	2010	6	6	157	-9999	-9999	-9999
0252351012	2010	6	7	158	-9999	-9999	-9999
0252351012	2010	6	8	159	-9999	-9999	-9999
0252351012	2010	6	9	160	-9999	-9999	-9999
0252351012	2010	6	10	161	-9999	-9999	-9999
0252351012	2010	6	11	162	-9999	-9999	-9999
0252351012	2010	6	12	163	-9999	-9999	-9999
0252351012	2010	6	13	164	-9999	-9999	-9999
0252351012	2010	6	14	165	-9999	-9999	-9999
0252351012	2010	6	15	166	-9999	-9999	-9999
0252351012	2010	6	16	167	-9999	-9999	-9999
0252351012	2010	6	17	168	-9999	-9999	-9999
0252351012	2010	6	18	169	-9999	-9999	-9999
0252351012	2010	6	19	170	-9999	-9999	-9999
0252351012	2010	6	20	171	-9999	-9999	-9999
0252351012	2010	6	21	172	-9999	-9999	-9999
0252351012	2010	6	22	173	-9999	-9999	-9999
0252351012	2010	6	23	174	-9999	-9999	-9999
0252351012	2010	6	24	175	-9999	-9999	-9999
0252351012	2010	6	25	176	-9999	-9999	-9999
0252351012	2010	6	26	177	-9999	-9999	-9999
0252351012	2010	6	27	178	-9999	-9999	-9999
0252351012	2010	6	28	179	-9999	-9999	-9999
0252351012	2010	6	29	180	-9999	-9999	-9999
0252351012	2010	6	30	181	-9999	-9999	-9999
0252351012	2010	7	1	182	-9999	-9999	-9999
0252351012	2010	7	2	183	-9999	-9999	-9999
0252351012	2010	7	3	184	-9999	-9999	-9999
0252351012	2010	7	4	185	-9999	-9999	-9999
0252351012	2010	7	5	186	-9999	-9999	-9999
0252351012	2010	7	6	187	-9999	-9999	-9999
0252351012	2010	7	7	188	-9999	-9999	-9999
0252351012	2010	7	8	189	-9999	-9999	-9999
0252351012	2010	7	9	190	-9999	-9999	-9999
0252351012	2010	7	10	191	-9999	-9999	-9999
0252351012	2010	7	11	192	-9999	-9999	-9999
0252351012	2010	7	12	193	-9999	-9999	-9999
0252351012	2010	7	13	194	-9999	-9999	-9999
0252351012	2010	7	14	195	-9999	-9999	-9999
0252351012	2010	7	15	196	-9999	-9999	-9999
0252351012	2010	7	16	197	-9999	-9999	-9999
0252351012	2010	7	17	198	-9999	-9999	-9999
0252351012	2010	7	18	199	-9999	-9999	-9999
0252351012	2010	7	19	200	-9999	-9999	-9999
0252351012	2010	7	20	201	-9999	-9999	-9999
0252351012	2010	7	21	202	-9999	-9999	-9999
0252351012	2010	7	22	203	-9999	-9999	-9999
0252351012	2010	7	23	204	-9999	-9999	-9999
0252351012	2010	7	24	205	-9999	-9999	-9999
0252351012	2010	7	25	206	-9999	-9999	-9999
0252351012	2010	7	26	207	-9999	-9999	-9999
0252351012	2010	7	27	208	-9999	-9999	-9999
0252351012	2010	7	28	209	-9999	-9999	-9999
0252351012	2010	7	29	210	-9999	-9999	-9999
0252351012	2010	7	30	211	-9999	-9999	-9999
0252351012	2010	7	31	212	-9999	-9999	-9999
0252351012	2010	8	1	213	-9999	-9999	-9999
0252351012	2010	8	2	214	-9999	-9999	-9999
0252351012	2010	8	3	215	-9999	-9999	-9999
0252351012	2010	8	4	216	-9999	-9999	-9999
0252351012	2010	8	5	217	-9999	-9999	-9999
0252351012	2010	8	6	218	-9999	-9999	-9999
0252351012	2010	8	7	219	-9999	-9999	-9999
0252351012	2010	8	8	220	-9999	-9999	-9999
0252351012	2010	8	9	221	-9999	-9999	-9999
0252351012	2010	8	10	222	-9999	-9999	-9999
0252351012	2010	8	11	223	-9999	-9999	-9999
0252351012	2010	8	12	224	-9999	-9999	-9999
0252351012	2010	8	13	225	-9999	-9999	-9999
0252351012	2010	8	14	226	-9999	-9999	-9999
0252351012	2010	8	15	227	-9999	-9999	-9999
0252351012	2010	8	16	228	-9999	-9999	-9999
0252351012	2010	8	17	229	-9999	-9999	-9999
0252351012	2010	8	18	230	-9999	-9999	-9999
0252351012	2010	8	19	231	-9999	-9999	-9999
0252351012	2010	8	20	232	-9999	-9999	-9999
0252351012	2010	8	21	233	-9999	-9999	-9999
0252351012	2010	8	22	234	-9999	-9999	-9999
0252351012	2010	8	23	235	-9999	-9999	-9999
0252351012	2010	8	24	236	-9999	-9999	-9999
0252351012	2010	8	25	237	-9999	-9999	-9999
0252351012	2010	8	26	238	-9999	-9999	-9999
0252351012	2010	8	27	239	-9999	-9999	-9999
0252351012	2010	8	28	240	-9999	-9999	-9999
0252351012	2010	8	29	241	-9999	-9999	-9999
0252351012	2010	8	30	242	-9999	-9999	-9999
0252351012	2010	8	31	243	-9999	-9999	-9999
0252351012	2010	9	1	244	-9999	-9999	-9999
0252351012	2010	9	2	245	-9999	-9999	-9999
0252351012	2010	9	3	246	-9999	-9999	-9999
0252351012	2010	9	4	247	-9999	-9999	-9999
0252351012	2010	9	5	248	-9999	-9999	-9999
0252351012	2010	9	6	249	-9999	-9999	-9999
0252351012	2010	9	7	250	-9999	-9999	-9999
0252351012	2010	9	8	251	-9999	-9999	-9999
0252351012	2010	9	9	252	-9999	-9999	-9999
0252351012	2010	9	10	253	-9999	-9999	-9999
0252351012	2010	9	11	254	-9999	-9999	-9999
0252351012	2010	9	12	255	-9999	-9999	-9999
0252351012	2010	9	13	256	-9999	-9999	-9999
0252351012	2010	9	14	257	-9999	-9999	-9999
0252351012	2010	9	15	258	-9999	-9999	-9999
0252351012	2010	9	16	259	-9999	-9999	-9999
0252351012	2010	9	17	260	-9999	-9999	-9999
0252351012	2010	9	18	261	-9999	-9999	-9999
0252351012	2010	9	19	262	-9999	-9999	-9999
0252351012	2010	9	20	263	-9999	-9999	-9999
0252351012	2010	9	21	264	-9999	-9999	-9999
0252351012	2010	9	22	265	-9999	-9999	-9999
0252351012	2010	9	23	266	-9999	-9999	-9999
0252351012	2010	9	24	267	-9999	-9999	-9999
0252351012	2010	9	25	268	-9999	-9999	-9999
0252351012	2010	9	26	269	-9999	-9999	-9999
0252351012	2010	9	27	270	-9999	-9999	-9999
0252351012	2010	9	28	271	-9999	-9999	-9999
0252351012	2010	9	29	272	-9999	-9999	-9999
0252351012	2010	9	30	273	-9999	-9999	-9999
0252351012	2010	10	1	274	-9999	-9999	-9999
0252351012	2010	10	2	275	-9999	-9999	-9999
0252351012	2010	10	3	276	-9999	-9999	-9999
0252351012	2010	10	4	277	-9999	-9999	-9999
0252351012	2010	10	5	278	-9999	-9999	-9999
0252351012	2010	10	6	279	-9999	-9999	-9999
0252351012	2010	10	7	280	-9999	-9999	-9999
0252351012	2010	10	8	281	-9999	-9999	-9999
0252351012	2010	10	9	282	-9999	-9999	-9999
0252351012	2010	10	10	283	-9999	-9999	-9999
0252351012	2010	10	11	284	-9999	-9999	-9999
0252351012	2010	10	12	285	-9999	-9999	-9999
0252351012	2010	10	13	286	-9999	-9999	-9999
0252351012	2010	10	14	287	-9999	-9999	-9999
0252351012	2010	10	15	288	-9999	-9999	-9999
0252351012	2010	10	16	289	-9999	-9999	-9999
0252351012	2010	10	17	290	-9999	-9999	-9999
0252351012	2010	10	18	291	-9999	-9999	-9999
0252351012	2010	10	19	292	-9999	-9999	-9999
0252351012	2010	10	20	293	-9999	-9999	-9999
0252351012	2010	10	21	294	-9999	-9999	-9999
0252351012	2010	10	22	295	0.2315217391	0.2692608696	0.3576521739
0252351012	2010	10	23	296	0.2372083333	0.2742083333	0.3538333333
0252351012	2010	10	24	297	0.2396666667	0.2771666667	0.3509583333
0252351012	2010	10	25	298	0.2698333333	0.2795	0.35125
0252351012	2010	10	26	299	0.3124347826	0.2827391304	0.3515652174
0252351012	2010	10	27	300	0.3198333333	0.2896666667	0.351
0252351012	2010	10	28	301	0.3235	0.297	0.350625
0252351012	2010	10	29	302	0.3253333333	0.3044583333	0.3505416667
0252351012	2010	10	30	303	0.3363333333	0.3478333333	0.3510416667
0252351012	2010	10	31	304	0.3402083333	0.349625	0.3505
0252351012	2010	11	1	305	0.3427916667	0.3504583333	0.3494583333
0252351012	2010	11	2	306	0.3444166667	0.3513333333	0.3483333333
0252351012	2010	11	3	307	0.344625	0.3515416667	0.34775
0252351012	2010	11	4	308	0.343875	0.351375	0.3475833333
0252351012	2010	11	5	309	0.343625	0.3519166667	0.3475833333
0252351012	2010	11	6	310	0.3430416667	0.3523333333	0.347375
0252351012	2010	11	7	311	0.3425833333	0.35225	0.3475833333
0252351012	2010	11	8	312	0.3415416667	0.3524166667	0.347125
0252351012	2010	11	9	313	0.3416666667	0.3518333333	0.3472916667
0252351012	2010	11	10	314	0.3404583333	0.3519166667	0.347375
0252351012	2010	11	11	315	0.34	0.3515416667	0.3468333333
0252351012	2010	11	12	316	0.3373333333	0.3507083333	0.3467916667
0252351012	2010	11	13	317	0.33425	0.35	0.3474166667
0252351012	2010	11	14	318	0.333625	0.34925	0.347125
0252351012	2010	11	15	319	0.3325833333	0.349	0.346375
0252351012	2010	11	16	320	0.333375	0.34875	0.3462083333
0252351012	2010	11	17	321	0.3345	0.3486666667	0.346625
0252351012	2010	11	18	322	0.334875	0.348125	0.34625
0252351012	2010	11	19	323	0.3345	0.3475416667	0.3469166667
0252351012	2010	11	20	324	0.3346666667	0.3477083333	0.347125
0252351012	2010	11	21	325	0.3346666667	-9999	0.3409583333
0252351012	2010	11	22	326	0.3348333333	0.3476666667	0.3470833333
0252351012	2010	11	23	327	0.3339166667	0.3473333333	0.34775
0252351012	2010	11	24	328	0.3319166667	0.3472916667	0.3479166667
0252351012	2010	11	25	329	0.328625	0.347	0.3482083333
0252351012	2010	11	26	330	0.3245	0.346375	0.3491666667
0252351012	2010	11	27	331	0.3219166667	0.346	0.3502916667
0252351012	2010	11	28	332	0.3203333333	0.3452916667	0.3507083333
0252351012	2010	11	29	333	0.3181666667	0.3449166667	0.3524583333
0252351012	2010	11	30	334	0.3160833333	0.3449583333	0.3544166667
0252351012	2010	12	1	335	0.313125	0.3442083333	0.3560833333
0252351012	2010	12	2	336	0.3143333333	0.3440833333	0.357125
0252351012	2010	12	3	337	0.3159166667	0.3435416667	0.357625
0252351012	2010	12	4	338	0.3179583333	0.3434583333	0.359
0252351012	2010	12	5	339	0.3194583333	0.343375	0.3600833333
0252351012	2010	12	6	340	0.3204166667	0.343375	0.3610833333
0252351012	2010	12	7	341	0.3211666667	0.3435833333	0.362
0252351012	2010	12	8	342	0.322	0.3435416667	0.3622916667
0252351012	2010	12	9	343	0.3227916667	0.3435	0.3633333333
0252351012	2010	12	10	344	0.3237916667	0.3435833333	0.3638333333
0252351012	2010	12	11	345	0.3247916667	0.3436666667	0.3647083333
0252351012	2010	12	12	346	0.325375	0.343625	0.3652916667
0252351012	2010	12	13	347	0.3267916667	0.343625	0.365875
0252351012	2010	12	14	348	0.3275	0.3439583333	0.3662083333
0252351012	2010	12	15	349	0.328125	0.3439166667	0.3664583333
0252351012	2010	12	16	350	0.3289166667	0.3437083333	0.366875
0252351012	2010	12	17	351	0.3290833333	0.3439583333	0.3672083333
0252351012	2010	12	18	352	0.329125	0.3438333333	0.3675416667
0252351012	2010	12	19	353	0.3289166667	0.3437916667	0.367625
0252351012	2010	12	20	354	0.329	0.344	0.3676666667
0252351012	2010	12	21	355	0.32925	0.343625	0.3675833333
0252351012	2010	12	22	356	0.3302083333	0.3438333333	0.3677083333
0252351012	2010	12	23	357	0.3310833333	0.3435833333	0.3678333333
0252351012	2010	12	24	358	0.3316666667	0.34375	0.367875
0252351012	2010	12	25	359	0.3320833333	0.3439166667	0.3681666667
0252351012	2010	12	26	360	0.332625	0.3440833333	0.3684166667
0252351012	2010	12	27	361	0.33325	0.3442083333	0.3687083333
0252351012	2010	12	28	362	0.333625	0.3442916667	0.36875
0252351012	2010	12	29	363	0.3344583333	0.3441666667	0.3686666667
0252351012	2010	12	30	364	0.3344347826	0.3444782609	0.3691304348
0252351012	2010	12	31	365	0.3345416667	0.344625	0.3692083333
0252351012	2011	1	1	1	0.3344166667	0.3449583333	0.369125
0252351012	2011	1	2	2	0.3346666667	0.3445416667	0.3687083333
0252351012	2011	1	3	3	0.3341666667	0.34475	0.36875
0252351012	2011	1	4	4	0.3343333333	0.3442083333	0.36875
0252351012	2011	1	5	5	0.334125	0.344375	0.3686666667
0252351012	2011	1	6	6	0.3335	0.3439166667	0.3685217391
0252351012	2011	1	7	7	0.33275	0.3441666667	0.3685833333
0252351012	2011	1	8	8	0.333	0.3437916667	0.368375
0252351012	2011	1	9	9	0.33275	0.34375	0.3684166667
0252351012	2011	1	10	10	0.332875	0.3440833333	0.3685
0252351012	2011	1	11	11	0.3330416667	0.3440416667	0.3685416667
0252351012	2011	1	12	12	0.332375	0.344	0.3682916667
0252351012	2011	1	13	13	0.3319166667	0.3438333333	0.3682916667
0252351012	2011	1	14	14	0.3315833333	0.343625	0.3680833333
0252351012	2011	1	15	15	0.3312916667	0.3434583333	0.3682083333
0252351012	2011	1	16	16	0.3312916667	0.343375	0.3680833333
0252351012	2011	1	17	17	0.331375	0.34325	0.368
0252351012	2011	1	18	18	0.33175	0.343125	0.368
0252351012	2011	1	19	19	0.33225	0.3431666667	0.3680416667
0252351012	2011	1	20	20	0.3330833333	0.3429583333	0.368
0252351012	2011	1	21	21	0.3325833333	0.3432083333	0.36775
0252351012	2011	1	22	22	0.3330833333	0.3427916667	0.36775
0252351012	2011	1	23	23	0.333375	0.343125	0.3677916667
0252351012	2011	1	24	24	0.33375	0.3431666667	0.3677916667
0252351012	2011	1	25	25	0.3343333333	0.343	0.3677083333
0252351012	2011	1	26	26	0.3345416667	0.3426666667	0.3675833333
0252351012	2011	1	27	27	0.3342083333	0.3432083333	0.3678333333
0252351012	2011	1	28	28	0.3345833333	0.34325	0.367625
0252351012	2011	1	29	29	0.3346666667	0.343375	0.3674166667
0252351012	2011	1	30	30	0.3349583333	0.3431666667	0.3675
0252351012	2011	1	31	31	0.3349583333	0.3431666667	0.3673333333
0252351012	2011	2	1	32	0.3347916667	0.34325	0.3671666667
0252351012	2011	2	2	33	0.334875	0.343875	0.3675
0252351012	2011	2	3	34	0.3346666667	0.3432916667	0.3671666667
0252351012	2011	2	4	35	0.334125	0.3435416667	0.367125
0252351012	2011	2	5	36	0.3342083333	0.342875	0.3670416667
0252351012	2011	2	6	37	0.333625	0.3432083333	0.366875
0252351012	2011	2	7	38	0.3334583333	0.34325	0.3668333333
0252351012	2011	2	8	39	0.33325	0.3427916667	0.3669583333
0252351012	2011	2	9	40	0.3332083333	0.3432916667	0.3672083333
0252351012	2011	2	10	41	0.33325	0.3430833333	0.3670416667
0252351012	2011	2	11	42	0.3332083333	0.3429166667	0.36675
0252351012	2011	2	12	43	0.3332916667	0.3427916667	0.3666666667
0252351012	2011	2	13	44	0.333	0.3429166667	0.366375
0252351012	2011	2	14	45	0.332625	0.3426666667	0.3664583333
0252351012	2011	2	15	46	0.3327083333	0.3425416667	0.3664583333
0252351012	2011	2	16	47	0.3328333333	0.3427916667	0.3662916667
0252351012	2011	2	17	48	0.3329166667	0.3425833333	0.3663333333
0252351012	2011	2	18	49	0.3329166667	0.3427083333	0.3662916667
0252351012	2011	2	19	50	0.3331666667	0.34225	0.366
0252351012	2011	2	20	51	0.3329583333	0.3424166667	0.3661666667
0252351012	2011	2	21	52	0.3325416667	0.3422083333	0.36625
0252351012	2011	2	22	53	0.3325833333	0.3419583333	0.366125
0252351012	2011	2	23	54	0.3325416667	0.342	0.365875
0252351012	2011	2	24	55	0.3325833333	0.3422083333	0.366
0252351012	2011	2	25	56	0.333	0.3419166667	0.3657916667
0252351012	2011	2	26	57	0.3325416667	0.342	0.3657083333
0252351012	2011	2	27	58	0.3327083333	0.3417083333	0.3654583333
0252351012	2011	2	28	59	0.3329166667	0.34175	0.3653333333
0252351012	2011	3	1	60	0.3327916667	0.3417916667	0.3657083333
0252351012	2011	3	2	61	0.3331666667	0.3418333333	0.365375
0252351012	2011	3	3	62	0.332875	0.3419583333	0.365375
0252351012	2011	3	4	63	0.33325	0.3417083333	0.3653333333
0252351012	2011	3	5	64	0.333375	0.3417083333	0.3655833333
0252351012	2011	3	6	65	0.3332916667	0.3416666667	0.3653333333
0252351012	2011	3	7	66	0.3335416667	0.3415833333	0.3650416667
0252351012	2011	3	8	67	0.334	0.3415833333	0.3650833333
0252351012	2011	3	9	68	0.3342916667	0.3411666667	0.365125
0252351012	2011	3	10	69	0.334375	0.3415416667	0.365
0252351012	2011	3	11	70	0.3345909091	0.3414545455	0.3648636364
0252351012	2011	3	12	71	0.335	0.3415416667	0.36525
0252351012	2011	3	13	72	0.3354166667	0.3415416667	0.3649583333
0252351012	2011	3	14	73	0.3359583333	0.3418333333	0.3649166667
0252351012	2011	3	15	74	0.33675	0.3418333333	0.365
0252351012	2011	3	16	75	0.3375	0.3420833333	0.3648333333
0252351012	2011	3	17	76	0.3375	0.3418333333	0.364875
0252351012	2011	3	18	77	0.3385416667	0.341875	0.3647083333
0252351012	2011	3	19	78	0.3389565217	0.3425652174	0.365
0252351012	2011	3	20	79	0.3398333333	0.3422916667	0.3645833333
0252351012	2011	3	21	80	0.3405	0.3421666667	0.3641666667
0252351012	2011	3	22	81	0.3408333333	0.3428333333	0.3643333333
0252351012	2011	3	23	82	0.3413333333	0.3427916667	0.3640416667
0252351012	2011	3	24	83	0.341625	0.3429166667	0.3640416667
0252351012	2011	3	25	84	0.3419583333	0.3429583333	0.3639166667
0252351012	2011	3	26	85	0.3424166667	0.3432083333	0.349875
0252351012	2011	3	27	86	0.342375	0.343375	0.3475416667
0252351012	2011	3	28	87	0.3426666667	0.3435416667	0.3477916667
0252351012	2011	3	29	88	0.3428333333	0.343625	0.347875
0252351012	2011	3	30	89	0.3432916667	0.3437083333	0.3475416667
0252351012	2011	3	31	90	0.3425833333	0.3439166667	0.3475833333
0252351012	2011	4	1	91	0.3427916667	0.3435833333	0.34775
0252351012	2011	4	2	92	0.3430416667	0.344125	0.3475833333
0252351012	2011	4	3	93	0.3429583333	0.344	0.351625
0252351012	2011	4	4	94	0.3435	0.3442083333	0.3542083333
0252351012	2011	4	5	95	0.343375	0.3443333333	0.3550833333
0252351012	2011	4	6	96	0.3439583333	0.3445	0.35625
0252351012	2011	4	7	97	0.344375	0.3445833333	0.3572083333
0252351012	2011	4	8	98	0.3446666667	0.3447083333	0.35825
0252351012	2011	4	9	99	0.3448333333	0.3453333333	0.3589583333
0252351012	2011	4	10	100	0.345125	0.3454583333	0.3597916667
0252351012	2011	4	11	101	0.3454166667	0.3456666667	0.3604166667
0252351012	2011	4	12	102	0.3458333333	0.34625	0.3609583333
0252351012	2011	4	13	103	0.346375	0.34625	0.3615
0252351012	2011	4	14	104	0.3469166667	0.3462916667	0.3618333333
0252351012	2011	4	15	105	0.34775	0.347125	0.3628333333
0252351012	2011	4	16	106	0.3477916667	0.3477083333	0.3631666667
0252351012	2011	4	17	107	0.3477916667	0.3474583333	0.3634583333
0252351012	2011	4	18	108	0.3483333333	0.3485416667	0.3652083333
0252351012	2011	4	19	109	0.3495416667	0.3685416667	0.366125
0252351012	2011	4	20	110	0.3507916667	0.3744583333	0.36625
0252351012	2011	4	21	111	0.350375	0.3736666667	0.366
0252351012	2011	4	22	112	0.3499583333	0.3672083333	0.3659166667
0252351012	2011	4	23	113	0.3494166667	0.3644166667	0.3656666667
0252351012	2011	4	24	114	0.3490833333	0.3627916667	0.3654166667
0252351012	2011	4	25	115	0.349375	0.3613333333	0.3652916667
0252351012	2011	4	26	116	0.349125	0.3608333333	0.3650416667
0252351012	2011	4	27	117	0.3492083333	0.3598333333	0.3649583333
0252351012	2011	4	28	118	0.349375	0.3594583333	0.3645833333
0252351012	2011	4	29	119	0.34925	0.3604166667	0.364
0252351012	2011	4	30	120	0.3505	0.360125	0.3635416667
0252351012	2011	5	1	121	0.3499583333	0.35975	0.3635416667
0252351012	2011	5	2	122	0.34975	0.3593333333	0.3631666667
0252351012	2011	5	3	123	0.3500833333	0.3594583333	0.362875
0252351012	2011	5	4	124	0.3505416667	0.3601666667	0.3622916667
0252351012	2011	5	5	125	0.35425	0.3655833333	0.362
0252351012	2011	5	6	126	0.3987916667	0.3765	0.3624166667
0252351012	2011	5	7	127	0.403	0.3787083333	0.3628333333
0252351012	2011	5	8	128	0.4039583333	0.3796666667	0.3627916667
0252351012	2011	5	9	129	0.404	0.3800416667	0.3624583333
0252351012	2011	5	10	130	0.4040416667	0.3809166667	0.3624166667
0252351012	2011	5	11	131	0.4047916667	0.3812916667	0.3624583333
0252351012	2011	5	12	132	0.4049583333	0.3819583333	0.3627916667
0252351012	2011	5	13	133	-9999	0.3820416667	0.3629583333
0252351012	2011	5	14	134	-9999	0.381875	0.362625
0252351012	2011	5	15	135	-9999	0.3814583333	0.3619166667
0252351012	2011	5	16	136	-9999	0.3806666667	0.3615
0252351012	2011	5	17	137	-9999	0.3798333333	0.3604583333
0252351012	2011	5	18	138	-9999	0.37925	0.3599583333
0252351012	2011	5	19	139	-9999	0.3781666667	0.3596666667
0252351012	2011	5	20	140	-9999	0.377875	0.3594166667
0252351012	2011	5	21	141	-9999	0.3777916667	0.359625
0252351012	2011	5	22	142	-9999	0.37775	0.35925
0252351012	2011	5	23	143	-9999	0.377375	0.3589583333
0252351012	2011	5	24	144	-9999	0.3771666667	0.3588333333
0252351012	2011	5	25	145	-9999	0.3768333333	0.358375
0252351012	2011	5	26	146	-9999	0.3764166667	0.357625
0252351012	2011	5	27	147	-9999	0.376625	0.3571666667
0252351012	2011	5	28	148	-9999	0.3764583333	0.3565
0252351012	2011	5	29	149	-9999	0.3762083333	0.3552916667
0252351012	2011	5	30	150	-9999	0.3765833333	0.3550833333
0252351012	2011	5	31	151	-9999	0.3771666667	0.3548333333
0252351012	2011	6	1	152	-9999	0.377375	0.3541666667
0252351012	2011	6	2	153	-9999	0.3775	0.3537916667
0252351012	2011	6	3	154	-9999	0.3776666667	0.35325
0252351012	2011	6	4	155	-9999	0.3779583333	0.3526666667
0252351012	2011	6	5	156	-9999	0.3779583333	0.3520416667
0252351012	2011	6	6	157	-9999	0.3784583333	0.3516666667
0252351012	2011	6	7	158	-9999	0.3792083333	0.3517083333
0252351012	2011	6	8	159	-9999	0.379875	0.3515416667
0252351012	2011	6	9	160	-9999	0.3809583333	0.3515
0252351012	2011	6	10	161	-9999	0.3819166667	0.3515416667
0252351012	2011	6	11	162	-9999	0.383375	0.3517083333
0252351012	2011	6	12	163	0.4051666667	0.3845416667	0.3519166667
0252351012	2011	6	13	164	0.4055833333	0.3850833333	0.351125
0252351012	2011	6	14	165	0.4056086957	0.3849565217	0.3511304348
0252351012	2011	6	15	166	0.40575	0.38475	0.3510416667
0252351012	2011	6	16	167	0.4057391304	0.3843478261	0.3510434783
0252351012	2011	6	17	168	0.4055	0.3843333333	0.3513333333
0252351012	2011	6	18	169	0.4055	0.3842916667	0.351
0252351012	2011	6	19	170	0.4054583333	0.383625	0.351
0252351012	2011	6	20	171	0.4053333333	0.38325	0.3510416667
0252351012	2011	6	21	172	0.4055652174	0.3838695652	0.3509565217
0252351012	2011	6	22	173	0.405625	0.3837916667	0.3511666667
0252351012	2011	6	23	174	0.4057083333	0.3840833333	0.351625
0252351012	2011	6	24	175	0.4055416667	0.38475	0.352
0252351012	2011	6	25	176	0.4054583333	0.3849583333	0.3522916667
0252351012	2011	6	26	177	0.4052083333	0.3848333333	0.3525833333
0252351012	2011	6	27	178	0.4050833333	0.3849583333	0.3525833333
0252351012	2011	6	28	179	0.4050833333	0.38525	0.3525416667
0252351012	2011	6	29	180	0.405	0.3854583333	0.3526666667
0252351012	2011	6	30	181	0.405125	0.3855833333	0.352875
0252351012	2011	7	1	182	0.4054583333	0.3864166667	0.3527916667
0252351012	2011	7	2	183	0.405625	0.3869166667	0.3531666667
0252351012	2011	7	3	184	-9999	0.3875416667	0.3529583333
0252351012	2011	7	4	185	-9999	0.3881666667	0.3529583333
0252351012	2011	7	5	186	-9999	0.3885416667	0.3528333333
0252351012	2011	7	6	187	-9999	0.3889583333	0.352625
0252351012	2011	7	7	188	-9999	0.3896666667	0.3526666667
0252351012	2011	7	8	189	-9999	0.3900833333	0.3529583333
0252351012	2011	7	9	190	-9999	0.390625	0.353
0252351012	2011	7	10	191	-9999	0.3910416667	0.35275
0252351012	2011	7	11	192	-9999	0.3912083333	0.3527083333
0252351012	2011	7	12	193	-9999	0.39175	0.3530416667
0252351012	2011	7	13	194	-9999	0.392	0.353125
0252351012	2011	7	14	195	-9999	0.3922916667	0.3529583333
0252351012	2011	7	15	196	-9999	0.3925416667	0.3530833333
0252351012	2011	7	16	197	-9999	0.3928333333	0.3535416667
0252351012	2011	7	17	198	-9999	0.392875	0.3538333333
0252351012	2011	7	18	199	-9999	0.393	0.3544166667
0252351012	2011	7	19	200	-9999	0.393	0.3547083333
0252351012	2011	7	20	201	-9999	0.3930416667	0.354875
0252351012	2011	7	21	202	-9999	0.3932083333	0.3552916667
0252351012	2011	7	22	203	-9999	0.3932916667	0.355375
0252351012	2011	7	23	204	-9999	0.3934166667	0.3559166667
0252351012	2011	7	24	205	0.4058333333	0.39375	0.3564583333
0252351012	2011	7	25	206	0.406	0.3939583333	0.3571666667
0252351012	2011	7	26	207	0.3890833333	0.393826087	0.352875
0252351012	2011	7	27	208	0.406	0.394	0.3572083333
0252351012	2011	7	28	209	0.406	0.394	0.3574583333
0252351012	2011	7	29	210	0.406	0.3943333333	0.357625
0252351012	2011	7	30	211	0.406	0.3944583333	0.3577916667
0252351012	2011	7	31	212	0.406	0.39425	0.358
0252351012	2011	8	1	213	0.406	0.3941904762	0.3581904762
0252351012	2011	8	2	214	0.406	0.3944166667	0.3587083333
0252351012	2011	8	3	215	0.406	0.3944583333	0.3592916667
0252351012	2011	8	4	216	0.406	0.3944166667	0.3594583333
0252351012	2011	8	5	217	0.406	0.3943333333	0.359875
0252351012	2011	8	6	218	0.406	0.3945416667	0.3599583333
0252351012	2011	8	7	219	0.406	0.394375	0.36025
0252351012	2011	8	8	220	0.406	0.3945833333	0.3602916667
0252351012	2011	8	9	221	0.4058333333	0.3947083333	0.3605416667
0252351012	2011	8	10	222	0.4035833333	0.3945	0.3607916667
0252351012	2011	8	11	223	0.4030833333	0.3944583333	0.36125
0252351012	2011	8	12	224	0.4019565217	0.3943913043	0.3613478261
0252351012	2011	8	13	225	0.39875	0.3929166667	0.36175
0252351012	2011	8	14	226	0.3974166667	0.391875	0.3622083333
0252351012	2011	8	15	227	0.3974166667	0.39125	0.3631666667
0252351012	2011	8	16	228	0.3976666667	0.3917916667	0.3636666667
0252351012	2011	8	17	229	0.397375	0.3910833333	0.3638333333
0252351012	2011	8	18	230	0.3965	0.387625	0.364125
0252351012	2011	8	19	231	0.3949166667	0.3792916667	0.364375
0252351012	2011	8	20	232	0.3957083333	0.3817916667	0.3654166667
0252351012	2011	8	21	233	0.404	0.3863333333	0.3664166667
0252351012	2011	8	22	234	0.404375	0.3868333333	0.3672916667
0252351012	2011	8	23	235	0.401875	0.38725	0.3677916667
0252351012	2011	8	24	236	0.399875	0.386375	0.3679583333
0252351012	2011	8	25	237	0.3982916667	0.3860416667	0.368
0252351012	2011	8	26	238	0.3982916667	0.3869583333	0.3685
0252351012	2011	8	27	239	0.4	0.3893333333	0.3689166667
0252351012	2011	8	28	240	0.4039166667	0.3900416667	0.3698333333
0252351012	2011	8	29	241	0.4055833333	0.3907916667	0.3699583333
0252351012	2011	8	30	242	0.4056666667	0.391	0.370125
0252351012	2011	8	31	243	0.403	0.3909166667	0.3703333333
0252351012	2011	9	1	244	0.4020833333	0.3907916667	0.3705416667
0252351012	2011	9	2	245	0.399625	0.389625	0.3708333333
0252351012	2011	9	3	246	0.397625	0.3878333333	0.37075
0252351012	2011	9	4	247	0.3965833333	0.3797083333	0.3709166667
0252351012	2011	9	5	248	0.3959583333	0.3784166667	0.3709166667
0252351012	2011	9	6	249	0.3958333333	0.3781666667	0.3712083333
0252351012	2011	9	7	250	0.3953333333	0.3777083333	0.3717083333
0252351012	2011	9	8	251	0.3939583333	0.3772916667	0.3716666667
0252351012	2011	9	9	252	0.3935	0.3769166667	0.3718333333
0252351012	2011	9	10	253	0.3926666667	0.3764583333	0.3718333333
0252351012	2011	9	11	254	0.392125	0.3759583333	0.371875
0252351012	2011	9	12	255	0.3917391304	0.3753043478	0.3719130435
0252351012	2011	9	13	256	0.3917916667	0.3755	0.3720416667
0252351012	2011	9	14	257	0.3916666667	0.375375	0.372125
0252351012	2011	9	15	258	0.3914166667	0.3751666667	0.3724166667
0252351012	2011	9	16	259	0.3914166667	0.3749166667	0.3723333333
0252351012	2011	9	17	260	0.3924166667	0.3755416667	0.37275
0252351012	2011	9	18	261	0.3950833333	0.385375	0.373
0252351012	2011	9	19	262	0.3952083333	0.3857083333	0.373
0252351012	2011	9	20	263	0.3946666667	0.3813333333	0.3730833333
0252351012	2011	9	21	264	0.393875	0.3784166667	0.3730416667
0252351012	2011	9	22	265	0.392625	0.376375	0.3730416667
0252351012	2011	9	23	266	0.3918333333	0.375	0.373125
0252351012	2011	9	24	267	0.3911666667	0.3745416667	0.3731666667
0252351012	2011	9	25	268	0.390375	0.37425	0.373375
0252351012	2011	9	26	269	0.39	0.3738333333	0.3735416667
0252351012	2011	9	27	270	0.3892916667	0.3731666667	0.3738333333
0252351012	2011	9	28	271	0.3884583333	0.3729166667	0.3739166667
0252351012	2011	9	29	272	0.3875833333	0.3728333333	0.374
0252351012	2011	9	30	273	0.3866666667	0.3727083333	0.3740416667
0252351012	2011	10	1	274	0.3849166667	0.372375	0.3742916667
0252351012	2011	10	2	275	0.3839583333	0.3718333333	0.3744583333
0252351012	2011	10	3	276	0.383375	0.3710833333	0.3743333333
0252351012	2011	10	4	277	0.3834166667	0.3708333333	0.3740833333
0252351012	2011	10	5	278	0.3905	0.3712083333	0.37425
0252351012	2011	10	6	279	0.3905416667	0.3715	0.3745416667
0252351012	2011	10	7	280	0.391	0.372	0.37425
0252351012	2011	10	8	281	0.391125	0.3739166667	0.3740416667
0252351012	2011	10	9	282	0.3917916667	0.379375	0.374125
0252351012	2011	10	10	283	0.3929166667	0.3855833333	0.3740833333
0252351012	2011	10	11	284	0.397375	0.387	0.3742083333
0252351012	2011	10	12	285	0.4042916667	0.3879583333	0.3745833333
0252351012	2011	10	13	286	0.405	0.3880416667	0.3745416667
0252351012	2011	10	14	287	0.405	0.3883333333	0.374875
0252351012	2011	10	15	288	0.405	0.3884166667	0.3747916667
0252351012	2011	10	16	289	0.4050416667	0.3888333333	0.3752083333
0252351012	2011	10	17	290	0.4050416667	0.389	0.3750833333
0252351012	2011	10	18	291	0.403875	0.3890416667	0.3752083333
0252351012	2011	10	19	292	0.4025833333	0.3889166667	0.37575
0252351012	2011	10	20	293	0.402125	0.3889583333	0.3754583333
0252351012	2011	10	21	294	0.4017391304	0.3891304348	0.3759565217
0252351012	2011	10	22	295	0.4014166667	0.3893333333	0.375875
0252351012	2011	10	23	296	0.4010833333	0.389875	0.3760416667
0252351012	2011	10	24	297	0.4005416667	0.3899583333	0.376
0252351012	2011	10	25	298	0.4	0.389875	0.376
0252351012	2011	10	26	299	0.4	0.3901666667	0.3760833333
0252351012	2011	10	27	300	0.3990416667	0.3897083333	0.376125
0252351012	2011	10	28	301	0.397375	0.389	0.3759583333
0252351012	2011	10	29	302	0.39575	0.3888333333	0.375875
0252351012	2011	10	30	303	0.39525	0.3886666667	0.3759166667
0252351012	2011	10	31	304	0.3944583333	0.3883333333	0.376
0252351012	2011	11	1	305	0.3946666667	0.3883333333	0.3759583333
0252351012	2011	11	2	306	0.3945833333	0.3884583333	0.3760416667
0252351012	2011	11	3	307	0.394375	0.388625	0.376
0252351012	2011	11	4	308	0.394375	0.3884166667	0.3760416667
0252351012	2011	11	5	309	0.3945416667	0.3884583333	0.3760416667
0252351012	2011	11	6	310	0.3942083333	0.388625	0.3760416667
0252351012	2011	11	7	311	0.393625	0.3845416667	0.3762083333
0252351012	2011	11	8	312	0.3926666667	0.3804166667	0.3761666667
0252351012	2011	11	9	313	0.391875	0.378	0.3764166667
0252351012	2011	11	10	314	0.3911666667	0.3762083333	0.3765
0252351012	2011	11	11	315	0.3908333333	0.375625	0.3765416667
0252351012	2011	11	12	316	0.3906666667	0.3756666667	0.376875
0252351012	2011	11	13	317	0.3904583333	0.3755	0.3768333333
0252351012	2011	11	14	318	0.390125	0.3754583333	0.377
0252351012	2011	11	15	319	0.390125	0.3754166667	0.3770416667
0252351012	2011	11	16	320	0.3897083333	0.3745	0.3773333333
0252351012	2011	11	17	321	0.3892916667	0.3725416667	0.37725
0252351012	2011	11	18	322	0.3890833333	0.372625	0.3776666667
0252351012	2011	11	19	323	0.3895833333	0.3724583333	0.3778333333
0252351012	2011	11	20	324	0.389	0.3721666667	0.377875
0252351012	2011	11	21	325	0.388875	0.3718333333	0.3779583333
0252351012	2011	11	22	326	0.3889583333	0.371625	0.3780416667
0252351012	2011	11	23	327	0.3886666667	0.3715416667	0.3780416667
0252351012	2011	11	24	328	0.3885	0.3715416667	0.378
0252351012	2011	11	25	329	0.3886666667	0.3714583333	0.378625
0252351012	2011	11	26	330	0.388375	0.3712083333	0.3789166667
0252351012	2011	11	27	331	0.3874583333	0.370375	0.379
0252351012	2011	11	28	332	0.38675	0.369875	0.379
0252351012	2011	11	29	333	0.38525	0.3698333333	0.3790416667
0252351012	2011	11	30	334	0.3785833333	0.3697916667	0.3790416667
0252351012	2011	12	1	335	0.370125	0.3699583333	0.37925
0252351012	2011	12	2	336	0.3560416667	0.36975	0.3795416667
0252351012	2011	12	3	337	0.31725	0.3694166667	0.3795
0252351012	2011	12	4	338	0.27625	0.36925	0.3794583333
0252351012	2011	12	5	339	0.249125	0.3688333333	0.3795
0252351012	2011	12	6	340	0.22225	0.3681666667	0.3795416667
0252351012	2011	12	7	341	0.2154583333	0.3675	0.3793333333
0252351012	2011	12	8	342	0.214	0.3671818182	0.3794090909
0252351012	2011	12	9	343	0.2124166667	0.3669166667	0.3795416667
0252351012	2011	12	10	344	0.2066666667	0.3670416667	0.379375
0252351012	2011	12	11	345	0.2013333333	0.3662916667	0.3796666667
0252351012	2011	12	12	346	0.1972083333	0.3662083333	0.3798333333
0252351012	2011	12	13	347	0.1953333333	0.36575	0.3797916667
0252351012	2011	12	14	348	0.1902916667	0.3654166667	0.3799166667
0252351012	2011	12	15	349	0.1873333333	0.36475	0.3799583333
0252351012	2011	12	16	350	0.1848333333	0.3642083333	0.379875
0252351012	2011	12	17	351	0.1822083333	0.3630416667	0.3796666667
0252351012	2011	12	18	352	0.1816666667	0.3618333333	0.3795833333
0252351012	2011	12	19	353	0.179375	0.3608333333	0.3797083333
0252351012	2011	12	20	354	0.1738333333	0.3589583333	0.3799166667
0252351012	2011	12	21	355	0.170375	0.355375	0.3798333333
0252351012	2011	12	22	356	0.1710833333	0.3434583333	0.3798333333
0252351012	2011	12	23	357	0.17075	0.3223333333	0.3794166667
0252351012	2011	12	24	358	0.1705833333	0.303375	0.3792083333
0252351012	2011	12	25	359	0.1710416667	0.2857916667	0.379375
0252351012	2011	12	26	360	0.17175	0.2768333333	0.379375
0252351012	2011	12	27	361	0.1717272727	0.2706363636	0.3795454545
0252351012	2011	12	28	362	0.1709166667	0.2595416667	0.3794166667
0252351012	2011	12	29	363	0.173826087	0.2560434783	0.3796521739
0252351012	2011	12	30	364	0.1770833333	0.2596666667	0.3795833333
0252351012	2011	12	31	365	0.1782608696	0.2634782609	0.3796521739
0252351012	2012	1	1	1	0.1766666667	0.2675416667	0.3795833333
0252351012	2012	1	2	2	0.1762083333	0.264625	0.3798333333
0252351012	2012	1	3	3	0.176125	0.263125	0.3799166667
0252351012	2012	1	4	4	0.1757083333	0.2616666667	0.3800416667
0252351012	2012	1	5	5	0.17425	0.2582083333	0.38
0252351012	2012	1	6	6	0.174625	0.257375	0.3799583333
0252351012	2012	1	7	7	0.17425	0.2559583333	0.38
0252351012	2012	1	8	8	0.1734166667	0.2546666667	0.3800416667
0252351012	2012	1	9	9	-9999	0.2525	0.3800833333
0252351012	2012	1	10	10	0.1725833333	0.2495833333	0.3800416667
0252351012	2012	1	11	11	0.1724583333	0.2453333333	0.380125
0252351012	2012	1	12	12	0.1705416667	0.2399583333	0.3802916667
0252351012	2012	1	13	13	0.1680416667	0.226125	0.38025
0252351012	2012	1	14	14	0.168125	0.2174166667	0.380125
0252351012	2012	1	15	15	0.168	0.213875	0.3803333333
0252351012	2012	1	16	16	0.1693333333	0.2144583333	0.380125
0252351012	2012	1	17	17	0.1691666667	0.21375	0.3802916667
0252351012	2012	1	18	18	0.16625	0.2074166667	0.380125
0252351012	2012	1	19	19	0.1685416667	0.2037083333	0.3804166667
0252351012	2012	1	20	20	0.1714583333	0.205375	0.3804583333
0252351012	2012	1	21	21	0.1723043478	0.2067826087	0.3803043478
0252351012	2012	1	22	22	0.172875	0.2084166667	0.3801666667
0252351012	2012	1	23	23	0.1738333333	0.2105833333	0.3805416667
0252351012	2012	1	24	24	0.174625	0.2111666667	0.3802083333
0252351012	2012	1	25	25	0.1744583333	0.212375	0.3804583333
0252351012	2012	1	26	26	0.1751304348	0.2137826087	0.3805652174
0252351012	2012	1	27	27	0.1747083333	0.213375	0.380375
0252351012	2012	1	28	28	0.17525	0.2149166667	0.3804166667
0252351012	2012	1	29	29	0.174625	0.214625	0.3803333333
0252351012	2012	1	30	30	0.17425	0.2127083333	0.3801666667
0252351012	2012	1	31	31	0.1734583333	0.2119583333	0.3802916667
0252351012	2012	2	1	32	0.17375	0.2115416667	0.3801666667
0252351012	2012	2	2	33	0.1729583333	0.20975	0.3800833333
0252351012	2012	2	3	34	0.1730833333	0.2095833333	0.3800833333
0252351012	2012	2	4	35	0.174	0.2095833333	0.38
0252351012	2012	2	5	36	0.1738333333	0.2103333333	0.380125
0252351012	2012	2	6	37	0.1735652174	0.2098695652	0.3800434783
0252351012	2012	2	7	38	0.1737916667	0.2095833333	0.3800833333
0252351012	2012	2	8	39	0.173125	0.208375	0.3800833333
0252351012	2012	2	9	40	0.1731666667	0.2080416667	0.3801666667
0252351012	2012	2	10	41	0.173625	0.208	0.3800833333
0252351012	2012	2	11	42	0.1744583333	0.2090416667	0.38
0252351012	2012	2	12	43	0.1745833333	0.209	0.3800833333
0252351012	2012	2	13	44	0.1749166667	0.2099166667	0.380125
0252351012	2012	2	14	45	0.176125	0.2109166667	0.3802083333
0252351012	2012	2	15	46	0.1767916667	0.21175	0.380125
0252351012	2012	2	16	47	0.1762083333	0.2119583333	0.3802916667
0252351012	2012	2	17	48	0.1765	0.2123333333	0.3801666667
0252351012	2012	2	18	49	0.1754166667	0.21125	0.38025
0252351012	2012	2	19	50	0.17525	0.2107083333	0.380125
0252351012	2012	2	20	51	0.1757916667	0.2098333333	0.3802083333
0252351012	2012	2	21	52	0.17525	0.2098333333	0.380125
0252351012	2012	2	22	53	0.17575	0.209625	0.3800416667
0252351012	2012	2	23	54	0.1765833333	0.2098333333	0.380125
0252351012	2012	2	24	55	0.1775833333	0.2110833333	0.3800833333
0252351012	2012	2	25	56	0.1783333333	0.211625	0.3800833333
0252351012	2012	2	26	57	0.177875	0.213	0.380125
0252351012	2012	2	27	58	0.1781666667	0.212375	0.3802083333
0252351012	2012	2	28	59	0.1777083333	0.2120833333	0.3802083333
0252351012	2012	2	29	60	0.17725	0.2117916667	0.3802083333
0252351012	2012	3	1	61	0.1779166667	0.2123333333	0.3802083333
0252351012	2012	3	2	62	0.1779166667	0.2116666667	0.3801666667
0252351012	2012	3	3	63	0.17825	0.2120416667	0.3800416667
0252351012	2012	3	4	64	0.177625	0.2121666667	0.3800833333
0252351012	2012	3	5	65	0.1784583333	0.212375	0.380125
0252351012	2012	3	6	66	0.1783333333	0.2123333333	0.3800833333
0252351012	2012	3	7	67	0.1784166667	0.2125416667	0.3800416667
0252351012	2012	3	8	68	0.1789583333	0.2120833333	0.3801666667
0252351012	2012	3	9	69	0.1804166667	0.2139166667	0.380125
0252351012	2012	3	10	70	0.180173913	0.2164782609	0.3800869565
0252351012	2012	3	11	71	0.1805416667	0.217375	0.38
0252351012	2012	3	12	72	0.182125	0.2172916667	0.3800833333
0252351012	2012	3	13	73	0.1819166667	0.217125	0.3799583333
0252351012	2012	3	14	74	0.188125	0.24125	0.380125
0252351012	2012	3	15	75	0.19375	0.2445	0.38
0252351012	2012	3	16	76	0.1960833333	0.2441666667	0.3802083333
0252351012	2012	3	17	77	0.2009583333	0.2465	0.3801666667
0252351012	2012	3	18	78	0.2080416667	0.2501666667	0.3805833333
0252351012	2012	3	19	79	0.2139166667	0.2558333333	0.38025
0252351012	2012	3	20	80	0.2188333333	0.2615833333	0.38025
0252351012	2012	3	21	81	0.2228333333	0.2664166667	0.3802916667
0252351012	2012	3	22	82	0.22675	0.2693333333	0.3802916667
0252351012	2012	3	23	83	0.2306086957	0.2717391304	0.3804347826
0252351012	2012	3	24	84	0.2558333333	0.2735833333	0.380125
0252351012	2012	3	25	85	0.2640416667	0.2747916667	0.38025
0252351012	2012	3	26	86	0.2859166667	0.2755833333	0.3809166667
0252351012	2012	3	27	87	0.3037083333	0.2758333333	0.3811666667
0252351012	2012	3	28	88	0.3059583333	0.2767083333	0.3812916667
0252351012	2012	3	29	89	0.314625	0.2775833333	0.38125
0252351012	2012	3	30	90	0.3435416667	0.2774583333	0.3814166667
0252351012	2012	3	31	91	0.35375	0.278625	0.381625
0252351012	2012	4	1	92	0.3592083333	0.2803333333	0.38175
0252351012	2012	4	2	93	0.3643333333	0.283	0.382
0252351012	2012	4	3	94	0.3687083333	0.2847916667	0.381875
0252351012	2012	4	4	95	0.37275	0.2855833333	0.3816666667
0252351012	2012	4	5	96	0.376125	0.3590416667	0.3816666667
0252351012	2012	4	6	97	0.3790869565	0.3756956522	0.3816521739
0252351012	2012	4	7	98	0.3815416667	0.3769166667	0.3819166667
0252351012	2012	4	8	99	0.3817083333	0.377375	0.382
0252351012	2012	4	9	100	0.3845833333	0.3779166667	0.382
0252351012	2012	4	10	101	0.379125	0.3790416667	0.3820869565
0252351012	2012	4	11	102	0.3990416667	0.3795	0.38225
0252351012	2012	4	12	103	0.40425	0.3802083333	0.3827916667
0252351012	2012	4	13	104	0.406	0.381	0.3829565217
0252351012	2012	4	14	105	0.406	0.381375	0.3831666667
0252351012	2012	4	15	106	0.406	0.3814166667	0.3833333333
0252351012	2012	4	16	107	0.4042916667	0.3819583333	0.3836666667
0252351012	2012	4	17	108	0.406	0.383	0.3837916667
0252351012	2012	4	18	109	0.406	0.3832941176	0.3837058824
0252351012	2012	4	19	110	0.406	0.3835416667	0.3838333333
0252351012	2012	4	20	111	0.4047916667	0.3833333333	0.3839583333
0252351012	2012	4	21	112	0.4057916667	0.384	0.3839583333
0252351012	2012	4	22	113	0.406	0.385	0.3842083333
0252351012	2012	4	23	114	0.406	0.3851666667	0.3845833333
0252351012	2012	4	24	115	0.406	0.385	0.3847916667
0252351012	2012	4	25	116	0.406	0.3826666667	0.3848333333
0252351012	2012	4	26	117	0.406	0.3820416667	0.3850416667
0252351012	2012	4	27	118	0.406	0.38225	0.3849583333
0252351012	2012	4	28	119	0.406125	0.3824166667	0.3850833333
0252351012	2012	4	29	120	0.406375	0.3827083333	0.385125
0252351012	2012	4	30	121	0.4064583333	0.3831666667	0.3853333333
0252351012	2012	5	1	122	0.4062083333	0.383	0.3854583333
0252351012	2012	5	2	123	0.406375	0.3837916667	0.3857916667
0252351012	2012	5	3	124	0.4064166667	0.3841666667	0.38575
0252351012	2012	5	4	125	0.4059166667	0.3844583333	0.386
0252351012	2012	5	5	126	0.4052916667	0.384875	0.386
0252351012	2012	5	6	127	0.4046086957	0.3850869565	0.386
0252351012	2012	5	7	128	0.4045833333	0.385375	0.386
0252351012	2012	5	8	129	0.4045833333	0.3860416667	0.3861666667
0252351012	2012	5	9	130	0.404625	0.386375	0.3863333333
0252351012	2012	5	10	131	0.4045833333	0.386875	0.3865416667
0252351012	2012	5	11	132	0.4042083333	0.387375	0.3868333333
0252351012	2012	5	12	133	0.4040416667	0.388	0.3868333333
0252351012	2012	5	13	134	0.403375	0.3887083333	0.3867916667
0252351012	2012	5	14	135	0.4031666667	0.388875	0.3867916667
0252351012	2012	5	15	136	0.403	0.3899166667	0.386875
0252351012	2012	5	16	137	0.4024166667	0.390375	0.387
0252351012	2012	5	17	138	0.4022916667	0.391	0.386875
0252351012	2012	5	18	139	0.4025	0.3913333333	0.3868333333
0252351012	2012	5	19	140	0.4040833333	0.3917083333	0.387
0252351012	2012	5	20	141	0.405	0.392	0.387
0252351012	2012	5	21	142	0.4043333333	0.3921666667	0.3869166667
0252351012	2012	5	22	143	0.4040416667	0.3925416667	0.387
0252351012	2012	5	23	144	0.4043333333	0.393	0.387125
0252351012	2012	5	24	145	0.405625	0.39325	0.38725
0252351012	2012	5	25	146	0.4055833333	0.3932916667	0.3870416667
0252351012	2012	5	26	147	0.406	0.3932083333	0.3870416667
0252351012	2012	5	27	148	0.4060416667	0.3931666667	0.387125
0252351012	2012	5	28	149	0.4061666667	0.3933333333	0.3870416667
0252351012	2012	5	29	150	0.40575	0.3937083333	0.387
0252351012	2012	5	30	151	0.4050833333	0.3939583333	0.3870833333
0252351012	2012	5	31	152	0.405	0.3941304348	0.3870869565
0252351012	2012	6	1	153	0.405	0.394875	0.38725
0252351012	2012	6	2	154	0.405	0.395	0.3878333333
0252351012	2012	6	3	155	0.405	0.3949583333	0.3875416667
0252351012	2012	6	4	156	0.4049166667	0.395125	0.387625
0252351012	2012	6	5	157	0.4030833333	0.3950416667	0.3873333333
0252351012	2012	6	6	158	0.4002916667	0.3945416667	0.387625
0252351012	2012	6	7	159	0.399625	0.39425	0.3878333333
0252351012	2012	6	8	160	0.398625	0.394	0.387875
0252351012	2012	6	9	161	0.3969583333	0.39175	0.387875
0252351012	2012	6	10	162	0.394625	0.3844583333	0.388
0252351012	2012	6	11	163	0.3934166667	0.38325	0.388
0252351012	2012	6	12	164	0.3920833333	0.382375	0.388
0252351012	2012	6	13	165	0.390875	0.3811666667	0.388
0252351012	2012	6	14	166	0.3892083333	0.3785833333	0.388
0252351012	2012	6	15	167	0.38825	0.37775	0.388
0252351012	2012	6	16	168	0.3894583333	0.3780833333	0.3883333333
0252351012	2012	6	17	169	0.3877916667	0.37775	0.3885
0252351012	2012	6	18	170	0.3844347826	0.3770869565	0.3886956522
0252351012	2012	6	19	171	0.379375	0.37625	0.388875
0252351012	2012	6	20	172	0.3747083333	0.3752916667	0.3889166667
0252351012	2012	6	21	173	0.3700416667	0.3747916667	0.3887916667
0252351012	2012	6	22	174	0.3625833333	0.3741666667	0.3889166667
0252351012	2012	6	23	175	0.3492916667	0.37375	0.389
0252351012	2012	6	24	176	0.3279166667	0.372875	0.3892916667
0252351012	2012	6	25	177	0.3050833333	0.3719583333	0.389625
0252351012	2012	6	26	178	0.2814583333	0.3714166667	0.3898333333
0252351012	2012	6	27	179	0.2511666667	0.370375	0.39
0252351012	2012	6	28	180	0.2270833333	0.36875	0.39
0252351012	2012	6	29	181	0.2113333333	0.366625	0.39
0252351012	2012	6	30	182	0.1969583333	0.3651666667	0.3900416667
0252351012	2012	7	1	183	0.1833043478	0.3632608696	0.3900434783
0252351012	2012	7	2	184	0.17525	0.361	0.390125
0252351012	2012	7	3	185	0.1697916667	0.359	0.3897916667
0252351012	2012	7	4	186	0.1624583333	0.3563333333	0.3839583333
0252351012	2012	7	5	187	0.16025	0.3532083333	0.3831666667
0252351012	2012	7	6	188	0.1717083333	0.35125	0.3830833333
0252351012	2012	7	7	189	0.3396666667	0.3510833333	0.3846666667
0252351012	2012	7	8	190	0.3452916667	0.3516666667	0.3865
0252351012	2012	7	9	191	0.3277916667	0.3528333333	0.387173913
0252351012	2012	7	10	192	0.3097391304	0.3531304348	0.387826087
0252351012	2012	7	11	193	0.2948333333	0.3532083333	0.388
0252351012	2012	7	12	194	0.27825	0.3531666667	0.3882083333
0252351012	2012	7	13	195	0.2689166667	0.35275	0.3887083333
0252351012	2012	7	14	196	0.263875	0.352875	0.389
0252351012	2012	7	15	197	0.261	0.3530416667	0.3890416667
0252351012	2012	7	16	198	0.2639130435	0.3524347826	0.3897391304
0252351012	2012	7	17	199	0.2634583333	0.3523333333	0.39
0252351012	2012	7	18	200	0.2570833333	0.3521666667	0.390173913
0252351012	2012	7	19	201	0.2505416667	0.351625	0.3905833333
0252351012	2012	7	20	202	0.24375	0.351625	0.390625
0252351012	2012	7	21	203	0.24475	0.353875	0.3910416667
0252351012	2012	7	22	204	0.368125	0.3855	0.3919583333
0252351012	2012	7	23	205	0.3772083333	0.3870833333	0.392125
0252351012	2012	7	24	206	0.37475	0.3867083333	0.392625
0252351012	2012	7	25	207	0.3717083333	0.3842083333	0.39275
0252351012	2012	7	26	208	0.3679583333	0.3775416667	0.3928333333
0252351012	2012	7	27	209	0.365	0.3761666667	0.3929583333
0252351012	2012	7	28	210	0.3629583333	0.374875	0.392875
0252351012	2012	7	29	211	0.360125	0.3730833333	0.392875
0252351012	2012	7	30	212	0.3567916667	0.371375	0.392875
0252351012	2012	7	31	213	0.3528333333	0.3700833333	0.39275
0252351012	2012	8	1	214	0.3537083333	0.3698333333	0.392875
0252351012	2012	8	2	215	0.351	0.3694782609	0.3925217391
0252351012	2012	8	3	216	0.3397916667	0.3683333333	0.3925416667
0252351012	2012	8	4	217	0.32625	0.3675416667	0.392625
0252351012	2012	8	5	218	0.31075	0.3666666667	0.3922916667
0252351012	2012	8	6	219	0.3011666667	0.3657083333	0.392125
0252351012	2012	8	7	220	0.2829583333	0.365125	0.3925416667
0252351012	2012	8	8	221	0.2699333333	0.3641333333	0.3927333333
0252351012	2012	8	9	222	0.261	0.3613333333	0.3926666667
0252351012	2012	8	10	223	0.25755	0.36155	0.3929
0252351012	2012	8	11	224	0.2836363636	0.3610909091	0.3929090909
0252351012	2012	8	12	225	0.28075	0.3611666667	0.393
0252351012	2012	8	13	226	0.2732916667	0.3605416667	0.3929166667
0252351012	2012	8	14	227	0.2675833333	0.360125	0.39225
0252351012	2012	8	15	228	0.2604166667	0.3589583333	0.3870416667
0252351012	2012	8	16	229	0.25325	0.3584166667	0.3869583333
0252351012	2012	8	17	230	0.2444583333	0.3573333333	0.3869583333
0252351012	2012	8	18	231	0.2347916667	0.3560833333	0.386875
0252351012	2012	8	19	232	0.2227916667	0.3543333333	0.3867916667
0252351012	2012	8	20	233	0.216375	0.3525833333	0.3866666667
0252351012	2012	8	21	234	0.2084583333	0.35025	0.3866666667
0252351012	2012	8	22	235	0.2004166667	0.3476666667	0.3866666667
0252351012	2012	8	23	236	0.1990416667	0.34575	0.3862083333
0252351012	2012	8	24	237	0.1990833333	0.3439583333	0.3862083333
0252351012	2012	8	25	238	0.19425	0.340125	0.3860833333
0252351012	2012	8	26	239	0.1925	0.33625	0.386
0252351012	2012	8	27	240	0.189875	0.3322083333	0.3860416667
0252351012	2012	8	28	241	0.1875833333	0.3279583333	0.3859166667
0252351012	2012	8	29	242	0.184875	0.3231666667	0.386
0252351012	2012	8	30	243	0.179	0.3179583333	0.3857916667
0252351012	2012	8	31	244	0.1796666667	0.31875	0.3857916667
0252351012	2012	9	1	245	0.1875	0.319375	0.3853333333
0252351012	2012	9	2	246	0.2232916667	0.3195833333	0.3855416667
0252351012	2012	9	3	247	0.2372083333	0.3195	0.3855416667
0252351012	2012	9	4	248	0.240375	0.3187916667	0.385375
0252351012	2012	9	5	249	0.2362083333	0.3187083333	0.385375
0252351012	2012	9	6	250	0.23025	0.318125	0.3852083333
0252351012	2012	9	7	251	0.227	0.3170833333	0.385125
0252351012	2012	9	8	252	0.224125	0.317125	0.385125
0252351012	2012	9	9	253	0.21925	0.3162916667	0.3850416667
0252351012	2012	9	10	254	0.2155	0.3155	0.385
0252351012	2012	9	11	255	0.212625	0.3144583333	0.3849583333
0252351012	2012	9	12	256	0.209	0.3135	0.3849583333
0252351012	2012	9	13	257	0.2034583333	0.3114166667	0.384875
0252351012	2012	9	14	258	0.1994166667	0.3088333333	0.3846666667
0252351012	2012	9	15	259	0.195125	0.3050833333	0.3841666667
0252351012	2012	9	16	260	0.1892916667	0.30075	0.3840833333
0252351012	2012	9	17	261	0.185625	0.296375	0.3840416667
0252351012	2012	9	18	262	0.1807058824	0.2915882353	0.3839411765
0252351012	2012	9	19	263	0.1778823529	0.2867058824	0.384
0252351012	2012	9	20	264	0.1753333333	0.2828333333	0.3837916667
0252351012	2012	9	21	265	0.1721764706	0.2773529412	0.3835294118
0252351012	2012	9	22	266	0.1706086957	0.2747391304	0.3836086957
0252351012	2012	9	23	267	0.1686666667	0.270875	0.3835
0252351012	2012	9	24	268	0.1667916667	0.2675416667	0.3830833333
0252351012	2012	9	25	269	0.1643529412	0.2697647059	0.3830588235
0252351012	2012	9	26	270	0.1697647059	0.2705882353	0.3829411765
0252351012	2012	9	27	271	0.1732083333	0.2717916667	0.3829166667
0252351012	2012	9	28	272	0.184875	0.2720416667	0.3828333333
0252351012	2012	9	29	273	0.2001666667	0.2727916667	0.38275
0252351012	2012	9	30	274	0.207625	0.2728333333	0.382875
0252351012	2012	10	1	275	0.2115833333	0.2737916667	0.382625
0252351012	2012	10	2	276	0.213125	0.273875	0.3825833333
0252351012	2012	10	3	277	0.212625	0.2740416667	0.3822916667
0252351012	2012	10	4	278	0.2102083333	0.2737916667	0.382125
0252351012	2012	10	5	279	0.2094166667	0.2735	0.3820833333
0252351012	2012	10	6	280	0.2055	0.2722916667	0.3819166667
0252351012	2012	10	7	281	0.20375	0.2717083333	0.3815833333
0252351012	2012	10	8	282	0.203875	0.2715	0.3816666667
0252351012	2012	10	9	283	0.205625	0.2715833333	0.3810833333
0252351012	2012	10	10	284	0.2047083333	0.2719166667	0.381
0252351012	2012	10	11	285	0.206	0.272	0.380875
0252351012	2012	10	12	286	0.2060416667	0.2725416667	0.3809166667
0252351012	2012	10	13	287	0.203	0.2719166667	0.3808333333
0252351012	2012	10	14	288	0.20325	0.271875	0.38075
0252351012	2012	10	15	289	0.20425	0.2727083333	0.38075
0252351012	2012	10	16	290	0.2057083333	0.273625	0.3801666667
0252351012	2012	10	17	291	0.2117083333	0.2740833333	0.3804166667
0252351012	2012	10	18	292	0.2266666667	0.2742083333	0.3802083333
0252351012	2012	10	19	293	0.236125	0.2750833333	0.38
0252351012	2012	10	20	294	0.242625	0.276	0.379875
0252351012	2012	10	21	295	0.245375	0.27725	0.3798333333
0252351012	2012	10	22	296	0.2472083333	0.2782916667	0.3799166667
0252351012	2012	10	23	297	0.253125	0.2792083333	0.379875
0252351012	2012	10	24	298	0.2730833333	0.2794583333	0.3797916667
0252351012	2012	10	25	299	0.284826087	0.2797826087	0.3795652174
0252351012	2012	10	26	300	0.286625	0.2797916667	0.379125
0252351012	2012	10	27	301	0.2890416667	0.2800416667	0.3790833333
0252351012	2012	10	28	302	0.2977916667	0.2815833333	0.37875
0252351012	2012	10	29	303	0.3134166667	0.2839166667	0.3789166667
0252351012	2012	10	30	304	0.3139583333	0.2866666667	0.378875
0252351012	2012	10	31	305	0.3131666667	0.2890416667	0.3785833333
0252351012	2012	11	1	306	0.3124166667	0.2913333333	0.3786666667
0252351012	2012	11	2	307	0.3105416667	0.2930833333	0.3787083333
0252351012	2012	11	3	308	0.3083333333	0.2947083333	0.378375
0252351012	2012	11	4	309	0.3060833333	0.2954583333	0.3782916667
0252351012	2012	11	5	310	0.3059130435	0.2971304348	0.378173913
0252351012	2012	11	6	311	0.3054166667	0.2981666667	0.3780833333
0252351012	2012	11	7	312	0.304125	0.2994583333	0.3780416667
0252351012	2012	11	8	313	0.3030416667	0.2999583333	0.37775
0252351012	2012	11	9	314	0.3025416667	0.30075	0.3777083333
0252351012	2012	11	10	315	0.3028333333	0.302	0.37775
0252351012	2012	11	11	316	0.30375	0.3026666667	0.3776666667
0252351012	2012	11	12	317	0.3042083333	0.3034166667	0.3775833333
0252351012	2012	11	13	318	0.3043913043	0.3037826087	0.3771304348
0252351012	2012	11	14	319	0.3050416667	0.3043333333	0.377125
0252351012	2012	11	15	320	0.3055416667	0.3052916667	0.3769166667
0252351012	2012	11	16	321	0.3053888889	0.3055555556	0.3768333333
0252351012	2012	11	17	322	0.30575	0.3062916667	0.37675
0252351012	2012	11	18	323	0.306375	0.3065833333	0.3765
0252351012	2012	11	19	324	0.3079583333	0.307	0.3765416667
0252351012	2012	11	20	325	0.3085	0.3073333333	0.3765416667
0252351012	2012	11	21	326	0.3082916667	0.3079166667	0.3762916667
0252351012	2012	11	22	327	0.309	0.3087083333	0.376375
0252351012	2012	11	23	328	0.3093333333	0.309375	0.3762916667
0252351012	2012	11	24	329	0.3085217391	0.3096521739	0.3759565217
0252351012	2012	11	25	330	0.3075833333	0.3097916667	0.3759583333
0252351012	2012	11	26	331	0.3068333333	0.3100833333	0.3758333333
0252351012	2012	11	27	332	0.304375	0.31025	0.3756666667
0252351012	2012	11	28	333	0.3020416667	0.31025	0.3757083333
0252351012	2012	11	29	334	0.30075	0.3104166667	0.3755833333
0252351012	2012	11	30	335	0.3000416667	0.310625	0.3754583333
0252351012	2012	12	1	336	0.3002083333	0.3104583333	0.3750416667
0252351012	2012	12	2	337	0.3005416667	0.310875	0.3750416667
0252351012	2012	12	3	338	0.3011176471	0.311	0.3749411765
0252351012	2012	12	4	339	0.3010588235	0.3113529412	0.3748235294
0252351012	2012	12	5	340	0.3008235294	0.3112352941	0.3741176471
0252351012	2012	12	6	341	0.3019166667	0.3115	0.3742916667
0252351012	2012	12	7	342	0.301875	0.311875	0.37425
0252351012	2012	12	8	343	0.3013333333	0.3119583333	0.3740833333
0252351012	2012	12	9	344	0.3005	0.3119166667	0.374
0252351012	2012	12	10	345	0.2995416667	0.31175	0.3738333333
0252351012	2012	12	11	346	0.2984166667	0.3119166667	0.37375
0252351012	2012	12	12	347	0.2980833333	0.31175	0.3736666667
0252351012	2012	12	13	348	0.2978823529	0.3120588235	0.3730588235
0252351012	2012	12	14	349	0.2975833333	0.3122083333	0.372875
0252351012	2012	12	15	350	0.2975833333	0.3121666667	0.3727083333
0252351012	2012	12	16	351	0.2975	0.3124166667	0.3723333333
0252351012	2012	12	17	352	0.2973333333	0.3121666667	0.3715
0252351012	2012	12	18	353	-9999	-9999	-9999
0252351012	2012	12	19	354	-9999	-9999	-9999
0252351012	2012	12	20	355	-9999	-9999	-9999
0252351012	2012	12	21	356	-9999	-9999	-9999
0252351012	2012	12	22	357	-9999	-9999	-9999
0252351012	2012	12	23	358	-9999	-9999	-9999
0252351012	2012	12	24	359	-9999	-9999	-9999
0252351012	2012	12	25	360	-9999	-9999	-9999
0252351012	2012	12	26	361	-9999	-9999	-9999
0252351012	2012	12	27	362	-9999	-9999	-9999
0252351012	2012	12	28	363	-9999	-9999	-9999
0252351012	2012	12	29	364	-9999	-9999	-9999
0252351012	2012	12	30	365	-9999	-9999	-9999
0252351012	2012	12	31	366	-9999	-9999	-9999
