stationID	Y	M	D	DOY	depth_10	depth_20	depth_51	depth_102
0253680812	2008	1	1	1	-9999	-9999	-9999	-9999
0253680812	2008	1	2	2	-9999	-9999	-9999	-9999
0253680812	2008	1	3	3	-9999	-9999	-9999	-9999
0253680812	2008	1	4	4	-9999	-9999	-9999	-9999
0253680812	2008	1	5	5	-9999	-9999	-9999	-9999
0253680812	2008	1	6	6	-9999	-9999	-9999	-9999
0253680812	2008	1	7	7	-9999	-9999	-9999	-9999
0253680812	2008	1	8	8	-9999	-9999	-9999	-9999
0253680812	2008	1	9	9	-9999	-9999	-9999	-9999
0253680812	2008	1	10	10	-9999	-9999	-9999	-9999
0253680812	2008	1	11	11	-9999	-9999	-9999	-9999
0253680812	2008	1	12	12	-9999	-9999	-9999	-9999
0253680812	2008	1	13	13	-9999	-9999	-9999	-9999
0253680812	2008	1	14	14	-9999	-9999	-9999	-9999
0253680812	2008	1	15	15	-9999	-9999	-9999	-9999
0253680812	2008	1	16	16	-9999	-9999	-9999	-9999
0253680812	2008	1	17	17	-9999	-9999	-9999	-9999
0253680812	2008	1	18	18	-9999	-9999	-9999	-9999
0253680812	2008	1	19	19	-9999	-9999	-9999	-9999
0253680812	2008	1	20	20	-9999	-9999	-9999	-9999
0253680812	2008	1	21	21	-9999	-9999	-9999	-9999
0253680812	2008	1	22	22	-9999	-9999	-9999	-9999
0253680812	2008	1	23	23	-9999	-9999	-9999	-9999
0253680812	2008	1	24	24	-9999	-9999	-9999	-9999
0253680812	2008	1	25	25	-9999	-9999	-9999	-9999
0253680812	2008	1	26	26	-9999	-9999	-9999	-9999
0253680812	2008	1	27	27	-9999	-9999	-9999	-9999
0253680812	2008	1	28	28	-9999	-9999	-9999	-9999
0253680812	2008	1	29	29	-9999	-9999	-9999	-9999
0253680812	2008	1	30	30	-9999	-9999	-9999	-9999
0253680812	2008	1	31	31	-9999	-9999	-9999	-9999
0253680812	2008	2	1	32	-9999	-9999	-9999	-9999
0253680812	2008	2	2	33	-9999	-9999	-9999	-9999
0253680812	2008	2	3	34	-9999	-9999	-9999	-9999
0253680812	2008	2	4	35	-9999	-9999	-9999	-9999
0253680812	2008	2	5	36	-9999	-9999	-9999	-9999
0253680812	2008	2	6	37	-9999	-9999	-9999	-9999
0253680812	2008	2	7	38	-9999	-9999	-9999	-9999
0253680812	2008	2	8	39	-9999	-9999	-9999	-9999
0253680812	2008	2	9	40	-9999	-9999	-9999	-9999
0253680812	2008	2	10	41	-9999	-9999	-9999	-9999
0253680812	2008	2	11	42	-9999	-9999	-9999	-9999
0253680812	2008	2	12	43	-9999	-9999	-9999	-9999
0253680812	2008	2	13	44	-9999	-9999	-9999	-9999
0253680812	2008	2	14	45	-9999	-9999	-9999	-9999
0253680812	2008	2	15	46	-9999	-9999	-9999	-9999
0253680812	2008	2	16	47	-9999	-9999	-9999	-9999
0253680812	2008	2	17	48	-9999	-9999	-9999	-9999
0253680812	2008	2	18	49	-9999	-9999	-9999	-9999
0253680812	2008	2	19	50	-9999	-9999	-9999	-9999
0253680812	2008	2	20	51	-9999	-9999	-9999	-9999
0253680812	2008	2	21	52	-9999	-9999	-9999	-9999
0253680812	2008	2	22	53	-9999	-9999	-9999	-9999
0253680812	2008	2	23	54	-9999	-9999	-9999	-9999
0253680812	2008	2	24	55	-9999	-9999	-9999	-9999
0253680812	2008	2	25	56	-9999	-9999	-9999	-9999
0253680812	2008	2	26	57	-9999	-9999	-9999	-9999
0253680812	2008	2	27	58	-9999	-9999	-9999	-9999
0253680812	2008	2	28	59	-9999	-9999	-9999	-9999
0253680812	2008	2	29	60	-9999	-9999	-9999	-9999
0253680812	2008	3	1	61	-9999	-9999	-9999	-9999
0253680812	2008	3	2	62	-9999	-9999	-9999	-9999
0253680812	2008	3	3	63	-9999	-9999	-9999	-9999
0253680812	2008	3	4	64	-9999	-9999	-9999	-9999
0253680812	2008	3	5	65	-9999	-9999	-9999	-9999
0253680812	2008	3	6	66	-9999	-9999	-9999	-9999
0253680812	2008	3	7	67	-9999	-9999	-9999	-9999
0253680812	2008	3	8	68	-9999	-9999	-9999	-9999
0253680812	2008	3	9	69	-9999	-9999	-9999	-9999
0253680812	2008	3	10	70	-9999	-9999	-9999	-9999
0253680812	2008	3	11	71	-9999	-9999	-9999	-9999
0253680812	2008	3	12	72	-9999	-9999	-9999	-9999
0253680812	2008	3	13	73	-9999	-9999	-9999	-9999
0253680812	2008	3	14	74	-9999	-9999	-9999	-9999
0253680812	2008	3	15	75	-9999	-9999	-9999	-9999
0253680812	2008	3	16	76	-9999	-9999	-9999	-9999
0253680812	2008	3	17	77	-9999	-9999	-9999	-9999
0253680812	2008	3	18	78	-9999	-9999	-9999	-9999
0253680812	2008	3	19	79	-9999	-9999	-9999	-9999
0253680812	2008	3	20	80	-9999	-9999	-9999	-9999
0253680812	2008	3	21	81	-9999	-9999	-9999	-9999
0253680812	2008	3	22	82	-9999	-9999	-9999	-9999
0253680812	2008	3	23	83	-9999	-9999	-9999	-9999
0253680812	2008	3	24	84	-9999	-9999	-9999	-9999
0253680812	2008	3	25	85	-9999	-9999	-9999	-9999
0253680812	2008	3	26	86	-9999	-9999	-9999	-9999
0253680812	2008	3	27	87	-9999	-9999	-9999	-9999
0253680812	2008	3	28	88	-9999	-9999	-9999	-9999
0253680812	2008	3	29	89	-9999	-9999	-9999	-9999
0253680812	2008	3	30	90	-9999	-9999	-9999	-9999
0253680812	2008	3	31	91	-9999	-9999	-9999	-9999
0253680812	2008	4	1	92	-9999	-9999	-9999	-9999
0253680812	2008	4	2	93	-9999	-9999	-9999	-9999
0253680812	2008	4	3	94	-9999	-9999	-9999	-9999
0253680812	2008	4	4	95	-9999	-9999	-9999	-9999
0253680812	2008	4	5	96	-9999	-9999	-9999	-9999
0253680812	2008	4	6	97	-9999	-9999	-9999	-9999
0253680812	2008	4	7	98	-9999	-9999	-9999	-9999
0253680812	2008	4	8	99	-9999	-9999	-9999	-9999
0253680812	2008	4	9	100	-9999	-9999	-9999	-9999
0253680812	2008	4	10	101	-9999	-9999	-9999	-9999
0253680812	2008	4	11	102	-9999	-9999	-9999	-9999
0253680812	2008	4	12	103	-9999	-9999	-9999	-9999
0253680812	2008	4	13	104	-9999	-9999	-9999	-9999
0253680812	2008	4	14	105	-9999	-9999	-9999	-9999
0253680812	2008	4	15	106	-9999	-9999	-9999	-9999
0253680812	2008	4	16	107	-9999	-9999	-9999	-9999
0253680812	2008	4	17	108	-9999	-9999	-9999	-9999
0253680812	2008	4	18	109	-9999	-9999	-9999	-9999
0253680812	2008	4	19	110	-9999	-9999	-9999	-9999
0253680812	2008	4	20	111	-9999	-9999	-9999	-9999
0253680812	2008	4	21	112	-9999	-9999	-9999	-9999
0253680812	2008	4	22	113	-9999	-9999	-9999	-9999
0253680812	2008	4	23	114	-9999	-9999	-9999	-9999
0253680812	2008	4	24	115	-9999	-9999	-9999	-9999
0253680812	2008	4	25	116	-9999	-9999	-9999	-9999
0253680812	2008	4	26	117	-9999	-9999	-9999	-9999
0253680812	2008	4	27	118	-9999	-9999	-9999	-9999
0253680812	2008	4	28	119	-9999	-9999	-9999	-9999
0253680812	2008	4	29	120	-9999	-9999	-9999	-9999
0253680812	2008	4	30	121	-9999	-9999	-9999	-9999
0253680812	2008	5	1	122	-9999	-9999	-9999	-9999
0253680812	2008	5	2	123	-9999	-9999	-9999	-9999
0253680812	2008	5	3	124	-9999	-9999	-9999	-9999
0253680812	2008	5	4	125	-9999	-9999	-9999	-9999
0253680812	2008	5	5	126	-9999	-9999	-9999	-9999
0253680812	2008	5	6	127	-9999	-9999	-9999	-9999
0253680812	2008	5	7	128	-9999	-9999	-9999	-9999
0253680812	2008	5	8	129	-9999	-9999	-9999	-9999
0253680812	2008	5	9	130	-9999	-9999	-9999	-9999
0253680812	2008	5	10	131	-9999	-9999	-9999	-9999
0253680812	2008	5	11	132	-9999	-9999	-9999	-9999
0253680812	2008	5	12	133	-9999	-9999	-9999	-9999
0253680812	2008	5	13	134	-9999	-9999	-9999	-9999
0253680812	2008	5	14	135	-9999	-9999	-9999	-9999
0253680812	2008	5	15	136	-9999	-9999	-9999	-9999
0253680812	2008	5	16	137	-9999	-9999	-9999	-9999
0253680812	2008	5	17	138	-9999	-9999	-9999	-9999
0253680812	2008	5	18	139	-9999	-9999	-9999	-9999
0253680812	2008	5	19	140	-9999	-9999	-9999	-9999
0253680812	2008	5	20	141	-9999	-9999	-9999	-9999
0253680812	2008	5	21	142	-9999	-9999	-9999	-9999
0253680812	2008	5	22	143	-9999	-9999	-9999	-9999
0253680812	2008	5	23	144	-9999	-9999	-9999	-9999
0253680812	2008	5	24	145	-9999	-9999	-9999	-9999
0253680812	2008	5	25	146	-9999	-9999	-9999	-9999
0253680812	2008	5	26	147	-9999	-9999	-9999	-9999
0253680812	2008	5	27	148	-9999	-9999	-9999	-9999
0253680812	2008	5	28	149	-9999	-9999	-9999	-9999
0253680812	2008	5	29	150	-9999	-9999	-9999	-9999
0253680812	2008	5	30	151	-9999	-9999	-9999	-9999
0253680812	2008	5	31	152	-9999	-9999	-9999	-9999
0253680812	2008	6	1	153	-9999	-9999	-9999	-9999
0253680812	2008	6	2	154	-9999	-9999	-9999	-9999
0253680812	2008	6	3	155	-9999	-9999	-9999	-9999
0253680812	2008	6	4	156	-9999	-9999	-9999	-9999
0253680812	2008	6	5	157	-9999	-9999	-9999	-9999
0253680812	2008	6	6	158	-9999	-9999	-9999	-9999
0253680812	2008	6	7	159	-9999	-9999	-9999	-9999
0253680812	2008	6	8	160	-9999	-9999	-9999	-9999
0253680812	2008	6	9	161	-9999	-9999	-9999	-9999
0253680812	2008	6	10	162	-9999	-9999	-9999	-9999
0253680812	2008	6	11	163	-9999	-9999	-9999	-9999
0253680812	2008	6	12	164	-9999	-9999	-9999	-9999
0253680812	2008	6	13	165	-9999	-9999	-9999	-9999
0253680812	2008	6	14	166	-9999	-9999	-9999	-9999
0253680812	2008	6	15	167	-9999	-9999	-9999	-9999
0253680812	2008	6	16	168	-9999	-9999	-9999	-9999
0253680812	2008	6	17	169	-9999	-9999	-9999	-9999
0253680812	2008	6	18	170	-9999	-9999	-9999	-9999
0253680812	2008	6	19	171	-9999	-9999	-9999	-9999
0253680812	2008	6	20	172	-9999	-9999	-9999	-9999
0253680812	2008	6	21	173	-9999	-9999	-9999	-9999
0253680812	2008	6	22	174	-9999	-9999	-9999	-9999
0253680812	2008	6	23	175	-9999	-9999	-9999	-9999
0253680812	2008	6	24	176	-9999	-9999	-9999	-9999
0253680812	2008	6	25	177	-9999	-9999	-9999	-9999
0253680812	2008	6	26	178	-9999	-9999	-9999	-9999
0253680812	2008	6	27	179	-9999	-9999	-9999	-9999
0253680812	2008	6	28	180	-9999	-9999	-9999	-9999
0253680812	2008	6	29	181	-9999	-9999	-9999	-9999
0253680812	2008	6	30	182	-9999	-9999	-9999	-9999
0253680812	2008	7	1	183	-9999	-9999	-9999	-9999
0253680812	2008	7	2	184	-9999	-9999	-9999	-9999
0253680812	2008	7	3	185	-9999	-9999	-9999	-9999
0253680812	2008	7	4	186	-9999	-9999	-9999	-9999
0253680812	2008	7	5	187	-9999	-9999	-9999	-9999
0253680812	2008	7	6	188	-9999	-9999	-9999	-9999
0253680812	2008	7	7	189	-9999	-9999	-9999	-9999
0253680812	2008	7	8	190	-9999	-9999	-9999	-9999
0253680812	2008	7	9	191	-9999	-9999	-9999	-9999
0253680812	2008	7	10	192	-9999	-9999	-9999	-9999
0253680812	2008	7	11	193	-9999	-9999	-9999	-9999
0253680812	2008	7	12	194	-9999	-9999	-9999	-9999
0253680812	2008	7	13	195	-9999	-9999	-9999	-9999
0253680812	2008	7	14	196	-9999	-9999	-9999	-9999
0253680812	2008	7	15	197	-9999	-9999	-9999	-9999
0253680812	2008	7	16	198	-9999	-9999	-9999	-9999
0253680812	2008	7	17	199	-9999	-9999	-9999	-9999
0253680812	2008	7	18	200	-9999	-9999	-9999	-9999
0253680812	2008	7	19	201	-9999	-9999	-9999	-9999
0253680812	2008	7	20	202	-9999	-9999	-9999	-9999
0253680812	2008	7	21	203	-9999	-9999	-9999	-9999
0253680812	2008	7	22	204	-9999	-9999	-9999	-9999
0253680812	2008	7	23	205	-9999	-9999	-9999	-9999
0253680812	2008	7	24	206	0.1905	0.27	0.167	0.2585
0253680812	2008	7	25	207	0.2015	0.2785	0.1635	0.259
0253680812	2008	7	26	208	0.208	0.2825	0.165	0.259
0253680812	2008	7	27	209	0.211	0.2825	0.164	0.258
0253680812	2008	7	28	210	0.2145	0.283	0.1635	0.2575
0253680812	2008	7	29	211	0.2115	0.2815	0.163	0.26
0253680812	2008	7	30	212	0.211	0.2855	0.165	0.2575
0253680812	2008	7	31	213	0.205	0.2815	0.1615	0.2575
0253680812	2008	8	1	214	0.2075	0.279	0.162	0.258
0253680812	2008	8	2	215	0.2075	0.2765	0.1585	0.258
0253680812	2008	8	3	216	0.203	0.2755	0.159	0.2575
0253680812	2008	8	4	217	0.195	0.272	0.159	0.257
0253680812	2008	8	5	218	0.195	0.271	0.158	0.2565
0253680812	2008	8	6	219	0.191	0.2705	0.156	0.257
0253680812	2008	8	7	220	0.185	0.2675	0.158	0.259
0253680812	2008	8	8	221	0.1845	0.264	0.16	0.258
0253680812	2008	8	9	222	0.1815	0.2605	0.16	0.257
0253680812	2008	8	10	223	0.178	0.26	0.161	0.255
0253680812	2008	8	11	224	0.1705	0.259	0.1585	0.2565
0253680812	2008	8	12	225	0.168	0.2525	0.156	0.255
0253680812	2008	8	13	226	0.164	0.254	0.154	0.255
0253680812	2008	8	14	227	0.163	0.2495	0.1515	0.2555
0253680812	2008	8	15	228	0.1525	0.2445	0.1515	0.2555
0253680812	2008	8	16	229	0.152	0.239	0.1495	0.2555
0253680812	2008	8	17	230	0.1545	0.242	0.1515	0.255
0253680812	2008	8	18	231	0.1595	0.2395	0.1495	0.2545
0253680812	2008	8	19	232	0.1625	0.2385	0.15	0.255
0253680812	2008	8	20	233	0.164	0.24	0.149	0.255
0253680812	2008	8	21	234	0.1625	0.239	0.149	0.2555
0253680812	2008	8	22	235	0.158	0.232	0.1505	0.256
0253680812	2008	8	23	236	0.155	0.2295	0.1475	0.258
0253680812	2008	8	24	237	0.1605	0.2285	0.147	0.2535
0253680812	2008	8	25	238	0.16	0.227	0.149	0.256
0253680812	2008	8	26	239	0.159	0.2245	0.148	0.2565
0253680812	2008	8	27	240	0.151	0.22	0.146	0.2565
0253680812	2008	8	28	241	0.1495	0.2165	0.146	0.258
0253680812	2008	8	29	242	0.15	0.217	0.144	0.256
0253680812	2008	8	30	243	0.1505	0.2135	0.144	0.254
0253680812	2008	8	31	244	0.1515	0.2135	0.144	0.254
0253680812	2008	9	1	245	0.146	0.2125	0.1445	0.254
0253680812	2008	9	2	246	0.134	0.206	0.145	0.253
0253680812	2008	9	3	247	0.327	0.204	0.142	0.253
0253680812	2008	9	4	248	0.3275	0.2025	0.1365	0.2485
0253680812	2008	9	5	249	0.336	0.286	0.1355	0.249
0253680812	2008	9	6	250	0.3385	0.313	0.136	0.2515
0253680812	2008	9	7	251	0.3395	0.328	0.1385	0.251
0253680812	2008	9	8	252	0.3375	0.334	0.138	0.2495
0253680812	2008	9	9	253	0.347	0.34	0.1545	0.25
0253680812	2008	9	10	254	0.3405	0.338	0.167	0.2495
0253680812	2008	9	11	255	0.353	0.3455	0.172	0.2495
0253680812	2008	9	12	256	0.345	0.343	0.184	0.2445
0253680812	2008	9	13	257	0.336	0.339	0.1845	0.249
0253680812	2008	9	14	258	0.3255	0.334	0.182	0.2485
0253680812	2008	9	15	259	0.323	0.3325	0.1805	0.2495
0253680812	2008	9	16	260	0.318	0.33	0.1775	0.2485
0253680812	2008	9	17	261	0.3165	0.3295	0.178	0.25
0253680812	2008	9	18	262	0.312	0.326	0.176	0.25
0253680812	2008	9	19	263	0.3075	0.3245	0.1765	0.25
0253680812	2008	9	20	264	0.305	0.3255	0.172	0.25
0253680812	2008	9	21	265	0.303	0.3225	0.1705	0.25
0253680812	2008	9	22	266	0.296	0.322	0.1705	0.2495
0253680812	2008	9	23	267	0.296	0.3165	0.1715	0.2515
0253680812	2008	9	24	268	0.3	0.314	0.1655	0.249
0253680812	2008	9	25	269	0.3005	0.315	0.1655	0.2495
0253680812	2008	9	26	270	0.301	0.3145	0.1635	0.25
0253680812	2008	9	27	271	0.2965	0.317	0.164	0.246
0253680812	2008	9	28	272	0.2975	0.315	0.1645	0.2465
0253680812	2008	9	29	273	0.2955	0.314	0.1635	0.246
0253680812	2008	9	30	274	0.2955	0.313	0.1625	0.246
0253680812	2008	10	1	275	0.2915	0.314	0.161	0.248
0253680812	2008	10	2	276	0.29	0.3125	0.1595	0.2475
0253680812	2008	10	3	277	0.2885	0.3095	0.162	0.246
0253680812	2008	10	4	278	0.2895	0.311	0.161	0.248
0253680812	2008	10	5	279	0.308	0.31	0.1625	0.247
0253680812	2008	10	6	280	0.3345	0.319	0.1595	0.2455
0253680812	2008	10	7	281	0.325	0.331	0.1565	0.248
0253680812	2008	10	8	282	0.3285	0.333	0.1595	0.2455
0253680812	2008	10	9	283	0.3195	0.331	0.1625	0.246
0253680812	2008	10	10	284	0.3135	0.327	0.16	0.246
0253680812	2008	10	11	285	0.312	0.3245	0.159	0.2445
0253680812	2008	10	12	286	0.3105	0.3235	0.1595	0.2455
0253680812	2008	10	13	287	0.313	0.3225	0.16	0.246
0253680812	2008	10	14	288	0.3135	0.3225	0.16	0.2465
0253680812	2008	10	15	289	0.314	0.323	0.1625	0.246
0253680812	2008	10	16	290	0.315	0.323	0.161	0.246
0253680812	2008	10	17	291	0.315	0.3225	0.163	0.2455
0253680812	2008	10	18	292	0.3165	0.322	0.163	0.2435
0253680812	2008	10	19	293	0.3265	0.325	0.1635	0.246
0253680812	2008	10	20	294	0.3245	0.3275	0.159	0.2435
0253680812	2008	10	21	295	0.322	0.3275	0.1605	0.2405
0253680812	2008	10	22	296	0.321	0.326	0.162	0.245
0253680812	2008	10	23	297	0.3215	0.3255	0.162	0.2415
0253680812	2008	10	24	298	0.319	0.326	0.163	0.24
0253680812	2008	10	25	299	0.3175	0.325	0.1635	0.243
0253680812	2008	10	26	300	0.316	0.324	0.164	0.2425
0253680812	2008	10	27	301	0.314	0.324	0.162	0.2425
0253680812	2008	10	28	302	0.311	0.3225	0.162	0.2425
0253680812	2008	10	29	303	0.31	0.32	0.162	0.243
0253680812	2008	10	30	304	0.3065	0.3195	0.1625	0.2415
0253680812	2008	10	31	305	0.304	0.319	0.159	0.243
0253680812	2008	11	1	306	0.3025	0.3185	0.159	0.243
0253680812	2008	11	2	307	0.3015	0.318	0.163	0.2415
0253680812	2008	11	3	308	0.3065	0.316	0.1635	0.242
0253680812	2008	11	4	309	0.307	0.3165	0.165	0.24
0253680812	2008	11	5	310	0.313	0.316	0.161	0.241
0253680812	2008	11	6	311	0.3115	0.3165	0.161	0.244
0253680812	2008	11	7	312	0.312	0.3155	0.162	0.2395
0253680812	2008	11	8	313	0.314	0.318	0.161	0.2395
0253680812	2008	11	9	314	0.313	0.318	0.162	0.244
0253680812	2008	11	10	315	0.314	0.318	0.162	0.241
0253680812	2008	11	11	316	0.313	0.3185	0.1615	0.241
0253680812	2008	11	12	317	0.313	0.318	0.162	0.2425
0253680812	2008	11	13	318	0.313	0.318	0.161	0.241
0253680812	2008	11	14	319	0.3145	0.318	0.161	0.242
0253680812	2008	11	15	320	0.3135	0.319	0.1615	0.2415
0253680812	2008	11	16	321	0.314	0.318	0.161	0.241
0253680812	2008	11	17	322	0.313	0.318	0.162	0.242
0253680812	2008	11	18	323	0.314	0.318	0.162	0.241
0253680812	2008	11	19	324	0.3135	0.3175	0.159	0.243
0253680812	2008	11	20	325	0.3145	0.318	0.156	0.24
0253680812	2008	11	21	326	0.314	0.318	0.156	0.242
0253680812	2008	11	22	327	0.3095	0.318	0.156	0.2405
0253680812	2008	11	23	328	0.311	0.318	0.159	0.2415
0253680812	2008	11	24	329	0.309	0.316	0.159	0.242
0253680812	2008	11	25	330	0.308	0.316	0.159	0.239
0253680812	2008	11	26	331	0.306	0.316	0.159	0.242
0253680812	2008	11	27	332	0.306	0.316	0.159	0.239
0253680812	2008	11	28	333	0.304	0.314	0.1585	0.242
0253680812	2008	11	29	334	0.3015	0.314	0.158	0.2405
0253680812	2008	11	30	335	0.2995	0.315	0.162	0.241
0253680812	2008	12	1	336	0.2995	0.3145	0.157	0.2415
0253680812	2008	12	2	337	0.2975	0.3145	0.157	0.239
0253680812	2008	12	3	338	0.295	0.3105	0.158	0.24
0253680812	2008	12	4	339	0.296	0.311	0.155	0.2395
0253680812	2008	12	5	340	0.2965	0.31	0.156	0.24
0253680812	2008	12	6	341	0.294	0.31	0.1545	0.24
0253680812	2008	12	7	342	0.293	0.3105	0.1535	0.24
0253680812	2008	12	8	343	0.2935	0.309	0.154	0.24
0253680812	2008	12	9	344	0.292	0.309	0.154	0.24
0253680812	2008	12	10	345	0.2895	0.31	0.155	0.24
0253680812	2008	12	11	346	0.29	0.308	0.154	0.2395
0253680812	2008	12	12	347	0.289	0.3075	0.155	0.2385
0253680812	2008	12	13	348	0.2875	0.306	0.1535	0.2395
0253680812	2008	12	14	349	0.289	0.3075	0.1555	0.2385
0253680812	2008	12	15	350	0.288	0.306	0.1555	0.24
0253680812	2008	12	16	351	0.285	0.306	0.156	0.24
0253680812	2008	12	17	352	0.285	0.306	0.156	0.239
0253680812	2008	12	18	353	0.2855	0.306	0.156	0.2395
0253680812	2008	12	19	354	0.283	0.306	0.151	0.239
0253680812	2008	12	20	355	0.2845	0.3045	0.152	0.239
0253680812	2008	12	21	356	0.2825	0.303	0.153	0.24
0253680812	2008	12	22	357	0.2815	0.303	0.1525	0.2365
0253680812	2008	12	23	358	0.28	0.3015	0.152	0.24
0253680812	2008	12	24	359	0.2785	0.301	0.152	0.239
0253680812	2008	12	25	360	0.2765	0.302	0.1525	0.24
0253680812	2008	12	26	361	0.2745	0.3	0.153	0.24
0253680812	2008	12	27	362	0.2735	0.302	0.1505	0.241
0253680812	2008	12	28	363	0.2735	0.3005	0.151	0.236
0253680812	2008	12	29	364	0.2715	0.303	0.1515	0.236
0253680812	2008	12	30	365	0.2695	0.3	0.152	0.2385
0253680812	2008	12	31	366	0.267	0.3	0.15	0.238
0253680812	2009	1	1	1	0.265	0.3	0.148	0.2355
0253680812	2009	1	2	2	0.265	0.299	0.15	0.236
0253680812	2009	1	3	3	0.263	0.2985	0.15	0.2355
0253680812	2009	1	4	4	0.2635	0.296	0.1505	0.236
0253680812	2009	1	5	5	0.2595	0.296	0.147	0.2385
0253680812	2009	1	6	6	0.2575	0.2965	0.151	0.2385
0253680812	2009	1	7	7	0.2565	0.297	0.151	0.2385
0253680812	2009	1	8	8	0.2545	0.296	0.148	0.2365
0253680812	2009	1	9	9	0.254	0.298	0.151	0.2365
0253680812	2009	1	10	10	0.254	0.2965	0.149	0.237
0253680812	2009	1	11	11	0.253	0.295	0.149	0.238
0253680812	2009	1	12	12	0.2515	0.2955	0.149	0.236
0253680812	2009	1	13	13	0.2495	0.295	0.149	0.238
0253680812	2009	1	14	14	0.247	0.2955	0.151	0.238
0253680812	2009	1	15	15	0.247	0.2935	0.151	0.237
0253680812	2009	1	16	16	0.246	0.291	0.15	0.237
0253680812	2009	1	17	17	0.2465	0.292	0.149	0.236
0253680812	2009	1	18	18	0.247	0.2905	0.149	0.24
0253680812	2009	1	19	19	0.2465	0.291	0.15	0.2365
0253680812	2009	1	20	20	0.245	0.29	0.15	0.237
0253680812	2009	1	21	21	0.245	0.2925	0.15	0.239
0253680812	2009	1	22	22	0.246	0.29	0.15	0.237
0253680812	2009	1	23	23	0.246	0.29	0.1475	0.235
0253680812	2009	1	24	24	0.2415	0.2905	0.1475	0.237
0253680812	2009	1	25	25	0.242	0.288	0.145	0.2395
0253680812	2009	1	26	26	0.2395	0.29	0.146	0.2365
0253680812	2009	1	27	27	0.24	0.2895	0.147	0.2375
0253680812	2009	1	28	28	0.239	0.2895	0.146	0.2375
0253680812	2009	1	29	29	0.239	0.288	0.1475	0.239
0253680812	2009	1	30	30	0.2395	0.2885	0.147	0.239
0253680812	2009	1	31	31	0.2395	0.2885	0.146	0.239
0253680812	2009	2	1	32	0.236	0.286	0.147	0.239
0253680812	2009	2	2	33	0.2375	0.2865	0.147	0.2395
0253680812	2009	2	3	34	0.2395	0.287	0.145	0.239
0253680812	2009	2	4	35	0.235	0.2875	0.147	0.239
0253680812	2009	2	5	36	0.234	0.286	0.145	0.2395
0253680812	2009	2	6	37	0.232	0.2865	0.146	0.239
0253680812	2009	2	7	38	0.231	0.2845	0.143	0.239
0253680812	2009	2	8	39	0.2325	0.2825	0.1435	0.2365
0253680812	2009	2	9	40	0.228	0.2845	0.1435	0.234
0253680812	2009	2	10	41	0.2285	0.285	0.144	0.239
0253680812	2009	2	11	42	0.2255	0.2835	0.1445	0.239
0253680812	2009	2	12	43	0.2255	0.285	0.145	0.239
0253680812	2009	2	13	44	0.222	0.2855	0.144	0.2365
0253680812	2009	2	14	45	0.2195	0.281	0.143	0.2365
0253680812	2009	2	15	46	0.2165	0.281	0.143	0.239
0253680812	2009	2	16	47	0.215	0.282	0.144	0.2365
0253680812	2009	2	17	48	0.213	0.282	0.143	0.239
0253680812	2009	2	18	49	0.2125	0.2825	0.143	0.234
0253680812	2009	2	19	50	0.21	0.2805	0.143	0.234
0253680812	2009	2	20	51	0.2085	0.28	0.143	0.234
0253680812	2009	2	21	52	0.2095	0.28	0.145	0.2365
0253680812	2009	2	22	53	0.207	0.278	0.144	0.234
0253680812	2009	2	23	54	0.205	0.278	0.145	0.2365
0253680812	2009	2	24	55	0.206	0.28	0.145	0.234
0253680812	2009	2	25	56	0.206	0.2785	0.139	0.2365
0253680812	2009	2	26	57	0.2035	0.277	0.139	0.234
0253680812	2009	2	27	58	0.2025	0.279	0.14	0.2365
0253680812	2009	2	28	59	0.205	0.2775	0.141	0.234
0253680812	2009	3	1	60	0.206	0.277	0.144	0.234
0253680812	2009	3	2	61	0.206	0.277	0.1425	0.234
0253680812	2009	3	3	62	0.2065	0.277	0.144	0.234
0253680812	2009	3	4	63	0.2015	0.2765	0.141	0.234
0253680812	2009	3	5	64	0.2015	0.275	0.142	0.234
0253680812	2009	3	6	65	0.203	0.276	0.142	0.234
0253680812	2009	3	7	66	0.201	0.2755	0.14	0.234
0253680812	2009	3	8	67	0.203	0.275	0.141	0.234
0253680812	2009	3	9	68	0.203	0.275	0.142	0.234
0253680812	2009	3	10	69	0.197	0.2725	0.14	0.2335
0253680812	2009	3	11	70	0.201	0.274	0.1415	0.2325
0253680812	2009	3	12	71	0.2	0.274	0.139	0.2345
0253680812	2009	3	13	72	0.198	0.275	0.143	0.237
0253680812	2009	3	14	73	0.1995	0.274	0.139	0.233
0253680812	2009	3	15	74	0.1965	0.274	0.1385	0.233
0253680812	2009	3	16	75	0.1995	0.275	0.1395	0.2345
0253680812	2009	3	17	76	0.1975	0.2735	0.1395	0.233
0253680812	2009	3	18	77	0.194	0.271	0.14	0.237
0253680812	2009	3	19	78	0.193	0.2705	0.14	0.235
0253680812	2009	3	20	79	0.195	0.2715	0.14	0.2345
0253680812	2009	3	21	80	0.194	0.27	0.14	0.231
0253680812	2009	3	22	81	0.195	0.269	0.14	0.23
0253680812	2009	3	23	82	0.195	0.268	0.141	0.234
0253680812	2009	3	24	83	0.1965	0.2685	0.14	0.231
0253680812	2009	3	25	84	0.193	0.2685	0.138	0.234
0253680812	2009	3	26	85	0.195	0.268	0.138	0.234
0253680812	2009	3	27	86	0.195	0.268	0.139	0.231
0253680812	2009	3	28	87	0.192	0.268	0.139	0.233
0253680812	2009	3	29	88	0.195	0.2675	0.139	0.235
0253680812	2009	3	30	89	0.193	0.265	0.139	0.231
0253680812	2009	3	31	90	0.19	0.268	0.1385	0.233
0253680812	2009	4	1	91	0.194	0.265	0.138	0.233
0253680812	2009	4	2	92	0.191	0.265	0.138	0.231
0253680812	2009	4	3	93	0.1935	0.2655	0.1405	0.2335
0253680812	2009	4	4	94	0.191	0.265	0.1395	0.232
0253680812	2009	4	5	95	0.191	0.264	0.1395	0.232
0253680812	2009	4	6	96	0.192	0.265	0.141	0.232
0253680812	2009	4	7	97	0.191	0.2655	0.141	0.235
0253680812	2009	4	8	98	0.19	0.263	0.1395	0.232
0253680812	2009	4	9	99	0.332	0.3365	0.1495	0.2335
0253680812	2009	4	10	100	0.321	0.3275	0.161	0.232
0253680812	2009	4	11	101	0.3295	0.341	0.18	0.2335
0253680812	2009	4	12	102	0.3345	0.3405	0.179	0.232
0253680812	2009	4	13	103	0.336	0.339	0.1805	0.231
0253680812	2009	4	14	104	0.339	0.336	0.18	0.232
0253680812	2009	4	15	105	0.33	0.334	0.1795	0.2345
0253680812	2009	4	16	106	0.3345	0.334	0.178	0.234
0253680812	2009	4	17	107	0.329	0.332	0.1785	0.234
0253680812	2009	4	18	108	0.333	0.333	0.179	0.238
0253680812	2009	4	19	109	0.3385	0.3375	0.178	0.2365
0253680812	2009	4	20	110	0.3415	0.339	0.1795	0.237
0253680812	2009	4	21	111	0.344	0.3405	0.1825	0.2395
0253680812	2009	4	22	112	0.346	0.3415	0.1875	0.242
0253680812	2009	4	23	113	0.35	0.3435	0.193	0.246
0253680812	2009	4	24	114	0.3525	0.344	0.198	0.2495
0253680812	2009	4	25	115	0.3495	0.3415	0.2015	0.2525
0253680812	2009	4	26	116	0.346	0.3385	0.198	0.2515
0253680812	2009	4	27	117	0.3425	0.3365	0.1955	0.255
0253680812	2009	4	28	118	0.3435	0.3345	0.1955	0.255
0253680812	2009	4	29	119	0.3435	0.3365	0.19	0.2565
0253680812	2009	4	30	120	0.341	0.3365	0.1915	0.254
0253680812	2009	5	1	121	0.341	0.335	0.1875	0.2545
0253680812	2009	5	2	122	0.34	0.334	0.1865	0.2525
0253680812	2009	5	3	123	0.3395	0.333	0.185	0.255
0253680812	2009	5	4	124	0.342	0.334	0.186	0.2545
0253680812	2009	5	5	125	0.344	0.334	0.185	0.2525
0253680812	2009	5	6	126	0.3435	0.334	0.1845	0.254
0253680812	2009	5	7	127	0.345	0.3365	0.186	0.254
0253680812	2009	5	8	128	0.346	0.3365	0.185	0.254
0253680812	2009	5	9	129	0.346	0.337	0.1845	0.254
0253680812	2009	5	10	130	0.345	0.336	0.187	0.254
0253680812	2009	5	11	131	0.346	0.3365	0.1845	0.253
0253680812	2009	5	12	132	0.3565	0.3445	0.184	0.253
0253680812	2009	5	13	133	0.3575	0.347	0.195	0.2545
0253680812	2009	5	14	134	0.3535	0.343	0.196	0.2545
0253680812	2009	5	15	135	0.353	0.3415	0.1965	0.2565
0253680812	2009	5	16	136	0.354	0.3435	0.1945	0.2575
0253680812	2009	5	17	137	0.367	0.36	0.2135	0.256
0253680812	2009	5	18	138	0.3705	0.363	0.2495	0.2665
0253680812	2009	5	19	139	0.375	0.371	0.2675	0.3125
0253680812	2009	5	20	140	0.377	0.375	0.2785	0.3295
0253680812	2009	5	21	141	0.378	0.3745	0.2785	0.329
0253680812	2009	5	22	142	0.378	0.3745	0.279	0.33
0253680812	2009	5	23	143	0.3785	0.375	0.2805	0.3285
0253680812	2009	5	24	144	0.378	0.376	0.284	0.3315
0253680812	2009	5	25	145	0.3805	0.379	0.2895	0.33
0253680812	2009	5	26	146	0.379	0.376	0.2885	0.332
0253680812	2009	5	27	147	0.3785	0.3755	0.2865	0.334
0253680812	2009	5	28	148	0.379	0.3765	0.2885	0.333
0253680812	2009	5	29	149	0.379	0.3785	0.289	0.3335
0253680812	2009	5	30	150	0.38	0.3805	0.2925	0.334
0253680812	2009	5	31	151	0.38	0.38	-9999	0.335
0253680812	2009	6	1	152	0.381	0.381	-9999	0.3345
0253680812	2009	6	2	153	0.376	0.375	-9999	0.3345
0253680812	2009	6	3	154	0.376	0.3715	0.2765	0.3295
0253680812	2009	6	4	155	0.3835	0.3805	-9999	0.331
0253680812	2009	6	5	156	0.383	-9999	-9999	-9999
0253680812	2009	6	6	157	0.3805	0.382	-9999	-9999
0253680812	2009	6	7	158	0.3745	0.3765	-9999	0.345
0253680812	2009	6	8	159	0.367	0.368	0.289	0.3395
0253680812	2009	6	9	160	0.37	0.369	0.2835	0.3365
0253680812	2009	6	10	161	0.37	0.3695	0.284	0.335
0253680812	2009	6	11	162	0.372	0.37	0.286	0.336
0253680812	2009	6	12	163	0.375	0.374	0.2945	0.337
0253680812	2009	6	13	164	0.3755	0.377	-9999	0.339
0253680812	2009	6	14	165	0.3775	0.3785	-9999	0.34
0253680812	2009	6	15	166	0.3705	0.371	0.29	0.3375
0253680812	2009	6	16	167	0.369	0.37	0.2815	0.336
0253680812	2009	6	17	168	0.365	0.367	0.273	0.337
0253680812	2009	6	18	169	0.376	0.3765	0.275	0.3345
0253680812	2009	6	19	170	0.373	0.3735	0.286	0.334
0253680812	2009	6	20	171	0.3635	0.3675	0.2775	0.3335
0253680812	2009	6	21	172	0.357	0.3645	0.2695	0.336
0253680812	2009	6	22	173	0.356	0.36	0.263	0.3335
0253680812	2009	6	23	174	0.3465	0.3555	0.256	0.333
0253680812	2009	6	24	175	0.343	0.355	0.252	0.3315
0253680812	2009	6	25	176	0.3435	0.355	0.248	0.331
0253680812	2009	6	26	177	0.339	0.355	0.246	0.3295
0253680812	2009	6	27	178	0.338	0.3485	0.241	0.329
0253680812	2009	6	28	179	0.3385	0.347	0.2385	0.327
0253680812	2009	6	29	180	0.338	0.348	0.239	0.3255
0253680812	2009	6	30	181	0.336	0.3495	0.235	0.327
0253680812	2009	7	1	182	0.334	0.3485	0.233	0.325
0253680812	2009	7	2	183	0.3315	0.3465	0.2315	0.325
0253680812	2009	7	3	184	0.3315	0.3465	0.231	0.324
0253680812	2009	7	4	185	0.3325	0.341	0.2295	0.3235
0253680812	2009	7	5	186	0.3715	-9999	0.231	0.325
0253680812	2009	7	6	187	0.3625	0.3635	0.2345	0.3235
0253680812	2009	7	7	188	0.356	0.3605	0.2345	0.325
0253680812	2009	7	8	189	0.3495	0.3585	0.234	0.3235
0253680812	2009	7	9	190	0.3445	0.354	0.233	0.325
0253680812	2009	7	10	191	0.341	0.3515	0.23	0.322
0253680812	2009	7	11	192	0.3405	0.352	0.2315	0.3225
0253680812	2009	7	12	193	0.3405	0.353	0.227	0.323
0253680812	2009	7	13	194	0.3365	0.3505	0.227	0.323
0253680812	2009	7	14	195	0.3285	0.345	0.228	0.323
0253680812	2009	7	15	196	0.3285	0.3435	0.2235	0.322
0253680812	2009	7	16	197	0.3315	0.344	0.223	0.322
0253680812	2009	7	17	198	0.3295	0.3435	0.223	0.322
0253680812	2009	7	18	199	0.3305	0.343	0.2215	0.322
0253680812	2009	7	19	200	0.329	0.3415	0.2185	0.322
0253680812	2009	7	20	201	0.3205	0.34	0.22	0.32
0253680812	2009	7	21	202	0.321	0.3355	0.2175	0.319
0253680812	2009	7	22	203	0.3215	0.3355	0.2165	0.319
0253680812	2009	7	23	204	0.3205	0.3355	0.215	0.3195
0253680812	2009	7	24	205	0.322	0.3365	0.2145	0.3185
0253680812	2009	7	25	206	0.3165	0.333	0.2125	0.318
0253680812	2009	7	26	207	0.315	0.33	0.2115	0.318
0253680812	2009	7	27	208	0.3445	0.3305	0.21	0.3165
0253680812	2009	7	28	209	0.3655	0.3365	0.211	0.3165
0253680812	2009	7	29	210	0.363	0.359	0.2115	0.3155
0253680812	2009	7	30	211	0.3515	0.356	0.2135	0.314
0253680812	2009	7	31	212	0.344	0.352	0.2135	0.3145
0253680812	2009	8	1	213	0.3415	0.3505	0.212	0.314
0253680812	2009	8	2	214	0.3395	0.3485	0.211	0.3155
0253680812	2009	8	3	215	0.3365	0.3475	0.2115	0.317
0253680812	2009	8	4	216	0.3335	0.345	0.212	0.3145
0253680812	2009	8	5	217	0.331	0.344	0.2095	0.316
0253680812	2009	8	6	218	0.332	0.3435	0.2095	0.3155
0253680812	2009	8	7	219	0.3285	0.341	0.208	0.315
0253680812	2009	8	8	220	0.324	0.3405	0.211	0.3145
0253680812	2009	8	9	221	0.3215	0.335	0.2095	0.3135
0253680812	2009	8	10	222	0.323	0.334	0.2045	0.315
0253680812	2009	8	11	223	0.322	0.336	0.2075	0.315
0253680812	2009	8	12	224	0.323	0.3345	0.2075	0.313
0253680812	2009	8	13	225	0.3225	0.336	0.2055	0.313
0253680812	2009	8	14	226	0.323	0.3325	0.2075	0.313
0253680812	2009	8	15	227	0.315	0.332	0.2055	0.3135
0253680812	2009	8	16	228	0.336	0.323	0.204	0.313
0253680812	2009	8	17	229	0.334	0.322	0.2025	0.313
0253680812	2009	8	18	230	0.329	0.324	0.204	0.311
0253680812	2009	8	19	231	0.327	0.3245	0.2025	0.3095
0253680812	2009	8	20	232	0.3265	0.3235	0.2005	0.31
0253680812	2009	8	21	233	0.3245	0.327	0.2005	0.31
0253680812	2009	8	22	234	0.328	0.3265	0.2015	0.3095
0253680812	2009	8	23	235	0.323	0.3285	0.201	0.3095
0253680812	2009	8	24	236	0.3175	0.3225	0.2015	0.311
0253680812	2009	8	25	237	0.314	0.3205	0.199	0.31
0253680812	2009	8	26	238	0.313	0.319	0.197	0.309
0253680812	2009	8	27	239	0.3125	0.3195	0.198	0.309
0253680812	2009	8	28	240	0.308	0.317	0.1955	0.3075
0253680812	2009	8	29	241	0.3055	0.3165	0.1975	0.3065
0253680812	2009	8	30	242	0.305	0.3155	0.1975	0.307
0253680812	2009	8	31	243	0.304	0.3145	0.198	0.307
0253680812	2009	9	1	244	0.298	0.3135	0.1955	0.307
0253680812	2009	9	2	245	0.296	0.306	0.1955	0.307
0253680812	2009	9	3	246	0.295	0.304	0.1935	0.306
0253680812	2009	9	4	247	0.2905	0.303	0.1925	0.305
0253680812	2009	9	5	248	0.2895	0.304	0.191	0.304
0253680812	2009	9	6	249	0.286	0.302	0.1915	0.304
0253680812	2009	9	7	250	0.2825	0.3	0.189	0.306
0253680812	2009	9	8	251	0.2755	0.2965	0.19	0.307
0253680812	2009	9	9	252	0.271	0.289	0.19	0.3065
0253680812	2009	9	10	253	0.271	0.287	0.19	0.306
0253680812	2009	9	11	254	0.265	0.287	0.188	0.3045
0253680812	2009	9	12	255	0.259	0.2815	0.189	0.3035
0253680812	2009	9	13	256	0.2545	0.2805	0.1855	0.304
0253680812	2009	9	14	257	0.2565	0.2785	0.1815	0.303
0253680812	2009	9	15	258	0.255	0.2805	0.182	0.301
0253680812	2009	9	16	259	0.2545	0.2795	0.183	0.3005
0253680812	2009	9	17	260	0.249	0.281	0.1825	0.302
0253680812	2009	9	18	261	0.2515	0.2755	0.1815	0.303
0253680812	2009	9	19	262	0.2465	0.275	0.1805	0.3
0253680812	2009	9	20	263	0.241	0.2745	0.1815	0.301
0253680812	2009	9	21	264	0.235	0.271	0.179	0.2995
0253680812	2009	9	22	265	0.234	0.2625	0.178	0.2995
0253680812	2009	9	23	266	0.241	0.263	0.1755	0.2975
0253680812	2009	9	24	267	0.2525	0.264	0.174	0.298
0253680812	2009	9	25	268	0.26	0.2635	0.1745	0.298
0253680812	2009	9	26	269	0.2625	0.2665	0.1755	0.297
0253680812	2009	9	27	270	0.2625	0.269	0.1765	0.296
0253680812	2009	9	28	271	0.26	0.266	0.175	0.2955
0253680812	2009	9	29	272	0.2635	0.267	0.176	0.296
0253680812	2009	9	30	273	0.2635	0.2715	0.175	0.295
0253680812	2009	10	1	274	0.259	0.266	0.1755	0.294
0253680812	2009	10	2	275	0.2595	0.2625	0.1735	0.295
0253680812	2009	10	3	276	0.262	0.2625	0.1735	0.295
0253680812	2009	10	4	277	0.2645	0.263	0.175	0.2935
0253680812	2009	10	5	278	0.266	0.261	0.17	0.292
0253680812	2009	10	6	279	0.269	0.262	0.172	0.293
0253680812	2009	10	7	280	0.2725	0.263	0.171	0.291
0253680812	2009	10	8	281	0.2775	0.2625	0.17	0.291
0253680812	2009	10	9	282	0.284	0.2615	0.172	0.289
0253680812	2009	10	10	283	0.294	0.264	0.171	0.289
0253680812	2009	10	11	284	0.2985	0.264	0.171	0.2885
0253680812	2009	10	12	285	0.2985	0.267	0.169	0.289
0253680812	2009	10	13	286	0.301	0.264	0.172	0.286
0253680812	2009	10	14	287	0.304	0.2665	0.166	0.2865
0253680812	2009	10	15	288	0.3075	0.268	0.172	0.287
0253680812	2009	10	16	289	0.3115	0.267	0.166	0.288
0253680812	2009	10	17	290	0.3125	0.269	0.169	0.287
0253680812	2009	10	18	291	0.3135	0.273	0.169	0.287
0253680812	2009	10	19	292	0.3195	0.2715	0.169	0.2875
0253680812	2009	10	20	293	0.3225	0.276	0.172	0.288
0253680812	2009	10	21	294	0.323	0.274	0.1715	0.287
0253680812	2009	10	22	295	0.319	0.278	0.171	0.286
0253680812	2009	10	23	296	0.315	0.278	0.17	0.286
0253680812	2009	10	24	297	0.3125	0.281	0.17	0.284
0253680812	2009	10	25	298	0.313	0.28	0.171	0.2875
0253680812	2009	10	26	299	0.3125	0.283	0.1705	0.283
0253680812	2009	10	27	300	0.312	0.282	0.171	0.2835
0253680812	2009	10	28	301	0.312	0.284	0.171	0.284
0253680812	2009	10	29	302	0.313	0.283	0.171	0.284
0253680812	2009	10	30	303	0.314	0.2855	0.171	0.285
0253680812	2009	10	31	304	0.314	0.2855	0.171	0.2845
0253680812	2009	11	1	305	0.313	0.285	0.171	0.284
0253680812	2009	11	2	306	0.313	0.285	0.171	0.284
0253680812	2009	11	3	307	0.312	0.284	0.171	0.284
0253680812	2009	11	4	308	0.314	0.287	0.171	0.284
0253680812	2009	11	5	309	0.3135	0.2855	0.1705	0.284
0253680812	2009	11	6	310	0.313	0.288	0.1705	0.2855
0253680812	2009	11	7	311	0.3115	0.288	0.171	0.2835
0253680812	2009	11	8	312	0.3115	0.288	0.171	0.2835
0253680812	2009	11	9	313	0.312	0.288	0.171	0.2815
0253680812	2009	11	10	314	0.3085	0.288	0.171	0.281
0253680812	2009	11	11	315	0.309	0.2905	0.171	0.282
0253680812	2009	11	12	316	0.306	0.29	0.1705	0.2805
0253680812	2009	11	13	317	0.3045	0.29	0.171	0.28
0253680812	2009	11	14	318	0.306	0.2905	0.171	0.2815
0253680812	2009	11	15	319	0.3025	0.2905	0.171	0.2825
0253680812	2009	11	16	320	0.3035	0.2885	0.171	0.281
0253680812	2009	11	17	321	0.2995	0.2895	0.171	0.281
0253680812	2009	11	18	322	0.298	0.291	0.171	0.28
0253680812	2009	11	19	323	0.2975	0.288	0.1715	0.279
0253680812	2009	11	20	324	0.294	0.288	0.171	0.2805
0253680812	2009	11	21	325	0.2935	0.288	0.1685	0.279
0253680812	2009	11	22	326	0.2915	0.288	0.17	0.2795
0253680812	2009	11	23	327	0.2885	0.2865	0.17	0.2795
0253680812	2009	11	24	328	0.287	0.2885	0.17	0.28
0253680812	2009	11	25	329	0.2855	0.286	0.17	0.2785
0253680812	2009	11	26	330	0.284	0.287	0.17	0.279
0253680812	2009	11	27	331	0.2815	0.287	0.17	0.279
0253680812	2009	11	28	332	0.2775	0.2875	0.17	0.278
0253680812	2009	11	29	333	0.279	0.2865	0.17	0.278
0253680812	2009	11	30	334	0.277	0.2865	0.17	0.277
0253680812	2009	12	1	335	0.2745	0.285	0.17	0.2795
0253680812	2009	12	2	336	0.2745	0.285	0.168	0.28
0253680812	2009	12	3	337	0.2735	0.285	0.17	0.28
0253680812	2009	12	4	338	0.2705	0.284	0.169	0.28
0253680812	2009	12	5	339	0.2665	0.286	0.169	0.278
0253680812	2009	12	6	340	0.2625	0.286	0.17	0.2785
0253680812	2009	12	7	341	0.2575	0.284	0.168	0.2765
0253680812	2009	12	8	342	0.2415	0.283	0.17	0.277
0253680812	2009	12	9	343	0.2245	0.284	0.167	0.278
0253680812	2009	12	10	344	0.2135	0.284	0.168	0.278
0253680812	2009	12	11	345	0.2035	0.2825	0.168	0.279
0253680812	2009	12	12	346	0.196	0.283	0.168	0.277
0253680812	2009	12	13	347	0.1935	0.281	0.168	0.278
0253680812	2009	12	14	348	0.193	0.2795	0.168	0.278
0253680812	2009	12	15	349	0.196	0.281	0.167	0.278
0253680812	2009	12	16	350	0.1925	0.278	0.169	0.274
0253680812	2009	12	17	351	0.19	0.2785	0.166	0.279
0253680812	2009	12	18	352	0.192	0.2795	0.1675	0.277
0253680812	2009	12	19	353	0.1925	0.277	0.166	0.275
0253680812	2009	12	20	354	0.191	0.276	0.166	0.275
0253680812	2009	12	21	355	0.192	0.2745	0.166	0.275
0253680812	2009	12	22	356	0.191	0.275	0.166	0.275
0253680812	2009	12	23	357	0.192	0.274	0.1665	0.272
0253680812	2009	12	24	358	0.192	0.272	0.169	0.272
0253680812	2009	12	25	359	0.1905	0.273	0.168	0.2735
0253680812	2009	12	26	360	0.1905	0.2695	0.169	0.2735
0253680812	2009	12	27	361	0.19	0.2675	0.169	0.272
0253680812	2009	12	28	362	0.1885	0.2685	0.169	0.2725
0253680812	2009	12	29	363	0.1845	0.2675	0.169	0.271
0253680812	2009	12	30	364	0.1855	0.2665	0.1655	0.2725
0253680812	2009	12	31	365	0.1865	0.2625	0.166	0.271
0253680812	2010	1	1	1	0.188	0.2615	0.166	0.2715
0253680812	2010	1	2	2	0.184	0.2605	0.166	0.2735
0253680812	2010	1	3	3	0.185	0.2575	0.1665	0.27
0253680812	2010	1	4	4	0.187	0.2535	0.166	0.2735
0253680812	2010	1	5	5	0.186	0.2525	0.166	0.274
0253680812	2010	1	6	6	0.185	0.2525	0.1635	0.271
0253680812	2010	1	7	7	0.1855	0.2515	0.161	0.27
0253680812	2010	1	8	8	0.1885	0.2515	0.1645	0.273
0253680812	2010	1	9	9	0.189	0.2505	0.163	0.27
0253680812	2010	1	10	10	0.1875	0.2455	0.165	0.272
0253680812	2010	1	11	11	0.1855	0.2465	0.164	0.271
0253680812	2010	1	12	12	0.1865	0.244	0.164	0.271
0253680812	2010	1	13	13	0.186	0.244	0.165	0.27
0253680812	2010	1	14	14	0.188	0.2415	0.165	0.269
0253680812	2010	1	15	15	0.184	0.2385	0.1635	0.269
0253680812	2010	1	16	16	0.1845	0.238	0.1615	0.269
0253680812	2010	1	17	17	0.1825	0.237	0.162	0.269
0253680812	2010	1	18	18	0.183	0.2365	0.162	0.269
0253680812	2010	1	19	19	0.182	0.2335	0.1615	0.2695
0253680812	2010	1	20	20	0.1825	0.233	0.16	0.269
0253680812	2010	1	21	21	0.184	0.2325	0.1605	0.2695
0253680812	2010	1	22	22	0.183	0.233	0.159	0.27
0253680812	2010	1	23	23	0.1845	0.235	0.157	0.2705
0253680812	2010	1	24	24	0.182	0.2315	0.162	0.2695
0253680812	2010	1	25	25	0.18	0.2315	0.162	0.267
0253680812	2010	1	26	26	0.18	0.227	0.1585	0.267
0253680812	2010	1	27	27	0.1825	0.227	0.16	0.2675
0253680812	2010	1	28	28	0.1815	0.225	0.161	0.268
0253680812	2010	1	29	29	0.182	0.226	0.162	0.267
0253680812	2010	1	30	30	0.182	0.228	0.161	0.267
0253680812	2010	1	31	31	0.1815	0.228	0.161	0.2685
0253680812	2010	2	1	32	0.1825	0.2285	0.161	0.2675
0253680812	2010	2	2	33	0.1815	0.228	0.1585	0.2675
0253680812	2010	2	3	34	0.1815	0.2285	0.156	0.2675
0253680812	2010	2	4	35	0.181	0.2285	0.158	0.266
0253680812	2010	2	5	36	0.181	0.228	0.158	0.264
0253680812	2010	2	6	37	0.181	0.2285	0.1565	0.2665
0253680812	2010	2	7	38	0.18	0.228	0.1575	0.2635
0253680812	2010	2	8	39	0.18	0.2285	0.155	0.264
0253680812	2010	2	9	40	0.179	0.229	0.152	0.2635
0253680812	2010	2	10	41	0.1815	0.229	0.154	0.264
0253680812	2010	2	11	42	0.182	0.229	0.1555	0.2645
0253680812	2010	2	12	43	0.1815	0.2255	0.158	0.263
0253680812	2010	2	13	44	0.18	0.229	0.157	0.2615
0253680812	2010	2	14	45	0.179	0.225	0.157	0.2645
0253680812	2010	2	15	46	0.18	0.226	0.1575	0.2635
0253680812	2010	2	16	47	0.18	0.225	0.152	0.2635
0253680812	2010	2	17	48	0.1785	0.225	0.152	0.264
0253680812	2010	2	18	49	0.178	0.223	0.152	0.2625
0253680812	2010	2	19	50	0.1795	0.2235	0.154	0.2615
0253680812	2010	2	20	51	0.178	0.224	0.152	0.262
0253680812	2010	2	21	52	0.183	0.224	0.1515	0.262
0253680812	2010	2	22	53	0.182	0.224	0.152	0.263
0253680812	2010	2	23	54	0.182	0.224	0.1505	0.262
0253680812	2010	2	24	55	0.18	0.224	0.15	0.26
0253680812	2010	2	25	56	0.1785	0.224	0.15	0.261
0253680812	2010	2	26	57	0.1805	0.224	0.1515	0.26
0253680812	2010	2	27	58	0.1805	0.222	0.1515	0.26
0253680812	2010	2	28	59	0.18	0.2215	0.152	0.2605
0253680812	2010	3	1	60	0.1805	0.2225	0.15	0.2605
0253680812	2010	3	2	61	0.1805	0.224	0.15	0.261
0253680812	2010	3	3	62	0.1795	0.224	0.152	0.2595
0253680812	2010	3	4	63	0.1785	0.2225	0.152	0.2595
0253680812	2010	3	5	64	0.1795	0.224	0.15	0.258
0253680812	2010	3	6	65	0.179	0.224	0.15	0.261
0253680812	2010	3	7	66	0.1795	0.224	0.151	0.2595
0253680812	2010	3	8	67	0.18	0.224	0.1515	0.261
0253680812	2010	3	9	68	0.1795	0.224	0.147	0.259
0253680812	2010	3	10	69	0.1805	0.224	0.148	0.2605
0253680812	2010	3	11	70	0.18	0.224	0.148	0.26
0253680812	2010	3	12	71	0.1795	0.224	0.148	0.26
0253680812	2010	3	13	72	0.1795	0.224	0.148	0.261
0253680812	2010	3	14	73	0.183	0.224	0.1495	0.261
0253680812	2010	3	15	74	0.182	0.224	0.1495	0.2565
0253680812	2010	3	16	75	0.1815	0.224	0.1515	0.257
0253680812	2010	3	17	76	0.181	0.224	0.147	0.259
0253680812	2010	3	18	77	0.181	0.224	0.147	0.257
0253680812	2010	3	19	78	0.1815	0.224	0.147	0.2575
0253680812	2010	3	20	79	0.18	0.224	0.148	0.2565
0253680812	2010	3	21	80	0.181	0.224	0.146	0.258
0253680812	2010	3	22	81	0.181	0.224	0.1445	0.259
0253680812	2010	3	23	82	0.181	0.224	0.1445	0.258
0253680812	2010	3	24	83	0.181	0.2225	0.145	0.258
0253680812	2010	3	25	84	0.1845	0.224	0.147	0.258
0253680812	2010	3	26	85	0.18	0.224	0.147	0.2595
0253680812	2010	3	27	86	0.1835	0.224	0.148	0.254
0253680812	2010	3	28	87	0.1835	0.224	0.146	0.257
0253680812	2010	3	29	88	0.1835	0.224	0.147	0.2545
0253680812	2010	3	30	89	0.182	0.224	0.147	0.255
0253680812	2010	3	31	90	0.185	0.224	0.147	0.2555
0253680812	2010	4	1	91	0.182	0.224	0.147	0.256
0253680812	2010	4	2	92	0.182	0.224	0.1475	0.256
0253680812	2010	4	3	93	0.183	0.224	0.1455	0.2545
0253680812	2010	4	4	94	0.182	0.224	0.1455	0.253
0253680812	2010	4	5	95	0.184	0.224	0.146	0.2535
0253680812	2010	4	6	96	0.1825	0.224	0.146	0.254
0253680812	2010	4	7	97	0.183	0.224	0.146	0.254
0253680812	2010	4	8	98	0.1825	0.224	0.146	0.254
0253680812	2010	4	9	99	0.1825	0.224	0.148	0.2545
0253680812	2010	4	10	100	0.1825	0.224	0.144	0.252
0253680812	2010	4	11	101	0.1825	0.224	0.146	0.255
0253680812	2010	4	12	102	0.1825	0.224	0.147	0.2545
0253680812	2010	4	13	103	0.181	0.224	0.147	0.254
0253680812	2010	4	14	104	0.1805	0.224	0.147	0.254
0253680812	2010	4	15	105	0.184	0.224	0.1455	0.254
0253680812	2010	4	16	106	0.186	0.223	0.147	0.2545
0253680812	2010	4	17	107	0.185	0.223	0.147	0.2545
0253680812	2010	4	18	108	0.1855	0.223	0.147	0.254
0253680812	2010	4	19	109	0.185	0.223	0.146	0.2525
0253680812	2010	4	20	110	0.186	0.227	0.145	0.2515
0253680812	2010	4	21	111	0.188	0.2255	0.147	0.253
0253680812	2010	4	22	112	0.1905	0.223	0.1455	0.254
0253680812	2010	4	23	113	0.191	0.225	0.1465	0.2525
0253680812	2010	4	24	114	0.1955	0.2265	0.149	0.2545
0253680812	2010	4	25	115	0.196	0.227	0.155	0.254
0253680812	2010	4	26	116	0.2	0.228	0.1535	0.254
0253680812	2010	4	27	117	0.202	0.2275	0.159	0.2545
0253680812	2010	4	28	118	0.202	0.2315	0.164	0.254
0253680812	2010	4	29	119	0.204	0.232	0.163	0.2545
0253680812	2010	4	30	120	0.2065	0.231	0.165	0.253
0253680812	2010	5	1	121	0.206	0.2315	0.166	0.256
0253680812	2010	5	2	122	0.2105	0.23	0.164	0.256
0253680812	2010	5	3	123	0.207	0.235	0.166	0.2575
0253680812	2010	5	4	124	0.212	0.235	0.166	0.254
0253680812	2010	5	5	125	0.2115	0.235	0.166	0.254
0253680812	2010	5	6	126	0.2105	0.235	0.166	0.26
0253680812	2010	5	7	127	0.214	0.235	0.166	0.258
0253680812	2010	5	8	128	0.211	0.231	0.166	0.258
0253680812	2010	5	9	129	0.209	0.237	0.166	0.259
0253680812	2010	5	10	130	0.211	0.234	0.1655	0.258
0253680812	2010	5	11	131	0.2105	0.234	0.166	0.258
0253680812	2010	5	12	132	0.2105	0.234	0.166	0.258
0253680812	2010	5	13	133	0.2105	0.2375	0.166	0.2575
0253680812	2010	5	14	134	0.2115	0.237	0.165	0.259
0253680812	2010	5	15	135	0.2115	0.237	0.165	0.2575
0253680812	2010	5	16	136	0.212	0.239	0.1665	0.257
0253680812	2010	5	17	137	0.211	0.238	0.168	0.257
0253680812	2010	5	18	138	0.211	0.237	0.168	0.2585
0253680812	2010	5	19	139	0.215	0.24	0.169	0.256
0253680812	2010	5	20	140	0.2155	0.24	0.1735	0.261
0253680812	2010	5	21	141	0.2145	0.24	0.185	0.26
0253680812	2010	5	22	142	0.2135	0.24	0.193	0.261
0253680812	2010	5	23	143	0.2165	0.24	0.1975	0.262
0253680812	2010	5	24	144	0.218	0.238	0.2	0.2655
0253680812	2010	5	25	145	0.218	0.24	0.201	0.2665
0253680812	2010	5	26	146	0.2185	0.239	0.2	0.271
0253680812	2010	5	27	147	0.223	0.2395	0.197	0.273
0253680812	2010	5	28	148	0.225	0.242	0.2	0.276
0253680812	2010	5	29	149	0.2285	0.2415	0.2105	0.277
0253680812	2010	5	30	150	0.236	0.242	0.216	0.281
0253680812	2010	5	31	151	0.295	0.241	0.216	0.2855
0253680812	2010	6	1	152	0.337	0.241	0.2215	0.288
0253680812	2010	6	2	153	0.349	0.245	0.2285	0.2945
0253680812	2010	6	3	154	0.354	0.246	0.2385	0.2985
0253680812	2010	6	4	155	0.3555	0.3195	0.245	0.304
0253680812	2010	6	5	156	0.357	0.334	0.252	0.3105
0253680812	2010	6	6	157	0.357	0.338	0.258	0.312
0253680812	2010	6	7	158	0.3585	0.3435	0.2625	0.3135
0253680812	2010	6	8	159	0.358	0.3445	0.266	0.315
0253680812	2010	6	9	160	0.359	0.343	0.2665	0.3165
0253680812	2010	6	10	161	0.361	0.348	0.271	0.316
0253680812	2010	6	11	162	0.3635	0.349	0.2725	0.3175
0253680812	2010	6	12	163	0.357	0.3465	0.272	0.3175
0253680812	2010	6	13	164	0.3485	0.337	0.26	0.3145
0253680812	2010	6	14	165	0.357	0.3405	0.2565	0.3145
0253680812	2010	6	15	166	-9999	0.349	0.271	0.316
0253680812	2010	6	16	167	0.371	0.3605	-9999	0.328
0253680812	2010	6	17	168	0.365	0.3615	0.2905	0.325
0253680812	2010	6	18	169	0.365	0.3595	0.285	0.3235
0253680812	2010	6	19	170	0.3575	0.3515	0.2765	0.3205
0253680812	2010	6	20	171	0.351	0.345	0.2655	0.3185
0253680812	2010	6	21	172	0.35	0.345	0.2605	0.3155
0253680812	2010	6	22	173	0.3445	0.34	0.254	0.315
0253680812	2010	6	23	174	0.3445	0.339	0.2485	0.315
0253680812	2010	6	24	175	0.337	0.3375	0.2445	0.313
0253680812	2010	6	25	176	0.3325	0.335	0.2425	0.314
0253680812	2010	6	26	177	0.329	0.335	0.24	0.312
0253680812	2010	6	27	178	0.324	0.3295	0.237	0.3105
0253680812	2010	6	28	179	0.326	0.331	0.2335	0.3145
0253680812	2010	6	29	180	0.3255	0.333	0.2305	0.3135
0253680812	2010	6	30	181	0.324	0.331	0.23	0.313
0253680812	2010	7	1	182	0.32	0.3265	0.2275	0.3135
0253680812	2010	7	2	183	0.3195	0.326	0.2245	0.312
0253680812	2010	7	3	184	0.315	0.324	0.2225	0.31
0253680812	2010	7	4	185	0.3085	0.3185	0.223	0.3105
0253680812	2010	7	5	186	0.3065	0.317	0.2205	0.311
0253680812	2010	7	6	187	0.301	0.314	0.2185	0.311
0253680812	2010	7	7	188	0.3045	0.309	0.2165	0.312
0253680812	2010	7	8	189	0.307	0.3065	0.213	0.308
0253680812	2010	7	9	190	0.3095	0.3095	0.214	0.3085
0253680812	2010	7	10	191	0.3115	0.3115	0.213	0.3105
0253680812	2010	7	11	192	0.306	0.3075	0.213	0.308
0253680812	2010	7	12	193	0.306	0.3065	0.213	0.3085
0253680812	2010	7	13	194	0.3065	0.3045	0.211	0.3085
0253680812	2010	7	14	195	0.3035	0.3015	0.2085	0.307
0253680812	2010	7	15	196	0.2995	0.2975	0.209	0.3075
0253680812	2010	7	16	197	0.2975	0.295	0.2075	0.307
0253680812	2010	7	17	198	0.2965	0.2935	0.208	0.307
0253680812	2010	7	18	199	0.289	0.288	0.206	0.307
0253680812	2010	7	19	200	0.2825	0.2835	0.205	0.307
0253680812	2010	7	20	201	0.2785	0.2795	0.2055	0.307
0253680812	2010	7	21	202	0.2735	0.28	0.2035	0.306
0253680812	2010	7	22	203	0.264	0.274	0.202	0.3065
0253680812	2010	7	23	204	0.2595	0.2695	0.2005	0.3055
0253680812	2010	7	24	205	0.254	0.2635	0.1975	0.305
0253680812	2010	7	25	206	0.249	0.265	0.1975	0.304
0253680812	2010	7	26	207	0.2435	0.2595	0.199	0.304
0253680812	2010	7	27	208	0.24	0.2625	0.195	0.303
0253680812	2010	7	28	209	0.232	0.2565	0.1955	0.3035
0253680812	2010	7	29	210	0.227	0.257	0.191	0.3035
0253680812	2010	7	30	211	0.2205	0.2525	0.193	0.305
0253680812	2010	7	31	212	0.2195	0.254	0.191	0.304
0253680812	2010	8	1	213	0.214	0.251	0.189	0.304
0253680812	2010	8	2	214	0.211	0.2495	0.1895	0.305
0253680812	2010	8	3	215	0.208	0.2475	0.1885	0.305
0253680812	2010	8	4	216	0.203	0.242	0.187	0.303
0253680812	2010	8	5	217	0.207	0.244	0.186	0.3015
0253680812	2010	8	6	218	0.204	0.2435	0.1865	0.301
0253680812	2010	8	7	219	0.2035	0.243	0.185	0.3005
0253680812	2010	8	8	220	0.203	0.2395	0.1835	0.299
0253680812	2010	8	9	221	0.2005	0.238	0.1815	0.301
0253680812	2010	8	10	222	0.198	0.239	0.1805	0.2985
0253680812	2010	8	11	223	0.1965	0.2395	0.18	0.299
0253680812	2010	8	12	224	0.1925	0.236	0.1765	0.2965
0253680812	2010	8	13	225	0.1915	0.231	0.177	0.297
0253680812	2010	8	14	226	0.1815	0.231	0.176	0.295
0253680812	2010	8	15	227	0.1835	0.2315	0.1715	0.295
0253680812	2010	8	16	228	0.189	0.2295	0.174	0.296
0253680812	2010	8	17	229	0.1895	0.231	0.174	0.297
0253680812	2010	8	18	230	0.1905	0.233	0.173	0.2955
0253680812	2010	8	19	231	0.19	0.2325	0.171	0.295
0253680812	2010	8	20	232	0.187	0.2295	0.1705	0.2945
0253680812	2010	8	21	233	0.1895	0.2285	0.1655	0.296
0253680812	2010	8	22	234	0.192	0.2305	0.1655	0.2935
0253680812	2010	8	23	235	0.1825	0.2275	0.165	0.292
0253680812	2010	8	24	236	0.173	0.219	0.163	0.293
0253680812	2010	8	25	237	0.1775	0.2185	0.163	0.2935
0253680812	2010	8	26	238	0.186	0.222	0.162	0.292
0253680812	2010	8	27	239	0.187	0.2235	0.161	0.29
0253680812	2010	8	28	240	0.1875	0.2245	0.16	0.29
0253680812	2010	8	29	241	0.185	0.22	0.157	0.291
0253680812	2010	8	30	242	0.184	0.22	0.159	0.29
0253680812	2010	8	31	243	0.1745	0.2125	0.1575	0.2885
0253680812	2010	9	1	244	0.178	0.211	0.1545	0.2875
0253680812	2010	9	2	245	0.187	0.212	0.156	0.2865
0253680812	2010	9	3	246	0.1915	0.213	0.154	0.2855
0253680812	2010	9	4	247	0.205	0.213	0.155	0.2845
0253680812	2010	9	5	248	0.208	0.2165	0.1545	0.2865
0253680812	2010	9	6	249	0.203	0.213	0.155	0.285
0253680812	2010	9	7	250	0.2	0.21	0.158	0.2865
0253680812	2010	9	8	251	0.209	0.2115	0.1545	0.286
0253680812	2010	9	9	252	0.2165	0.219	0.156	0.2845
0253680812	2010	9	10	253	0.2075	0.2125	0.1535	0.282
0253680812	2010	9	11	254	0.209	0.213	0.156	0.283
0253680812	2010	9	12	255	0.212	0.21	0.156	0.2815
0253680812	2010	9	13	256	0.214	0.215	0.156	0.283
0253680812	2010	9	14	257	0.221	0.216	0.1555	0.283
0253680812	2010	9	15	258	0.2215	0.215	0.155	0.281
0253680812	2010	9	16	259	0.219	0.2125	0.1565	0.28
0253680812	2010	9	17	260	0.2245	0.215	0.158	0.282
0253680812	2010	9	18	261	0.224	0.218	0.1545	0.28
0253680812	2010	9	19	262	0.2225	0.218	0.158	0.279
0253680812	2010	9	20	263	0.2255	0.2215	0.156	0.28
0253680812	2010	9	21	264	0.2185	0.216	0.156	0.28
0253680812	2010	9	22	265	0.2185	0.2135	0.156	0.277
0253680812	2010	9	23	266	0.22	0.22	0.156	0.277
0253680812	2010	9	24	267	0.2165	0.2145	0.156	0.277
0253680812	2010	9	25	268	0.2145	0.2145	0.157	0.2765
0253680812	2010	9	26	269	0.218	0.2135	0.157	0.278
0253680812	2010	9	27	270	0.22	0.2165	0.156	0.278
0253680812	2010	9	28	271	0.2185	0.2165	0.156	0.278
0253680812	2010	9	29	272	0.2175	0.2185	0.156	0.2785
0253680812	2010	9	30	273	0.2125	0.218	0.157	0.279
0253680812	2010	10	1	274	0.2095	0.214	0.158	0.2785
0253680812	2010	10	2	275	0.2085	0.216	0.158	0.278
0253680812	2010	10	3	276	0.2105	0.212	0.156	0.2775
0253680812	2010	10	4	277	0.2075	0.214	0.153	0.279
0253680812	2010	10	5	278	0.208	0.213	0.1535	0.278
0253680812	2010	10	6	279	0.208	0.214	0.154	0.2765
0253680812	2010	10	7	280	0.206	0.2155	0.1535	0.2755
0253680812	2010	10	8	281	0.2065	0.2125	0.1535	0.2785
0253680812	2010	10	9	282	0.1965	0.213	0.1515	0.2765
0253680812	2010	10	10	283	0.3075	0.206	0.1505	0.276
0253680812	2010	10	11	284	0.3145	0.2075	0.154	0.276
0253680812	2010	10	12	285	0.307	0.211	0.153	0.2745
0253680812	2010	10	13	286	0.3015	0.205	0.155	0.2725
0253680812	2010	10	14	287	0.296	0.207	0.151	0.271
0253680812	2010	10	15	288	0.293	0.2055	0.15	0.272
0253680812	2010	10	16	289	0.289	0.2045	0.148	0.274
0253680812	2010	10	17	290	0.2875	0.206	0.151	0.2745
0253680812	2010	10	18	291	0.2865	0.207	0.151	0.2735
0253680812	2010	10	19	292	0.2835	0.207	0.149	0.271
0253680812	2010	10	20	293	0.283	0.2055	0.148	0.271
0253680812	2010	10	21	294	0.28	0.2045	0.1505	0.2715
0253680812	2010	10	22	295	0.275	0.2035	0.149	0.2705
0253680812	2010	10	23	296	0.2725	0.204	0.148	0.2705
0253680812	2010	10	24	297	0.2705	0.2045	0.15	0.269
0253680812	2010	10	25	298	0.271	0.206	0.15	0.2695
0253680812	2010	10	26	299	0.2735	0.205	0.1505	0.2675
0253680812	2010	10	27	300	0.273	0.2065	0.15	0.2695
0253680812	2010	10	28	301	0.2725	0.208	0.151	0.2675
0253680812	2010	10	29	302	0.271	0.207	0.151	0.27
0253680812	2010	10	30	303	0.27	0.207	0.151	0.2695
0253680812	2010	10	31	304	0.27	0.207	0.151	0.2675
0253680812	2010	11	1	305	0.2675	0.21	0.151	0.268
0253680812	2010	11	2	306	0.267	0.2085	0.151	0.268
0253680812	2010	11	3	307	0.267	0.206	0.151	0.2685
0253680812	2010	11	4	308	0.265	0.206	0.151	0.266
0253680812	2010	11	5	309	0.265	0.206	0.15	0.2675
0253680812	2010	11	6	310	0.2635	0.206	0.151	0.266
0253680812	2010	11	7	311	0.2625	0.206	0.149	0.267
0253680812	2010	11	8	312	0.263	0.2095	0.149	0.267
0253680812	2010	11	9	313	0.2615	0.212	0.15	0.2665
0253680812	2010	11	10	314	0.2575	0.212	0.149	0.2645
0253680812	2010	11	11	315	0.255	0.211	0.149	0.2625
0253680812	2010	11	12	316	0.2545	0.211	0.149	0.2655
0253680812	2010	11	13	317	0.2455	0.211	0.151	0.263
0253680812	2010	11	14	318	0.2285	0.211	0.151	0.2645
0253680812	2010	11	15	319	0.222	0.2105	0.151	0.2635
0253680812	2010	11	16	320	0.226	0.211	0.151	0.265
0253680812	2010	11	17	321	0.2335	0.208	0.148	0.264
0253680812	2010	11	18	322	0.2375	0.211	0.145	0.2645
0253680812	2010	11	19	323	0.2415	0.211	0.148	0.2625
0253680812	2010	11	20	324	0.2415	0.209	0.151	0.263
0253680812	2010	11	21	325	0.244	0.209	0.1485	0.265
0253680812	2010	11	22	326	0.242	0.216	0.148	0.2635
0253680812	2010	11	23	327	0.2445	0.216	0.1485	0.262
0253680812	2010	11	24	328	0.244	0.215	0.145	0.262
0253680812	2010	11	25	329	0.242	0.212	0.145	0.2605
0253680812	2010	11	26	330	0.2415	0.214	0.145	0.261
0253680812	2010	11	27	331	0.2395	0.21	0.145	0.2605
0253680812	2010	11	28	332	0.238	0.21	0.1485	0.261
0253680812	2010	11	29	333	0.2375	0.21	0.146	0.261
0253680812	2010	11	30	334	0.2345	0.211	0.1465	0.261
0253680812	2010	12	1	335	0.2335	0.2115	0.146	0.261
0253680812	2010	12	2	336	0.2305	0.211	0.1465	0.262
0253680812	2010	12	3	337	0.231	0.211	0.1465	0.2605
0253680812	2010	12	4	338	0.23	0.211	0.147	0.259
0253680812	2010	12	5	339	0.2275	0.211	0.1465	0.2605
0253680812	2010	12	6	340	0.229	0.2135	0.147	0.259
0253680812	2010	12	7	341	0.2265	0.2135	0.146	0.2595
0253680812	2010	12	8	342	0.224	0.214	0.1465	0.261
0253680812	2010	12	9	343	0.2245	0.215	0.1465	0.259
0253680812	2010	12	10	344	0.2205	0.214	0.146	0.2575
0253680812	2010	12	11	345	0.2195	0.214	0.1465	0.258
0253680812	2010	12	12	346	0.2185	0.214	0.147	0.2565
0253680812	2010	12	13	347	0.2155	0.214	0.147	0.257
0253680812	2010	12	14	348	0.214	0.2135	0.147	0.2615
0253680812	2010	12	15	349	0.214	0.214	0.1465	0.2585
0253680812	2010	12	16	350	0.216	0.2135	0.1465	0.26
0253680812	2010	12	17	351	0.216	0.211	0.146	0.259
0253680812	2010	12	18	352	0.2135	0.214	0.147	0.2605
0253680812	2010	12	19	353	0.214	0.212	0.147	0.259
0253680812	2010	12	20	354	0.2125	0.216	0.148	0.259
0253680812	2010	12	21	355	0.2115	0.2145	0.147	0.259
0253680812	2010	12	22	356	0.21	0.2115	0.148	0.2595
0253680812	2010	12	23	357	0.2095	0.2165	0.147	0.2595
0253680812	2010	12	24	358	0.205	0.2165	0.147	0.259
0253680812	2010	12	25	359	0.2025	0.216	0.148	0.26
0253680812	2010	12	26	360	0.202	0.216	0.148	0.26
0253680812	2010	12	27	361	0.202	0.216	0.148	0.26
0253680812	2010	12	28	362	0.198	0.216	0.147	0.2575
0253680812	2010	12	29	363	0.195	0.216	0.147	0.255
0253680812	2010	12	30	364	0.195	0.2165	0.147	0.255
0253680812	2010	12	31	365	0.195	0.216	0.147	0.26
0253680812	2011	1	1	1	0.1945	0.2165	0.1475	0.2585
0253680812	2011	1	2	2	0.1905	0.216	0.147	0.255
0253680812	2011	1	3	3	0.19	0.2165	0.147	0.257
0253680812	2011	1	4	4	0.1855	0.216	0.1475	0.2545
0253680812	2011	1	5	5	0.185	0.216	0.147	0.2565
0253680812	2011	1	6	6	0.1835	0.216	0.1475	0.256
0253680812	2011	1	7	7	0.1815	0.2155	0.1475	0.257
0253680812	2011	1	8	8	0.181	0.213	0.1475	0.258
0253680812	2011	1	9	9	0.1795	0.213	0.148	0.257
0253680812	2011	1	10	10	0.18	0.214	0.148	0.257
0253680812	2011	1	11	11	0.1815	0.213	0.148	0.257
0253680812	2011	1	12	12	0.183	0.214	0.1495	0.257
0253680812	2011	1	13	13	0.1805	0.2155	0.148	0.258
0253680812	2011	1	14	14	0.179	0.2135	0.148	0.257
0253680812	2011	1	15	15	0.1795	0.2135	0.1495	0.2585
0253680812	2011	1	16	16	0.179	0.2135	0.148	0.255
0253680812	2011	1	17	17	0.181	0.214	0.151	0.2525
0253680812	2011	1	18	18	0.18	0.214	0.1495	0.2555
0253680812	2011	1	19	19	0.181	0.214	0.1495	0.2555
0253680812	2011	1	20	20	0.183	0.214	0.1495	0.255
0253680812	2011	1	21	21	0.183	0.214	0.145	0.255
0253680812	2011	1	22	22	0.18	0.215	0.151	0.2545
0253680812	2011	1	23	23	0.179	0.215	0.151	0.2545
0253680812	2011	1	24	24	0.1805	0.213	0.1495	0.255
0253680812	2011	1	25	25	0.177	0.211	0.148	0.255
0253680812	2011	1	26	26	0.182	0.211	0.1495	0.2545
0253680812	2011	1	27	27	0.181	0.211	0.148	0.255
0253680812	2011	1	28	28	0.181	0.211	0.1495	0.2555
0253680812	2011	1	29	29	0.1805	0.211	0.1495	0.2535
0253680812	2011	1	30	30	0.181	0.211	0.1495	0.256
0253680812	2011	1	31	31	0.1795	0.211	0.1495	0.256
0253680812	2011	2	1	32	0.1795	0.2115	0.1495	0.254
0253680812	2011	2	2	33	0.178	0.212	0.1465	0.252
0253680812	2011	2	3	34	0.18	0.212	0.1445	0.254
0253680812	2011	2	4	35	0.1805	0.212	0.147	0.2525
0253680812	2011	2	5	36	0.179	0.212	0.146	0.2545
0253680812	2011	2	6	37	0.1795	0.2135	0.1465	0.2545
0253680812	2011	2	7	38	0.18	0.212	0.1465	0.253
0253680812	2011	2	8	39	0.182	0.2105	0.146	0.256
0253680812	2011	2	9	40	0.1795	0.2105	0.147	0.253
0253680812	2011	2	10	41	0.179	0.209	0.147	0.253
0253680812	2011	2	11	42	0.18	0.2105	0.147	0.253
0253680812	2011	2	12	43	0.18	0.2125	0.146	0.255
0253680812	2011	2	13	44	0.179	0.215	0.146	0.255
0253680812	2011	2	14	45	0.18	0.215	0.146	0.253
0253680812	2011	2	15	46	0.178	0.215	0.146	0.2555
0253680812	2011	2	16	47	0.179	0.215	0.146	0.254
0253680812	2011	2	17	48	0.1765	0.215	0.147	0.254
0253680812	2011	2	18	49	0.1795	0.216	0.147	0.254
0253680812	2011	2	19	50	0.178	0.21	0.147	0.254
0253680812	2011	2	20	51	0.178	0.2135	0.146	0.254
0253680812	2011	2	21	52	0.1765	0.21	0.147	0.2525
0253680812	2011	2	22	53	0.176	0.21	0.147	0.2505
0253680812	2011	2	23	54	0.177	0.21	0.147	0.2525
0253680812	2011	2	24	55	0.177	0.2105	0.147	0.2525
0253680812	2011	2	25	56	0.176	0.2125	0.147	0.2505
0253680812	2011	2	26	57	0.175	0.2105	0.147	0.251
0253680812	2011	2	27	58	0.177	0.211	0.147	0.251
0253680812	2011	2	28	59	0.179	0.211	0.147	0.251
0253680812	2011	3	1	60	0.1795	0.212	0.147	0.251
0253680812	2011	3	2	61	0.1755	0.212	0.147	0.2515
0253680812	2011	3	3	62	0.176	0.212	0.147	0.2505
0253680812	2011	3	4	63	0.176	0.212	0.147	0.252
0253680812	2011	3	5	64	0.177	0.2085	0.147	0.2485
0253680812	2011	3	6	65	0.178	0.207	0.145	0.2525
0253680812	2011	3	7	66	0.178	0.207	0.147	0.25
0253680812	2011	3	8	67	0.178	0.207	0.147	0.2515
0253680812	2011	3	9	68	0.175	0.2065	0.145	0.25
0253680812	2011	3	10	69	0.178	0.206	0.148	0.2495
0253680812	2011	3	11	70	0.178	0.208	0.147	0.25
0253680812	2011	3	12	71	0.178	0.208	0.1475	0.25
0253680812	2011	3	13	72	0.178	0.208	0.146	0.25
0253680812	2011	3	14	73	0.176	0.209	0.1435	0.25
0253680812	2011	3	15	74	0.176	0.205	0.144	0.25
0253680812	2011	3	16	75	0.177	0.205	0.144	0.25
0253680812	2011	3	17	76	0.177	0.205	0.144	0.25
0253680812	2011	3	18	77	0.176	0.2055	0.144	0.247
0253680812	2011	3	19	78	0.175	0.205	0.144	0.2485
0253680812	2011	3	20	79	0.175	0.206	0.146	0.247
0253680812	2011	3	21	80	0.176	0.206	0.144	0.247
0253680812	2011	3	22	81	0.176	0.206	0.144	0.247
0253680812	2011	3	23	82	0.1755	0.206	0.144	0.248
0253680812	2011	3	24	83	0.178	0.206	0.144	0.248
0253680812	2011	3	25	84	0.181	0.206	0.144	0.248
0253680812	2011	3	26	85	0.178	0.206	0.144	0.249
0253680812	2011	3	27	86	0.1795	0.206	0.144	0.2485
0253680812	2011	3	28	87	0.1785	0.2075	0.144	0.248
0253680812	2011	3	29	88	0.1755	0.206	0.144	0.247
0253680812	2011	3	30	89	0.1765	0.206	0.144	0.2505
0253680812	2011	3	31	90	0.177	0.206	0.144	0.247
0253680812	2011	4	1	91	0.177	0.206	0.144	0.247
0253680812	2011	4	2	92	0.175	0.206	0.144	0.249
0253680812	2011	4	3	93	0.1765	0.206	0.144	0.248
0253680812	2011	4	4	94	0.176	0.206	0.144	0.2495
0253680812	2011	4	5	95	0.177	0.2055	0.144	0.251
0253680812	2011	4	6	96	0.176	0.205	0.144	0.2495
0253680812	2011	4	7	97	0.179	0.205	0.144	0.251
0253680812	2011	4	8	98	0.179	0.205	0.144	0.251
0253680812	2011	4	9	99	0.179	0.205	0.144	0.251
0253680812	2011	4	10	100	0.179	0.207	0.144	0.251
0253680812	2011	4	11	101	0.179	0.2085	0.144	0.2485
0253680812	2011	4	12	102	0.181	0.2085	0.144	0.251
0253680812	2011	4	13	103	0.181	0.208	0.144	0.246
0253680812	2011	4	14	104	0.179	0.208	0.1435	0.2485
0253680812	2011	4	15	105	0.18	0.208	0.144	0.246
0253680812	2011	4	16	106	0.182	0.208	0.144	0.247
0253680812	2011	4	17	107	0.179	0.208	0.1435	0.247
0253680812	2011	4	18	108	0.178	0.208	0.144	0.2465
0253680812	2011	4	19	109	0.178	0.208	0.1435	0.247
0253680812	2011	4	20	110	0.181	0.206	0.144	0.247
0253680812	2011	4	21	111	0.18	0.2085	0.143	0.247
0253680812	2011	4	22	112	0.18	0.211	0.143	0.247
0253680812	2011	4	23	113	0.182	0.211	0.143	0.248
0253680812	2011	4	24	114	0.182	0.209	0.1435	0.2475
0253680812	2011	4	25	115	0.186	0.208	0.145	0.248
0253680812	2011	4	26	116	0.184	0.206	0.145	0.247
0253680812	2011	4	27	117	0.184	0.206	0.145	0.2475
0253680812	2011	4	28	118	0.1825	0.206	0.145	0.2475
0253680812	2011	4	29	119	0.185	0.212	0.147	0.2475
0253680812	2011	4	30	120	0.1865	0.209	0.147	0.248
0253680812	2011	5	1	121	0.188	0.212	0.147	0.2465
0253680812	2011	5	2	122	0.186	0.2115	0.147	0.247
0253680812	2011	5	3	123	0.1875	0.211	0.145	0.248
0253680812	2011	5	4	124	0.189	0.211	0.145	0.248
0253680812	2011	5	5	125	0.189	0.211	0.147	0.247
0253680812	2011	5	6	126	0.188	0.2105	0.147	0.247
0253680812	2011	5	7	127	0.189	0.21	0.146	0.248
0253680812	2011	5	8	128	0.187	0.2105	0.147	0.247
0253680812	2011	5	9	129	0.1855	0.211	0.147	0.247
0253680812	2011	5	10	130	0.188	0.211	0.147	0.247
0253680812	2011	5	11	131	0.188	0.212	0.146	0.247
0253680812	2011	5	12	132	0.193	0.21	0.147	0.247
0253680812	2011	5	13	133	0.19	0.209	0.146	0.247
0253680812	2011	5	14	134	0.191	0.209	0.146	0.247
0253680812	2011	5	15	135	0.1935	0.212	0.146	0.247
0253680812	2011	5	16	136	0.192	0.212	0.147	0.247
0253680812	2011	5	17	137	0.191	0.215	0.145	0.247
0253680812	2011	5	18	138	0.197	0.215	0.145	0.2475
0253680812	2011	5	19	139	0.1955	0.213	0.147	0.2475
0253680812	2011	5	20	140	0.198	0.214	0.147	0.2445
0253680812	2011	5	21	141	0.193	0.213	0.147	0.245
0253680812	2011	5	22	142	0.199	0.213	0.145	0.247
0253680812	2011	5	23	143	0.2	0.211	0.145	0.247
0253680812	2011	5	24	144	0.1985	0.213	0.145	0.247
0253680812	2011	5	25	145	0.2035	0.215	0.145	0.247
0253680812	2011	5	26	146	0.201	0.213	0.145	0.247
0253680812	2011	5	27	147	0.204	0.211	0.145	0.247
0253680812	2011	5	28	148	0.2055	0.213	0.145	0.247
0253680812	2011	5	29	149	0.2065	0.211	0.145	0.2465
0253680812	2011	5	30	150	0.21	0.213	0.1435	0.248
0253680812	2011	5	31	151	0.2125	0.213	0.148	0.2495
0253680812	2011	6	1	152	0.2105	0.209	0.1485	0.246
0253680812	2011	6	2	153	0.213	0.2115	0.144	0.2505
0253680812	2011	6	3	154	0.2175	0.2115	0.146	0.247
0253680812	2011	6	4	155	0.2185	0.214	0.1455	0.2465
0253680812	2011	6	5	156	0.2205	0.214	0.15	0.247
0253680812	2011	6	6	157	0.219	0.212	0.149	0.2485
0253680812	2011	6	7	158	0.223	0.212	0.213	0.2485
0253680812	2011	6	8	159	0.2225	0.212	0.2345	0.255
0253680812	2011	6	9	160	0.228	0.2165	0.245	0.2685
0253680812	2011	6	10	161	0.2395	0.217	0.2435	0.276
0253680812	2011	6	11	162	0.28	0.2145	0.24	0.2795
0253680812	2011	6	12	163	0.306	0.2145	0.246	0.283
0253680812	2011	6	13	164	0.3145	0.214	0.248	0.285
0253680812	2011	6	14	165	0.319	0.217	0.251	0.2915
0253680812	2011	6	15	166	0.324	0.2165	0.253	0.2955
0253680812	2011	6	16	167	0.3275	0.2175	0.2575	0.31
0253680812	2011	6	17	168	0.3285	0.226	0.2615	0.3125
0253680812	2011	6	18	169	0.326	0.246	0.2545	0.309
0253680812	2011	6	19	170	0.3435	0.29	0.264	0.312
0253680812	2011	6	20	171	0.3515	0.342	0.2815	0.319
0253680812	2011	6	21	172	0.351	0.348	0.2955	0.3295
0253680812	2011	6	22	173	0.3545	0.3475	0.294	0.329
0253680812	2011	6	23	174	0.3595	0.351	-9999	0.331
0253680812	2011	6	24	175	0.364	0.357	-9999	0.335
0253680812	2011	6	25	176	0.3615	0.356	-9999	0.3335
0253680812	2011	6	26	177	0.3645	0.3605	-9999	0.333
0253680812	2011	6	27	178	0.3615	0.3545	-9999	0.3335
0253680812	2011	6	28	179	0.364	0.3595	-9999	0.3335
0253680812	2011	6	29	180	0.368	0.365	-9999	0.3385
0253680812	2011	6	30	181	0.371	0.37	-9999	-9999
0253680812	2011	7	1	182	0.3635	0.3615	-9999	0.332
0253680812	2011	7	2	183	0.358	0.354	-9999	0.327
0253680812	2011	7	3	184	0.346	0.345	0.275	0.323
0253680812	2011	7	4	185	0.3345	0.3395	0.265	0.322
0253680812	2011	7	5	186	0.3265	0.333	0.2585	0.3205
0253680812	2011	7	6	187	0.3235	0.332	0.2525	0.317
0253680812	2011	7	7	188	0.3215	0.329	0.2485	0.319
0253680812	2011	7	8	189	0.3185	0.329	0.243	0.317
0253680812	2011	7	9	190	0.315	0.324	0.242	0.3165
0253680812	2011	7	10	191	0.3105	0.322	0.238	0.314
0253680812	2011	7	11	192	0.3075	0.3215	0.2345	0.316
0253680812	2011	7	12	193	0.3	0.3205	0.231	0.316
0253680812	2011	7	13	194	0.313	0.3185	0.2295	0.315
0253680812	2011	7	14	195	0.314	0.316	0.2285	0.3165
0253680812	2011	7	15	196	0.305	0.3145	0.225	0.3145
0253680812	2011	7	16	197	0.2985	0.312	0.223	0.313
0253680812	2011	7	17	198	0.2905	0.31	0.222	0.3135
0253680812	2011	7	18	199	0.281	0.311	0.2215	0.313
0253680812	2011	7	19	200	0.267	0.307	0.2185	0.313
0253680812	2011	7	20	201	0.2535	0.3035	0.2175	0.313
0253680812	2011	7	21	202	0.241	0.299	0.215	0.315
0253680812	2011	7	22	203	0.231	0.294	0.2125	0.311
0253680812	2011	7	23	204	0.2245	0.2915	0.209	0.3115
0253680812	2011	7	24	205	0.215	0.287	0.21	0.311
0253680812	2011	7	25	206	0.2125	0.281	0.206	0.312
0253680812	2011	7	26	207	0.205	0.2795	0.2075	0.3115
0253680812	2011	7	27	208	0.1975	0.2735	0.206	0.312
0253680812	2011	7	28	209	0.1955	0.267	0.1995	0.3105
0253680812	2011	7	29	210	0.196	0.2655	0.199	0.31
0253680812	2011	7	30	211	0.191	0.2585	0.1945	0.31
0253680812	2011	7	31	212	0.1875	0.2545	0.1965	0.3095
0253680812	2011	8	1	213	0.1935	0.252	0.192	0.307
0253680812	2011	8	2	214	0.186	0.2435	0.192	0.3075
0253680812	2011	8	3	215	0.1865	0.242	0.1885	0.307
0253680812	2011	8	4	216	0.188	0.24	0.189	0.306
0253680812	2011	8	5	217	0.1865	0.242	0.1875	0.308
0253680812	2011	8	6	218	0.183	0.2385	0.1845	0.308
0253680812	2011	8	7	219	0.1865	0.233	0.18	0.307
0253680812	2011	8	8	220	0.1815	0.2305	0.1795	0.3075
0253680812	2011	8	9	221	0.1745	0.2265	0.181	0.304
0253680812	2011	8	10	222	0.184	0.2275	0.181	0.3045
0253680812	2011	8	11	223	0.1875	0.224	0.1775	0.304
0253680812	2011	8	12	224	0.19	0.226	0.176	0.3015
0253680812	2011	8	13	225	0.191	0.2245	0.171	0.3025
0253680812	2011	8	14	226	0.197	0.2295	0.174	0.301
0253680812	2011	8	15	227	0.198	0.233	0.172	0.301
0253680812	2011	8	16	228	0.1895	0.226	0.1705	0.302
0253680812	2011	8	17	229	0.1875	0.2255	0.17	0.301
0253680812	2011	8	18	230	0.1905	0.226	0.1695	0.297
0253680812	2011	8	19	231	0.1895	0.226	0.165	0.2995
0253680812	2011	8	20	232	0.187	0.227	0.1655	0.2985
0253680812	2011	8	21	233	0.1865	0.226	0.164	0.2975
0253680812	2011	8	22	234	0.1875	0.2285	0.1625	0.299
0253680812	2011	8	23	235	0.1815	0.229	0.162	0.298
0253680812	2011	8	24	236	0.182	0.226	0.16	0.298
0253680812	2011	8	25	237	0.179	0.224	0.1605	0.297
0253680812	2011	8	26	238	0.1755	0.2205	0.16	0.2965
0253680812	2011	8	27	239	0.176	0.219	0.155	0.294
0253680812	2011	8	28	240	0.177	0.2195	0.156	0.294
0253680812	2011	8	29	241	0.181	0.22	0.1535	0.2945
0253680812	2011	8	30	242	0.175	0.217	0.1525	0.295
0253680812	2011	8	31	243	0.1725	0.219	0.1565	0.296
0253680812	2011	9	1	244	0.169	0.2145	0.154	0.2925
0253680812	2011	9	2	245	0.173	0.2145	0.1495	0.293
0253680812	2011	9	3	246	0.1685	0.212	0.1505	0.2915
0253680812	2011	9	4	247	0.167	0.211	0.148	0.293
0253680812	2011	9	5	248	0.168	0.2085	0.145	0.291
0253680812	2011	9	6	249	0.173	0.214	0.146	0.289
0253680812	2011	9	7	250	0.1645	0.208	0.147	0.2865
0253680812	2011	9	8	251	0.1655	0.208	0.148	0.287
0253680812	2011	9	9	252	0.167	0.208	0.1445	0.2875
0253680812	2011	9	10	253	0.1665	0.2095	0.1445	0.2875
0253680812	2011	9	11	254	0.166	0.211	0.1425	0.287
0253680812	2011	9	12	255	0.171	0.2105	0.144	0.284
0253680812	2011	9	13	256	0.1675	0.2115	0.143	0.2845
0253680812	2011	9	14	257	0.1655	0.2065	0.142	0.284
0253680812	2011	9	15	258	0.1605	0.2025	0.142	0.2855
0253680812	2011	9	16	259	0.159	0.2015	0.144	0.285
0253680812	2011	9	17	260	0.162	0.204	0.1425	0.2835
0253680812	2011	9	18	261	0.1585	0.2005	0.1455	0.281
0253680812	2011	9	19	262	0.161	0.1975	0.1435	0.281
0253680812	2011	9	20	263	0.156	0.1995	0.143	0.281
0253680812	2011	9	21	264	0.1545	0.194	0.141	0.28
0253680812	2011	9	22	265	0.151	0.195	0.141	0.2805
0253680812	2011	9	23	266	0.1595	0.1965	0.1395	0.2805
0253680812	2011	9	24	267	0.1675	0.202	0.143	0.277
0253680812	2011	9	25	268	0.1665	0.2015	0.1425	0.278
0253680812	2011	9	26	269	0.1715	0.204	0.145	0.279
0253680812	2011	9	27	270	0.1645	0.2025	0.1425	0.279
0253680812	2011	9	28	271	0.168	0.2045	0.143	0.279
0253680812	2011	9	29	272	0.1635	0.2035	0.143	0.279
0253680812	2011	9	30	273	0.1625	0.1995	0.143	0.278
0253680812	2011	10	1	274	0.165	0.2015	0.144	0.279
0253680812	2011	10	2	275	0.174	0.2035	0.146	0.278
0253680812	2011	10	3	276	0.1675	0.205	0.141	0.274
0253680812	2011	10	4	277	0.172	0.205	0.146	0.2755
0253680812	2011	10	5	278	0.1735	0.204	0.144	0.2745
0253680812	2011	10	6	279	0.168	0.2015	0.144	0.274
0253680812	2011	10	7	280	0.1625	0.197	0.1445	0.274
0253680812	2011	10	8	281	0.161	0.1975	0.1415	0.274
0253680812	2011	10	9	282	0.1575	0.1955	0.141	0.2765
0253680812	2011	10	10	283	0.1585	0.1895	0.1395	0.2745
0253680812	2011	10	11	284	0.16	0.191	0.1375	0.275
0253680812	2011	10	12	285	0.1825	0.1895	0.139	0.272
0253680812	2011	10	13	286	0.2235	0.1875	0.1395	0.2705
0253680812	2011	10	14	287	0.2555	0.188	0.139	0.2705
0253680812	2011	10	15	288	0.2795	0.188	0.14	0.271
0253680812	2011	10	16	289	0.2925	0.1905	0.14	0.27
0253680812	2011	10	17	290	0.304	0.1915	0.14	0.2725
0253680812	2011	10	18	291	0.305	0.191	0.1405	0.268
0253680812	2011	10	19	292	0.3065	0.1935	0.141	0.2685
0253680812	2011	10	20	293	0.3055	0.195	0.141	0.269
0253680812	2011	10	21	294	0.306	0.1955	0.141	0.2685
0253680812	2011	10	22	295	0.307	0.1955	0.138	0.269
0253680812	2011	10	23	296	0.309	0.1975	0.135	0.267
0253680812	2011	10	24	297	0.31	0.1965	0.135	0.2675
0253680812	2011	10	25	298	0.31	0.196	0.135	0.2675
0253680812	2011	10	26	299	0.31	0.1995	0.136	0.265
0253680812	2011	10	27	300	0.308	0.199	0.136	0.262
0253680812	2011	10	28	301	0.3075	0.202	0.136	0.266
0253680812	2011	10	29	302	0.307	0.2055	0.136	0.266
0253680812	2011	10	30	303	0.303	0.2065	0.1355	0.266
0253680812	2011	10	31	304	0.302	0.211	0.135	0.266
0253680812	2011	11	1	305	0.304	0.215	0.135	0.2645
0253680812	2011	11	2	306	0.3025	0.2155	0.135	0.2635
0253680812	2011	11	3	307	0.306	0.221	0.138	0.264
0253680812	2011	11	4	308	0.305	0.2225	0.135	0.264
0253680812	2011	11	5	309	0.305	0.2245	0.141	0.2635
0253680812	2011	11	6	310	0.3065	0.2275	0.141	0.265
0253680812	2011	11	7	311	0.306	0.2325	0.141	0.262
0253680812	2011	11	8	312	0.3045	0.235	0.141	0.262
0253680812	2011	11	9	313	0.3065	0.2375	0.14	0.262
0253680812	2011	11	10	314	0.307	0.244	0.14	0.263
0253680812	2011	11	11	315	0.3025	0.2455	0.14	0.263
0253680812	2011	11	12	316	0.304	0.2465	0.14	0.263
0253680812	2011	11	13	317	0.302	0.249	0.14	0.26
0253680812	2011	11	14	318	0.2995	0.249	0.14	0.26
0253680812	2011	11	15	319	0.3	0.2515	0.1405	0.2625
0253680812	2011	11	16	320	0.3	0.251	0.141	0.2625
0253680812	2011	11	17	321	0.302	0.253	0.1405	0.2625
0253680812	2011	11	18	322	0.298	0.254	0.1405	0.261
0253680812	2011	11	19	323	0.299	0.253	0.14	0.2625
0253680812	2011	11	20	324	0.2995	0.255	0.14	0.262
0253680812	2011	11	21	325	0.2985	0.254	0.14	0.2595
0253680812	2011	11	22	326	0.297	0.253	0.14	0.2595
0253680812	2011	11	23	327	0.297	0.256	0.14	0.264
0253680812	2011	11	24	328	0.297	0.256	0.14	0.2595
0253680812	2011	11	25	329	0.297	0.255	0.14	0.2595
0253680812	2011	11	26	330	0.297	0.2545	0.14	0.2615
0253680812	2011	11	27	331	0.2965	0.258	0.14	0.2635
0253680812	2011	11	28	332	0.297	0.258	0.14	0.259
0253680812	2011	11	29	333	0.298	0.256	0.139	0.262
0253680812	2011	11	30	334	0.2965	0.256	0.139	0.2605
0253680812	2011	12	1	335	0.2945	0.256	0.14	0.262
0253680812	2011	12	2	336	0.296	0.258	0.14	0.262
0253680812	2011	12	3	337	0.296	0.26	0.14	0.261
0253680812	2011	12	4	338	0.296	0.26	0.14	0.2605
0253680812	2011	12	5	339	0.292	0.259	0.139	0.261
0253680812	2011	12	6	340	0.2935	0.259	0.139	0.261
0253680812	2011	12	7	341	0.291	0.259	0.139	0.261
0253680812	2011	12	8	342	0.292	0.259	0.139	0.2625
0253680812	2011	12	9	343	0.2915	0.2575	0.1385	0.26
0253680812	2011	12	10	344	0.29	0.259	0.1385	0.261
0253680812	2011	12	11	345	0.2885	0.259	0.138	0.262
0253680812	2011	12	12	346	0.2895	0.259	0.138	0.2595
0253680812	2011	12	13	347	0.2875	0.259	0.138	0.2595
0253680812	2011	12	14	348	0.2865	0.259	0.144	0.257
0253680812	2011	12	15	349	0.282	0.2575	0.144	0.257
0253680812	2011	12	16	350	0.283	0.259	0.138	0.2595
0253680812	2011	12	17	351	0.283	0.259	0.141	0.257
0253680812	2011	12	18	352	0.2795	0.259	0.143	0.2595
0253680812	2011	12	19	353	0.2615	0.259	0.141	0.257
0253680812	2011	12	20	354	0.2445	0.259	0.143	0.2605
0253680812	2011	12	21	355	0.2435	0.259	0.144	0.257
0253680812	2011	12	22	356	0.244	0.2595	0.144	0.257
0253680812	2011	12	23	357	0.245	0.26	0.144	0.258
0253680812	2011	12	24	358	0.2425	0.256	0.144	0.258
0253680812	2011	12	25	359	0.24	0.258	0.144	0.257
0253680812	2011	12	26	360	0.241	0.256	0.143	0.2585
0253680812	2011	12	27	361	0.24	0.256	0.144	0.2585
0253680812	2011	12	28	362	0.239	0.2565	0.144	0.2575
0253680812	2011	12	29	363	0.237	0.257	0.142	0.259
0253680812	2011	12	30	364	0.238	0.257	0.142	0.259
0253680812	2011	12	31	365	0.239	0.257	0.142	0.259
0253680812	2012	1	1	1	0.236	0.257	0.144	0.259
0253680812	2012	1	2	2	0.235	0.2555	0.144	0.259
0253680812	2012	1	3	3	0.235	0.254	0.143	0.259
0253680812	2012	1	4	4	0.2345	0.256	0.143	0.2595
0253680812	2012	1	5	5	0.2355	0.256	0.144	0.2595
0253680812	2012	1	6	6	0.2345	0.256	0.143	0.2565
0253680812	2012	1	7	7	0.2335	0.2555	0.144	0.2575
0253680812	2012	1	8	8	0.234	0.256	0.1425	0.2555
0253680812	2012	1	9	9	0.2335	0.256	0.1425	0.2555
0253680812	2012	1	10	10	0.2345	0.256	0.144	0.2555
0253680812	2012	1	11	11	0.2335	0.253	0.144	0.256
0253680812	2012	1	12	12	0.2305	0.253	0.141	0.256
0253680812	2012	1	13	13	0.2315	0.253	0.144	0.257
0253680812	2012	1	14	14	0.231	0.253	0.1425	0.257
0253680812	2012	1	15	15	0.2315	0.253	0.144	0.257
0253680812	2012	1	16	16	0.229	0.254	0.1425	0.2565
0253680812	2012	1	17	17	0.228	0.254	0.1425	0.257
0253680812	2012	1	18	18	0.225	0.254	0.141	0.2555
0253680812	2012	1	19	19	0.226	0.253	0.144	0.254
0253680812	2012	1	20	20	0.227	0.252	0.144	0.254
0253680812	2012	1	21	21	0.226	0.252	0.144	0.253
0253680812	2012	1	22	22	0.2255	0.254	0.1425	0.253
0253680812	2012	1	23	23	0.2255	0.254	0.144	0.2535
0253680812	2012	1	24	24	0.2215	0.2555	0.1425	0.2555
0253680812	2012	1	25	25	0.2205	0.2555	0.144	0.254
0253680812	2012	1	26	26	0.22	0.254	0.144	0.254
0253680812	2012	1	27	27	0.219	0.2525	0.144	0.2525
0253680812	2012	1	28	28	0.219	0.2515	0.144	0.2545
0253680812	2012	1	29	29	0.2195	0.2505	0.1425	0.254
0253680812	2012	1	30	30	0.2185	0.252	0.144	0.254
0253680812	2012	1	31	31	0.215	0.252	0.144	0.2545
0253680812	2012	2	1	32	0.2175	0.252	0.144	0.255
0253680812	2012	2	2	33	0.216	0.2525	0.144	0.255
0253680812	2012	2	3	34	0.2125	0.253	0.1415	0.255
0253680812	2012	2	4	35	0.2125	0.251	0.1385	0.255
0253680812	2012	2	5	36	0.2105	0.252	0.139	0.255
0253680812	2012	2	6	37	0.2115	0.252	0.1385	0.255
0253680812	2012	2	7	38	0.21	0.252	0.142	0.255
0253680812	2012	2	8	39	0.208	0.255	0.139	0.256
0253680812	2012	2	9	40	0.21	0.255	0.1385	0.254
0253680812	2012	2	10	41	0.2045	0.252	0.141	0.252
0253680812	2012	2	11	42	0.2045	0.252	0.141	0.252
0253680812	2012	2	12	43	0.204	0.249	0.139	0.252
0253680812	2012	2	13	44	0.2035	0.25	0.1415	0.252
0253680812	2012	2	14	45	0.201	0.25	0.1405	0.252
0253680812	2012	2	15	46	0.2005	0.25	0.1385	0.2525
0253680812	2012	2	16	47	0.197	0.25	0.142	0.2535
0253680812	2012	2	17	48	0.196	0.248	0.139	0.2525
0253680812	2012	2	18	49	0.1955	0.247	0.139	0.2515
0253680812	2012	2	19	50	0.195	0.2485	0.139	0.254
0253680812	2012	2	20	51	0.194	0.25	0.139	0.2525
0253680812	2012	2	21	52	0.192	0.25	0.139	0.251
0253680812	2012	2	22	53	0.193	0.25	0.141	0.253
0253680812	2012	2	23	54	0.1925	0.2505	0.142	0.251
0253680812	2012	2	24	55	0.192	0.249	0.1385	0.2515
0253680812	2012	2	25	56	0.1895	0.247	0.1385	0.2515
0253680812	2012	2	26	57	0.191	0.247	0.1385	0.252
0253680812	2012	2	27	58	0.188	0.247	0.138	0.2525
0253680812	2012	2	28	59	0.1885	0.248	0.1385	0.2525
0253680812	2012	2	29	60	0.186	0.246	0.139	0.252
0253680812	2012	3	1	61	0.1865	0.244	0.139	0.249
0253680812	2012	3	2	62	0.19	0.244	0.139	0.249
0253680812	2012	3	3	63	0.191	0.244	0.139	0.25
0253680812	2012	3	4	64	0.1875	0.245	0.1385	0.2515
0253680812	2012	3	5	65	0.19	0.245	0.1385	0.25
0253680812	2012	3	6	66	0.188	0.248	0.139	0.2515
0253680812	2012	3	7	67	0.1875	0.247	0.1385	0.25
0253680812	2012	3	8	68	0.186	0.247	0.139	0.25
0253680812	2012	3	9	69	0.188	0.247	0.139	0.25
0253680812	2012	3	10	70	0.184	0.247	0.1415	0.25
0253680812	2012	3	11	71	0.1845	0.247	0.138	0.25
0253680812	2012	3	12	72	0.1845	0.247	0.1405	0.25
0253680812	2012	3	13	73	0.185	0.247	0.138	0.249
0253680812	2012	3	14	74	0.188	0.244	0.138	0.249
0253680812	2012	3	15	75	0.188	0.242	0.1385	0.2485
0253680812	2012	3	16	76	0.184	0.242	0.138	0.248
0253680812	2012	3	17	77	0.185	0.242	0.138	0.249
0253680812	2012	3	18	78	0.184	0.242	0.138	0.249
0253680812	2012	3	19	79	0.185	0.243	0.1405	0.249
0253680812	2012	3	20	80	0.186	0.2435	0.138	0.249
0253680812	2012	3	21	81	0.184	0.242	0.138	0.2505
0253680812	2012	3	22	82	0.186	0.2415	0.138	0.2515
0253680812	2012	3	23	83	0.187	0.242	0.1405	0.2505
0253680812	2012	3	24	84	0.183	0.242	0.138	0.249
0253680812	2012	3	25	85	0.184	0.242	0.1405	0.2505
0253680812	2012	3	26	86	0.187	0.242	0.138	0.252
0253680812	2012	3	27	87	0.1875	0.243	0.1405	0.251
0253680812	2012	3	28	88	0.1885	0.244	0.143	0.2515
0253680812	2012	3	29	89	0.1895	0.241	0.1405	0.25
0253680812	2012	3	30	90	0.188	0.241	0.1405	0.25
0253680812	2012	3	31	91	0.1905	0.238	0.143	0.248
0253680812	2012	4	1	92	0.19	0.241	0.1405	0.248
0253680812	2012	4	2	93	0.19	0.238	0.1405	0.248
0253680812	2012	4	3	94	0.195	0.238	0.1385	0.248
0253680812	2012	4	4	95	0.196	0.238	0.138	0.253
0253680812	2012	4	5	96	0.1975	0.238	0.1405	0.248
0253680812	2012	4	6	97	0.1985	0.2395	0.143	0.248
0253680812	2012	4	7	98	0.201	0.238	0.1405	0.248
0253680812	2012	4	8	99	0.202	0.238	0.138	0.2525
0253680812	2012	4	9	100	0.203	0.238	0.143	0.247
0253680812	2012	4	10	101	0.2035	0.241	0.143	0.2485
0253680812	2012	4	11	102	0.204	0.244	0.1415	0.252
0253680812	2012	4	12	103	0.2095	0.242	0.141	0.252
0253680812	2012	4	13	104	0.241	0.242	0.142	0.2505
0253680812	2012	4	14	105	0.259	0.2415	0.141	0.252
0253680812	2012	4	15	106	0.2625	0.2425	0.14	0.2505
0253680812	2012	4	16	107	0.2645	0.2415	0.1415	0.2505
0253680812	2012	4	17	108	0.266	0.247	0.14	0.249
0253680812	2012	4	18	109	0.266	0.247	0.142	0.2505
0253680812	2012	4	19	110	0.2665	0.248	0.14	0.249
0253680812	2012	4	20	111	0.268	0.2505	0.14	0.248
0253680812	2012	4	21	112	0.268	0.2525	0.145	0.249
0253680812	2012	4	22	113	0.2695	0.2535	0.145	0.25
0253680812	2012	4	23	114	0.311	0.286	0.144	0.25
0253680812	2012	4	24	115	-9999	-9999	-9999	-9999
0253680812	2012	4	25	116	0.3425	0.3425	0.227	0.2525
0253680812	2012	4	26	117	0.345	0.346	0.2695	0.263
0253680812	2012	4	27	118	0.3495	0.352	-9999	0.303
0253680812	2012	4	28	119	0.337	0.338	0.266	0.306
0253680812	2012	4	29	120	0.3315	0.332	0.2595	0.3065
0253680812	2012	4	30	121	0.326	0.328	0.2515	0.3065
0253680812	2012	5	1	122	0.3225	0.325	0.2465	0.3065
0253680812	2012	5	2	123	0.3235	0.3235	0.243	0.307
0253680812	2012	5	3	124	0.328	0.326	0.24	0.306
0253680812	2012	5	4	125	0.3335	0.331	0.245	0.3045
0253680812	2012	5	5	126	0.3385	0.3375	0.25	0.306
0253680812	2012	5	6	127	0.333	0.334	0.252	0.3065
0253680812	2012	5	7	128	0.331	0.33	0.248	0.3065
0253680812	2012	5	8	129	0.3385	0.3375	0.2495	0.306
0253680812	2012	5	9	130	0.348	0.3485	0.2705	0.3085
0253680812	2012	5	10	131	0.3595	0.352	-9999	0.317
0253680812	2012	5	11	132	0.3465	0.3425	0.276	0.3155
0253680812	2012	5	12	133	0.345	0.34	0.2685	0.314
0253680812	2012	5	13	134	0.3545	0.3485	0.278	0.315
0253680812	2012	5	14	135	0.361	0.353	0.294	0.3205
0253680812	2012	5	15	136	0.3615	0.354	-9999	0.3255
0253680812	2012	5	16	137	0.3615	0.354	0.2955	0.3275
0253680812	2012	5	17	138	0.363	0.354	-9999	0.3265
0253680812	2012	5	18	139	0.3705	0.3615	-9999	0.328
0253680812	2012	5	19	140	0.3585	0.349	-9999	0.3245
0253680812	2012	5	20	141	0.345	0.337	0.268	0.317
0253680812	2012	5	21	142	0.362	0.351	-9999	0.319
0253680812	2012	5	22	143	0.3745	0.362	-9999	0.3285
0253680812	2012	5	23	144	0.362	0.3535	-9999	0.327
0253680812	2012	5	24	145	0.357	0.348	0.2825	0.3195
0253680812	2012	5	25	146	0.346	0.3385	0.269	0.318
0253680812	2012	5	26	147	0.342	0.333	0.258	0.315
0253680812	2012	5	27	148	0.357	0.348	0.2715	0.315
0253680812	2012	5	28	149	0.352	0.3425	0.2685	0.314
0253680812	2012	5	29	150	0.3455	0.337	0.264	0.316
0253680812	2012	5	30	151	0.342	0.335	0.2565	0.3135
0253680812	2012	5	31	152	0.3575	0.3475	0.2695	0.3145
0253680812	2012	6	1	153	0.3765	0.366	-9999	0.3305
0253680812	2012	6	2	154	0.374	0.364	-9999	0.3275
0253680812	2012	6	3	155	0.3795	0.369	-9999	-9999
0253680812	2012	6	4	156	0.377	0.366	-9999	0.3385
0253680812	2012	6	5	157	-9999	-9999	-9999	-9999
0253680812	2012	6	6	158	0.359	0.35	-9999	0.324
0253680812	2012	6	7	159	0.3435	0.339	0.271	0.3175
0253680812	2012	6	8	160	0.331	0.334	0.261	0.317
0253680812	2012	6	9	161	0.316	0.3285	0.254	0.3155
0253680812	2012	6	10	162	0.333	0.3255	0.247	0.313
0253680812	2012	6	11	163	0.351	0.3385	0.244	0.3115
0253680812	2012	6	12	164	0.35	0.3435	0.2555	0.3125
0253680812	2012	6	13	165	0.335	0.3365	0.251	0.312
0253680812	2012	6	14	166	0.3215	0.33	0.247	0.3125
0253680812	2012	6	15	167	0.312	0.3275	0.244	0.3145
0253680812	2012	6	16	168	0.304	0.322	0.239	0.3125
0253680812	2012	6	17	169	0.3055	0.3215	0.235	0.3125
0253680812	2012	6	18	170	0.304	0.3235	0.233	0.3125
0253680812	2012	6	19	171	0.298	0.3175	0.2305	0.3125
0253680812	2012	6	20	172	0.2905	0.317	0.2275	0.311
0253680812	2012	6	21	173	0.291	0.312	0.2235	0.31
0253680812	2012	6	22	174	0.294	0.314	0.223	0.31
0253680812	2012	6	23	175	0.294	0.314	0.221	0.311
0253680812	2012	6	24	176	0.2935	0.313	0.221	0.309
0253680812	2012	6	25	177	0.2895	0.31	0.217	0.309
0253680812	2012	6	26	178	0.2835	0.305	0.2135	0.309
0253680812	2012	6	27	179	0.277	0.305	0.215	0.308
0253680812	2012	6	28	180	0.268	0.297	0.213	0.31
0253680812	2012	6	29	181	0.266	0.2955	0.2085	0.307
0253680812	2012	6	30	182	0.2525	0.29	0.206	0.308
0253680812	2012	7	1	183	0.245	0.286	0.2065	0.309
0253680812	2012	7	2	184	0.23	0.279	0.203	0.307
0253680812	2012	7	3	185	0.217	0.2725	0.2	0.307
0253680812	2012	7	4	186	0.2115	0.2655	0.1995	0.3045
0253680812	2012	7	5	187	0.2015	0.262	0.198	0.305
0253680812	2012	7	6	188	0.193	0.2565	0.1955	0.308
0253680812	2012	7	7	189	0.1905	0.2535	0.192	0.307
0253680812	2012	7	8	190	0.187	0.25	0.19	0.3075
0253680812	2012	7	9	191	0.184	0.2475	0.188	0.306
0253680812	2012	7	10	192	0.186	0.2445	0.188	0.303
0253680812	2012	7	11	193	0.1805	0.238	0.185	0.304
0253680812	2012	7	12	194	0.181	0.236	0.183	0.302
0253680812	2012	7	13	195	0.181	0.2375	0.1795	0.3035
0253680812	2012	7	14	196	0.1765	0.2315	0.18	0.304
0253680812	2012	7	15	197	0.1735	0.233	0.1795	0.301
0253680812	2012	7	16	198	0.167	0.231	0.177	0.3
0253680812	2012	7	17	199	0.17	0.2275	0.1775	0.3005
0253680812	2012	7	18	200	0.168	0.217	0.173	0.299
0253680812	2012	7	19	201	0.164	0.229	0.17	0.3
0253680812	2012	7	20	202	0.165	0.227	0.169	0.299
0253680812	2012	7	21	203	0.154	0.2205	0.166	0.297
0253680812	2012	7	22	204	0.1565	0.2245	0.164	0.299
0253680812	2012	7	23	205	0.153	0.2195	0.1625	0.297
0253680812	2012	7	24	206	0.155	0.22	0.16	0.297
0253680812	2012	7	25	207	0.1515	0.216	0.1585	0.2975
0253680812	2012	7	26	208	0.1495	0.217	0.155	0.297
0253680812	2012	7	27	209	0.148	0.2175	0.1555	0.295
0253680812	2012	7	28	210	0.142	0.216	0.1515	0.296
0253680812	2012	7	29	211	0.145	0.216	0.149	0.293
0253680812	2012	7	30	212	0.1475	0.2175	0.145	0.2915
0253680812	2012	7	31	213	0.1435	0.2145	0.142	0.2905
0253680812	2012	8	1	214	0.147	0.216	0.14	0.2915
0253680812	2012	8	2	215	0.14	0.2145	0.138	0.29
0253680812	2012	8	3	216	0.14	0.2095	0.138	0.289
0253680812	2012	8	4	217	0.1275	0.206	0.139	0.288
0253680812	2012	8	5	218	0.13	0.2045	0.131	0.288
0253680812	2012	8	6	219	0.135	0.207	0.1275	0.2885
0253680812	2012	8	7	220	0.1275	0.206	0.1265	0.285
0253680812	2012	8	8	221	0.1305	0.206	0.125	0.284
0253680812	2012	8	9	222	0.1315	0.2065	0.1205	0.2825
0253680812	2012	8	10	223	0.128	0.2095	0.119	0.282
0253680812	2012	8	11	224	0.1195	0.203	0.12	0.2825
0253680812	2012	8	12	225	0.1175	0.199	0.12	0.2825
0253680812	2012	8	13	226	0.1265	0.202	0.12	0.2805
0253680812	2012	8	14	227	0.13	0.2005	0.1195	0.2805
0253680812	2012	8	15	228	0.1275	0.1995	0.1185	0.282
0253680812	2012	8	16	229	0.122	0.1955	0.119	0.2815
0253680812	2012	8	17	230	0.128	0.1995	0.1135	0.281
0253680812	2012	8	18	231	0.1295	0.2	0.115	0.279
0253680812	2012	8	19	232	0.1245	0.2	0.115	0.2795
0253680812	2012	8	20	233	0.1355	0.205	0.114	0.277
0253680812	2012	8	21	234	0.1305	0.202	0.1145	0.276
0253680812	2012	8	22	235	0.1295	0.203	0.113	0.274
0253680812	2012	8	23	236	0.1285	0.203	0.1095	0.278
0253680812	2012	8	24	237	0.131	0.2045	0.1115	0.276
0253680812	2012	8	25	238	0.1215	0.2015	0.108	0.2725
0253680812	2012	8	26	239	0.12	0.2	0.108	0.2715
0253680812	2012	8	27	240	0.126	0.1985	0.1065	0.2725
0253680812	2012	8	28	241	0.128	0.1995	0.1045	0.27
0253680812	2012	8	29	242	0.127	0.202	0.1015	0.2725
0253680812	2012	8	30	243	0.118	0.2035	0.1	0.272
0253680812	2012	8	31	244	0.117	0.2005	0.1015	0.273
0253680812	2012	9	1	245	0.117	0.201	0.102	0.268
0253680812	2012	9	2	246	0.1155	0.1995	0.097	0.2685
0253680812	2012	9	3	247	0.109	0.1925	0.1015	0.269
0253680812	2012	9	4	248	0.11	0.19	0.0955	0.269
0253680812	2012	9	5	249	0.107	0.193	0.097	0.27
0253680812	2012	9	6	250	0.106	0.1935	0.0965	0.269
0253680812	2012	9	7	251	0.105	0.189	0.097	0.2655
0253680812	2012	9	8	252	0.107	0.1885	0.0935	0.266
0253680812	2012	9	9	253	0.108	0.191	0.097	0.2665
0253680812	2012	9	10	254	0.107	0.189	0.096	0.2655
0253680812	2012	9	11	255	0.111	0.19	0.0945	0.263
0253680812	2012	9	12	256	0.102	0.184	0.094	0.264
0253680812	2012	9	13	257	0.102	0.185	0.091	0.2645
0253680812	2012	9	14	258	0.107	0.1835	0.0925	0.263
0253680812	2012	9	15	259	0.1065	0.1845	0.094	0.26
0253680812	2012	9	16	260	0.1075	0.19	0.0935	0.2635
0253680812	2012	9	17	261	0.1015	0.1855	0.0935	0.2625
0253680812	2012	9	18	262	0.1035	0.183	0.093	0.264
0253680812	2012	9	19	263	0.102	0.184	0.096	0.2625
0253680812	2012	9	20	264	0.109	0.1835	0.094	0.261
0253680812	2012	9	21	265	0.0995	0.183	0.0915	0.261
0253680812	2012	9	22	266	0.1045	0.186	0.0915	0.2615
0253680812	2012	9	23	267	0.1065	0.1845	0.092	0.262
0253680812	2012	9	24	268	0.1045	0.1885	0.096	0.261
0253680812	2012	9	25	269	0.107	0.186	0.091	0.2615
0253680812	2012	9	26	270	0.1035	0.1825	0.0905	0.26
0253680812	2012	9	27	271	0.1015	0.18	0.0915	0.2605
0253680812	2012	9	28	272	0.099	0.1805	0.094	0.262
0253680812	2012	9	29	273	0.1005	0.1815	0.096	0.262
0253680812	2012	9	30	274	0.1	0.181	0.092	0.258
0253680812	2012	10	1	275	0.0975	0.18	0.0935	0.264
0253680812	2012	10	2	276	0.1	0.1795	0.096	0.2595
0253680812	2012	10	3	277	0.0985	0.1825	0.096	0.26
0253680812	2012	10	4	278	0.0915	0.1755	0.095	0.258
0253680812	2012	10	5	279	0.0945	0.1705	0.0955	0.2605
0253680812	2012	10	6	280	0.089	0.17	0.095	0.257
0253680812	2012	10	7	281	0.0945	0.171	0.096	0.256
0253680812	2012	10	8	282	0.0925	0.1715	0.096	0.257
0253680812	2012	10	9	283	0.09	0.171	0.096	0.257
0253680812	2012	10	10	284	0.089	0.1695	0.096	0.2575
0253680812	2012	10	11	285	0.0915	0.172	0.097	0.258
0253680812	2012	10	12	286	0.09	0.168	-9999	0.255
0253680812	2012	10	13	287	0.093	0.1715	0.0945	0.255
0253680812	2012	10	14	288	0.089	0.1705	0.096	0.255
0253680812	2012	10	15	289	0.0925	0.1715	0.096	0.2555
0253680812	2012	10	16	290	0.0905	0.171	0.096	0.2545
0253680812	2012	10	17	291	0.0955	0.1705	0.097	0.254
0253680812	2012	10	18	292	0.0905	0.1695	0.097	0.2525
0253680812	2012	10	19	293	0.09	0.169	0.097	0.252
0253680812	2012	10	20	294	0.094	0.17	0.097	0.2525
0253680812	2012	10	21	295	0.094	0.171	0.097	0.253
0253680812	2012	10	22	296	0.094	0.171	0.097	0.253
0253680812	2012	10	23	297	0.093	0.17	0.097	0.25
0253680812	2012	10	24	298	0.093	0.169	0.097	0.25
0253680812	2012	10	25	299	0.098	0.168	0.097	0.252
0253680812	2012	10	26	300	0.098	0.1665	0.0965	0.253
0253680812	2012	10	27	301	0.094	0.1665	0.094	0.252
0253680812	2012	10	28	302	0.095	0.165	0.101	0.2535
0253680812	2012	10	29	303	0.0995	0.1675	0.101	0.253
0253680812	2012	10	30	304	0.0975	0.165	0.101	0.253
0253680812	2012	10	31	305	0.097	0.17	0.1	0.253
0253680812	2012	11	1	306	0.096	0.17	0.099	0.248
0253680812	2012	11	2	307	0.096	0.17	0.1	0.249
0253680812	2012	11	3	308	0.0975	0.17	0.1	0.2495
0253680812	2012	11	4	309	0.099	0.169	0.097	0.2495
0253680812	2012	11	5	310	0.095	0.1675	0.1	0.25
0253680812	2012	11	6	311	0.0965	0.1675	0.097	0.2495
0253680812	2012	11	7	312	0.0975	0.1665	0.097	0.249
0253680812	2012	11	8	313	0.0945	0.167	0.097	0.2485
0253680812	2012	11	9	314	0.0995	0.167	0.0965	0.249
0253680812	2012	11	10	315	0.1025	0.167	0.0965	0.2495
0253680812	2012	11	11	316	0.1015	0.167	0.096	0.2495
0253680812	2012	11	12	317	0.0975	0.167	0.097	0.247
0253680812	2012	11	13	318	0.0975	0.169	0.097	0.2495
0253680812	2012	11	14	319	0.099	0.168	0.097	0.245
0253680812	2012	11	15	320	0.0995	0.168	0.097	0.2465
0253680812	2012	11	16	321	0.096	0.168	0.097	0.248
0253680812	2012	11	17	322	0.097	0.168	0.097	0.247
0253680812	2012	11	18	323	0.097	0.168	0.097	0.249
0253680812	2012	11	19	324	0.097	0.168	0.099	0.2495
0253680812	2012	11	20	325	0.097	0.1695	0.097	0.248
0253680812	2012	11	21	326	0.097	0.168	0.097	0.2465
0253680812	2012	11	22	327	0.099	0.167	0.097	0.247
0253680812	2012	11	23	328	0.1	0.1675	0.0975	0.247
0253680812	2012	11	24	329	-9999	0.168	0.095	0.245
0253680812	2012	11	25	330	0.098	0.168	0.097	0.246
0253680812	2012	11	26	331	0.0975	0.167	0.0975	0.245
0253680812	2012	11	27	332	0.096	0.167	0.101	0.244
0253680812	2012	11	28	333	0.099	0.167	0.1	0.244
0253680812	2012	11	29	334	0.099	0.167	0.1	0.244
0253680812	2012	11	30	335	0.0975	0.167	0.1	0.244
0253680812	2012	12	1	336	0.096	0.1695	0.1	0.2465
0253680812	2012	12	2	337	0.0995	0.1695	0.1	0.247
0253680812	2012	12	3	338	0.1025	0.172	0.097	0.247
0253680812	2012	12	4	339	0.1015	0.1705	0.0985	0.246
0253680812	2012	12	5	340	0.0955	0.1695	0.097	0.246
0253680812	2012	12	6	341	0.096	0.167	0.0995	0.247
0253680812	2012	12	7	342	0.103	0.172	0.0995	0.243
0253680812	2012	12	8	343	0.097	0.172	0.0995	0.2435
0253680812	2012	12	9	344	0.0985	0.172	0.101	0.244
0253680812	2012	12	10	345	0.102	0.1705	0.0995	0.244
0253680812	2012	12	11	346	0.0975	0.172	0.102	0.244
0253680812	2012	12	12	347	0.103	0.167	0.102	0.244
0253680812	2012	12	13	348	0.098	0.172	0.102	0.244
0253680812	2012	12	14	349	0.0935	0.1695	0.102	0.2435
0253680812	2012	12	15	350	0.096	0.1695	0.1015	0.2445
0253680812	2012	12	16	351	0.0975	0.172	0.099	0.245
0253680812	2012	12	17	352	0.096	0.167	0.101	0.2445
0253680812	2012	12	18	353	-9999	-9999	-9999	-9999
0253680812	2012	12	19	354	-9999	-9999	-9999	-9999
0253680812	2012	12	20	355	-9999	-9999	-9999	-9999
0253680812	2012	12	21	356	-9999	-9999	-9999	-9999
0253680812	2012	12	22	357	-9999	-9999	-9999	-9999
0253680812	2012	12	23	358	-9999	-9999	-9999	-9999
0253680812	2012	12	24	359	-9999	-9999	-9999	-9999
0253680812	2012	12	25	360	-9999	-9999	-9999	-9999
0253680812	2012	12	26	361	-9999	-9999	-9999	-9999
0253680812	2012	12	27	362	-9999	-9999	-9999	-9999
0253680812	2012	12	28	363	-9999	-9999	-9999	-9999
0253680812	2012	12	29	364	-9999	-9999	-9999	-9999
0253680812	2012	12	30	365	-9999	-9999	-9999	-9999
0253680812	2012	12	31	366	-9999	-9999	-9999	-9999
