stationID	Y	M	D	DOY	depth_5	depth_10	depth_20
0253610912	2009	1	1	1	-9999	-9999	-9999
0253610912	2009	1	2	2	-9999	-9999	-9999
0253610912	2009	1	3	3	-9999	-9999	-9999
0253610912	2009	1	4	4	-9999	-9999	-9999
0253610912	2009	1	5	5	-9999	-9999	-9999
0253610912	2009	1	6	6	-9999	-9999	-9999
0253610912	2009	1	7	7	-9999	-9999	-9999
0253610912	2009	1	8	8	-9999	-9999	-9999
0253610912	2009	1	9	9	-9999	-9999	-9999
0253610912	2009	1	10	10	-9999	-9999	-9999
0253610912	2009	1	11	11	-9999	-9999	-9999
0253610912	2009	1	12	12	-9999	-9999	-9999
0253610912	2009	1	13	13	-9999	-9999	-9999
0253610912	2009	1	14	14	-9999	-9999	-9999
0253610912	2009	1	15	15	-9999	-9999	-9999
0253610912	2009	1	16	16	-9999	-9999	-9999
0253610912	2009	1	17	17	-9999	-9999	-9999
0253610912	2009	1	18	18	-9999	-9999	-9999
0253610912	2009	1	19	19	-9999	-9999	-9999
0253610912	2009	1	20	20	-9999	-9999	-9999
0253610912	2009	1	21	21	-9999	-9999	-9999
0253610912	2009	1	22	22	-9999	-9999	-9999
0253610912	2009	1	23	23	-9999	-9999	-9999
0253610912	2009	1	24	24	-9999	-9999	-9999
0253610912	2009	1	25	25	-9999	-9999	-9999
0253610912	2009	1	26	26	-9999	-9999	-9999
0253610912	2009	1	27	27	-9999	-9999	-9999
0253610912	2009	1	28	28	-9999	-9999	-9999
0253610912	2009	1	29	29	-9999	-9999	-9999
0253610912	2009	1	30	30	-9999	-9999	-9999
0253610912	2009	1	31	31	-9999	-9999	-9999
0253610912	2009	2	1	32	-9999	-9999	-9999
0253610912	2009	2	2	33	-9999	-9999	-9999
0253610912	2009	2	3	34	-9999	-9999	-9999
0253610912	2009	2	4	35	-9999	-9999	-9999
0253610912	2009	2	5	36	-9999	-9999	-9999
0253610912	2009	2	6	37	-9999	-9999	-9999
0253610912	2009	2	7	38	-9999	-9999	-9999
0253610912	2009	2	8	39	-9999	-9999	-9999
0253610912	2009	2	9	40	-9999	-9999	-9999
0253610912	2009	2	10	41	-9999	-9999	-9999
0253610912	2009	2	11	42	-9999	-9999	-9999
0253610912	2009	2	12	43	-9999	-9999	-9999
0253610912	2009	2	13	44	-9999	-9999	-9999
0253610912	2009	2	14	45	-9999	-9999	-9999
0253610912	2009	2	15	46	-9999	-9999	-9999
0253610912	2009	2	16	47	-9999	-9999	-9999
0253610912	2009	2	17	48	-9999	-9999	-9999
0253610912	2009	2	18	49	-9999	-9999	-9999
0253610912	2009	2	19	50	-9999	-9999	-9999
0253610912	2009	2	20	51	-9999	-9999	-9999
0253610912	2009	2	21	52	-9999	-9999	-9999
0253610912	2009	2	22	53	-9999	-9999	-9999
0253610912	2009	2	23	54	-9999	-9999	-9999
0253610912	2009	2	24	55	-9999	-9999	-9999
0253610912	2009	2	25	56	-9999	-9999	-9999
0253610912	2009	2	26	57	-9999	-9999	-9999
0253610912	2009	2	27	58	-9999	-9999	-9999
0253610912	2009	2	28	59	-9999	-9999	-9999
0253610912	2009	3	1	60	-9999	-9999	-9999
0253610912	2009	3	2	61	-9999	-9999	-9999
0253610912	2009	3	3	62	-9999	-9999	-9999
0253610912	2009	3	4	63	-9999	-9999	-9999
0253610912	2009	3	5	64	-9999	-9999	-9999
0253610912	2009	3	6	65	-9999	-9999	-9999
0253610912	2009	3	7	66	-9999	-9999	-9999
0253610912	2009	3	8	67	-9999	-9999	-9999
0253610912	2009	3	9	68	-9999	-9999	-9999
0253610912	2009	3	10	69	-9999	-9999	-9999
0253610912	2009	3	11	70	-9999	-9999	-9999
0253610912	2009	3	12	71	-9999	-9999	-9999
0253610912	2009	3	13	72	-9999	-9999	-9999
0253610912	2009	3	14	73	-9999	-9999	-9999
0253610912	2009	3	15	74	-9999	-9999	-9999
0253610912	2009	3	16	75	-9999	-9999	-9999
0253610912	2009	3	17	76	-9999	-9999	-9999
0253610912	2009	3	18	77	-9999	-9999	-9999
0253610912	2009	3	19	78	-9999	-9999	-9999
0253610912	2009	3	20	79	-9999	-9999	-9999
0253610912	2009	3	21	80	-9999	-9999	-9999
0253610912	2009	3	22	81	-9999	-9999	-9999
0253610912	2009	3	23	82	-9999	-9999	-9999
0253610912	2009	3	24	83	-9999	-9999	-9999
0253610912	2009	3	25	84	-9999	-9999	-9999
0253610912	2009	3	26	85	-9999	-9999	-9999
0253610912	2009	3	27	86	-9999	-9999	-9999
0253610912	2009	3	28	87	-9999	-9999	-9999
0253610912	2009	3	29	88	-9999	-9999	-9999
0253610912	2009	3	30	89	-9999	-9999	-9999
0253610912	2009	3	31	90	-9999	-9999	-9999
0253610912	2009	4	1	91	-9999	-9999	-9999
0253610912	2009	4	2	92	-9999	-9999	-9999
0253610912	2009	4	3	93	-9999	-9999	-9999
0253610912	2009	4	4	94	-9999	-9999	-9999
0253610912	2009	4	5	95	-9999	-9999	-9999
0253610912	2009	4	6	96	-9999	-9999	-9999
0253610912	2009	4	7	97	-9999	-9999	-9999
0253610912	2009	4	8	98	-9999	-9999	-9999
0253610912	2009	4	9	99	-9999	-9999	-9999
0253610912	2009	4	10	100	-9999	-9999	-9999
0253610912	2009	4	11	101	-9999	-9999	-9999
0253610912	2009	4	12	102	-9999	-9999	-9999
0253610912	2009	4	13	103	-9999	-9999	-9999
0253610912	2009	4	14	104	-9999	-9999	-9999
0253610912	2009	4	15	105	-9999	-9999	-9999
0253610912	2009	4	16	106	-9999	-9999	-9999
0253610912	2009	4	17	107	-9999	-9999	-9999
0253610912	2009	4	18	108	-9999	-9999	-9999
0253610912	2009	4	19	109	-9999	-9999	-9999
0253610912	2009	4	20	110	-9999	-9999	-9999
0253610912	2009	4	21	111	-9999	-9999	-9999
0253610912	2009	4	22	112	-9999	-9999	-9999
0253610912	2009	4	23	113	-9999	-9999	-9999
0253610912	2009	4	24	114	-9999	-9999	-9999
0253610912	2009	4	25	115	-9999	-9999	-9999
0253610912	2009	4	26	116	-9999	-9999	-9999
0253610912	2009	4	27	117	-9999	-9999	-9999
0253610912	2009	4	28	118	-9999	-9999	-9999
0253610912	2009	4	29	119	-9999	-9999	-9999
0253610912	2009	4	30	120	-9999	-9999	-9999
0253610912	2009	5	1	121	-9999	-9999	-9999
0253610912	2009	5	2	122	-9999	-9999	-9999
0253610912	2009	5	3	123	-9999	-9999	-9999
0253610912	2009	5	4	124	-9999	-9999	-9999
0253610912	2009	5	5	125	-9999	-9999	-9999
0253610912	2009	5	6	126	-9999	-9999	-9999
0253610912	2009	5	7	127	-9999	-9999	-9999
0253610912	2009	5	8	128	-9999	-9999	-9999
0253610912	2009	5	9	129	-9999	-9999	-9999
0253610912	2009	5	10	130	-9999	-9999	-9999
0253610912	2009	5	11	131	-9999	-9999	-9999
0253610912	2009	5	12	132	-9999	-9999	-9999
0253610912	2009	5	13	133	-9999	-9999	-9999
0253610912	2009	5	14	134	-9999	-9999	-9999
0253610912	2009	5	15	135	-9999	-9999	-9999
0253610912	2009	5	16	136	-9999	-9999	-9999
0253610912	2009	5	17	137	-9999	-9999	-9999
0253610912	2009	5	18	138	-9999	-9999	-9999
0253610912	2009	5	19	139	-9999	-9999	-9999
0253610912	2009	5	20	140	-9999	-9999	-9999
0253610912	2009	5	21	141	-9999	-9999	-9999
0253610912	2009	5	22	142	-9999	-9999	-9999
0253610912	2009	5	23	143	-9999	-9999	-9999
0253610912	2009	5	24	144	-9999	-9999	-9999
0253610912	2009	5	25	145	-9999	-9999	-9999
0253610912	2009	5	26	146	-9999	-9999	-9999
0253610912	2009	5	27	147	-9999	-9999	-9999
0253610912	2009	5	28	148	-9999	-9999	-9999
0253610912	2009	5	29	149	-9999	-9999	-9999
0253610912	2009	5	30	150	-9999	-9999	-9999
0253610912	2009	5	31	151	-9999	-9999	-9999
0253610912	2009	6	1	152	-9999	-9999	-9999
0253610912	2009	6	2	153	-9999	-9999	-9999
0253610912	2009	6	3	154	-9999	-9999	-9999
0253610912	2009	6	4	155	-9999	-9999	-9999
0253610912	2009	6	5	156	-9999	-9999	-9999
0253610912	2009	6	6	157	-9999	-9999	-9999
0253610912	2009	6	7	158	-9999	-9999	-9999
0253610912	2009	6	8	159	-9999	-9999	-9999
0253610912	2009	6	9	160	-9999	-9999	-9999
0253610912	2009	6	10	161	-9999	-9999	-9999
0253610912	2009	6	11	162	-9999	-9999	-9999
0253610912	2009	6	12	163	-9999	-9999	-9999
0253610912	2009	6	13	164	-9999	-9999	-9999
0253610912	2009	6	14	165	-9999	-9999	-9999
0253610912	2009	6	15	166	-9999	-9999	-9999
0253610912	2009	6	16	167	-9999	-9999	-9999
0253610912	2009	6	17	168	-9999	-9999	-9999
0253610912	2009	6	18	169	-9999	-9999	-9999
0253610912	2009	6	19	170	-9999	-9999	-9999
0253610912	2009	6	20	171	-9999	-9999	-9999
0253610912	2009	6	21	172	-9999	-9999	-9999
0253610912	2009	6	22	173	-9999	-9999	-9999
0253610912	2009	6	23	174	-9999	-9999	-9999
0253610912	2009	6	24	175	-9999	-9999	-9999
0253610912	2009	6	25	176	-9999	-9999	-9999
0253610912	2009	6	26	177	-9999	-9999	-9999
0253610912	2009	6	27	178	-9999	-9999	-9999
0253610912	2009	6	28	179	-9999	-9999	-9999
0253610912	2009	6	29	180	-9999	-9999	-9999
0253610912	2009	6	30	181	-9999	-9999	-9999
0253610912	2009	7	1	182	-9999	-9999	-9999
0253610912	2009	7	2	183	-9999	-9999	-9999
0253610912	2009	7	3	184	-9999	-9999	-9999
0253610912	2009	7	4	185	-9999	-9999	-9999
0253610912	2009	7	5	186	-9999	-9999	-9999
0253610912	2009	7	6	187	-9999	-9999	-9999
0253610912	2009	7	7	188	-9999	-9999	-9999
0253610912	2009	7	8	189	-9999	-9999	-9999
0253610912	2009	7	9	190	-9999	-9999	-9999
0253610912	2009	7	10	191	-9999	-9999	-9999
0253610912	2009	7	11	192	-9999	-9999	-9999
0253610912	2009	7	12	193	-9999	-9999	-9999
0253610912	2009	7	13	194	-9999	-9999	-9999
0253610912	2009	7	14	195	-9999	-9999	-9999
0253610912	2009	7	15	196	-9999	-9999	-9999
0253610912	2009	7	16	197	-9999	-9999	-9999
0253610912	2009	7	17	198	-9999	-9999	-9999
0253610912	2009	7	18	199	-9999	-9999	-9999
0253610912	2009	7	19	200	-9999	-9999	-9999
0253610912	2009	7	20	201	-9999	-9999	-9999
0253610912	2009	7	21	202	-9999	-9999	-9999
0253610912	2009	7	22	203	-9999	-9999	-9999
0253610912	2009	7	23	204	-9999	-9999	-9999
0253610912	2009	7	24	205	-9999	-9999	-9999
0253610912	2009	7	25	206	-9999	-9999	-9999
0253610912	2009	7	26	207	-9999	-9999	-9999
0253610912	2009	7	27	208	0.047	-9999	-9999
0253610912	2009	7	28	209	0.025	0.00225	-9999
0253610912	2009	7	29	210	0.02175	0.003	-9999
0253610912	2009	7	30	211	0.01925	0.002	-9999
0253610912	2009	7	31	212	0.02025	0.002	-9999
0253610912	2009	8	1	213	0.013	0.003	-9999
0253610912	2009	8	2	214	0.01025	0.0045	-9999
0253610912	2009	8	3	215	0.00775	0.00275	-9999
0253610912	2009	8	4	216	0.00475	0.002	-9999
0253610912	2009	8	5	217	0.00625	0.0015	-9999
0253610912	2009	8	6	218	0.00425	-9999	-9999
0253610912	2009	8	7	219	0.002	-9999	-9999
0253610912	2009	8	8	220	0.00375	-9999	-9999
0253610912	2009	8	9	221	0.00275	-9999	-9999
0253610912	2009	8	10	222	0.00225	-9999	-9999
0253610912	2009	8	11	223	0.00325	-9999	-9999
0253610912	2009	8	12	224	0.0055	0.041	0.068
0253610912	2009	8	13	225	0.0135	0.0825	0.193
0253610912	2009	8	14	226	0.00275	0.07475	0.168
0253610912	2009	8	15	227	0.012	0.0725	0.158
0253610912	2009	8	16	228	0.00825	0.0695	0.1455
0253610912	2009	8	17	229	0.009	0.0705	0.13975
0253610912	2009	8	18	230	0.01425	0.06775	0.135
0253610912	2009	8	19	231	0.01475	0.067	0.12825
0253610912	2009	8	20	232	0.01	0.0675	0.1255
0253610912	2009	8	21	233	0.01	0.064	0.12475
0253610912	2009	8	22	234	0.00775	0.0605	0.12025
0253610912	2009	8	23	235	0.00125	0.0555	0.11325
0253610912	2009	8	24	236	0.00575	0.0525	0.10825
0253610912	2009	8	25	237	0.00125	0.05075	0.10975
0253610912	2009	8	26	238	0.0015	0.045	0.10475
0253610912	2009	8	27	239	0.00175	0.042	0.10075
0253610912	2009	8	28	240	-9999	0.0365	0.10525
0253610912	2009	8	29	241	0.00025	0.03	0.0995
0253610912	2009	8	30	242	-9999	0.02775	0.10125
0253610912	2009	8	31	243	-9999	0.02525	0.095
0253610912	2009	9	1	244	0.00075	0.0235	0.0895
0253610912	2009	9	2	245	-9999	0.02075	0.0865
0253610912	2009	9	3	246	-9999	0.016	0.09
0253610912	2009	9	4	247	-9999	0.0145	0.0835
0253610912	2009	9	5	248	-9999	0.013	0.081
0253610912	2009	9	6	249	-9999	0.01075	0.1155
0253610912	2009	9	7	250	0.009	0.0405	0.2835
0253610912	2009	9	8	251	0.00425	0.0625	0.22775
0253610912	2009	9	9	252	0.005	0.061	0.19775
0253610912	2009	9	10	253	0.00375	0.06175	0.18325
0253610912	2009	9	11	254	0.00075	0.06225	0.17375
0253610912	2009	9	12	255	0.0055	0.06175	0.16475
0253610912	2009	9	13	256	-9999	0.06125	0.15875
0253610912	2009	9	14	257	0.00225	0.07975	0.15275
0253610912	2009	9	15	258	0.00125	0.07575	0.15025
0253610912	2009	9	16	259	0.00475	0.07725	0.14
0253610912	2009	9	17	260	-9999	0.07475	0.139
0253610912	2009	9	18	261	-9999	0.0735	0.134
0253610912	2009	9	19	262	-9999	0.0705	0.128
0253610912	2009	9	20	263	0.0005	0.06875	0.13
0253610912	2009	9	21	264	-9999	0.06525	0.12575
0253610912	2009	9	22	265	0.0015	0.0625	0.123
0253610912	2009	9	23	266	-9999	0.05925	0.1225
0253610912	2009	9	24	267	-9999	0.05475	0.11675
0253610912	2009	9	25	268	-9999	0.04975	0.11125
0253610912	2009	9	26	269	-9999	0.0465	0.1145
0253610912	2009	9	27	270	-9999	0.04325	0.10675
0253610912	2009	9	28	271	-9999	0.03875	0.10425
0253610912	2009	9	29	272	-9999	0.036	0.101
0253610912	2009	9	30	273	-9999	0.03325	0.1035
0253610912	2009	10	1	274	-9999	0.03625	0.1015
0253610912	2009	10	2	275	-9999	0.03375	0.097
0253610912	2009	10	3	276	-9999	0.03375	0.09525
0253610912	2009	10	4	277	-9999	0.03375	0.09625
0253610912	2009	10	5	278	-9999	0.03325	0.12225
0253610912	2009	10	6	279	-9999	0.05375	0.27025
0253610912	2009	10	7	280	-9999	0.0795	0.28275
0253610912	2009	10	8	281	-9999	0.081	0.2295
0253610912	2009	10	9	282	-9999	0.0795	0.206
0253610912	2009	10	10	283	-9999	0.08675	0.1905
0253610912	2009	10	11	284	-9999	0.0895	0.18175
0253610912	2009	10	12	285	-9999	0.0835	0.17625
0253610912	2009	10	13	286	-9999	0.081	0.17125
0253610912	2009	10	14	287	-9999	0.09075	0.197
0253610912	2009	10	15	288	-9999	0.116	0.25825
0253610912	2009	10	16	289	-9999	0.11425	0.2415
0253610912	2009	10	17	290	-9999	0.11125	0.22475
0253610912	2009	10	18	291	-9999	0.15075	0.32725
0253610912	2009	10	19	292	-9999	0.143	0.2715
0253610912	2009	10	20	293	-9999	0.137	0.24025
0253610912	2009	10	21	294	-9999	0.1285	0.2245
0253610912	2009	10	22	295	-9999	0.132	0.221
0253610912	2009	10	23	296	0.00025	0.12975	0.2125
0253610912	2009	10	24	297	-9999	0.1525	0.2825
0253610912	2009	10	25	298	-9999	0.141	0.2415
0253610912	2009	10	26	299	0.0175	0.1615	0.29825
0253610912	2009	10	27	300	0.00375	0.16425	0.289
0253610912	2009	10	28	301	0.00675	0.15025	0.25075
0253610912	2009	10	29	302	0.0075	0.1455	0.23025
0253610912	2009	10	30	303	0.052	0.18875	0.326
0253610912	2009	10	31	304	0.07875	0.21125	-9999
0253610912	2009	11	1	305	0.0315	0.18125	0.286
0253610912	2009	11	2	306	0.03075	0.1715	0.25925
0253610912	2009	11	3	307	0.02425	0.16175	0.24875
0253610912	2009	11	4	308	0.02675	0.1535	0.2325
0253610912	2009	11	5	309	0.027	0.15325	0.226
0253610912	2009	11	6	310	0.0435	0.17525	0.26225
0253610912	2009	11	7	311	0.04175	0.17675	0.26
0253610912	2009	11	8	312	0.04	0.174	0.24825
0253610912	2009	11	9	313	0.04575	0.17325	0.2415
0253610912	2009	11	10	314	0.0485	0.17	0.24
0253610912	2009	11	11	315	0.054	0.1725	0.23975
0253610912	2009	11	12	316	0.0565	0.17425	0.2425
0253610912	2009	11	13	317	0.05725	0.16675	0.2325
0253610912	2009	11	14	318	0.05825	0.1775	0.238
0253610912	2009	11	15	319	0.0595	0.164	0.23025
0253610912	2009	11	16	320	0.0565	0.17125	0.22925
0253610912	2009	11	17	321	0.059	0.17375	0.237
0253610912	2009	11	18	322	0.0665	0.18775	0.255
0253610912	2009	11	19	323	0.05375	0.1825	0.25125
0253610912	2009	11	20	324	0.052	0.17975	0.24725
0253610912	2009	11	21	325	0.06175	0.17875	0.244
0253610912	2009	11	22	326	0.06325	0.17575	0.23825
0253610912	2009	11	23	327	0.05875	0.175	0.23725
0253610912	2009	11	24	328	0.0625	0.17375	0.2345
0253610912	2009	11	25	329	0.06175	0.18775	0.24975
0253610912	2009	11	26	330	0.0735	0.20175	0.2645
0253610912	2009	11	27	331	0.101	0.21125	0.3
0253610912	2009	11	28	332	0.09175	0.2155	0.29075
0253610912	2009	11	29	333	0.0765	0.203	0.27225
0253610912	2009	11	30	334	0.07675	0.20175	0.2715
0253610912	2009	12	1	335	0.0845	0.2055	0.2695
0253610912	2009	12	2	336	0.08725	0.1995	0.26125
0253610912	2009	12	3	337	0.0795	0.18975	0.2535
0253610912	2009	12	4	338	0.07575	0.1865	0.2495
0253610912	2009	12	5	339	0.06775	0.182	0.24325
0253610912	2009	12	6	340	0.069	0.17225	0.23375
0253610912	2009	12	7	341	0.06875	0.164	0.22725
0253610912	2009	12	8	342	0.069	0.1675	0.22475
0253610912	2009	12	9	343	0.061	0.166	0.217
0253610912	2009	12	10	344	0.0635	0.1625	0.2165
0253610912	2009	12	11	345	0.06325	0.1595	0.2155
0253610912	2009	12	12	346	0.065	0.1575	0.208
0253610912	2009	12	13	347	0.05775	0.1545	0.21
0253610912	2009	12	14	348	0.05625	0.1545	0.20775
0253610912	2009	12	15	349	0.0695	0.1555	0.206
0253610912	2009	12	16	350	0.06725	0.15425	0.2035
0253610912	2009	12	17	351	0.0655	0.155	0.20125
0253610912	2009	12	18	352	0.07275	0.149	0.203
0253610912	2009	12	19	353	0.0815	0.1955	0.267
0253610912	2009	12	20	354	0.104	0.21475	0.2975
0253610912	2009	12	21	355	0.1205	0.22625	0.31425
0253610912	2009	12	22	356	0.11375	0.22	0.29675
0253610912	2009	12	23	357	0.1015	0.20925	0.2795
0253610912	2009	12	24	358	0.0995	0.20675	0.26825
0253610912	2009	12	25	359	0.103	0.2155	0.27075
0253610912	2009	12	26	360	0.10125	0.2125	0.26775
0253610912	2009	12	27	361	0.098	0.2045	0.26125
0253610912	2009	12	28	362	0.0965	0.19675	0.2565
0253610912	2009	12	29	363	0.09525	0.1885	0.24725
0253610912	2009	12	30	364	0.091	0.186	0.241
0253610912	2009	12	31	365	0.08925	0.18075	0.237
0253610912	2010	1	1	1	0.09475	0.2005	0.283
0253610912	2010	1	2	2	0.11125	0.21775	0.28575
0253610912	2010	1	3	3	0.11025	0.2145	0.27625
0253610912	2010	1	4	4	0.10525	0.205	0.26475
0253610912	2010	1	5	5	0.137	0.22375	0.33475
0253610912	2010	1	6	6	0.14725	0.231	0.322
0253610912	2010	1	7	7	0.13	0.226	0.29425
0253610912	2010	1	8	8	0.12075	0.21175	0.284
0253610912	2010	1	9	9	0.1245	0.21225	0.28425
0253610912	2010	1	10	10	0.15125	0.2335	0.314
0253610912	2010	1	11	11	0.13675	0.22775	0.2935
0253610912	2010	1	12	12	0.14375	0.22375	0.29175
0253610912	2010	1	13	13	0.186	0.2445	0.31725
0253610912	2010	1	14	14	0.171	0.248	0.3125
0253610912	2010	1	15	15	0.1455	0.224	0.29725
0253610912	2010	1	16	16	0.13325	0.219	0.28125
0253610912	2010	1	17	17	0.12825	0.216	0.266
0253610912	2010	1	18	18	0.129	0.2115	0.268
0253610912	2010	1	19	19	0.127	0.20775	0.26475
0253610912	2010	1	20	20	0.12725	0.21275	0.25775
0253610912	2010	1	21	21	0.12525	0.20725	0.25575
0253610912	2010	1	22	22	0.12725	0.206	0.25525
0253610912	2010	1	23	23	0.12375	0.20375	0.251
0253610912	2010	1	24	24	0.12325	0.20225	0.25075
0253610912	2010	1	25	25	0.1215	0.205	0.24375
0253610912	2010	1	26	26	0.11975	0.2015	0.24225
0253610912	2010	1	27	27	0.11975	0.19975	0.2425
0253610912	2010	1	28	28	0.117	0.1925	0.243
0253610912	2010	1	29	29	0.118	0.18925	0.24125
0253610912	2010	1	30	30	0.1155	0.1925	0.2385
0253610912	2010	1	31	31	0.115	0.19475	0.237
0253610912	2010	2	1	32	0.11575	0.19075	0.231
0253610912	2010	2	2	33	0.118	0.18925	0.23175
0253610912	2010	2	3	34	0.1135	0.1905	0.23675
0253610912	2010	2	4	35	0.11425	0.188	0.2295
0253610912	2010	2	5	36	0.1135	0.18925	0.23225
0253610912	2010	2	6	37	0.1125	0.18975	0.23125
0253610912	2010	2	7	38	0.11625	0.18975	0.2275
0253610912	2010	2	8	39	0.1185	0.18675	0.234
0253610912	2010	2	9	40	0.11675	0.189	0.23
0253610912	2010	2	10	41	0.116	0.1925	0.23325
0253610912	2010	2	11	42	0.1145	0.1885	0.23175
0253610912	2010	2	12	43	0.1145	0.18675	0.23025
0253610912	2010	2	13	44	0.11675	0.189	0.233
0253610912	2010	2	14	45	0.13125	0.204	0.25225
0253610912	2010	2	15	46	0.1745	0.24325	0.31375
0253610912	2010	2	16	47	0.1685	0.23925	0.29475
0253610912	2010	2	17	48	0.1865	0.25	0.313
0253610912	2010	2	18	49	0.161	0.231	0.2905
0253610912	2010	2	19	50	0.151	0.2255	0.274
0253610912	2010	2	20	51	0.1445	0.21325	0.27125
0253610912	2010	2	21	52	0.14175	0.21225	0.2655
0253610912	2010	2	22	53	0.14125	0.206	0.25975
0253610912	2010	2	23	54	0.13675	0.20975	0.2585
0253610912	2010	2	24	55	0.136	0.20625	0.255
0253610912	2010	2	25	56	0.135	0.2055	0.25
0253610912	2010	2	26	57	0.13275	0.20075	0.2525
0253610912	2010	2	27	58	0.1305	0.1975	0.2425
0253610912	2010	2	28	59	0.12975	0.1985	0.24825
0253610912	2010	3	1	60	0.1695	0.24	0.2935
0253610912	2010	3	2	61	0.1725	0.23625	0.288
0253610912	2010	3	3	62	0.1745	0.2365	0.284
0253610912	2010	3	4	63	0.16775	0.232	0.2835
0253610912	2010	3	5	64	0.16375	0.22825	0.27775
0253610912	2010	3	6	65	0.15375	0.2165	0.27275
0253610912	2010	3	7	66	0.15025	0.214	0.26475
0253610912	2010	3	8	67	0.16175	0.22525	0.2665
0253610912	2010	3	9	68	0.1655	0.227	0.2705
0253610912	2010	3	10	69	0.157	0.21925	0.26875
0253610912	2010	3	11	70	0.1485	0.2135	0.2625
0253610912	2010	3	12	71	0.14825	0.21325	0.258
0253610912	2010	3	13	72	0.145	0.21025	0.25425
0253610912	2010	3	14	73	0.14325	0.208	0.255
0253610912	2010	3	15	74	0.14275	0.20275	0.248
0253610912	2010	3	16	75	0.13925	0.20375	0.246
0253610912	2010	3	17	76	0.138	0.2015	0.24625
0253610912	2010	3	18	77	0.14025	0.20075	0.24425
0253610912	2010	3	19	78	0.14025	0.1995	0.24575
0253610912	2010	3	20	79	0.139	0.20125	0.24525
0253610912	2010	3	21	80	0.139	0.20175	0.243
0253610912	2010	3	22	81	0.1405	0.204	0.24325
0253610912	2010	3	23	82	0.13875	0.20225	0.244
0253610912	2010	3	24	83	0.13875	0.202	0.24275
0253610912	2010	3	25	84	0.144	0.2045	0.24575
0253610912	2010	3	26	85	0.157	0.21225	0.25275
0253610912	2010	3	27	86	0.156	0.21875	0.2525
0253610912	2010	3	28	87	0.15475	0.212	0.25625
0253610912	2010	3	29	88	0.154	0.213	0.25375
0253610912	2010	3	30	89	0.154	0.214	0.25125
0253610912	2010	3	31	90	0.15025	0.21025	0.253
0253610912	2010	4	1	91	0.14975	0.21275	0.248
0253610912	2010	4	2	92	0.14675	0.20225	0.25025
0253610912	2010	4	3	93	0.146	0.203	0.24975
0253610912	2010	4	4	94	0.1465	0.20575	0.243
0253610912	2010	4	5	95	0.144	0.20025	0.24925
0253610912	2010	4	6	96	0.14375	0.197	0.24375
0253610912	2010	4	7	97	0.14125	0.1965	0.2425
0253610912	2010	4	8	98	0.20425	0.24375	0.29725
0253610912	2010	4	9	99	0.1835	0.233	0.28975
0253610912	2010	4	10	100	0.168	0.22325	0.2765
0253610912	2010	4	11	101	0.1625	0.219	0.26875
0253610912	2010	4	12	102	0.1575	0.213	0.2615
0253610912	2010	4	13	103	0.157	0.2095	0.25475
0253610912	2010	4	14	104	0.15225	0.206	0.25625
0253610912	2010	4	15	105	0.15525	0.20875	0.25275
0253610912	2010	4	16	106	0.16525	0.21325	0.25625
0253610912	2010	4	17	107	0.21	0.2365	0.29275
0253610912	2010	4	18	108	0.2225	0.25175	0.30625
0253610912	2010	4	19	109	0.217	0.246	0.313
0253610912	2010	4	20	110	0.23	0.25375	0.31975
0253610912	2010	4	21	111	0.21975	0.2525	0.31125
0253610912	2010	4	22	112	0.20825	0.24275	0.3115
0253610912	2010	4	23	113	0.20925	0.245	0.302
0253610912	2010	4	24	114	0.20575	0.242	0.29525
0253610912	2010	4	25	115	0.19225	0.2345	0.28875
0253610912	2010	4	26	116	0.18375	0.2305	0.27625
0253610912	2010	4	27	117	0.18275	0.2245	0.27875
0253610912	2010	4	28	118	0.20225	0.23775	0.287
0253610912	2010	4	29	119	0.1945	0.232	0.28775
0253610912	2010	4	30	120	0.18525	0.22875	0.2785
0253610912	2010	5	1	121	0.18125	0.22575	0.2745
0253610912	2010	5	2	122	0.1835	0.22275	0.2785
0253610912	2010	5	3	123	0.21725	0.24325	0.28875
0253610912	2010	5	4	124	0.22575	0.26175	0.31075
0253610912	2010	5	5	125	0.1975	0.242	0.29075
0253610912	2010	5	6	126	0.187	0.2315	0.2795
0253610912	2010	5	7	127	0.18225	0.22625	0.27125
0253610912	2010	5	8	128	0.17525	0.221	0.2675
0253610912	2010	5	9	129	0.1735	0.22	0.26275
0253610912	2010	5	10	130	0.19125	0.2265	0.27275
0253610912	2010	5	11	131	0.2185	0.24675	0.282
0253610912	2010	5	12	132	0.2425	0.267	0.31675
0253610912	2010	5	13	133	0.243	0.271	0.31625
0253610912	2010	5	14	134	0.2535	0.27675	0.3245
0253610912	2010	5	15	135	0.261	0.28025	0.327
0253610912	2010	5	16	136	0.2675	0.2925	0.335
0253610912	2010	5	17	137	0.267	0.297	0.33775
0253610912	2010	5	18	138	0.27225	0.2945	0.33375
0253610912	2010	5	19	139	0.25225	0.284	0.32475
0253610912	2010	5	20	140	0.247	0.28225	0.3235
0253610912	2010	5	21	141	0.2065	0.252	0.29825
0253610912	2010	5	22	142	0.19575	0.2425	0.281
0253610912	2010	5	23	143	0.18925	0.23975	0.26825
0253610912	2010	5	24	144	0.189	0.229	0.27025
0253610912	2010	5	25	145	0.1865	0.23425	0.26275
0253610912	2010	5	26	146	0.2295	0.25825	0.292
0253610912	2010	5	27	147	0.244	0.2805	0.31525
0253610912	2010	5	28	148	0.2595	0.30625	0.34775
0253610912	2010	5	29	149	0.24725	0.28875	0.33375
0253610912	2010	5	30	150	0.23725	0.27975	0.322
0253610912	2010	5	31	151	0.274	0.30475	0.33775
0253610912	2010	6	1	152	0.2655	0.3025	0.3415
0253610912	2010	6	2	153	-9999	-9999	-9999
0253610912	2010	6	3	154	0.27025	-9999	-9999
0253610912	2010	6	4	155	0.271	0.306	0.345
0253610912	2010	6	5	156	0.236	0.28825	0.33025
0253610912	2010	6	6	157	0.2075	0.26075	0.30425
0253610912	2010	6	7	158	0.20075	0.24875	0.28825
0253610912	2010	6	8	159	0.19075	0.23875	0.27675
0253610912	2010	6	9	160	0.23225	0.27175	0.2905
0253610912	2010	6	10	161	0.23375	0.27275	0.29925
0253610912	2010	6	11	162	0.2245	0.26525	0.29625
0253610912	2010	6	12	163	0.2025	0.247	0.28175
0253610912	2010	6	13	164	0.192	0.2365	0.26825
0253610912	2010	6	14	165	0.18325	0.2265	0.2575
0253610912	2010	6	15	166	0.175	0.21925	0.2485
0253610912	2010	6	16	167	0.16775	0.212	0.23975
0253610912	2010	6	17	168	0.1685	0.21075	0.24
0253610912	2010	6	18	169	0.1625	0.20625	0.23225
0253610912	2010	6	19	170	0.162	0.20625	0.229
0253610912	2010	6	20	171	0.1585	0.2025	0.22875
0253610912	2010	6	21	172	0.1595	0.2005	0.22575
0253610912	2010	6	22	173	0.154	0.19675	0.219
0253610912	2010	6	23	174	0.153	0.19375	0.215
0253610912	2010	6	24	175	0.1495	0.19175	0.211
0253610912	2010	6	25	176	0.144	0.1875	0.20875
0253610912	2010	6	26	177	0.1445	0.18425	0.20425
0253610912	2010	6	27	178	0.1405	0.18275	0.19875
0253610912	2010	6	28	179	0.1355	0.17875	0.19725
0253610912	2010	6	29	180	0.1375	0.17575	0.194
0253610912	2010	6	30	181	0.13275	0.17175	0.1895
0253610912	2010	7	1	182	0.1265	0.1695	0.18575
0253610912	2010	7	2	183	0.124	0.16525	0.1855
0253610912	2010	7	3	184	0.1245	0.16375	0.1835
0253610912	2010	7	4	185	0.12825	0.16375	0.18075
0253610912	2010	7	5	186	0.12075	0.1605	0.17775
0253610912	2010	7	6	187	0.122	0.157	0.1755
0253610912	2010	7	7	188	0.115	0.1575	0.17175
0253610912	2010	7	8	189	0.11125	0.15575	0.172
0253610912	2010	7	9	190	0.107	0.153	0.17075
0253610912	2010	7	10	191	0.09775	0.15125	0.16625
0253610912	2010	7	11	192	0.09825	0.14625	0.1655
0253610912	2010	7	12	193	0.0775	0.1435	0.16275
0253610912	2010	7	13	194	0.07525	0.13775	0.16025
0253610912	2010	7	14	195	0.0715	0.13575	0.156
0253610912	2010	7	15	196	0.072	0.133	0.1535
0253610912	2010	7	16	197	0.067	0.13225	0.15625
0253610912	2010	7	17	198	0.05875	0.12825	0.1525
0253610912	2010	7	18	199	0.036	0.12475	0.14925
0253610912	2010	7	19	200	0.0335	0.121	0.14675
0253610912	2010	7	20	201	0.03775	0.117	0.1465
0253610912	2010	7	21	202	0.02225	0.115	0.14375
0253610912	2010	7	22	203	0.00925	0.11075	0.14275
0253610912	2010	7	23	204	0.01925	0.10875	0.1395
0253610912	2010	7	24	205	0.0055	0.1045	0.13725
0253610912	2010	7	25	206	0.00425	0.10375	0.13525
0253610912	2010	7	26	207	-9999	0.09775	0.13175
0253610912	2010	7	27	208	-9999	0.09475	0.13175
0253610912	2010	7	28	209	-9999	0.089	0.13175
0253610912	2010	7	29	210	-9999	0.0885	0.129
0253610912	2010	7	30	211	-9999	0.08375	0.1255
0253610912	2010	7	31	212	-9999	0.08025	0.1265
0253610912	2010	8	1	213	-9999	0.07725	0.12325
0253610912	2010	8	2	214	-9999	0.07325	0.12
0253610912	2010	8	3	215	-9999	0.06875	0.11875
0253610912	2010	8	4	216	-9999	0.068	0.1165
0253610912	2010	8	5	217	-9999	0.0645	0.117
0253610912	2010	8	6	218	-9999	0.0635	0.1145
0253610912	2010	8	7	219	-9999	0.05925	0.11225
0253610912	2010	8	8	220	-9999	0.05525	0.1115
0253610912	2010	8	9	221	-9999	0.05325	0.10675
0253610912	2010	8	10	222	-9999	0.052	0.1045
0253610912	2010	8	11	223	-9999	0.04975	0.10175
0253610912	2010	8	12	224	-9999	0.04625	0.1045
0253610912	2010	8	13	225	-9999	0.0465	0.10075
0253610912	2010	8	14	226	-9999	0.045	0.1015
0253610912	2010	8	15	227	-9999	0.04325	0.097
0253610912	2010	8	16	228	-9999	0.04025	0.09725
0253610912	2010	8	17	229	-9999	0.03525	0.09575
0253610912	2010	8	18	230	-9999	0.03625	0.095
0253610912	2010	8	19	231	-9999	0.03075	0.08825
0253610912	2010	8	20	232	-9999	0.027	0.08975
0253610912	2010	8	21	233	-9999	0.023	0.08525
0253610912	2010	8	22	234	-9999	0.0195	0.08725
0253610912	2010	8	23	235	-9999	0.02	0.084
0253610912	2010	8	24	236	-9999	0.0175	0.0805
0253610912	2010	8	25	237	-9999	0.018	0.082
0253610912	2010	8	26	238	-9999	0.01775	0.0805
0253610912	2010	8	27	239	-9999	0.011	0.0765
0253610912	2010	8	28	240	-9999	0.011	0.07875
0253610912	2010	8	29	241	-9999	0.00925	0.07525
0253610912	2010	8	30	242	-9999	0.0085	0.075
0253610912	2010	8	31	243	-9999	0.00925	0.07525
0253610912	2010	9	1	244	-9999	0.0085	0.07275
0253610912	2010	9	2	245	-9999	0.012	0.09025
0253610912	2010	9	3	246	-9999	0.01875	0.10625
0253610912	2010	9	4	247	-9999	0.02525	0.11375
0253610912	2010	9	5	248	-9999	0.02625	0.11675
0253610912	2010	9	6	249	-9999	0.0285	0.11725
0253610912	2010	9	7	250	-9999	0.0295	0.119
0253610912	2010	9	8	251	-9999	0.02975	0.1205
0253610912	2010	9	9	252	-9999	0.02925	0.11925
0253610912	2010	9	10	253	-9999	0.02875	0.11825
0253610912	2010	9	11	254	-9999	0.03	0.1175
0253610912	2010	9	12	255	-9999	0.03375	0.11575
0253610912	2010	9	13	256	-9999	0.03325	0.1145
0253610912	2010	9	14	257	-9999	0.033	0.1135
0253610912	2010	9	15	258	-9999	0.03325	0.1105
0253610912	2010	9	16	259	-9999	0.03325	0.10825
0253610912	2010	9	17	260	-9999	0.037	0.115
0253610912	2010	9	18	261	-9999	0.075	0.12375
0253610912	2010	9	19	262	-9999	0.143	0.22575
0253610912	2010	9	20	263	-9999	0.19975	-9999
0253610912	2010	9	21	264	-9999	0.1955	0.291
0253610912	2010	9	22	265	0.00025	0.1765	0.25625
0253610912	2010	9	23	266	0.002	0.16875	0.2395
0253610912	2010	9	24	267	0.007	0.17125	0.23025
0253610912	2010	9	25	268	0.003	0.16575	0.22475
0253610912	2010	9	26	269	-9999	0.1575	0.21425
0253610912	2010	9	27	270	0.01125	0.15825	0.20775
0253610912	2010	9	28	271	0.00525	0.159	0.20525
0253610912	2010	9	29	272	0.00475	0.15275	0.1995
0253610912	2010	9	30	273	0.006333333333	0.1476666667	0.1923333333
0253610912	2010	10	1	274	0.01225	0.14225	0.18575
0253610912	2010	10	2	275	0.0065	0.13825	0.179
0253610912	2010	10	3	276	0.01375	0.133	0.17225
0253610912	2010	10	4	277	0.00625	0.12825	0.168
0253610912	2010	10	5	278	0.01075	0.1255	0.1645
0253610912	2010	10	6	279	0.009	0.121	0.161
0253610912	2010	10	7	280	0.01125	0.117	0.1575
0253610912	2010	10	8	281	0.00975	0.1145	0.15375
0253610912	2010	10	9	282	0.00625	0.1125	0.15125
0253610912	2010	10	10	283	0.0155	0.2605	-9999
0253610912	2010	10	11	284	0.02225	0.2345	0.31325
0253610912	2010	10	12	285	0.02275	0.20775	0.269
0253610912	2010	10	13	286	0.01625	0.1925	0.2465
0253610912	2010	10	14	287	0.0175	0.1835	0.22875
0253610912	2010	10	15	288	0.01875	0.174	0.2175
0253610912	2010	10	16	289	0.0235	0.16675	0.21
0253610912	2010	10	17	290	0.02375	0.16425	0.2025
0253610912	2010	10	18	291	0.02575	0.1605	0.197
0253610912	2010	10	19	292	0.0285	0.15725	0.1925
0253610912	2010	10	20	293	0.0195	0.154	0.18525
0253610912	2010	10	21	294	0.02125	0.14875	0.18075
0253610912	2010	10	22	295	0.0235	0.14275	0.17475
0253610912	2010	10	23	296	0.01675	0.14025	0.17275
0253610912	2010	10	24	297	0.0345	0.231	0.26875
0253610912	2010	10	25	298	0.0475	0.23325	0.2965
0253610912	2010	10	26	299	0.04925	0.22	0.271
0253610912	2010	10	27	300	0.0545	0.21775	0.26075
0253610912	2010	10	28	301	0.059	0.2275	0.271
0253610912	2010	10	29	302	0.087	0.2895	-9999
0253610912	2010	10	30	303	0.0825	0.2565	0.31875
0253610912	2010	10	31	304	0.093	0.26575	0.33375
0253610912	2010	11	1	305	0.1005	0.2595	0.3195
0253610912	2010	11	2	306	0.1325	0.2905	-9999
0253610912	2010	11	3	307	0.10225	0.2435	0.30975
0253610912	2010	11	4	308	0.089	0.229	0.28625
0253610912	2010	11	5	309	0.0885	0.21975	0.26825
0253610912	2010	11	6	310	0.0795	0.2105	0.2525
0253610912	2010	11	7	311	0.1195	0.25425	0.3065
0253610912	2010	11	8	312	0.10425	0.24	0.3035
0253610912	2010	11	9	313	0.09625	0.21875	0.27175
0253610912	2010	11	10	314	0.09325	0.211	0.25875
0253610912	2010	11	11	315	0.0925	0.2085	0.25125
0253610912	2010	11	12	316	0.091	0.2035	0.24375
0253610912	2010	11	13	317	0.08975	0.2035	0.24075
0253610912	2010	11	14	318	0.149	0.281	0.3065
0253610912	2010	11	15	319	0.1285	0.25125	0.30025
0253610912	2010	11	16	320	0.1545	0.276	0.33025
0253610912	2010	11	17	321	0.12	0.24025	0.307
0253610912	2010	11	18	322	0.1085	0.2245	0.27575
0253610912	2010	11	19	323	0.108	0.215	0.26075
0253610912	2010	11	20	324	0.1025	0.20925	0.2505
0253610912	2010	11	21	325	0.10375	0.20675	0.24375
0253610912	2010	11	22	326	0.1025	0.1995	0.238
0253610912	2010	11	23	327	0.09925	0.2	0.2385
0253610912	2010	11	24	328	0.09575	0.19975	0.234
0253610912	2010	11	25	329	0.09575	0.19575	0.22975
0253610912	2010	11	26	330	0.0965	0.19225	0.224
0253610912	2010	11	27	331	0.09325	0.196	0.22725
0253610912	2010	11	28	332	0.09575	0.18775	0.22075
0253610912	2010	11	29	333	0.09575	0.194	0.22175
0253610912	2010	11	30	334	0.09375	0.18825	0.21725
0253610912	2010	12	1	335	0.09575	0.189	0.217
0253610912	2010	12	2	336	0.09425	0.191	0.2195
0253610912	2010	12	3	337	0.09525	0.19175	0.21525
0253610912	2010	12	4	338	0.09675	0.188	0.21275
0253610912	2010	12	5	339	0.09675	0.19	0.215
0253610912	2010	12	6	340	0.09075	0.1895	0.21325
0253610912	2010	12	7	341	0.094	0.18775	0.213
0253610912	2010	12	8	342	0.09275	0.19125	0.2165
0253610912	2010	12	9	343	0.09275	0.18475	0.2115
0253610912	2010	12	10	344	0.10125	0.18825	0.2135
0253610912	2010	12	11	345	0.102	0.192	0.21725
0253610912	2010	12	12	346	0.1235	0.21925	0.2785
0253610912	2010	12	13	347	0.197	0.2825	0.33325
0253610912	2010	12	14	348	0.1986666667	0.287	0.3316666667
0253610912	2010	12	15	349	0.1665	0.255	0.3005
0253610912	2010	12	16	350	0.15325	0.23775	0.28525
0253610912	2010	12	17	351	0.14475	0.2335	0.276
0253610912	2010	12	18	352	0.144	0.23075	0.26825
0253610912	2010	12	19	353	0.14175	0.22675	0.26475
0253610912	2010	12	20	354	0.13875	0.228	0.26125
0253610912	2010	12	21	355	0.13625	0.21825	0.256
0253610912	2010	12	22	356	0.1355	0.2185	0.25775
0253610912	2010	12	23	357	0.1345	0.217	0.25075
0253610912	2010	12	24	358	0.1325	0.2175	0.25025
0253610912	2010	12	25	359	0.13025	0.2135	0.24525
0253610912	2010	12	26	360	0.13225	0.21275	0.249
0253610912	2010	12	27	361	0.131	0.2145	0.24425
0253610912	2010	12	28	362	0.1293333333	0.208	0.2413333333
0253610912	2010	12	29	363	0.1415	0.22025	0.247
0253610912	2010	12	30	364	0.13975	0.2235	0.25275
0253610912	2010	12	31	365	0.144	0.21975	0.24775
0253610912	2011	1	1	1	0.14375	0.22075	0.2505
0253610912	2011	1	2	2	0.14425	0.22025	0.2495
0253610912	2011	1	3	3	0.137	0.2235	0.25225
0253610912	2011	1	4	4	0.137	0.2155	0.24675
0253610912	2011	1	5	5	0.136	0.21125	0.24525
0253610912	2011	1	6	6	0.13675	0.217	0.247
0253610912	2011	1	7	7	0.1955	0.2695	0.28875
0253610912	2011	1	8	8	0.188	0.2615	0.289
0253610912	2011	1	9	9	0.168	0.247	0.27825
0253610912	2011	1	10	10	0.16175	0.23825	0.2705
0253610912	2011	1	11	11	0.154	0.234	0.2695
0253610912	2011	1	12	12	0.15175	0.23125	0.26425
0253610912	2011	1	13	13	0.18325	0.2595	0.297
0253610912	2011	1	14	14	0.23475	0.29275	0.33525
0253610912	2011	1	15	15	0.23875	0.3015	0.3385
0253610912	2011	1	16	16	0.2615	-9999	-9999
0253610912	2011	1	17	17	0.25425	-9999	-9999
0253610912	2011	1	18	18	0.20275	0.2705	0.317
0253610912	2011	1	19	19	0.1845	0.2545	0.29675
0253610912	2011	1	20	20	0.17275	0.2435	0.28175
0253610912	2011	1	21	21	0.17	0.23975	0.27425
0253610912	2011	1	22	22	0.17475	0.23775	0.27275
0253610912	2011	1	23	23	0.1735	0.23875	0.27075
0253610912	2011	1	24	24	0.16925	0.23825	0.2655
0253610912	2011	1	25	25	0.18525	0.2445	0.26775
0253610912	2011	1	26	26	0.18425	0.2435	0.273
0253610912	2011	1	27	27	0.1835	0.2465	0.2735
0253610912	2011	1	28	28	0.205	0.259	0.2805
0253610912	2011	1	29	29	0.19775	0.258	0.28775
0253610912	2011	1	30	30	0.187	0.24725	0.28625
0253610912	2011	1	31	31	0.17775	0.24	0.27725
0253610912	2011	2	1	32	0.17075	0.237	0.27125
0253610912	2011	2	2	33	0.1675	0.23225	0.264
0253610912	2011	2	3	34	0.16675	0.22875	0.269
0253610912	2011	2	4	35	0.20675	0.25625	0.28325
0253610912	2011	2	5	36	0.2215	0.27675	0.299
0253610912	2011	2	6	37	0.19775	0.258	0.297
0253610912	2011	2	7	38	0.1825	0.25025	0.2815
0253610912	2011	2	8	39	0.17875	0.24125	0.27875
0253610912	2011	2	9	40	0.17175	0.235	0.26925
0253610912	2011	2	10	41	0.166	0.23	0.266
0253610912	2011	2	11	42	0.16125	0.229	0.2605
0253610912	2011	2	12	43	0.15475	0.22375	0.256
0253610912	2011	2	13	44	0.15375	0.2215	0.2535
0253610912	2011	2	14	45	0.153	0.21675	0.25025
0253610912	2011	2	15	46	0.152	0.219	0.24925
0253610912	2011	2	16	47	0.1505	0.218	0.24975
0253610912	2011	2	17	48	0.149	0.21325	0.247
0253610912	2011	2	18	49	0.14925	0.21575	0.24525
0253610912	2011	2	19	50	0.1455	0.209	0.2415
0253610912	2011	2	20	51	0.14275	0.2065	0.2395
0253610912	2011	2	21	52	0.14075	0.2065	0.2405
0253610912	2011	2	22	53	0.139	0.2055	0.23325
0253610912	2011	2	23	54	0.1385	0.203	0.2315
0253610912	2011	2	24	55	0.1365	0.20075	0.228
0253610912	2011	2	25	56	0.136	0.20025	0.228
0253610912	2011	2	26	57	0.13425	0.19675	0.225
0253610912	2011	2	27	58	0.13225	0.19775	0.22225
0253610912	2011	2	28	59	0.13175	0.1935	0.22275
0253610912	2011	3	1	60	0.13	0.195	0.2195
0253610912	2011	3	2	61	0.12775	0.19175	0.21775
0253610912	2011	3	3	62	0.12775	0.19075	0.219
0253610912	2011	3	4	63	0.1295	0.189	0.21675
0253610912	2011	3	5	64	0.131	0.19025	0.21275
0253610912	2011	3	6	65	0.12725	0.188	0.21225
0253610912	2011	3	7	66	0.1265	0.18675	0.21325
0253610912	2011	3	8	67	0.12725	0.185	0.21375
0253610912	2011	3	9	68	0.12525	0.1855	0.21175
0253610912	2011	3	10	69	0.1295	0.2065	0.271
0253610912	2011	3	11	70	0.1375	0.2125	0.275
0253610912	2011	3	12	71	0.14125	0.2125	0.2655
0253610912	2011	3	13	72	0.1405	0.21	0.2595
0253610912	2011	3	14	73	0.1405	0.209	0.2525
0253610912	2011	3	15	74	0.14025	0.2105	0.2495
0253610912	2011	3	16	75	0.144	0.20575	0.248
0253610912	2011	3	17	76	0.13925	0.20425	0.24675
0253610912	2011	3	18	77	0.141	0.20375	0.2465
0253610912	2011	3	19	78	0.1415	0.20425	0.2445
0253610912	2011	3	20	79	0.1425	0.20175	0.2435
0253610912	2011	3	21	80	0.14025	0.2055	0.239
0253610912	2011	3	22	81	0.14325	0.2045	0.2355
0253610912	2011	3	23	82	0.143	0.20325	0.237
0253610912	2011	3	24	83	0.14075	0.202	0.23625
0253610912	2011	3	25	84	0.142	0.201	0.237
0253610912	2011	3	26	85	0.14175	0.20075	0.23625
0253610912	2011	3	27	86	0.141	0.202	0.2355
0253610912	2011	3	28	87	0.14225	0.1995	0.2315
0253610912	2011	3	29	88	0.14075	0.202	0.2335
0253610912	2011	3	30	89	0.15225	0.211	0.2665
0253610912	2011	3	31	90	0.23075	0.282	0.3125
0253610912	2011	4	1	91	0.2415	0.285	0.309
0253610912	2011	4	2	92	0.2555	0.2945	0.312
0253610912	2011	4	3	93	0.219	0.26625	0.2955
0253610912	2011	4	4	94	0.2015	0.2525	0.282
0253610912	2011	4	5	95	0.19175	0.2415	0.277
0253610912	2011	4	6	96	0.1855	0.23925	0.26825
0253610912	2011	4	7	97	0.17975	0.235	0.26475
0253610912	2011	4	8	98	0.17725	0.23225	0.262
0253610912	2011	4	9	99	0.17625	0.2315	0.25825
0253610912	2011	4	10	100	0.17375	0.228	0.25525
0253610912	2011	4	11	101	0.1725	0.22525	0.2525
0253610912	2011	4	12	102	0.17375	0.2275	0.25075
0253610912	2011	4	13	103	0.1685	0.2265	0.2515
0253610912	2011	4	14	104	0.17225	0.22475	0.2505
0253610912	2011	4	15	105	0.1705	0.224	0.252
0253610912	2011	4	16	106	0.2255	0.25925	0.296
0253610912	2011	4	17	107	0.2385	0.2775	0.3055
0253610912	2011	4	18	108	0.21075	0.255	0.28725
0253610912	2011	4	19	109	0.19675	0.24525	0.28
0253610912	2011	4	20	110	0.19	0.2376666667	0.27
0253610912	2011	4	21	111	0.18575	0.23575	0.26775
0253610912	2011	4	22	112	0.1805	0.23375	0.261
0253610912	2011	4	23	113	0.17975	0.22925	0.26125
0253610912	2011	4	24	114	0.178	0.22775	0.259
0253610912	2011	4	25	115	0.17575	0.23075	0.25575
0253610912	2011	4	26	116	0.177	0.22775	0.257
0253610912	2011	4	27	117	0.174	0.22775	0.25375
0253610912	2011	4	28	118	0.17525	0.22375	0.25125
0253610912	2011	4	29	119	0.17475	0.226	0.25175
0253610912	2011	4	30	120	0.1745	0.223	0.254
0253610912	2011	5	1	121	0.173	0.2225	0.24925
0253610912	2011	5	2	122	0.17325	0.224	0.25
0253610912	2011	5	3	123	0.1745	0.22225	0.25025
0253610912	2011	5	4	124	0.177	0.2245	0.24875
0253610912	2011	5	5	125	0.175	0.22525	0.248
0253610912	2011	5	6	126	0.19925	0.23925	0.25775
0253610912	2011	5	7	127	0.221	0.2535	0.27425
0253610912	2011	5	8	128	0.22025	0.2545	0.27925
0253610912	2011	5	9	129	0.21175	0.254	0.2735
0253610912	2011	5	10	130	0.20525	0.24925	0.27475
0253610912	2011	5	11	131	0.239	0.2713333333	0.2873333333
0253610912	2011	5	12	132	0.2615	0.29175	0.313
0253610912	2011	5	13	133	0.232	0.27175	0.29975
0253610912	2011	5	14	134	0.2255	0.26425	0.29425
0253610912	2011	5	15	135	-9999	0.3085	0.3325
0253610912	2011	5	16	136	0.2605	0.294	0.32325
0253610912	2011	5	17	137	0.22475	0.26925	0.30225
0253610912	2011	5	18	138	0.21275	0.25725	0.29
0253610912	2011	5	19	139	0.22675	0.26525	0.292
0253610912	2011	5	20	140	0.26	0.289	0.311
0253610912	2011	5	21	141	0.2775	0.30225	0.32475
0253610912	2011	5	22	142	0.26975	0.2995	0.3235
0253610912	2011	5	23	143	0.25625	0.288	0.30975
0253610912	2011	5	24	144	0.23825	0.27525	0.303
0253610912	2011	5	25	145	0.26125	0.28825	0.311
0253610912	2011	5	26	146	-9999	0.301	0.32175
0253610912	2011	5	27	147	0.2305	0.2725	0.3055
0253610912	2011	5	28	148	0.21725	0.2565	0.29
0253610912	2011	5	29	149	0.2095	0.251	0.28275
0253610912	2011	5	30	150	0.21125	0.2545	0.2805
0253610912	2011	5	31	151	0.248	0.2785	0.293
0253610912	2011	6	1	152	0.2715	0.29725	0.3115
0253610912	2011	6	2	153	0.2705	0.30275	0.322
0253610912	2011	6	3	154	0.244	0.2825	0.306
0253610912	2011	6	4	155	0.2665	0.29275	0.316
0253610912	2011	6	5	156	-9999	0.3095	0.32675
0253610912	2011	6	6	157	-9999	-9999	0.33375
0253610912	2011	6	7	158	-9999	-9999	0.33775
0253610912	2011	6	8	159	0.26975	0.3075	0.32525
0253610912	2011	6	9	160	0.268	0.30125	0.3145
0253610912	2011	6	10	161	-9999	-9999	0.32475
0253610912	2011	6	11	162	-9999	-9999	0.32925
0253610912	2011	6	12	163	0.281	0.3145	0.325
0253610912	2011	6	13	164	-9999	-9999	0.32925
0253610912	2011	6	14	165	-9999	-9999	0.33025
0253610912	2011	6	15	166	0.262	0.3045	0.3195
0253610912	2011	6	16	167	0.23475	0.28275	0.30475
0253610912	2011	6	17	168	0.22475	0.2715	0.29925
0253610912	2011	6	18	169	0.216	0.26925	0.29675
0253610912	2011	6	19	170	0.2055	0.25925	0.292
0253610912	2011	6	20	171	0.19725	0.2515	0.28275
0253610912	2011	6	21	172	0.1875	0.24075	0.27075
0253610912	2011	6	22	173	0.18175	0.235	0.264
0253610912	2011	6	23	174	0.173	0.22875	0.25875
0253610912	2011	6	24	175	0.16625	0.2245	0.2515
0253610912	2011	6	25	176	0.16375	0.21825	0.24525
0253610912	2011	6	26	177	0.16075	0.2145	0.239
0253610912	2011	6	27	178	0.1595	0.21075	0.2355
0253610912	2011	6	28	179	0.15375	0.2085	0.231
0253610912	2011	6	29	180	0.153	0.204	0.22375
0253610912	2011	6	30	181	0.1495	0.20025	0.221
0253610912	2011	7	1	182	0.1505	0.19875	0.21925
0253610912	2011	7	2	183	0.14525	0.19625	0.2155
0253610912	2011	7	3	184	0.14325	0.193	0.21175
0253610912	2011	7	4	185	0.138	0.18725	0.20575
0253610912	2011	7	5	186	0.137	0.185	0.20375
0253610912	2011	7	6	187	0.13375	0.18075	0.1975
0253610912	2011	7	7	188	0.1305	0.17625	0.19425
0253610912	2011	7	8	189	0.123	0.17075	0.1895
0253610912	2011	7	9	190	0.119	0.16525	0.18425
0253610912	2011	7	10	191	0.119	0.162	0.18075
0253610912	2011	7	11	192	0.1105	0.16	0.17775
0253610912	2011	7	12	193	0.1086666667	0.1536666667	0.1746666667
0253610912	2011	7	13	194	0.103	0.151	0.171
0253610912	2011	7	14	195	0.10275	0.14725	0.16925
0253610912	2011	7	15	196	0.09775	0.14725	0.167
0253610912	2011	7	16	197	0.0975	0.14025	0.165
0253610912	2011	7	17	198	0.09475	0.138	0.1605
0253610912	2011	7	18	199	0.0925	0.133	0.15875
0253610912	2011	7	19	200	0.08525	0.1295	0.1555
0253610912	2011	7	20	201	0.084	0.12775	0.15475
0253610912	2011	7	21	202	0.081	0.126	0.1535
0253610912	2011	7	22	203	0.0785	0.12325	0.152
0253610912	2011	7	23	204	0.0745	0.1205	0.14875
0253610912	2011	7	24	205	0.076	0.1155	0.1465
0253610912	2011	7	25	206	0.068	0.11075	0.14375
0253610912	2011	7	26	207	0.06725	0.10675	0.14025
0253610912	2011	7	27	208	0.067	0.10375	0.13725
0253610912	2011	7	28	209	0.064	0.09925	0.1345
0253610912	2011	7	29	210	0.0595	0.09575	0.13225
0253610912	2011	7	30	211	0.06075	0.09425	0.13075
0253610912	2011	7	31	212	0.05425	0.0875	0.12675
0253610912	2011	8	1	213	0.05375	0.0845	0.12175
0253610912	2011	8	2	214	0.04825	0.08025	0.12125
0253610912	2011	8	3	215	0.04025	0.078	0.11675
0253610912	2011	8	4	216	0.0345	0.07325	0.113
0253610912	2011	8	5	217	0.03175	0.07175	0.11
0253610912	2011	8	6	218	0.02475	0.068	0.108
0253610912	2011	8	7	219	0.02025	0.06675	0.10425
0253610912	2011	8	8	220	0.01066666667	0.063	0.102
0253610912	2011	8	9	221	0.00775	0.06	0.10075
0253610912	2011	8	10	222	0.00025	0.0585	0.09475
0253610912	2011	8	11	223	-9999	0.05575	0.09225
0253610912	2011	8	12	224	0.00075	0.0525	0.08875
0253610912	2011	8	13	225	-9999	0.05	0.0885
0253610912	2011	8	14	226	-9999	0.04775	0.08425
0253610912	2011	8	15	227	-9999	0.0465	0.08175
0253610912	2011	8	16	228	-9999	0.04275	0.079
0253610912	2011	8	17	229	-9999	0.04325	0.07675
0253610912	2011	8	18	230	-9999	0.03825	0.077
0253610912	2011	8	19	231	-9999	0.03775	0.07225
0253610912	2011	8	20	232	-9999	0.0355	0.06925
0253610912	2011	8	21	233	-9999	0.034	0.067
0253610912	2011	8	22	234	-9999	0.03075	0.066
0253610912	2011	8	23	235	-9999	0.028	0.06475
0253610912	2011	8	24	236	-9999	0.02575	0.06275
0253610912	2011	8	25	237	-9999	0.025	0.06175
0253610912	2011	8	26	238	-9999	0.02325	0.0605
0253610912	2011	8	27	239	-9999	0.02075	0.05775
0253610912	2011	8	28	240	-9999	0.0205	0.05475
0253610912	2011	8	29	241	-9999	0.01875	0.05375
0253610912	2011	8	30	242	-9999	0.0155	0.05175
0253610912	2011	8	31	243	-9999	0.0135	0.04975
0253610912	2011	9	1	244	-9999	0.01	0.04933333333
0253610912	2011	9	2	245	-9999	0.0115	0.0465
0253610912	2011	9	3	246	-9999	0.01	0.04575
0253610912	2011	9	4	247	-9999	0.01	0.04225
0253610912	2011	9	5	248	-9999	0.0095	0.043
0253610912	2011	9	6	249	-9999	0.01025	0.03925
0253610912	2011	9	7	250	-9999	0.0095	0.041
0253610912	2011	9	8	251	-9999	0.007	0.03925
0253610912	2011	9	9	252	-9999	0.0065	0.038
0253610912	2011	9	10	253	-9999	0.005	0.0375
0253610912	2011	9	11	254	-9999	0.004	0.03475
0253610912	2011	9	12	255	-9999	0.00325	0.03125
0253610912	2011	9	13	256	-9999	0.003	0.02925
0253610912	2011	9	14	257	-9999	0.0025	0.028
0253610912	2011	9	15	258	-9999	0.00175	0.02375
0253610912	2011	9	16	259	-9999	-9999	0.028
0253610912	2011	9	17	260	-9999	0.00025	0.02275
0253610912	2011	9	18	261	-9999	-9999	0.02525
0253610912	2011	9	19	262	-9999	-9999	0.02625
0253610912	2011	9	20	263	-9999	0.00025	0.027
0253610912	2011	9	21	264	-9999	-9999	0.0215
0253610912	2011	9	22	265	-9999	0.0005	0.022
0253610912	2011	9	23	266	-9999	0.0015	0.02225
0253610912	2011	9	24	267	-9999	0.001	0.02175
0253610912	2011	9	25	268	-9999	0.0015	0.0195
0253610912	2011	9	26	269	-9999	0.00075	0.01875
0253610912	2011	9	27	270	-9999	-9999	0.017
0253610912	2011	9	28	271	-9999	0.00025	0.0185
0253610912	2011	9	29	272	-9999	-9999	0.0185
0253610912	2011	9	30	273	-9999	-9999	0.0195
0253610912	2011	10	1	274	-9999	0.00025	0.01725
0253610912	2011	10	2	275	-9999	0.0005	0.02
0253610912	2011	10	3	276	-9999	0.00075	0.0155
0253610912	2011	10	4	277	-9999	0.00075	0.01875
0253610912	2011	10	5	278	-9999	0.0005	0.0175
0253610912	2011	10	6	279	-9999	-9999	-9999
0253610912	2011	10	7	280	-9999	-9999	0.0155
0253610912	2011	10	8	281	-9999	-9999	0.0175
0253610912	2011	10	9	282	-9999	-9999	0.015
0253610912	2011	10	10	283	-9999	-9999	0.01675
0253610912	2011	10	11	284	-9999	-9999	0.01725
0253610912	2011	10	12	285	-9999	0.001	0.0185
0253610912	2011	10	13	286	-9999	0.0035	0.017
0253610912	2011	10	14	287	-9999	0.00225	0.01825
0253610912	2011	10	15	288	-9999	0.006	0.01775
0253610912	2011	10	16	289	-9999	0.011	0.0185
0253610912	2011	10	17	290	-9999	0.01375	0.01925
0253610912	2011	10	18	291	-9999	0.02075	0.019
0253610912	2011	10	19	292	-9999	0.025	0.01875
0253610912	2011	10	20	293	-9999	0.02825	0.0185
0253610912	2011	10	21	294	-9999	0.03	0.0195
0253610912	2011	10	22	295	-9999	0.0315	0.0195
0253610912	2011	10	23	296	0.00475	0.05725	0.02125
0253610912	2011	10	24	297	0.0085	0.09075	0.0455
0253610912	2011	10	25	298	0.00875	0.09125	0.08275
0253610912	2011	10	26	299	0.01	0.091	0.105
0253610912	2011	10	27	300	0.00675	0.088	0.11275
0253610912	2011	10	28	301	0.0065	0.08775	0.11525
0253610912	2011	10	29	302	0.0175	0.11125	0.12275
0253610912	2011	10	30	303	0.0305	0.141	0.12775
0253610912	2011	10	31	304	0.047	0.1995	0.21325
0253610912	2011	11	1	305	0.03675	0.16725	0.2045
0253610912	2011	11	2	306	0.0315	0.15925	0.19775
0253610912	2011	11	3	307	0.033	0.151	0.1905
0253610912	2011	11	4	308	0.0305	0.14475	0.1905
0253610912	2011	11	5	309	0.03025	0.14275	0.18425
0253610912	2011	11	6	310	0.03	0.13825	0.185
0253610912	2011	11	7	311	0.02975	0.1305	0.181
0253610912	2011	11	8	312	0.0285	0.13175	0.1805
0253610912	2011	11	9	313	0.03025	0.1305	0.1785
0253610912	2011	11	10	314	0.03025	0.13525	0.17475
0253610912	2011	11	11	315	0.029	0.13725	0.17625
0253610912	2011	11	12	316	0.031	0.13625	0.1765
0253610912	2011	11	13	317	0.02775	0.135	0.17175
0253610912	2011	11	14	318	0.03375	0.137	0.17375
0253610912	2011	11	15	319	0.032	0.13325	0.173
0253610912	2011	11	16	320	0.0315	0.13375	0.16875
0253610912	2011	11	17	321	0.029	0.136	0.1725
0253610912	2011	11	18	322	0.04425	0.153	0.1805
0253610912	2011	11	19	323	0.04425	0.154	0.1825
0253610912	2011	11	20	324	0.0435	0.1505	0.18225
0253610912	2011	11	21	325	0.03875	0.1475	0.18425
0253610912	2011	11	22	326	0.04075	0.1485	0.1815
0253610912	2011	11	23	327	0.044	0.15	0.19525
0253610912	2011	11	24	328	0.05	0.15975	0.197
0253610912	2011	11	25	329	0.05275	0.1665	0.19675
0253610912	2011	11	26	330	0.05725	0.1695	0.1935
0253610912	2011	11	27	331	0.05725	0.167	0.1955
0253610912	2011	11	28	332	0.055	0.16975	0.19325
0253610912	2011	11	29	333	0.0645	0.17	0.197
0253610912	2011	11	30	334	0.0645	0.1725	0.1945
0253610912	2011	12	1	335	0.0635	0.17125	0.19325
0253610912	2011	12	2	336	0.06575	0.1695	0.19375
0253610912	2011	12	3	337	0.06175	0.17075	0.19
0253610912	2011	12	4	338	0.0645	0.165	0.1935
0253610912	2011	12	5	339	0.05825	0.1655	0.191
0253610912	2011	12	6	340	0.059	0.161	0.1915
0253610912	2011	12	7	341	0.0685	0.17225	0.1925
0253610912	2011	12	8	342	0.113	0.24825	0.21325
0253610912	2011	12	9	343	0.11425	0.24675	0.236
0253610912	2011	12	10	344	0.11725	0.244	0.23875
0253610912	2011	12	11	345	0.1155	0.237	0.23725
0253610912	2011	12	12	346	0.0975	0.216	0.2295
0253610912	2011	12	13	347	0.09125	0.19325	0.216
0253610912	2011	12	14	348	0.08	0.185	0.2073333333
0253610912	2011	12	15	349	0.081	0.17725	0.20225
0253610912	2011	12	16	350	0.07425	0.172	0.1985
0253610912	2011	12	17	351	0.07725	0.17925	0.19725
0253610912	2011	12	18	352	0.1345	0.26625	0.261
0253610912	2011	12	19	353	0.1445	0.26775	0.29525
0253610912	2011	12	20	354	0.13375	0.2455	0.2765
0253610912	2011	12	21	355	0.12975	0.24	0.2685
0253610912	2011	12	22	356	0.1155	0.2235	0.25775
0253610912	2011	12	23	357	0.10175	0.2045	0.23925
0253610912	2011	12	24	358	0.09975	0.1965	0.227
0253610912	2011	12	25	359	0.093	0.1905	0.22125
0253610912	2011	12	26	360	0.08525	0.18525	0.21725
0253610912	2011	12	27	361	0.093	0.18225	0.21425
0253610912	2011	12	28	362	0.146	0.2665	0.30025
0253610912	2011	12	29	363	0.1755	0.28375	0.326
0253610912	2011	12	30	364	0.1705	0.2805	0.317
0253610912	2011	12	31	365	0.14475	0.242	0.28575
0253610912	2012	1	1	1	0.12875	0.22275	0.26725
0253610912	2012	1	2	2	0.1205	0.21	0.25475
0253610912	2012	1	3	3	0.118	0.2163333333	0.2463333333
0253610912	2012	1	4	4	0.15825	0.2645	0.30025
0253610912	2012	1	5	5	0.167	0.2705	0.29625
0253610912	2012	1	6	6	0.1425	0.23775	0.27875
0253610912	2012	1	7	7	0.1265	0.2225	0.26225
0253610912	2012	1	8	8	0.11975	0.205	0.2475
0253610912	2012	1	9	9	0.116	0.20375	0.242
0253610912	2012	1	10	10	0.1125	0.19925	0.2355
0253610912	2012	1	11	11	0.109	0.19325	0.23325
0253610912	2012	1	12	12	0.1055	0.194	0.2305
0253610912	2012	1	13	13	0.09675	0.189	0.22475
0253610912	2012	1	14	14	0.0975	0.185	0.221
0253610912	2012	1	15	15	0.09525	0.18275	0.218
0253610912	2012	1	16	16	0.055	0.1785	0.2135
0253610912	2012	1	17	17	0.028	0.17375	0.21275
0253610912	2012	1	18	18	0.03075	0.161	0.20925
0253610912	2012	1	19	19	0.0225	0.16025	0.2005
0253610912	2012	1	20	20	0.02075	0.1615	0.20375
0253610912	2012	1	21	21	0.035	0.15575	0.20025
0253610912	2012	1	22	22	0.04275	0.16075	0.1995
0253610912	2012	1	23	23	0.04925	0.16025	0.1985
0253610912	2012	1	24	24	0.058	0.16125	0.1975
0253610912	2012	1	25	25	0.08675	0.22725	0.2205
0253610912	2012	1	26	26	0.13525	0.232	0.24375
0253610912	2012	1	27	27	0.136	0.21525	0.23825
0253610912	2012	1	28	28	0.13275	0.2125	0.2385
0253610912	2012	1	29	29	0.131	0.21	0.23225
0253610912	2012	1	30	30	0.1545	0.22475	0.23925
0253610912	2012	1	31	31	0.15575	0.226	0.2445
0253610912	2012	2	1	32	0.14875	0.222	0.2405
0253610912	2012	2	2	33	0.1465	0.2145	0.237
0253610912	2012	2	3	34	0.14375	0.2115	0.2355
0253610912	2012	2	4	35	0.13875	0.208	0.2305
0253610912	2012	2	5	36	0.13525	0.2055	0.23
0253610912	2012	2	6	37	0.1325	0.20525	0.23125
0253610912	2012	2	7	38	0.12975	0.20125	0.22925
0253610912	2012	2	8	39	0.12975	0.1995	0.22575
0253610912	2012	2	9	40	0.15175	0.21925	0.2315
0253610912	2012	2	10	41	0.184	0.2445	0.244
0253610912	2012	2	11	42	0.193	0.2495	0.253
0253610912	2012	2	12	43	0.18975	0.25075	0.261
0253610912	2012	2	13	44	0.17375	0.23775	0.2575
0253610912	2012	2	14	45	0.1685	0.22875	0.24775
0253610912	2012	2	15	46	0.1625	0.225	0.24275
0253610912	2012	2	16	47	0.15525	0.2225	0.242
0253610912	2012	2	17	48	0.15825	0.2185	0.23775
0253610912	2012	2	18	49	0.15225	0.213	0.23725
0253610912	2012	2	19	50	0.14475	0.21025	0.234
0253610912	2012	2	20	51	0.13875	0.20475	0.231
0253610912	2012	2	21	52	0.153	0.24025	0.26475
0253610912	2012	2	22	53	0.212	0.2965	0.3385
0253610912	2012	2	23	54	0.187	0.2585	0.30525
0253610912	2012	2	24	55	0.17275	0.24275	0.2855
0253610912	2012	2	25	56	0.16675	0.23775	0.277
0253610912	2012	2	26	57	0.16025	0.22575	0.26375
0253610912	2012	2	27	58	0.15625	0.2265	0.2575
0253610912	2012	2	28	59	0.15775	0.22125	0.2565
0253610912	2012	2	29	60	0.15125	0.2165	0.253
0253610912	2012	3	1	61	0.1485	0.21175	0.2465
0253610912	2012	3	2	62	0.147	0.209	0.24075
0253610912	2012	3	3	63	0.13875	0.207	0.23825
0253610912	2012	3	4	64	0.13525	0.2025	0.23325
0253610912	2012	3	5	65	0.1915	0.27825	0.324
0253610912	2012	3	6	66	0.17025	0.2385	0.2835
0253610912	2012	3	7	67	0.161	0.22625	0.26725
0253610912	2012	3	8	68	0.15425	0.224	0.2595
0253610912	2012	3	9	69	0.1495	0.218	0.2515
0253610912	2012	3	10	70	0.1545	0.221	0.2545
0253610912	2012	3	11	71	0.152	0.21925	0.253
0253610912	2012	3	12	72	0.1535	0.21975	0.2495
0253610912	2012	3	13	73	0.15025	0.21675	0.24525
0253610912	2012	3	14	74	0.1495	0.213	0.245
0253610912	2012	3	15	75	0.1785	0.25175	0.27825
0253610912	2012	3	16	76	0.23175	0.30125	0.34
0253610912	2012	3	17	77	0.193	0.25525	0.30525
0253610912	2012	3	18	78	0.181	0.2435	0.2885
0253610912	2012	3	19	79	0.17425	0.2365	0.2785
0253610912	2012	3	20	80	0.16575	0.23325	0.273
0253610912	2012	3	21	81	0.166	0.22725	0.2655
0253610912	2012	3	22	82	0.15875	0.225	0.263
0253610912	2012	3	23	83	0.1595	0.22275	0.25575
0253610912	2012	3	24	84	0.15775	0.22075	0.25425
0253610912	2012	3	25	85	0.1575	0.22025	0.25
0253610912	2012	3	26	86	0.1725	0.24325	0.2665
0253610912	2012	3	27	87	0.1765	0.24	0.268
0253610912	2012	3	28	88	0.17275	0.235	0.2635
0253610912	2012	3	29	89	0.17775	0.2395	0.269
0253610912	2012	3	30	90	-9999	-9999	-9999
0253610912	2012	3	31	91	0.23625	0.283	0.33725
0253610912	2012	4	1	92	0.208	0.25575	0.3075
0253610912	2012	4	2	93	0.193	0.25175	0.2955
0253610912	2012	4	3	94	0.1895	0.24325	0.28675
0253610912	2012	4	4	95	0.18725	0.24325	0.2815
0253610912	2012	4	5	96	0.18075	0.23575	0.27625
0253610912	2012	4	6	97	0.17975	0.237	0.27375
0253610912	2012	4	7	98	0.17625	0.23475	0.26975
0253610912	2012	4	8	99	0.1735	0.233	0.26375
0253610912	2012	4	9	100	0.1725	0.23125	0.2615
0253610912	2012	4	10	101	0.1675	0.224	0.25825
0253610912	2012	4	11	102	0.17475	0.231	0.26225
0253610912	2012	4	12	103	0.21325	0.2515	0.277
0253610912	2012	4	13	104	0.21325	0.255	0.282
0253610912	2012	4	14	105	0.2	0.2515	0.28125
0253610912	2012	4	15	106	0.19175	0.245	0.278
0253610912	2012	4	16	107	0.196	0.248	0.2795
0253610912	2012	4	17	108	0.25075	0.27925	0.29875
0253610912	2012	4	18	109	0.218	0.268	0.298
0253610912	2012	4	19	110	0.2076666667	0.2536666667	0.2873333333
0253610912	2012	4	20	111	0.27575	0.3155	0.34075
0253610912	2012	4	21	112	0.2685	0.3085	0.348
0253610912	2012	4	22	113	0.2635	0.2995	0.34175
0253610912	2012	4	23	114	0.28	0.30825	0.352
0253610912	2012	4	24	115	-9999	-9999	-9999
0253610912	2012	4	25	116	0.28325	0.31475	0.3545
0253610912	2012	4	26	117	-9999	0.30475	0.348
0253610912	2012	4	27	118	0.23525	0.28	0.3225
0253610912	2012	4	28	119	0.2065	0.257	0.30475
0253610912	2012	4	29	120	0.2055	0.25225	0.29425
0253610912	2012	4	30	121	0.27675	0.2895	0.32375
0253610912	2012	5	1	122	0.25425	0.28375	0.33025
0253610912	2012	5	2	123	0.21575	0.25625	0.306
0253610912	2012	5	3	124	0.2005	0.2505	0.29025
0253610912	2012	5	4	125	0.25575	0.27875	0.3035
0253610912	2012	5	5	126	0.21575	0.2595	0.2965
0253610912	2012	5	6	127	0.19725	0.24775	0.28675
0253610912	2012	5	7	128	0.1955	0.2405	0.2825
0253610912	2012	5	8	129	0.23675	0.26875	0.29775
0253610912	2012	5	9	130	0.26575	0.29325	0.32825
0253610912	2012	5	10	131	0.219	0.264	0.30575
0253610912	2012	5	11	132	0.208	0.25825	0.298
0253610912	2012	5	12	133	0.20275	0.24825	0.28925
0253610912	2012	5	13	134	0.2265	0.26175	0.302
0253610912	2012	5	14	135	0.262	0.288	0.31875
0253610912	2012	5	15	136	0.27225	0.299	0.33175
0253610912	2012	5	16	137	0.2665	0.29875	0.33275
0253610912	2012	5	17	138	0.25375	0.28875	0.32325
0253610912	2012	5	18	139	0.2345	0.275	0.3135
0253610912	2012	5	19	140	0.22975	0.26875	0.30775
0253610912	2012	5	20	141	0.24625	0.27975	0.3095
0253610912	2012	5	21	142	0.26525	0.288	0.3205
0253610912	2012	5	22	143	0.2835	0.30975	0.329
0253610912	2012	5	23	144	-9999	0.3005	0.331
0253610912	2012	5	24	145	0.251	0.28125	0.32125
0253610912	2012	5	25	146	0.22175	0.269	0.30425
0253610912	2012	5	26	147	0.232	0.27575	0.308
0253610912	2012	5	27	148	0.228	0.2736666667	0.305
0253610912	2012	5	28	149	0.21275	0.25975	0.30075
0253610912	2012	5	29	150	0.195	0.248	0.28775
0253610912	2012	5	30	151	0.18225	0.2375	0.2765
0253610912	2012	5	31	152	0.176	0.2315	0.2685
0253610912	2012	6	1	153	0.178	0.2295	0.26475
0253610912	2012	6	2	154	0.168	0.22675	0.26075
0253610912	2012	6	3	155	0.16825	0.22075	0.25425
0253610912	2012	6	4	156	0.199	0.25325	0.28375
0253610912	2012	6	5	157	0.25875	0.30925	0.3465
0253610912	2012	6	6	158	0.24725	0.29725	0.32675
0253610912	2012	6	7	159	0.2155	0.26575	0.303
0253610912	2012	6	8	160	0.23175	0.2765	0.30175
0253610912	2012	6	9	161	0.1965	0.248	0.2835
0253610912	2012	6	10	162	0.1845	0.24225	0.2735
0253610912	2012	6	11	163	0.17675	0.2325	0.261
0253610912	2012	6	12	164	0.16975	0.22475	0.25125
0253610912	2012	6	13	165	0.1685	0.2195	0.2415
0253610912	2012	6	14	166	0.15775	0.21325	0.23575
0253610912	2012	6	15	167	0.152	0.20625	0.22775
0253610912	2012	6	16	168	0.15125	0.2035	0.22
0253610912	2012	6	17	169	0.146	0.19925	0.21525
0253610912	2012	6	18	170	0.144	0.1935	0.2125
0253610912	2012	6	19	171	0.14025	0.19075	0.20675
0253610912	2012	6	20	172	0.13975	0.18975	0.20275
0253610912	2012	6	21	173	0.13725	0.1865	0.2005
0253610912	2012	6	22	174	0.1335	0.182	0.198
0253610912	2012	6	23	175	0.12875	0.18025	0.1925
0253610912	2012	6	24	176	0.12725	0.17875	0.19075
0253610912	2012	6	25	177	0.12625	0.17525	0.1845
0253610912	2012	6	26	178	0.1245	0.1725	0.18025
0253610912	2012	6	27	179	0.12225	0.16975	0.181
0253610912	2012	6	28	180	0.12275	0.16825	0.17875
0253610912	2012	6	29	181	0.121	0.164	0.174
0253610912	2012	6	30	182	0.12375	0.16075	0.1715
0253610912	2012	7	1	183	0.1195	0.1595	0.1685
0253610912	2012	7	2	184	0.1155	0.15425	0.16125
0253610912	2012	7	3	185	0.10975	0.1495	0.15975
0253610912	2012	7	4	186	0.10875	0.14575	0.1565
0253610912	2012	7	5	187	0.1075	0.144	0.155
0253610912	2012	7	6	188	0.1065	0.14	0.14975
0253610912	2012	7	7	189	0.10275	0.13225	0.14675
0253610912	2012	7	8	190	0.1036666667	0.1293333333	0.1426666667
0253610912	2012	7	9	191	0.09875	0.1215	0.13825
0253610912	2012	7	10	192	0.0985	0.111	0.13325
0253610912	2012	7	11	193	0.09775	0.105	0.1265
0253610912	2012	7	12	194	0.09175	0.09525	0.119
0253610912	2012	7	13	195	0.0875	0.09275	0.117
0253610912	2012	7	14	196	0.085	0.0845	0.10925
0253610912	2012	7	15	197	0.078	0.07875	0.1075
0253610912	2012	7	16	198	0.0775	0.0745	0.10175
0253610912	2012	7	17	199	0.0685	0.07325	0.099
0253610912	2012	7	18	200	0.06625	0.0685	0.0925
0253610912	2012	7	19	201	0.065	0.0675	0.091
0253610912	2012	7	20	202	0.0545	0.05925	0.0865
0253610912	2012	7	21	203	0.056	0.05675	0.08375
0253610912	2012	7	22	204	0.04825	0.05575	0.0805
0253610912	2012	7	23	205	0.04175	0.05225	0.07625
0253610912	2012	7	24	206	0.03625	0.051	0.0735
0253610912	2012	7	25	207	0.037	0.0485	0.07275
0253610912	2012	7	26	208	0.03	0.04475	0.067
0253610912	2012	7	27	209	0.019	0.04175	0.0665
0253610912	2012	7	28	210	0.00875	0.0425	0.0595
0253610912	2012	7	29	211	0.0075	0.03975	0.05925
0253610912	2012	7	30	212	0.00575	0.036	0.05625
0253610912	2012	7	31	213	0.0005	0.03375	0.05175
0253610912	2012	8	1	214	-9999	0.034	0.051
0253610912	2012	8	2	215	-9999	0.0335	0.0485
0253610912	2012	8	3	216	-9999	0.03075	0.046
0253610912	2012	8	4	217	-9999	0.02825	0.044
0253610912	2012	8	5	218	-9999	0.02425	0.04475
0253610912	2012	8	6	219	-9999	0.02325	0.0385
0253610912	2012	8	7	220	-9999	0.02425	0.03725
0253610912	2012	8	8	221	-9999	0.0195	0.0355
0253610912	2012	8	9	222	-9999	0.01675	0.036
0253610912	2012	8	10	223	-9999	0.017	0.0315
0253610912	2012	8	11	224	-9999	0.01375	0.03
0253610912	2012	8	12	225	-9999	0.011	0.02775
0253610912	2012	8	13	226	-9999	0.014	0.0285
0253610912	2012	8	14	227	-9999	0.008	0.02775
0253610912	2012	8	15	228	-9999	0.00725	0.027
0253610912	2012	8	16	229	-9999	0.00625	0.0265
0253610912	2012	8	17	230	-9999	0.007	0.01925
0253610912	2012	8	18	231	-9999	0.00525	0.02025
0253610912	2012	8	19	232	-9999	0.00675	0.01925
0253610912	2012	8	20	233	-9999	0.00075	0.02
0253610912	2012	8	21	234	-9999	0.00175	0.02
0253610912	2012	8	22	235	-9999	0.0025	0.01575
0253610912	2012	8	23	236	-9999	0.0005	0.016
0253610912	2012	8	24	237	-9999	-9999	0.01625
0253610912	2012	8	25	238	-9999	0.00075	0.01325
0253610912	2012	8	26	239	-9999	-9999	0.01325
0253610912	2012	8	27	240	-9999	0.0006666666667	0.01333333333
0253610912	2012	8	28	241	-9999	-9999	0.01275
0253610912	2012	8	29	242	-9999	-9999	0.013
0253610912	2012	8	30	243	-9999	-9999	0.00875
0253610912	2012	8	31	244	-9999	-9999	0.011
0253610912	2012	9	1	245	-9999	-9999	0.00575
0253610912	2012	9	2	246	-9999	-9999	0.01325
0253610912	2012	9	3	247	-9999	-9999	0.005
0253610912	2012	9	4	248	-9999	-9999	0.01425
0253610912	2012	9	5	249	-9999	-9999	0.008
0253610912	2012	9	6	250	-9999	0.00025	0.00875
0253610912	2012	9	7	251	-9999	-9999	0.0075
0253610912	2012	9	8	252	-9999	-9999	0.005666666667
0253610912	2012	9	9	253	-9999	-9999	0.00825
0253610912	2012	9	10	254	-9999	-9999	0.00375
0253610912	2012	9	11	255	-9999	-9999	0.00525
0253610912	2012	9	12	256	-9999	-9999	0.005666666667
0253610912	2012	9	13	257	-9999	-9999	0.0085
0253610912	2012	9	14	258	-9999	-9999	0.005333333333
0253610912	2012	9	15	259	-9999	-9999	0.005666666667
0253610912	2012	9	16	260	-9999	-9999	0.00325
0253610912	2012	9	17	261	-9999	-9999	0.00275
0253610912	2012	9	18	262	-9999	-9999	0.001
0253610912	2012	9	19	263	-9999	-9999	0.008
0253610912	2012	9	20	264	-9999	-9999	0.0045
0253610912	2012	9	21	265	-9999	-9999	0.001
0253610912	2012	9	22	266	-9999	-9999	0.0005
0253610912	2012	9	23	267	-9999	-9999	0.005666666667
0253610912	2012	9	24	268	-9999	-9999	0.002333333333
0253610912	2012	9	25	269	-9999	-9999	0.003666666667
0253610912	2012	9	26	270	-9999	-9999	0.001333333333
0253610912	2012	9	27	271	-9999	-9999	0.002
0253610912	2012	9	28	272	-9999	-9999	0.002
0253610912	2012	9	29	273	-9999	-9999	0.00075
0253610912	2012	9	30	274	-9999	-9999	0.00025
0253610912	2012	10	1	275	-9999	-9999	0.00125
0253610912	2012	10	2	276	-9999	-9999	0.001
0253610912	2012	10	3	277	-9999	-9999	-9999
0253610912	2012	10	4	278	-9999	-9999	0.00375
0253610912	2012	10	5	279	-9999	-9999	0.0003333333333
0253610912	2012	10	6	280	-9999	-9999	-9999
0253610912	2012	10	7	281	-9999	-9999	-9999
0253610912	2012	10	8	282	-9999	-9999	-9999
0253610912	2012	10	9	283	-9999	-9999	-9999
0253610912	2012	10	10	284	-9999	-9999	0.0015
0253610912	2012	10	11	285	-9999	-9999	0.00025
0253610912	2012	10	12	286	-9999	-9999	-9999
0253610912	2012	10	13	287	-9999	-9999	0.00025
0253610912	2012	10	14	288	-9999	-9999	-9999
0253610912	2012	10	15	289	-9999	0.01975	-9999
0253610912	2012	10	16	290	-9999	0.1295	0.14325
0253610912	2012	10	17	291	-9999	0.13975	0.20025
0253610912	2012	10	18	292	-9999	0.13575	0.1925
0253610912	2012	10	19	293	-9999	0.13625	0.18625
0253610912	2012	10	20	294	-9999	0.189	0.209
0253610912	2012	10	21	295	-9999	0.15825	0.2005
0253610912	2012	10	22	296	-9999	0.14775	0.1955
0253610912	2012	10	23	297	-9999	0.14425	0.19125
0253610912	2012	10	24	298	-9999	0.14075	0.189
0253610912	2012	10	25	299	-9999	0.14225	0.18425
0253610912	2012	10	26	300	0.00025	0.1415	0.18775
0253610912	2012	10	27	301	0.0045	0.21575	0.23575
0253610912	2012	10	28	302	0.02175	0.25425	0.305
0253610912	2012	10	29	303	0.06175	0.2965	0.327
0253610912	2012	10	30	304	0.0695	0.25875	0.29325
0253610912	2012	10	31	305	0.07625	0.25025	0.29375
0253610912	2012	11	1	306	0.07075	0.242	0.2745
0253610912	2012	11	2	307	0.097	0.2695	0.3005
0253610912	2012	11	3	308	0.091	0.24475	0.2755
0253610912	2012	11	4	309	0.1335	0.29675	0.30575
0253610912	2012	11	5	310	0.14725	0.2905	0.306
0253610912	2012	11	6	311	0.11525	0.23925	0.2785
0253610912	2012	11	7	312	0.09625	0.212	0.25425
0253610912	2012	11	8	313	0.09	0.2005	0.24175
0253610912	2012	11	9	314	0.08475	0.193	0.23525
0253610912	2012	11	10	315	0.08275	0.18925	0.229
0253610912	2012	11	11	316	0.079	0.183	0.22225
0253610912	2012	11	12	317	0.07725	0.18	0.21725
0253610912	2012	11	13	318	0.10725	0.2065	0.2345
0253610912	2012	11	14	319	0.1375	0.24225	0.25425
0253610912	2012	11	15	320	0.14975	0.24975	0.26225
0253610912	2012	11	16	321	0.12275	0.22925	0.24975
0253610912	2012	11	17	322	0.13525	0.225	0.249
0253610912	2012	11	18	323	0.148	0.23925	0.252
0253610912	2012	11	19	324	0.1315	0.22525	0.24775
0253610912	2012	11	20	325	0.17225	0.27625	0.29275
0253610912	2012	11	21	326	0.1645	0.2635	0.289
0253610912	2012	11	22	327	0.145	0.237	0.271
0253610912	2012	11	23	328	0.136	0.2285	0.26125
0253610912	2012	11	24	329	0.17075	0.25725	0.28525
0253610912	2012	11	25	330	0.157	0.24825	0.28325
0253610912	2012	11	26	331	0.142	0.2304	0.2638
0253610912	2012	11	27	332	0.131125	0.22	0.252375
0253610912	2012	11	28	333	0.1282857143	0.2174285714	0.2488571429
0253610912	2012	11	29	334	0.126	0.20925	0.24225
0253610912	2012	11	30	335	0.13	0.212	0.24175
0253610912	2012	12	1	336	0.17025	0.24625	0.2685
0253610912	2012	12	2	337	0.1635	0.23925	0.2675
0253610912	2012	12	3	338	0.1496666667	0.2306666667	0.2576666667
0253610912	2012	12	4	339	0.147	0.231	0.2663333333
0253610912	2012	12	5	340	0.1783333333	0.259	0.2963333333
0253610912	2012	12	6	341	0.15925	0.24225	0.2755
0253610912	2012	12	7	342	0.1475	0.22825	0.26425
0253610912	2012	12	8	343	0.13925	0.2205	0.25475
0253610912	2012	12	9	344	0.1345	0.214	0.24975
0253610912	2012	12	10	345	0.134	0.21625	0.251
0253610912	2012	12	11	346	0.14	0.2195	0.2565
0253610912	2012	12	12	347	0.13875	0.21675	0.25175
0253610912	2012	12	13	348	0.1363333333	0.2146666667	0.247
0253610912	2012	12	14	349	0.133	0.20975	0.24375
0253610912	2012	12	15	350	0.12875	0.20375	0.23825
0253610912	2012	12	16	351	0.1235	0.204	0.235
0253610912	2012	12	17	352	0.12	0.1983333333	0.23
0253610912	2012	12	18	353	-9999	-9999	-9999
0253610912	2012	12	19	354	-9999	-9999	-9999
0253610912	2012	12	20	355	-9999	-9999	-9999
0253610912	2012	12	21	356	-9999	-9999	-9999
0253610912	2012	12	22	357	-9999	-9999	-9999
0253610912	2012	12	23	358	-9999	-9999	-9999
0253610912	2012	12	24	359	-9999	-9999	-9999
0253610912	2012	12	25	360	-9999	-9999	-9999
0253610912	2012	12	26	361	-9999	-9999	-9999
0253610912	2012	12	27	362	-9999	-9999	-9999
0253610912	2012	12	28	363	-9999	-9999	-9999
0253610912	2012	12	29	364	-9999	-9999	-9999
0253610912	2012	12	30	365	-9999	-9999	-9999
0253610912	2012	12	31	366	-9999	-9999	-9999
