stationID	Y	M	D	DOY	depth_4	depth_10
0280410813	2008	1	1	1	-9999	
0280410813	2008	1	2	2	-9999	
0280410813	2008	1	3	3	-9999	
0280410813	2008	1	4	4	-9999	
0280410813	2008	1	5	5	-9999	
0280410813	2008	1	6	6	-9999	
0280410813	2008	1	7	7	-9999	
0280410813	2008	1	8	8	-9999	
0280410813	2008	1	9	9	-9999	
0280410813	2008	1	10	10	-9999	
0280410813	2008	1	11	11	-9999	
0280410813	2008	1	12	12	-9999	
0280410813	2008	1	13	13	-9999	
0280410813	2008	1	14	14	-9999	
0280410813	2008	1	15	15	-9999	
0280410813	2008	1	16	16	-9999	
0280410813	2008	1	17	17	-9999	
0280410813	2008	1	18	18	-9999	
0280410813	2008	1	19	19	-9999	
0280410813	2008	1	20	20	-9999	
0280410813	2008	1	21	21	-9999	
0280410813	2008	1	22	22	-9999	
0280410813	2008	1	23	23	-9999	
0280410813	2008	1	24	24	-9999	
0280410813	2008	1	25	25	-9999	
0280410813	2008	1	26	26	-9999	
0280410813	2008	1	27	27	-9999	
0280410813	2008	1	28	28	-9999	
0280410813	2008	1	29	29	-9999	
0280410813	2008	1	30	30	-9999	
0280410813	2008	1	31	31	-9999	
0280410813	2008	2	1	32	-9999	
0280410813	2008	2	2	33	-9999	
0280410813	2008	2	3	34	-9999	
0280410813	2008	2	4	35	-9999	
0280410813	2008	2	5	36	-9999	
0280410813	2008	2	6	37	-9999	
0280410813	2008	2	7	38	-9999	
0280410813	2008	2	8	39	-9999	
0280410813	2008	2	9	40	-9999	
0280410813	2008	2	10	41	-9999	
0280410813	2008	2	11	42	-9999	
0280410813	2008	2	12	43	-9999	
0280410813	2008	2	13	44	-9999	
0280410813	2008	2	14	45	-9999	
0280410813	2008	2	15	46	-9999	
0280410813	2008	2	16	47	-9999	
0280410813	2008	2	17	48	-9999	
0280410813	2008	2	18	49	-9999	
0280410813	2008	2	19	50	-9999	
0280410813	2008	2	20	51	-9999	
0280410813	2008	2	21	52	-9999	
0280410813	2008	2	22	53	-9999	
0280410813	2008	2	23	54	-9999	
0280410813	2008	2	24	55	-9999	
0280410813	2008	2	25	56	-9999	
0280410813	2008	2	26	57	-9999	
0280410813	2008	2	27	58	-9999	
0280410813	2008	2	28	59	-9999	
0280410813	2008	2	29	60	-9999	
0280410813	2008	3	1	61	-9999	
0280410813	2008	3	2	62	-9999	
0280410813	2008	3	3	63	-9999	
0280410813	2008	3	4	64	-9999	
0280410813	2008	3	5	65	-9999	
0280410813	2008	3	6	66	-9999	
0280410813	2008	3	7	67	-9999	
0280410813	2008	3	8	68	-9999	
0280410813	2008	3	9	69	-9999	
0280410813	2008	3	10	70	-9999	
0280410813	2008	3	11	71	-9999	
0280410813	2008	3	12	72	-9999	
0280410813	2008	3	13	73	-9999	
0280410813	2008	3	14	74	-9999	
0280410813	2008	3	15	75	-9999	
0280410813	2008	3	16	76	-9999	
0280410813	2008	3	17	77	-9999	
0280410813	2008	3	18	78	-9999	
0280410813	2008	3	19	79	-9999	
0280410813	2008	3	20	80	-9999	
0280410813	2008	3	21	81	-9999	
0280410813	2008	3	22	82	-9999	
0280410813	2008	3	23	83	-9999	
0280410813	2008	3	24	84	-9999	
0280410813	2008	3	25	85	-9999	
0280410813	2008	3	26	86	-9999	
0280410813	2008	3	27	87	-9999	
0280410813	2008	3	28	88	-9999	
0280410813	2008	3	29	89	-9999	
0280410813	2008	3	30	90	-9999	
0280410813	2008	3	31	91	-9999	
0280410813	2008	4	1	92	-9999	
0280410813	2008	4	2	93	-9999	
0280410813	2008	4	3	94	-9999	
0280410813	2008	4	4	95	-9999	
0280410813	2008	4	5	96	-9999	
0280410813	2008	4	6	97	-9999	
0280410813	2008	4	7	98	-9999	
0280410813	2008	4	8	99	-9999	
0280410813	2008	4	9	100	-9999	
0280410813	2008	4	10	101	-9999	
0280410813	2008	4	11	102	-9999	
0280410813	2008	4	12	103	-9999	
0280410813	2008	4	13	104	-9999	
0280410813	2008	4	14	105	-9999	
0280410813	2008	4	15	106	-9999	
0280410813	2008	4	16	107	-9999	
0280410813	2008	4	17	108	-9999	
0280410813	2008	4	18	109	-9999	
0280410813	2008	4	19	110	-9999	
0280410813	2008	4	20	111	-9999	
0280410813	2008	4	21	112	-9999	
0280410813	2008	4	22	113	-9999	
0280410813	2008	4	23	114	-9999	
0280410813	2008	4	24	115	-9999	
0280410813	2008	4	25	116	-9999	
0280410813	2008	4	26	117	-9999	
0280410813	2008	4	27	118	-9999	
0280410813	2008	4	28	119	-9999	
0280410813	2008	4	29	120	-9999	
0280410813	2008	4	30	121	-9999	
0280410813	2008	5	1	122	-9999	
0280410813	2008	5	2	123	-9999	
0280410813	2008	5	3	124	-9999	
0280410813	2008	5	4	125	-9999	
0280410813	2008	5	5	126	-9999	
0280410813	2008	5	6	127	-9999	
0280410813	2008	5	7	128	-9999	
0280410813	2008	5	8	129	-9999	
0280410813	2008	5	9	130	-9999	
0280410813	2008	5	10	131	-9999	
0280410813	2008	5	11	132	-9999	
0280410813	2008	5	12	133	-9999	
0280410813	2008	5	13	134	-9999	
0280410813	2008	5	14	135	-9999	
0280410813	2008	5	15	136	-9999	
0280410813	2008	5	16	137	-9999	
0280410813	2008	5	17	138	-9999	
0280410813	2008	5	18	139	-9999	
0280410813	2008	5	19	140	-9999	
0280410813	2008	5	20	141	-9999	
0280410813	2008	5	21	142	-9999	
0280410813	2008	5	22	143	-9999	
0280410813	2008	5	23	144	-9999	
0280410813	2008	5	24	145	-9999	
0280410813	2008	5	25	146	-9999	
0280410813	2008	5	26	147	-9999	
0280410813	2008	5	27	148	-9999	
0280410813	2008	5	28	149	-9999	
0280410813	2008	5	29	150	-9999	
0280410813	2008	5	30	151	-9999	
0280410813	2008	5	31	152	-9999	
0280410813	2008	6	1	153	-9999	
0280410813	2008	6	2	154	-9999	
0280410813	2008	6	3	155	-9999	
0280410813	2008	6	4	156	-9999	
0280410813	2008	6	5	157	-9999	
0280410813	2008	6	6	158	-9999	
0280410813	2008	6	7	159	-9999	
0280410813	2008	6	8	160	-9999	
0280410813	2008	6	9	161	-9999	
0280410813	2008	6	10	162	-9999	
0280410813	2008	6	11	163	-9999	
0280410813	2008	6	12	164	-9999	
0280410813	2008	6	13	165	-9999	
0280410813	2008	6	14	166	-9999	
0280410813	2008	6	15	167	-9999	
0280410813	2008	6	16	168	-9999	
0280410813	2008	6	17	169	-9999	
0280410813	2008	6	18	170	-9999	
0280410813	2008	6	19	171	-9999	
0280410813	2008	6	20	172	-9999	
0280410813	2008	6	21	173	-9999	
0280410813	2008	6	22	174	-9999	
0280410813	2008	6	23	175	-9999	
0280410813	2008	6	24	176	-9999	
0280410813	2008	6	25	177	-9999	
0280410813	2008	6	26	178	-9999	
0280410813	2008	6	27	179	-9999	
0280410813	2008	6	28	180	-9999	
0280410813	2008	6	29	181	-9999	
0280410813	2008	6	30	182	-9999	
0280410813	2008	7	1	183	-9999	
0280410813	2008	7	2	184	-9999	
0280410813	2008	7	3	185	-9999	
0280410813	2008	7	4	186	-9999	
0280410813	2008	7	5	187	-9999	
0280410813	2008	7	6	188	-9999	
0280410813	2008	7	7	189	-9999	
0280410813	2008	7	8	190	-9999	
0280410813	2008	7	9	191	-9999	
0280410813	2008	7	10	192	-9999	
0280410813	2008	7	11	193	-9999	
0280410813	2008	7	12	194	-9999	
0280410813	2008	7	13	195	-9999	
0280410813	2008	7	14	196	-9999	
0280410813	2008	7	15	197	-9999	
0280410813	2008	7	16	198	-9999	
0280410813	2008	7	17	199	-9999	
0280410813	2008	7	18	200	-9999	
0280410813	2008	7	19	201	-9999	
0280410813	2008	7	20	202	-9999	
0280410813	2008	7	21	203	-9999	
0280410813	2008	7	22	204	-9999	
0280410813	2008	7	23	205	-9999	
0280410813	2008	7	24	206	-9999	
0280410813	2008	7	25	207	-9999	
0280410813	2008	7	26	208	-9999	
0280410813	2008	7	27	209	-9999	
0280410813	2008	7	28	210	-9999	
0280410813	2008	7	29	211	-9999	
0280410813	2008	7	30	212	-9999	
0280410813	2008	7	31	213	-9999	
0280410813	2008	8	1	214	-9999	
0280410813	2008	8	2	215	-9999	
0280410813	2008	8	3	216	-9999	
0280410813	2008	8	4	217	-9999	
0280410813	2008	8	5	218	-9999	
0280410813	2008	8	6	219	-9999	
0280410813	2008	8	7	220	-9999	
0280410813	2008	8	8	221	-9999	
0280410813	2008	8	9	222	-9999	
0280410813	2008	8	10	223	-9999	
0280410813	2008	8	11	224	-9999	
0280410813	2008	8	12	225	-9999	
0280410813	2008	8	13	226	-9999	
0280410813	2008	8	14	227	-9999	
0280410813	2008	8	15	228	-9999	
0280410813	2008	8	16	229	-9999	
0280410813	2008	8	17	230	-9999	
0280410813	2008	8	18	231	-9999	
0280410813	2008	8	19	232	-9999	
0280410813	2008	8	20	233	-9999	
0280410813	2008	8	21	234	-9999	
0280410813	2008	8	22	235	-9999	
0280410813	2008	8	23	236	-9999	
0280410813	2008	8	24	237	-9999	
0280410813	2008	8	25	238	-9999	
0280410813	2008	8	26	239	-9999	
0280410813	2008	8	27	240	-9999	
0280410813	2008	8	28	241	-9999	
0280410813	2008	8	29	242	-9999	
0280410813	2008	8	30	243	-9999	
0280410813	2008	8	31	244	-9999	
0280410813	2008	9	1	245	-9999	
0280410813	2008	9	2	246	-9999	
0280410813	2008	9	3	247	-9999	
0280410813	2008	9	4	248	-9999	
0280410813	2008	9	5	249	-9999	
0280410813	2008	9	6	250	-9999	
0280410813	2008	9	7	251	-9999	
0280410813	2008	9	8	252	-9999	
0280410813	2008	9	9	253	-9999	
0280410813	2008	9	10	254	-9999	
0280410813	2008	9	11	255	0.387	0.378
0280410813	2008	9	12	256	0.387	0.378
0280410813	2008	9	13	257	0.387	0.378
0280410813	2008	9	14	258	0.387	0.378
0280410813	2008	9	15	259	0.387	0.378
0280410813	2008	9	16	260	0.387	0.378
0280410813	2008	9	17	261	0.387	0.378
0280410813	2008	9	18	262	0.387	0.378
0280410813	2008	9	19	263	0.387	0.378
0280410813	2008	9	20	264	0.387	0.378
0280410813	2008	9	21	265	0.386	0.379
0280410813	2008	9	22	266	0.385	0.38
0280410813	2008	9	23	267	0.383	0.381
0280410813	2008	9	24	268	0.381	0.381
0280410813	2008	9	25	269	0.378	0.381
0280410813	2008	9	26	270	0.373	0.38
0280410813	2008	9	27	271	0.369	0.38
0280410813	2008	9	28	272	0.366	0.379
0280410813	2008	9	29	273	0.427	0.393
0280410813	2008	9	30	274	0.42	0.399
0280410813	2008	10	1	275	0.419	0.405
0280410813	2008	10	2	276	0.419	0.404
0280410813	2008	10	3	277	0.42	0.406
0280410813	2008	10	4	278	0.411	0.406
0280410813	2008	10	5	279	0.405	0.403
0280410813	2008	10	6	280	0.405	0.401
0280410813	2008	10	7	281	0.404	0.401
0280410813	2008	10	8	282	0.437	0.422
0280410813	2008	10	9	283	0.418	0.418
0280410813	2008	10	10	284	0.412	0.412
0280410813	2008	10	11	285	0.404	0.408
0280410813	2008	10	12	286	0.401	0.407
0280410813	2008	10	13	287	0.396	0.407
0280410813	2008	10	14	288	0.393	0.407
0280410813	2008	10	15	289	0.414	0.407
0280410813	2008	10	16	290	0.415	0.408
0280410813	2008	10	17	291	0.408	0.408
0280410813	2008	10	18	292	0.404	0.407
0280410813	2008	10	19	293	0.398	0.405
0280410813	2008	10	20	294	0.395	0.403
0280410813	2008	10	21	295	0.393	0.402
0280410813	2008	10	22	296	0.388	0.4
0280410813	2008	10	23	297	0.383	0.399
0280410813	2008	10	24	298	0.399	0.427
0280410813	2008	10	25	299	0.415	0.416
0280410813	2008	10	26	300	0.408	0.411
0280410813	2008	10	27	301	0.4085	0.428
0280410813	2008	10	28	302	0.409	0.415
0280410813	2008	10	29	303	0.401	0.407
0280410813	2008	10	30	304	0.397	0.403
0280410813	2008	10	31	305	0.395	0.401
0280410813	2008	11	1	306	0.394	0.401
0280410813	2008	11	2	307	0.393	0.401
0280410813	2008	11	3	308	0.395	0.4
0280410813	2008	11	4	309	0.392	0.401
0280410813	2008	11	5	310	0.388	0.4
0280410813	2008	11	6	311	0.384	0.4
0280410813	2008	11	7	312	0.381	0.4
0280410813	2008	11	8	313	0.392	0.4
0280410813	2008	11	9	314	0.41	0.408
0280410813	2008	11	10	315	0.408	0.408
0280410813	2008	11	11	316	0.399	0.406
0280410813	2008	11	12	317	0.404	0.404
0280410813	2008	11	13	318	0.405	0.405
0280410813	2008	11	14	319	0.417	0.416
0280410813	2008	11	15	320	0.412	0.413
0280410813	2008	11	16	321	0.406	0.406
0280410813	2008	11	17	322	0.405	0.405
0280410813	2008	11	18	323	0.403	0.403
0280410813	2008	11	19	324	0.399	0.402
0280410813	2008	11	20	325	0.394	0.398
0280410813	2008	11	21	326	0.392	0.397
0280410813	2008	11	22	327	0.387	0.395
0280410813	2008	11	23	328	0.378	0.392
0280410813	2008	11	24	329	0.387	0.39
0280410813	2008	11	25	330	0.4	0.39
0280410813	2008	11	26	331	0.403	0.403
0280410813	2008	11	27	332	0.395	0.402
0280410813	2008	11	28	333	0.391	0.397
0280410813	2008	11	29	334	0.386	0.393
0280410813	2008	11	30	335	0.382	0.391
0280410813	2008	12	1	336	0.39	0.39
0280410813	2008	12	2	337	0.391	0.391
0280410813	2008	12	3	338	0.399	0.404
0280410813	2008	12	4	339	0.4	0.403
0280410813	2008	12	5	340	0.392	0.398
0280410813	2008	12	6	341	0.388	0.395
0280410813	2008	12	7	342	0.389	0.393
0280410813	2008	12	8	343	0.389	0.394
0280410813	2008	12	9	344	0.419	0.471
0280410813	2008	12	10	345	0.402	0.422
0280410813	2008	12	11	346	0.391	0.412
0280410813	2008	12	12	347	0.386	0.406
0280410813	2008	12	13	348	0.383	0.403
0280410813	2008	12	14	349	0.411	0.41
0280410813	2008	12	15	350	0.4015	0.417
0280410813	2008	12	16	351	0.392	0.417
0280410813	2008	12	17	352	0.387	0.409
0280410813	2008	12	18	353	0.386	0.406
0280410813	2008	12	19	354	0.385	0.405
0280410813	2008	12	20	355	0.387	0.404
0280410813	2008	12	21	356	0.387	0.404
0280410813	2008	12	22	357	0.388	0.403
0280410813	2008	12	23	358	0.387	0.403
0280410813	2008	12	24	359	0.414	0.412
0280410813	2008	12	25	360	0.398	0.421
0280410813	2008	12	26	361	0.412	0.514
0280410813	2008	12	27	362	0.4195	0.516
0280410813	2008	12	28	363	0.427	0.466
0280410813	2008	12	29	364	0.394	0.416
0280410813	2008	12	30	365	0.388	0.408
0280410813	2008	12	31	366	0.381	0.405
0280410813	2009	1	1	1	0.378	0.403
0280410813	2009	1	2	2	0.37	0.402
0280410813	2009	1	3	3	0.361	0.4
0280410813	2009	1	4	4	0.371	0.407
0280410813	2009	1	5	5	0.368	0.406
0280410813	2009	1	6	6	0.347	0.401
0280410813	2009	1	7	7	0.331	0.398
0280410813	2009	1	8	8	0.333	0.396
0280410813	2009	1	9	9	0.335	0.395
0280410813	2009	1	10	10	0.336	0.395
0280410813	2009	1	11	11	0.338	0.394
0280410813	2009	1	12	12	0.341	0.394
0280410813	2009	1	13	13	0.344	0.394
0280410813	2009	1	14	14	0.345	0.393
0280410813	2009	1	15	15	0.345	0.394
0280410813	2009	1	16	16	0.346	0.393
0280410813	2009	1	17	17	0.346	0.392
0280410813	2009	1	18	18	0.346	0.392
0280410813	2009	1	19	19	0.348	0.392
0280410813	2009	1	20	20	0.349	0.392
0280410813	2009	1	21	21	0.35	0.391
0280410813	2009	1	22	22	0.352	0.391
0280410813	2009	1	23	23	0.353	0.391
0280410813	2009	1	24	24	0.355	0.391
0280410813	2009	1	25	25	0.355	0.391
0280410813	2009	1	26	26	0.354	0.391
0280410813	2009	1	27	27	0.353	0.391
0280410813	2009	1	28	28	0.353	0.391
0280410813	2009	1	29	29	0.353	0.391
0280410813	2009	1	30	30	0.354	0.391
0280410813	2009	1	31	31	0.355	0.391
0280410813	2009	2	1	32	0.356	0.39
0280410813	2009	2	2	33	0.358	0.391
0280410813	2009	2	3	34	0.358	0.391
0280410813	2009	2	4	35	0.358	0.391
0280410813	2009	2	5	36	0.357	0.391
0280410813	2009	2	6	37	0.356	0.391
0280410813	2009	2	7	38	0.414	0.412
0280410813	2009	2	8	39	0.393	0.433
0280410813	2009	2	9	40	0.408	0.422
0280410813	2009	2	10	41	0.401	0.411
0280410813	2009	2	11	42	0.419	0.411
0280410813	2009	2	12	43	0.404	0.411
0280410813	2009	2	13	44	0.378	0.411
0280410813	2009	2	14	45	0.38	0.407
0280410813	2009	2	15	46	0.376	0.407
0280410813	2009	2	16	47	0.366	0.405
0280410813	2009	2	17	48	0.358	0.403
0280410813	2009	2	18	49	0.386	0.424
0280410813	2009	2	19	50	0.371	0.412
0280410813	2009	2	20	51	0.355	0.405
0280410813	2009	2	21	52	0.344	0.401
0280410813	2009	2	22	53	0.335	0.398
0280410813	2009	2	23	54	0.335	0.397
0280410813	2009	2	24	55	0.334	0.396
0280410813	2009	2	25	56	0.35	0.417
0280410813	2009	2	26	57	0.354	0.414
0280410813	2009	2	27	58	0.358	0.411
0280410813	2009	2	28	59	0.358	0.411
0280410813	2009	3	1	60	0.345	0.404
0280410813	2009	3	2	61	0.329	0.4
0280410813	2009	3	3	62	0.31	0.398
0280410813	2009	3	4	63	0.301	0.396
0280410813	2009	3	5	64	0.331	0.395
0280410813	2009	3	6	65	0.357	0.405
0280410813	2009	3	7	66	0.404	0.414
0280410813	2009	3	8	67	0.391	0.423
0280410813	2009	3	9	68	0.378	0.423
0280410813	2009	3	10	69	0.403	0.4275
0280410813	2009	3	11	70	0.385	0.432
0280410813	2009	3	12	71	0.364	0.413
0280410813	2009	3	13	72	0.355	0.409
0280410813	2009	3	14	73	0.351	0.405
0280410813	2009	3	15	74	0.348	0.403
0280410813	2009	3	16	75	0.347	0.403
0280410813	2009	3	17	76	0.345	0.404
0280410813	2009	3	18	77	0.345	0.405
0280410813	2009	3	19	78	0.34	0.405
0280410813	2009	3	20	79	0.335	0.403
0280410813	2009	3	21	80	0.333	0.401
0280410813	2009	3	22	81	0.331	0.401
0280410813	2009	3	23	82	0.329	0.401
0280410813	2009	3	24	83	0.324	0.401
0280410813	2009	3	25	84	0.336	0.401
0280410813	2009	3	26	85	0.335	0.402
0280410813	2009	3	27	86	0.333	0.402
0280410813	2009	3	28	87	0.33	0.402
0280410813	2009	3	29	88	0.372	0.413
0280410813	2009	3	30	89	0.365	0.413
0280410813	2009	3	31	90	0.366	0.41
0280410813	2009	4	1	91	0.371	0.411
0280410813	2009	4	2	92	0.36	0.411
0280410813	2009	4	3	93	0.394	0.433
0280410813	2009	4	4	94	0.366	0.417
0280410813	2009	4	5	95	0.371	0.413
0280410813	2009	4	6	96	0.387	0.437
0280410813	2009	4	7	97	0.373	0.42
0280410813	2009	4	8	98	0.364	0.413
0280410813	2009	4	9	99	0.357	0.41
0280410813	2009	4	10	100	0.354	0.408
0280410813	2009	4	11	101	0.352	0.407
0280410813	2009	4	12	102	0.348	0.407
0280410813	2009	4	13	103	0.344	0.407
0280410813	2009	4	14	104	0.389	0.426
0280410813	2009	4	15	105	0.379	0.423
0280410813	2009	4	16	106	0.367	0.417
0280410813	2009	4	17	107	0.361	0.414
0280410813	2009	4	18	108	0.355	0.414
0280410813	2009	4	19	109	0.395	0.413
0280410813	2009	4	20	110	0.397	0.433
0280410813	2009	4	21	111	0.394	0.432
0280410813	2009	4	22	112	0.39	0.432
0280410813	2009	4	23	113	0.373	0.423
0280410813	2009	4	24	114	0.365	0.417
0280410813	2009	4	25	115	0.423	0.4265
0280410813	2009	4	26	116	0.396	0.436
0280410813	2009	4	27	117	0.427	0.4495
0280410813	2009	4	28	118	0.418	0.463
0280410813	2009	4	29	119	0.392	0.435
0280410813	2009	4	30	120	0.422	0.475
0280410813	2009	5	1	121	0.398	0.446
0280410813	2009	5	2	122	0.383	0.432
0280410813	2009	5	3	123	0.37	0.427
0280410813	2009	5	4	124	0.361	0.425
0280410813	2009	5	5	125	0.35	0.424
0280410813	2009	5	6	126	0.34	0.423
0280410813	2009	5	7	127	0.333	0.422
0280410813	2009	5	8	128	0.327	0.421
0280410813	2009	5	9	129	0.319	0.419
0280410813	2009	5	10	130	0.314	0.416
0280410813	2009	5	11	131	0.306	0.413
0280410813	2009	5	12	132	0.296	0.409
0280410813	2009	5	13	133	0.29	0.405
0280410813	2009	5	14	134	0.32	0.403
0280410813	2009	5	15	135	0.313	0.402
0280410813	2009	5	16	136	0.34	0.401
0280410813	2009	5	17	137	0.328	0.401
0280410813	2009	5	18	138	0.316	0.4
0280410813	2009	5	19	139	0.306	0.398
0280410813	2009	5	20	140	0.298	0.397
0280410813	2009	5	21	141	0.288	0.396
0280410813	2009	5	22	142	0.278	0.394
0280410813	2009	5	23	143	0.27	0.392
0280410813	2009	5	24	144	0.264	0.391
0280410813	2009	5	25	145	0.26	0.39
0280410813	2009	5	26	146	0.251	0.387
0280410813	2009	5	27	147	0.255	0.385
0280410813	2009	5	28	148	0.254	0.385
0280410813	2009	5	29	149	0.25	0.384
0280410813	2009	5	30	150	0.245	0.382
0280410813	2009	5	31	151	0.239	0.379
0280410813	2009	6	1	152	0.236	0.376
0280410813	2009	6	2	153	0.237	0.375
0280410813	2009	6	3	154	0.232	0.374
0280410813	2009	6	4	155	0.228	0.372
0280410813	2009	6	5	156	0.222	0.369
0280410813	2009	6	6	157	0.216	0.366
0280410813	2009	6	7	158	0.213	0.364
0280410813	2009	6	8	159	0.218	0.364
0280410813	2009	6	9	160	0.218	0.363
0280410813	2009	6	10	161	0.215	0.363
0280410813	2009	6	11	162	0.233	0.361
0280410813	2009	6	12	163	0.228	0.36
0280410813	2009	6	13	164	0.222	0.36
0280410813	2009	6	14	165	0.221	0.359
0280410813	2009	6	15	166	0.218	0.358
0280410813	2009	6	16	167	0.214	0.355
0280410813	2009	6	17	168	0.324	0.355
0280410813	2009	6	18	169	0.291	0.355
0280410813	2009	6	19	170	0.34	0.412
0280410813	2009	6	20	171	0.389	0.469
0280410813	2009	6	21	172	0.373	0.457
0280410813	2009	6	22	173	0.361	0.445
0280410813	2009	6	23	174	0.35	0.437
0280410813	2009	6	24	175	0.34	0.43
0280410813	2009	6	25	176	0.329	0.423
0280410813	2009	6	26	177	0.32	0.418
0280410813	2009	6	27	178	0.309	0.413
0280410813	2009	6	28	179	0.301	0.409
0280410813	2009	6	29	180	0.293	0.405
0280410813	2009	6	30	181	0.287	0.402
0280410813	2009	7	1	182	0.283	0.399
0280410813	2009	7	2	183	0.28	0.397
0280410813	2009	7	3	184	0.278	0.395
0280410813	2009	7	4	185	0.274	0.392
0280410813	2009	7	5	186	0.27	0.388
0280410813	2009	7	6	187	0.264	0.383
0280410813	2009	7	7	188	0.256	0.379
0280410813	2009	7	8	189	0.248	0.374
0280410813	2009	7	9	190	0.243	0.37
0280410813	2009	7	10	191	0.237	0.366
0280410813	2009	7	11	192	0.236	0.363
0280410813	2009	7	12	193	0.233	0.361
0280410813	2009	7	13	194	0.226	0.355
0280410813	2009	7	14	195	0.22	0.348
0280410813	2009	7	15	196	0.216	0.343
0280410813	2009	7	16	197	0.257	0.34
0280410813	2009	7	17	198	0.244	0.335
0280410813	2009	7	18	199	0.225	0.336
0280410813	2009	7	19	200	0.255	0.333
0280410813	2009	7	20	201	0.236	0.333
0280410813	2009	7	21	202	0.229	0.332
0280410813	2009	7	22	203	0.225	0.332
0280410813	2009	7	23	204	0.223	0.332
0280410813	2009	7	24	205	0.22	0.331
0280410813	2009	7	25	206	0.218	0.328
0280410813	2009	7	26	207	0.216	0.328
0280410813	2009	7	27	208	0.214	0.326
0280410813	2009	7	28	209	0.212	0.321
0280410813	2009	7	29	210	0.21	0.318
0280410813	2009	7	30	211	0.205	0.314
0280410813	2009	7	31	212	0.201	0.312
0280410813	2009	8	1	213	0.199	0.308
0280410813	2009	8	2	214	0.197	0.306
0280410813	2009	8	3	215	0.195	0.303
0280410813	2009	8	4	216	0.194	0.301
0280410813	2009	8	5	217	0.194	0.299
0280410813	2009	8	6	218	0.19	0.296
0280410813	2009	8	7	219	0.288	0.404
0280410813	2009	8	8	220	0.386	0.512
0280410813	2009	8	9	221	0.397	0.464
0280410813	2009	8	10	222	0.384	0.461
0280410813	2009	8	11	223	0.37	0.455
0280410813	2009	8	12	224	0.357	0.446
0280410813	2009	8	13	225	0.345	0.435
0280410813	2009	8	14	226	0.334	0.424
0280410813	2009	8	15	227	0.323	0.415
0280410813	2009	8	16	228	0.333	0.41
0280410813	2009	8	17	229	0.4	0.451
0280410813	2009	8	18	230	0.38	0.448
0280410813	2009	8	19	231	0.391	0.44
0280410813	2009	8	20	232	0.393	0.441
0280410813	2009	8	21	233	0.383	0.441
0280410813	2009	8	22	234	0.373	0.438
0280410813	2009	8	23	235	0.367	0.435
0280410813	2009	8	24	236	0.362	0.433
0280410813	2009	8	25	237	0.354	0.429
0280410813	2009	8	26	238	0.3805	0.44
0280410813	2009	8	27	239	0.407	0.451
0280410813	2009	8	28	240	0.417	0.4535
0280410813	2009	8	29	241	0.392	0.456
0280410813	2009	8	30	242	0.383	0.449
0280410813	2009	8	31	243	0.377	0.446
0280410813	2009	9	1	244	0.367	0.442
0280410813	2009	9	2	245	0.36	0.438
0280410813	2009	9	3	246	0.353	0.435
0280410813	2009	9	4	247	0.347	0.432
0280410813	2009	9	5	248	0.34	0.429
0280410813	2009	9	6	249	0.334	0.427
0280410813	2009	9	7	250	0.329	0.424
0280410813	2009	9	8	251	0.325	0.422
0280410813	2009	9	9	252	0.325	0.421
0280410813	2009	9	10	253	0.322	0.42
0280410813	2009	9	11	254	0.316	0.417
0280410813	2009	9	12	255	0.31	0.414
0280410813	2009	9	13	256	0.303	0.412
0280410813	2009	9	14	257	0.298	0.408
0280410813	2009	9	15	258	0.294	0.406
0280410813	2009	9	16	259	0.29	0.405
0280410813	2009	9	17	260	0.284	0.403
0280410813	2009	9	18	261	0.278	0.401
0280410813	2009	9	19	262	0.275	0.398
0280410813	2009	9	20	263	0.27	0.397
0280410813	2009	9	21	264	0.297	0.396
0280410813	2009	9	22	265	0.298	0.396
0280410813	2009	9	23	266	0.297	0.397
0280410813	2009	9	24	267	0.297	0.397
0280410813	2009	9	25	268	0.301	0.397
0280410813	2009	9	26	269	0.303	0.396
0280410813	2009	9	27	270	0.301	0.396
0280410813	2009	9	28	271	0.374	0.395
0280410813	2009	9	29	272	0.373	0.396
0280410813	2009	9	30	273	0.367	0.398
0280410813	2009	10	1	274	0.385	0.398
0280410813	2009	10	2	275	0.405	0.446
0280410813	2009	10	3	276	0.384	0.43
0280410813	2009	10	4	277	0.398	0.439
0280410813	2009	10	5	278	0.386	0.436
0280410813	2009	10	6	279	0.398	0.436
0280410813	2009	10	7	280	0.391	0.436
0280410813	2009	10	8	281	0.378	0.43
0280410813	2009	10	9	282	0.4	0.45
0280410813	2009	10	10	283	0.388	0.442
0280410813	2009	10	11	284	0.374	0.429
0280410813	2009	10	12	285	0.366	0.424
0280410813	2009	10	13	286	0.365	0.424
0280410813	2009	10	14	287	0.361	0.429
0280410813	2009	10	15	288	0.357	0.419
0280410813	2009	10	16	289	0.356	0.423
0280410813	2009	10	17	290	0.353	0.416
0280410813	2009	10	18	291	0.351	0.418
0280410813	2009	10	19	292	0.349	0.418
0280410813	2009	10	20	293	0.349	0.418
0280410813	2009	10	21	294	0.372	0.417
0280410813	2009	10	22	295	0.378	0.415
0280410813	2009	10	23	296	0.416	0.4275
0280410813	2009	10	24	297	0.39	0.44
0280410813	2009	10	25	298	0.383	0.437
0280410813	2009	10	26	299	0.378	0.434
0280410813	2009	10	27	300	0.381	0.427
0280410813	2009	10	28	301	0.382	0.428
0280410813	2009	10	29	302	0.379	0.428
0280410813	2009	10	30	303	0.3905	0.4395
0280410813	2009	10	31	304	0.402	0.451
0280410813	2009	11	1	305	0.385	0.442
0280410813	2009	11	2	306	0.382	0.431
0280410813	2009	11	3	307	0.378	0.435
0280410813	2009	11	4	308	0.373	0.428
0280410813	2009	11	5	309	0.371	0.428
0280410813	2009	11	6	310	0.367	0.435
0280410813	2009	11	7	311	0.366	0.423
0280410813	2009	11	8	312	0.366	0.428
0280410813	2009	11	9	313	0.366	0.424
0280410813	2009	11	10	314	0.366	0.428
0280410813	2009	11	11	315	0.362	0.425
0280410813	2009	11	12	316	0.358	0.421
0280410813	2009	11	13	317	0.356	0.418
0280410813	2009	11	14	318	0.357	0.418
0280410813	2009	11	15	319	0.358	0.418
0280410813	2009	11	16	320	0.356	0.418
0280410813	2009	11	17	321	0.354	0.417
0280410813	2009	11	18	322	0.355	0.416
0280410813	2009	11	19	323	0.361	0.416
0280410813	2009	11	20	324	0.363	0.416
0280410813	2009	11	21	325	0.362	0.416
0280410813	2009	11	22	326	0.36	0.415
0280410813	2009	11	23	327	0.359	0.414
0280410813	2009	11	24	328	0.377	0.415
0280410813	2009	11	25	329	0.39	0.424
0280410813	2009	11	26	330	0.392	0.43
0280410813	2009	11	27	331	0.392	0.434
0280410813	2009	11	28	332	0.382	0.436
0280410813	2009	11	29	333	0.39	0.43
0280410813	2009	11	30	334	0.386	0.428
0280410813	2009	12	1	335	0.378	0.426
0280410813	2009	12	2	336	0.374	0.423
0280410813	2009	12	3	337	0.378	0.421
0280410813	2009	12	4	338	0.378	0.425
0280410813	2009	12	5	339	0.373	0.425
0280410813	2009	12	6	340	0.369	0.42
0280410813	2009	12	7	341	0.368	0.419
0280410813	2009	12	8	342	0.368	0.419
0280410813	2009	12	9	343	0.387	0.447
0280410813	2009	12	10	344	0.378	0.432
0280410813	2009	12	11	345	0.369	0.424
0280410813	2009	12	12	346	0.367	0.421
0280410813	2009	12	13	347	0.379	0.435
0280410813	2009	12	14	348	0.384	0.446
0280410813	2009	12	15	349	0.384	0.446
0280410813	2009	12	16	350	0.376	0.432
0280410813	2009	12	17	351	0.363	0.425
0280410813	2009	12	18	352	0.359	0.422
0280410813	2009	12	19	353	0.36	0.419
0280410813	2009	12	20	354	0.36	0.419
0280410813	2009	12	21	355	0.356	0.418
0280410813	2009	12	22	356	0.356	0.417
0280410813	2009	12	23	357	0.355	0.418
0280410813	2009	12	24	358	0.35	0.417
0280410813	2009	12	25	359	0.397	0.4335
0280410813	2009	12	26	360	0.378	0.45
0280410813	2009	12	27	361	0.366	0.429
0280410813	2009	12	28	362	0.361	0.425
0280410813	2009	12	29	363	0.358	0.421
0280410813	2009	12	30	364	0.349	0.42
0280410813	2009	12	31	365	0.35	0.418
0280410813	2010	1	1	1	0.35	0.419
0280410813	2010	1	2	2	0.342	0.417
0280410813	2010	1	3	3	0.328	0.415
0280410813	2010	1	4	4	0.318	0.414
0280410813	2010	1	5	5	0.32	0.413
0280410813	2010	1	6	6	0.322	0.412
0280410813	2010	1	7	7	0.324	0.411
0280410813	2010	1	8	8	0.328	0.41
0280410813	2010	1	9	9	0.33	0.411
0280410813	2010	1	10	10	0.33	0.411
0280410813	2010	1	11	11	0.329	0.41
0280410813	2010	1	12	12	0.328	0.409
0280410813	2010	1	13	13	0.326	0.41
0280410813	2010	1	14	14	0.365	0.41
0280410813	2010	1	15	15	0.375	0.41
0280410813	2010	1	16	16	0.372	0.413
0280410813	2010	1	17	17	0.369	0.418
0280410813	2010	1	18	18	0.365	0.425
0280410813	2010	1	19	19	0.363	0.42
0280410813	2010	1	20	20	0.363	0.421
0280410813	2010	1	21	21	0.355	0.42
0280410813	2010	1	22	22	0.348	0.42
0280410813	2010	1	23	23	0.374	0.432
0280410813	2010	1	24	24	0.392	0.435
0280410813	2010	1	25	25	0.378	0.438
0280410813	2010	1	26	26	0.362	0.433
0280410813	2010	1	27	27	0.354	0.424
0280410813	2010	1	28	28	0.35	0.421
0280410813	2010	1	29	29	0.342	0.419
0280410813	2010	1	30	30	0.332	0.418
0280410813	2010	1	31	31	0.323	0.417
0280410813	2010	2	1	32	0.319	0.415
0280410813	2010	2	2	33	0.312	0.414
0280410813	2010	2	3	34	0.31	0.413
0280410813	2010	2	4	35	0.309	0.411
0280410813	2010	2	5	36	0.306	0.41
0280410813	2010	2	6	37	0.306	0.41
0280410813	2010	2	7	38	0.301	0.41
0280410813	2010	2	8	39	0.295	0.409
0280410813	2010	2	9	40	0.29	0.407
0280410813	2010	2	10	41	0.289	0.406
0280410813	2010	2	11	42	0.291	0.405
0280410813	2010	2	12	43	0.293	0.405
0280410813	2010	2	13	44	0.296	0.406
0280410813	2010	2	14	45	0.299	0.405
0280410813	2010	2	15	46	0.3	0.404
0280410813	2010	2	16	47	0.303	0.407
0280410813	2010	2	17	48	0.306	0.403
0280410813	2010	2	18	49	0.313	0.403
0280410813	2010	2	19	50	0.318	0.404
0280410813	2010	2	20	51	0.319	0.405
0280410813	2010	2	21	52	0.346	0.403
0280410813	2010	2	22	53	0.35	0.409
0280410813	2010	2	23	54	0.352	0.411
0280410813	2010	2	24	55	0.353	0.418
0280410813	2010	2	25	56	0.354	0.418
0280410813	2010	2	26	57	0.355	0.422
0280410813	2010	2	27	58	0.358	0.423
0280410813	2010	2	28	59	0.37	0.434
0280410813	2010	3	1	60	0.378	0.439
0280410813	2010	3	2	61	0.367	0.437
0280410813	2010	3	3	62	0.373	0.426
0280410813	2010	3	4	63	0.367	0.429
0280410813	2010	3	5	64	0.376	0.428
0280410813	2010	3	6	65	0.385	0.441
0280410813	2010	3	7	66	0.378	0.449
0280410813	2010	3	8	67	0.378	0.4495
0280410813	2010	3	9	68	0.374	0.45
0280410813	2010	3	10	69	0.371	0.45
0280410813	2010	3	11	70	0.4	0.446
0280410813	2010	3	12	71	0.388	0.442
0280410813	2010	3	13	72	0.369	0.442
0280410813	2010	3	14	73	0.367	0.437
0280410813	2010	3	15	74	0.359	0.435
0280410813	2010	3	16	75	0.355	0.431
0280410813	2010	3	17	76	0.352	0.43
0280410813	2010	3	18	77	0.35	0.429
0280410813	2010	3	19	78	0.348	0.428
0280410813	2010	3	20	79	0.346	0.428
0280410813	2010	3	21	80	0.345	0.426
0280410813	2010	3	22	81	0.344	0.425
0280410813	2010	3	23	82	0.343	0.425
0280410813	2010	3	24	83	0.34	0.425
0280410813	2010	3	25	84	0.342	0.425
0280410813	2010	3	26	85	0.339	0.425
0280410813	2010	3	27	86	0.335	0.424
0280410813	2010	3	28	87	0.335	0.423
0280410813	2010	3	29	88	0.335	0.424
0280410813	2010	3	30	89	0.333	0.422
0280410813	2010	3	31	90	0.332	0.424
0280410813	2010	4	1	91	0.332	0.426
0280410813	2010	4	2	92	0.331	0.428
0280410813	2010	4	3	93	0.341	0.429
0280410813	2010	4	4	94	0.344	0.429
0280410813	2010	4	5	95	0.371	0.452
0280410813	2010	4	6	96	0.381	0.463
0280410813	2010	4	7	97	0.3875	0.461
0280410813	2010	4	8	98	0.394	0.459
0280410813	2010	4	9	99	0.368	0.448
0280410813	2010	4	10	100	0.361	0.443
0280410813	2010	4	11	101	0.357	0.44
0280410813	2010	4	12	102	0.352	0.437
0280410813	2010	4	13	103	0.35	0.436
0280410813	2010	4	14	104	0.347	0.439
0280410813	2010	4	15	105	0.341	0.434
0280410813	2010	4	16	106	0.335	0.434
0280410813	2010	4	17	107	0.329	0.432
0280410813	2010	4	18	108	0.321	0.431
0280410813	2010	4	19	109	0.316	0.427
0280410813	2010	4	20	110	0.311	0.426
0280410813	2010	4	21	111	0.305	0.425
0280410813	2010	4	22	112	0.3	0.422
0280410813	2010	4	23	113	0.295	0.421
0280410813	2010	4	24	114	0.311	0.42
0280410813	2010	4	25	115	0.335	0.428
0280410813	2010	4	26	116	0.332	0.423
0280410813	2010	4	27	117	0.326	0.422
0280410813	2010	4	28	118	0.316	0.421
0280410813	2010	4	29	119	0.308	0.42
0280410813	2010	4	30	120	0.303	0.418
0280410813	2010	5	1	121	0.308	0.419
0280410813	2010	5	2	122	0.357	0.443
0280410813	2010	5	3	123	0.354	0.44
0280410813	2010	5	4	124	0.343	0.436
0280410813	2010	5	5	125	0.328	0.433
0280410813	2010	5	6	126	0.319	0.431
0280410813	2010	5	7	127	0.398	0.442
0280410813	2010	5	8	128	0.379	0.453
0280410813	2010	5	9	129	0.369	0.448
0280410813	2010	5	10	130	0.357	0.442
0280410813	2010	5	11	131	0.397	0.448
0280410813	2010	5	12	132	0.378	0.454
0280410813	2010	5	13	133	0.378	0.4525
0280410813	2010	5	14	134	0.378	0.451
0280410813	2010	5	15	135	0.364	0.446
0280410813	2010	5	16	136	0.355	0.442
0280410813	2010	5	17	137	0.343	0.44
0280410813	2010	5	18	138	0.335	0.439
0280410813	2010	5	19	139	0.33	0.437
0280410813	2010	5	20	140	0.318	0.437
0280410813	2010	5	21	141	0.382	0.462
0280410813	2010	5	22	142	0.378	0.455
0280410813	2010	5	23	143	0.367	0.45
0280410813	2010	5	24	144	0.356	0.447
0280410813	2010	5	25	145	0.342	0.446
0280410813	2010	5	26	146	0.346	0.445
0280410813	2010	5	27	147	0.332	0.443
0280410813	2010	5	28	148	0.322	0.441
0280410813	2010	5	29	149	0.312	0.437
0280410813	2010	5	30	150	0.3	0.432
0280410813	2010	5	31	151	0.363	0.43
0280410813	2010	6	1	152	0.358	0.432
0280410813	2010	6	2	153	0.407	0.464
0280410813	2010	6	3	154	0.392	0.457
0280410813	2010	6	4	155	0.382	0.451
0280410813	2010	6	5	156	0.387	0.454
0280410813	2010	6	6	157	0.392	0.457
0280410813	2010	6	7	158	0.392	0.457
0280410813	2010	6	8	159	0.417	0.455
0280410813	2010	6	9	160	0.417	0.465
0280410813	2010	6	10	161	0.393	0.458
0280410813	2010	6	11	162	0.396	0.453
0280410813	2010	6	12	163	0.385	0.453
0280410813	2010	6	13	164	0.38	0.453
0280410813	2010	6	14	165	0.391	0.453
0280410813	2010	6	15	166	0.432	0.478
0280410813	2010	6	16	167	0.4145	0.471
0280410813	2010	6	17	168	0.397	0.464
0280410813	2010	6	18	169	0.42	0.479
0280410813	2010	6	19	170	0.414	0.476
0280410813	2010	6	20	171	0.389	0.464
0280410813	2010	6	21	172	0.373	0.46
0280410813	2010	6	22	173	0.443	0.4735
0280410813	2010	6	23	174	0.4375	0.487
0280410813	2010	6	24	175	0.432	0.487
0280410813	2010	6	25	176	0.395	0.468
0280410813	2010	6	26	177	0.375	0.463
0280410813	2010	6	27	178	0.37	0.461
0280410813	2010	6	28	179	0.398	0.459
0280410813	2010	6	29	180	0.359	0.458
0280410813	2010	6	30	181	0.34	0.454
0280410813	2010	7	1	182	0.326	0.449
0280410813	2010	7	2	183	0.313	0.444
0280410813	2010	7	3	184	0.303	0.439
0280410813	2010	7	4	185	0.292	0.434
0280410813	2010	7	5	186	0.284	0.43
0280410813	2010	7	6	187	0.275	0.427
0280410813	2010	7	7	188	0.267	0.423
0280410813	2010	7	8	189	0.35	0.42
0280410813	2010	7	9	190	0.309	0.419
0280410813	2010	7	10	191	0.292	0.419
0280410813	2010	7	11	192	0.277	0.416
0280410813	2010	7	12	193	0.272	0.415
0280410813	2010	7	13	194	0.268	0.413
0280410813	2010	7	14	195	0.266	0.412
0280410813	2010	7	15	196	0.261	0.409
0280410813	2010	7	16	197	0.259	0.407
0280410813	2010	7	17	198	0.25	0.403
0280410813	2010	7	18	199	0.244	0.399
0280410813	2010	7	19	200	0.241	0.397
0280410813	2010	7	20	201	0.238	0.393
0280410813	2010	7	21	202	0.237	0.39
0280410813	2010	7	22	203	0.441	0.4475
0280410813	2010	7	23	204	0.445	0.505
0280410813	2010	7	24	205	0.441	0.505
0280410813	2010	7	25	206	0.441	0.495
0280410813	2010	7	26	207	0.402	0.479
0280410813	2010	7	27	208	0.384	0.47
0280410813	2010	7	28	209	0.363	0.461
0280410813	2010	7	29	210	0.356	0.456
0280410813	2010	7	30	211	0.341	0.451
0280410813	2010	7	31	212	0.333	0.446
0280410813	2010	8	1	213	0.327	0.442
0280410813	2010	8	2	214	0.318	0.438
0280410813	2010	8	3	215	0.309	0.433
0280410813	2010	8	4	216	0.34	0.431
0280410813	2010	8	5	217	0.319	0.43
0280410813	2010	8	6	218	0.305	0.427
0280410813	2010	8	7	219	0.293	0.423
0280410813	2010	8	8	220	0.284	0.419
0280410813	2010	8	9	221	0.315	0.416
0280410813	2010	8	10	222	0.298	0.417
0280410813	2010	8	11	223	0.394	0.464
0280410813	2010	8	12	224	0.377	0.452
0280410813	2010	8	13	225	0.354	0.441
0280410813	2010	8	14	226	0.34	0.436
0280410813	2010	8	15	227	0.336	0.434
0280410813	2010	8	16	228	0.324	0.429
0280410813	2010	8	17	229	0.308	0.425
0280410813	2010	8	18	230	0.299	0.421
0280410813	2010	8	19	231	0.292	0.417
0280410813	2010	8	20	232	0.284	0.414
0280410813	2010	8	21	233	0.323	0.411
0280410813	2010	8	22	234	0.307	0.411
0280410813	2010	8	23	235	0.293	0.41
0280410813	2010	8	24	236	0.288	0.408
0280410813	2010	8	25	237	0.282	0.407
0280410813	2010	8	26	238	0.273	0.404
0280410813	2010	8	27	239	0.265	0.401
0280410813	2010	8	28	240	0.257	0.397
0280410813	2010	8	29	241	0.25	0.394
0280410813	2010	8	30	242	0.245	0.391
0280410813	2010	8	31	243	0.241	0.388
0280410813	2010	9	1	244	0.236	0.385
0280410813	2010	9	2	245	0.263	0.383
0280410813	2010	9	3	246	0.38	0.436
0280410813	2010	9	4	247	0.348	0.419
0280410813	2010	9	5	248	0.33	0.412
0280410813	2010	9	6	249	0.315	0.407
0280410813	2010	9	7	250	0.307	0.404
0280410813	2010	9	8	251	0.289	0.4
0280410813	2010	9	9	252	0.281	0.398
0280410813	2010	9	10	253	0.272	0.394
0280410813	2010	9	11	254	0.309	0.391
0280410813	2010	9	12	255	0.304	0.389
0280410813	2010	9	13	256	0.285	0.388
0280410813	2010	9	14	257	0.272	0.387
0280410813	2010	9	15	258	0.263	0.385
0280410813	2010	9	16	259	0.352	0.384
0280410813	2010	9	17	260	0.349	0.385
0280410813	2010	9	18	261	0.362	0.385
0280410813	2010	9	19	262	0.361	0.386
0280410813	2010	9	20	263	0.349	0.386
0280410813	2010	9	21	264	0.362	0.386
0280410813	2010	9	22	265	0.363	0.387
0280410813	2010	9	23	266	0.349	0.388
0280410813	2010	9	24	267	0.331	0.388
0280410813	2010	9	25	268	0.32	0.388
0280410813	2010	9	26	269	0.309	0.387
0280410813	2010	9	27	270	0.308	0.385
0280410813	2010	9	28	271	0.319	0.383
0280410813	2010	9	29	272	0.311	0.382
0280410813	2010	9	30	273	0.303	0.381
0280410813	2010	10	1	274	0.296	0.38
0280410813	2010	10	2	275	0.291	0.379
0280410813	2010	10	3	276	0.288	0.379
0280410813	2010	10	4	277	0.281	0.377
0280410813	2010	10	5	278	0.276	0.375
0280410813	2010	10	6	279	0.272	0.373
0280410813	2010	10	7	280	0.268	0.372
0280410813	2010	10	8	281	0.263	0.371
0280410813	2010	10	9	282	0.259	0.37
0280410813	2010	10	10	283	0.257	0.37
0280410813	2010	10	11	284	0.253	0.37
0280410813	2010	10	12	285	0.25	0.37
0280410813	2010	10	13	286	0.269	0.369
0280410813	2010	10	14	287	0.264	0.369
0280410813	2010	10	15	288	0.259	0.367
0280410813	2010	10	16	289	0.257	0.367
0280410813	2010	10	17	290	0.254	0.365
0280410813	2010	10	18	291	0.25	0.364
0280410813	2010	10	19	292	0.248	0.363
0280410813	2010	10	20	293	0.244	0.362
0280410813	2010	10	21	294	0.244	0.36
0280410813	2010	10	22	295	0.243	0.36
0280410813	2010	10	23	296	0.246	0.358
0280410813	2010	10	24	297	0.25	0.359
0280410813	2010	10	25	298	0.317	0.361
0280410813	2010	10	26	299	0.343	0.363
0280410813	2010	10	27	300	0.334	0.364
0280410813	2010	10	28	301	0.324	0.364
0280410813	2010	10	29	302	0.324	0.363
0280410813	2010	10	30	303	0.318	0.362
0280410813	2010	10	31	304	0.314	0.361
0280410813	2010	11	1	305	0.309	0.36
0280410813	2010	11	2	306	0.304	0.358
0280410813	2010	11	3	307	0.3	0.356
0280410813	2010	11	4	308	0.3	0.355
0280410813	2010	11	5	309	0.3	0.355
0280410813	2010	11	6	310	0.296	0.354
0280410813	2010	11	7	311	0.295	0.353
0280410813	2010	11	8	312	0.294	0.352
0280410813	2010	11	9	313	0.294	0.352
0280410813	2010	11	10	314	0.294	0.352
0280410813	2010	11	11	315	0.294	0.354
0280410813	2010	11	12	316	0.293	0.354
0280410813	2010	11	13	317	0.293	0.354
0280410813	2010	11	14	318	0.293	0.355
0280410813	2010	11	15	319	0.291	0.355
0280410813	2010	11	16	320	0.289	0.354
0280410813	2010	11	17	321	0.291	0.354
0280410813	2010	11	18	322	0.291	0.354
0280410813	2010	11	19	323	0.289	0.354
0280410813	2010	11	20	324	0.289	0.353
0280410813	2010	11	21	325	0.289	0.353
0280410813	2010	11	22	326	0.395	0.387
0280410813	2010	11	23	327	0.392	0.4
0280410813	2010	11	24	328	0.395	0.399
0280410813	2010	11	25	329	0.4	0.42
0280410813	2010	11	26	330	0.388	0.419
0280410813	2010	11	27	331	0.375	0.414
0280410813	2010	11	28	332	0.368	0.411
0280410813	2010	11	29	333	0.378	0.408
0280410813	2010	11	30	334	0.412	0.429
0280410813	2010	12	1	335	0.38	0.418
0280410813	2010	12	2	336	0.375	0.414
0280410813	2010	12	3	337	0.37	0.412
0280410813	2010	12	4	338	0.367	0.41
0280410813	2010	12	5	339	0.365	0.409
0280410813	2010	12	6	340	0.363	0.408
0280410813	2010	12	7	341	0.36	0.407
0280410813	2010	12	8	342	0.351	0.405
0280410813	2010	12	9	343	0.342	0.404
0280410813	2010	12	10	344	0.34	0.403
0280410813	2010	12	11	345	0.391	0.424
0280410813	2010	12	12	346	0.393	0.424
0280410813	2010	12	13	347	0.373	0.416
0280410813	2010	12	14	348	0.341	0.41
0280410813	2010	12	15	349	0.322	0.406
0280410813	2010	12	16	350	0.31	0.405
0280410813	2010	12	17	351	0.301	0.403
0280410813	2010	12	18	352	0.297	0.402
0280410813	2010	12	19	353	0.291	0.401
0280410813	2010	12	20	354	0.287	0.399
0280410813	2010	12	21	355	0.286	0.399
0280410813	2010	12	22	356	0.289	0.398
0280410813	2010	12	23	357	0.293	0.397
0280410813	2010	12	24	358	0.296	0.397
0280410813	2010	12	25	359	0.296	0.396
0280410813	2010	12	26	360	0.291	0.396
0280410813	2010	12	27	361	0.285	0.396
0280410813	2010	12	28	362	0.282	0.395
0280410813	2010	12	29	363	0.279	0.394
0280410813	2010	12	30	364	0.304	0.396
0280410813	2010	12	31	365	0.363	0.45
0280410813	2011	1	1	1	0.364	0.425
0280410813	2011	1	2	2	0.344	0.417
0280410813	2011	1	3	3	0.328	0.408
0280410813	2011	1	4	4	0.323	0.405
0280410813	2011	1	5	5	0.321	0.403
0280410813	2011	1	6	6	0.313	0.402
0280410813	2011	1	7	7	0.31	0.401
0280410813	2011	1	8	8	0.3	0.4
0280410813	2011	1	9	9	0.282	0.399
0280410813	2011	1	10	10	0.27	0.398
0280410813	2011	1	11	11	0.261	0.397
0280410813	2011	1	12	12	0.256	0.396
0280410813	2011	1	13	13	0.252	0.395
0280410813	2011	1	14	14	0.249	0.394
0280410813	2011	1	15	15	0.246	0.393
0280410813	2011	1	16	16	0.245	0.393
0280410813	2011	1	17	17	0.239	0.392
0280410813	2011	1	18	18	0.238	0.391
0280410813	2011	1	19	19	0.238	0.391
0280410813	2011	1	20	20	0.237	0.391
0280410813	2011	1	21	21	0.235	0.39
0280410813	2011	1	22	22	0.229	0.39
0280410813	2011	1	23	23	0.219	0.389
0280410813	2011	1	24	24	0.205	0.388
0280410813	2011	1	25	25	0.204	0.387
0280410813	2011	1	26	26	0.207	0.386
0280410813	2011	1	27	27	0.209	0.386
0280410813	2011	1	28	28	0.212	0.385
0280410813	2011	1	29	29	0.214	0.385
0280410813	2011	1	30	30	0.216	0.384
0280410813	2011	1	31	31	0.213	0.384
0280410813	2011	2	1	32	0.204	0.383
0280410813	2011	2	2	33	0.201	0.383
0280410813	2011	2	3	34	0.205	0.382
0280410813	2011	2	4	35	0.207	0.381
0280410813	2011	2	5	36	0.206	0.381
0280410813	2011	2	6	37	0.207	0.38
0280410813	2011	2	7	38	0.212	0.379
0280410813	2011	2	8	39	0.212	0.379
0280410813	2011	2	9	40	0.214	0.379
0280410813	2011	2	10	41	0.216	0.379
0280410813	2011	2	11	42	0.213	0.379
0280410813	2011	2	12	43	0.217	0.378
0280410813	2011	2	13	44	0.228	0.407
0280410813	2011	2	14	45	0.254	0.415
0280410813	2011	2	15	46	0.26	0.41
0280410813	2011	2	16	47	0.283	0.465
0280410813	2011	2	17	48	0.306	0.456
0280410813	2011	2	18	49	0.314	0.447
0280410813	2011	2	19	50	0.304	0.422
0280410813	2011	2	20	51	0.313	0.424
0280410813	2011	2	21	52	0.31	0.426
0280410813	2011	2	22	53	0.302	0.415
0280410813	2011	2	23	54	0.299	0.411
0280410813	2011	2	24	55	0.3	0.407
0280410813	2011	2	25	56	0.302	0.407
0280410813	2011	2	26	57	0.302	0.408
0280410813	2011	2	27	58	0.315	0.464
0280410813	2011	2	28	59	0.319	0.462
0280410813	2011	3	1	60	0.318	0.46
0280410813	2011	3	2	61	0.319	0.422
0280410813	2011	3	3	62	0.315	0.42
0280410813	2011	3	4	63	0.319	0.416
0280410813	2011	3	5	64	0.324	0.42
0280410813	2011	3	6	65	0.318	0.419
0280410813	2011	3	7	66	0.314	0.419
0280410813	2011	3	8	67	0.319	0.413
0280410813	2011	3	9	68	0.333	0.421
0280410813	2011	3	10	69	0.334	0.422
0280410813	2011	3	11	70	0.335	0.422
0280410813	2011	3	12	71	0.328	0.421
0280410813	2011	3	13	72	0.334	0.418
0280410813	2011	3	14	73	0.331	0.418
0280410813	2011	3	15	74	0.33	0.415
0280410813	2011	3	16	75	0.351	0.426
0280410813	2011	3	17	76	0.368	0.428
0280410813	2011	3	18	77	0.366	0.426
0280410813	2011	3	19	78	0.355	0.422
0280410813	2011	3	20	79	0.389	0.431
0280410813	2011	3	21	80	0.379	0.44
0280410813	2011	3	22	81	0.378	0.44
0280410813	2011	3	23	82	0.378	0.455
0280410813	2011	3	24	83	0.361	0.428
0280410813	2011	3	25	84	0.353	0.421
0280410813	2011	3	26	85	0.344	0.417
0280410813	2011	3	27	86	0.337	0.413
0280410813	2011	3	28	87	0.33	0.411
0280410813	2011	3	29	88	0.324	0.409
0280410813	2011	3	30	89	0.324	0.407
0280410813	2011	3	31	90	0.324	0.407
0280410813	2011	4	1	91	0.33	0.406
0280410813	2011	4	2	92	0.333	0.407
0280410813	2011	4	3	93	0.354	0.42
0280410813	2011	4	4	94	0.355	0.422
0280410813	2011	4	5	95	0.351	0.422
0280410813	2011	4	6	96	0.372	0.434
0280410813	2011	4	7	97	0.36	0.427
0280410813	2011	4	8	98	0.385	0.452
0280410813	2011	4	9	99	0.363	0.429
0280410813	2011	4	10	100	0.363	0.426
0280410813	2011	4	11	101	0.382	0.44
0280410813	2011	4	12	102	0.367	0.433
0280410813	2011	4	13	103	0.359	0.428
0280410813	2011	4	14	104	0.354	0.425
0280410813	2011	4	15	105	0.363	0.423
0280410813	2011	4	16	106	0.377	0.439
0280410813	2011	4	17	107	0.372	0.438
0280410813	2011	4	18	108	0.378	0.44
0280410813	2011	4	19	109	0.4	0.434
0280410813	2011	4	20	110	0.403	0.428
0280410813	2011	4	21	111	0.366	0.428
0280410813	2011	4	22	112	0.397	0.514
0280410813	2011	4	23	113	0.4	0.473
0280410813	2011	4	24	114	0.368	0.432
0280410813	2011	4	25	115	0.367	0.429
0280410813	2011	4	26	116	0.395	0.458
0280410813	2011	4	27	117	0.406	0.449
0280410813	2011	4	28	118	0.41	0.44
0280410813	2011	4	29	119	0.378	0.44
0280410813	2011	4	30	120	0.369	0.435
0280410813	2011	5	1	121	0.364	0.432
0280410813	2011	5	2	122	0.359	0.431
0280410813	2011	5	3	123	0.353	0.43
0280410813	2011	5	4	124	0.349	0.428
0280410813	2011	5	5	125	0.344	0.426
0280410813	2011	5	6	126	0.341	0.425
0280410813	2011	5	7	127	0.339	0.425
0280410813	2011	5	8	128	0.335	0.425
0280410813	2011	5	9	129	0.328	0.425
0280410813	2011	5	10	130	0.319	0.426
0280410813	2011	5	11	131	0.335	0.427
0280410813	2011	5	12	132	0.339	0.432
0280410813	2011	5	13	133	0.406	0.489
0280410813	2011	5	14	134	0.389	0.458
0280410813	2011	5	15	135	0.397	0.466
0280410813	2011	5	16	136	0.378	0.455
0280410813	2011	5	17	137	0.364	0.446
0280410813	2011	5	18	138	0.369	0.442
0280410813	2011	5	19	139	0.381	0.449
0280410813	2011	5	20	140	0.379	0.45
0280410813	2011	5	21	141	0.368	0.448
0280410813	2011	5	22	142	0.367	0.446
0280410813	2011	5	23	143	0.368	0.447
0280410813	2011	5	24	144	0.359	0.447
0280410813	2011	5	25	145	0.418	0.4525
0280410813	2011	5	26	146	0.411	0.458
0280410813	2011	5	27	147	0.382	0.458
0280410813	2011	5	28	148	0.377	0.452
0280410813	2011	5	29	149	0.423	0.457
0280410813	2011	5	30	150	0.391	0.462
0280410813	2011	5	31	151	0.372	0.454
0280410813	2011	6	1	152	0.355	0.453
0280410813	2011	6	2	153	0.334	0.451
0280410813	2011	6	3	154	0.318	0.448
0280410813	2011	6	4	155	0.308	0.446
0280410813	2011	6	5	156	0.297	0.444
0280410813	2011	6	6	157	0.283	0.441
0280410813	2011	6	7	158	0.277	0.438
0280410813	2011	6	8	159	0.266	0.436
0280410813	2011	6	9	160	0.254	0.434
0280410813	2011	6	10	161	0.322	0.447
0280410813	2011	6	11	162	0.318	0.443
0280410813	2011	6	12	163	0.312	0.44
0280410813	2011	6	13	164	0.301	0.436
0280410813	2011	6	14	165	0.286	0.433
0280410813	2011	6	15	166	0.276	0.429
0280410813	2011	6	16	167	0.276	0.428
0280410813	2011	6	17	168	0.27	0.426
0280410813	2011	6	18	169	0.26	0.423
0280410813	2011	6	19	170	0.254	0.422
0280410813	2011	6	20	171	0.248	0.419
0280410813	2011	6	21	172	0.268	0.418
0280410813	2011	6	22	173	0.292	0.417
0280410813	2011	6	23	174	0.284	0.417
0280410813	2011	6	24	175	0.284	0.416
0280410813	2011	6	25	176	0.283	0.415
0280410813	2011	6	26	177	0.267	0.413
0280410813	2011	6	27	178	0.254	0.411
0280410813	2011	6	28	179	0.254	0.409
0280410813	2011	6	29	180	0.25	0.408
0280410813	2011	6	30	181	0.25	0.407
0280410813	2011	7	1	182	0.259	0.407
0280410813	2011	7	2	183	0.262	0.408
0280410813	2011	7	3	184	0.261	0.409
0280410813	2011	7	4	185	0.26	0.409
0280410813	2011	7	5	186	0.258	0.409
0280410813	2011	7	6	187	0.257	0.408
0280410813	2011	7	7	188	0.256	0.409
0280410813	2011	7	8	189	0.254	0.408
0280410813	2011	7	9	190	0.253	0.407
0280410813	2011	7	10	191	0.252	0.407
0280410813	2011	7	11	192	0.299	0.444
0280410813	2011	7	12	193	0.298	0.437
0280410813	2011	7	13	194	0.297	0.43
0280410813	2011	7	14	195	0.297	0.428
0280410813	2011	7	15	196	0.295	0.425
0280410813	2011	7	16	197	0.294	0.424
0280410813	2011	7	17	198	0.293	0.423
0280410813	2011	7	18	199	0.294	0.422
0280410813	2011	7	19	200	0.295	0.423
0280410813	2011	7	20	201	0.294	0.422
0280410813	2011	7	21	202	0.293	0.422
0280410813	2011	7	22	203	0.296	0.422
0280410813	2011	7	23	204	0.297	0.421
0280410813	2011	7	24	205	0.297	0.422
0280410813	2011	7	25	206	0.296	0.422
0280410813	2011	7	26	207	0.294	0.419
0280410813	2011	7	27	208	0.352	0.453
0280410813	2011	7	28	209	0.388	0.465
0280410813	2011	7	29	210	0.382	0.4635
0280410813	2011	7	30	211	0.376	0.462
0280410813	2011	7	31	212	0.368	0.459
0280410813	2011	8	1	213	0.363	0.458
0280410813	2011	8	2	214	0.394	0.472
0280410813	2011	8	3	215	0.41	0.484
0280410813	2011	8	4	216	0.378	0.464
0280410813	2011	8	5	217	0.372	0.464
0280410813	2011	8	6	218	0.368	0.46
0280410813	2011	8	7	219	0.405	0.482
0280410813	2011	8	8	220	0.385	0.469
0280410813	2011	8	9	221	0.378	0.462
0280410813	2011	8	10	222	0.374	0.461
0280410813	2011	8	11	223	0.366	0.459
0280410813	2011	8	12	224	0.361	0.456
0280410813	2011	8	13	225	0.416	0.483
0280410813	2011	8	14	226	0.39	0.47
0280410813	2011	8	15	227	0.378	0.462
0280410813	2011	8	16	228	0.374	0.459
0280410813	2011	8	17	229	0.369	0.457
0280410813	2011	8	18	230	0.364	0.457
0280410813	2011	8	19	231	0.358	0.454
0280410813	2011	8	20	232	0.378	0.464
0280410813	2011	8	21	233	0.378	0.458
0280410813	2011	8	22	234	0.37	0.455
0280410813	2011	8	23	235	0.37	0.453
0280410813	2011	8	24	236	0.417	0.479
0280410813	2011	8	25	237	0.382	0.464
0280410813	2011	8	26	238	0.374	0.457
0280410813	2011	8	27	239	0.367	0.455
0280410813	2011	8	28	240	0.362	0.453
0280410813	2011	8	29	241	0.354	0.451
0280410813	2011	8	30	242	0.347	0.449
0280410813	2011	8	31	243	0.343	0.447
0280410813	2011	9	1	244	0.342	0.446
0280410813	2011	9	2	245	0.339	0.445
0280410813	2011	9	3	246	0.336	0.445
0280410813	2011	9	4	247	0.33	0.443
0280410813	2011	9	5	248	0.325	0.449
0280410813	2011	9	6	249	0.315	0.444
0280410813	2011	9	7	250	0.308	0.438
0280410813	2011	9	8	251	0.317	0.432
0280410813	2011	9	9	252	0.357	0.438
0280410813	2011	9	10	253	0.362	0.437
0280410813	2011	9	11	254	0.359	0.436
0280410813	2011	9	12	255	0.353	0.435
0280410813	2011	9	13	256	0.345	0.437
0280410813	2011	9	14	257	0.334	0.433
0280410813	2011	9	15	258	0.331	0.43
0280410813	2011	9	16	259	0.324	0.427
0280410813	2011	9	17	260	0.32	0.424
0280410813	2011	9	18	261	0.313	0.423
0280410813	2011	9	19	262	0.333	0.422
0280410813	2011	9	20	263	0.331	0.422
0280410813	2011	9	21	264	0.326	0.421
0280410813	2011	9	22	265	0.32	0.42
0280410813	2011	9	23	266	0.313	0.419
0280410813	2011	9	24	267	0.308	0.417
0280410813	2011	9	25	268	0.332	0.417
0280410813	2011	9	26	269	0.368	0.422
0280410813	2011	9	27	270	0.394	0.455
0280410813	2011	9	28	271	0.384	0.45
0280410813	2011	9	29	272	0.394	0.458
0280410813	2011	9	30	273	0.404	0.464
0280410813	2011	10	1	274	0.372	0.448
0280410813	2011	10	2	275	0.363	0.443
0280410813	2011	10	3	276	0.357	0.439
0280410813	2011	10	4	277	0.351	0.436
0280410813	2011	10	5	278	0.345	0.434
0280410813	2011	10	6	279	0.34	0.433
0280410813	2011	10	7	280	0.334	0.432
0280410813	2011	10	8	281	0.33	0.432
0280410813	2011	10	9	282	0.324	0.431
0280410813	2011	10	10	283	0.319	0.43
0280410813	2011	10	11	284	0.315	0.429
0280410813	2011	10	12	285	0.309	0.428
0280410813	2011	10	13	286	0.395	0.477
0280410813	2011	10	14	287	0.382	0.459
0280410813	2011	10	15	288	0.364	0.444
0280410813	2011	10	16	289	0.357	0.44
0280410813	2011	10	17	290	0.352	0.439
0280410813	2011	10	18	291	0.346	0.437
0280410813	2011	10	19	292	0.391	0.466
0280410813	2011	10	20	293	0.396	0.476
0280410813	2011	10	21	294	0.378	0.454
0280410813	2011	10	22	295	0.366	0.444
0280410813	2011	10	23	296	0.361	0.44
0280410813	2011	10	24	297	0.394	0.468
0280410813	2011	10	25	298	0.37	0.446
0280410813	2011	10	26	299	0.366	0.442
0280410813	2011	10	27	300	0.362	0.44
0280410813	2011	10	28	301	0.356	0.438
0280410813	2011	10	29	302	0.361	0.436
0280410813	2011	10	30	303	0.363	0.435
0280410813	2011	10	31	304	0.37	0.435
0280410813	2011	11	1	305	0.367	0.436
0280410813	2011	11	2	306	0.364	0.435
0280410813	2011	11	3	307	0.363	0.435
0280410813	2011	11	4	308	0.359	0.434
0280410813	2011	11	5	309	0.354	0.433
0280410813	2011	11	6	310	0.353	0.431
0280410813	2011	11	7	311	0.353	0.431
0280410813	2011	11	8	312	0.39	0.455
0280410813	2011	11	9	313	0.401	0.469
0280410813	2011	11	10	314	0.386	0.452
0280410813	2011	11	11	315	0.388	0.457
0280410813	2011	11	12	316	0.384	0.458
0280410813	2011	11	13	317	0.378	0.448
0280410813	2011	11	14	318	0.372	0.44
0280410813	2011	11	15	319	0.371	0.438
0280410813	2011	11	16	320	0.369	0.437
0280410813	2011	11	17	321	0.361	0.434
0280410813	2011	11	18	322	0.355	0.431
0280410813	2011	11	19	323	0.354	0.429
0280410813	2011	11	20	324	0.355	0.429
0280410813	2011	11	21	325	0.352	0.429
0280410813	2011	11	22	326	0.391	0.453
0280410813	2011	11	23	327	0.381	0.447
0280410813	2011	11	24	328	0.368	0.434
0280410813	2011	11	25	329	0.365	0.432
0280410813	2011	11	26	330	0.375	0.43
0280410813	2011	11	27	331	0.392	0.451
0280410813	2011	11	28	332	0.382	0.447
0280410813	2011	11	29	333	0.399	0.455
0280410813	2011	11	30	334	0.394	0.447
0280410813	2011	12	1	335	0.379	0.444
0280410813	2011	12	2	336	0.379	0.441
0280410813	2011	12	3	337	0.377	0.444
0280410813	2011	12	4	338	0.399	0.45
0280410813	2011	12	5	339	0.386	0.445
0280410813	2011	12	6	340	0.374	0.435
0280410813	2011	12	7	341	0.366	0.431
0280410813	2011	12	8	342	0.362	0.428
0280410813	2011	12	9	343	0.358	0.425
0280410813	2011	12	10	344	0.355	0.424
0280410813	2011	12	11	345	0.354	0.422
0280410813	2011	12	12	346	0.354	0.421
0280410813	2011	12	13	347	0.359	0.42
0280410813	2011	12	14	348	0.407	0.4345
0280410813	2011	12	15	349	0.39	0.449
0280410813	2011	12	16	350	0.375	0.438
0280410813	2011	12	17	351	0.367	0.431
0280410813	2011	12	18	352	0.37	0.428
0280410813	2011	12	19	353	0.371	0.427
0280410813	2011	12	20	354	0.368	0.427
0280410813	2011	12	21	355	0.373	0.426
0280410813	2011	12	22	356	0.381	0.431
0280410813	2011	12	23	357	0.381	0.437
0280410813	2011	12	24	358	0.372	0.434
0280410813	2011	12	25	359	0.366	0.429
0280410813	2011	12	26	360	0.363	0.426
0280410813	2011	12	27	361	0.377	0.425
0280410813	2011	12	28	362	0.373	0.425
0280410813	2011	12	29	363	0.374	0.428
0280410813	2011	12	30	364	0.392	0.446
0280410813	2011	12	31	365	0.381	0.439
0280410813	2012	1	1	1	0.379	0.432
0280410813	2012	1	2	2	0.378	0.431
0280410813	2012	1	3	3	0.373	0.428
0280410813	2012	1	4	4	0.369	0.426
0280410813	2012	1	5	5	0.37	0.425
0280410813	2012	1	6	6	0.388	0.447
0280410813	2012	1	7	7	0.378	0.441
0280410813	2012	1	8	8	0.378	0.437
0280410813	2012	1	9	9	0.361	0.427
0280410813	2012	1	10	10	0.359	0.423
0280410813	2012	1	11	11	0.357	0.421
0280410813	2012	1	12	12	0.379	0.442
0280410813	2012	1	13	13	0.374	0.438
0280410813	2012	1	14	14	0.369	0.428
0280410813	2012	1	15	15	0.365	0.424
0280410813	2012	1	16	16	0.381	0.443
0280410813	2012	1	17	17	0.383	0.445
0280410813	2012	1	18	18	0.377	0.435
0280410813	2012	1	19	19	0.368	0.428
0280410813	2012	1	20	20	0.361	0.424
0280410813	2012	1	21	21	0.357	0.421
0280410813	2012	1	22	22	0.354	0.419
0280410813	2012	1	23	23	0.393	0.4255
0280410813	2012	1	24	24	0.371	0.432
0280410813	2012	1	25	25	0.362	0.424
0280410813	2012	1	26	26	0.381	0.441
0280410813	2012	1	27	27	0.382	0.444
0280410813	2012	1	28	28	0.374	0.438
0280410813	2012	1	29	29	0.369	0.427
0280410813	2012	1	30	30	0.364	0.423
0280410813	2012	1	31	31	0.386	0.451
0280410813	2012	2	1	32	0.378	0.438
0280410813	2012	2	2	33	0.37	0.428
0280410813	2012	2	3	34	0.363	0.425
0280410813	2012	2	4	35	0.359	0.423
0280410813	2012	2	5	36	0.355	0.421
0280410813	2012	2	6	37	0.351	0.419
0280410813	2012	2	7	38	0.35	0.418
0280410813	2012	2	8	39	0.347	0.417
0280410813	2012	2	9	40	0.338	0.416
0280410813	2012	2	10	41	0.331	0.415
0280410813	2012	2	11	42	0.331	0.414
0280410813	2012	2	12	43	0.332	0.414
0280410813	2012	2	13	44	0.331	0.413
0280410813	2012	2	14	45	0.327	0.413
0280410813	2012	2	15	46	0.382	0.441
0280410813	2012	2	16	47	0.381	0.441
0280410813	2012	2	17	48	0.367	0.432
0280410813	2012	2	18	49	0.361	0.425
0280410813	2012	2	19	50	0.351	0.423
0280410813	2012	2	20	51	0.338	0.42
0280410813	2012	2	21	52	0.35	0.418
0280410813	2012	2	22	53	0.353	0.417
0280410813	2012	2	23	54	0.365	0.421
0280410813	2012	2	24	55	0.373	0.433
0280410813	2012	2	25	56	0.371	0.432
0280410813	2012	2	26	57	0.37	0.43
0280410813	2012	2	27	58	0.365	0.428
0280410813	2012	2	28	59	0.378	0.439
0280410813	2012	2	29	60	0.403	0.441
0280410813	2012	3	1	61	0.382	0.443
0280410813	2012	3	2	62	0.401	0.462
0280410813	2012	3	3	63	0.385	0.442
0280410813	2012	3	4	64	0.377	0.43
0280410813	2012	3	5	65	0.377	0.428
0280410813	2012	3	6	66	0.381	0.443
0280410813	2012	3	7	67	0.375	0.437
0280410813	2012	3	8	68	0.403	0.451
0280410813	2012	3	9	69	0.376	0.439
0280410813	2012	3	10	70	0.363	0.429
0280410813	2012	3	11	71	0.36	0.426
0280410813	2012	3	12	72	0.385	0.445
0280410813	2012	3	13	73	0.385	0.445
0280410813	2012	3	14	74	0.378	0.441
0280410813	2012	3	15	75	0.375	0.437
0280410813	2012	3	16	76	0.373	0.436
0280410813	2012	3	17	77	0.371	0.436
0280410813	2012	3	18	78	0.367	0.436
0280410813	2012	3	19	79	0.364	0.436
0280410813	2012	3	20	80	0.362	0.437
0280410813	2012	3	21	81	0.355	0.437
0280410813	2012	3	22	82	0.35	0.438
0280410813	2012	3	23	83	0.403	0.468
0280410813	2012	3	24	84	0.387	0.459
0280410813	2012	3	25	85	0.378	0.448
0280410813	2012	3	26	86	0.372	0.445
0280410813	2012	3	27	87	0.359	0.442
0280410813	2012	3	28	88	0.35	0.438
0280410813	2012	3	29	89	0.343	0.437
0280410813	2012	3	30	90	0.359	0.435
0280410813	2012	3	31	91	0.358	0.434
0280410813	2012	4	1	92	0.355	0.433
0280410813	2012	4	2	93	0.353	0.433
0280410813	2012	4	3	94	0.395	0.46
0280410813	2012	4	4	95	0.376	0.447
0280410813	2012	4	5	96	0.362	0.443
0280410813	2012	4	6	97	0.35	0.439
0280410813	2012	4	7	98	0.342	0.436
0280410813	2012	4	8	99	0.337	0.434
0280410813	2012	4	9	100	0.332	0.434
0280410813	2012	4	10	101	0.323	0.433
0280410813	2012	4	11	102	0.316	0.431
0280410813	2012	4	12	103	0.312	0.429
0280410813	2012	4	13	104	0.306	0.429
0280410813	2012	4	14	105	0.303	0.428
0280410813	2012	4	15	106	0.393	0.468
0280410813	2012	4	16	107	0.392	0.462
0280410813	2012	4	17	108	0.372	0.449
0280410813	2012	4	18	109	0.359	0.444
0280410813	2012	4	19	110	0.35	0.441
0280410813	2012	4	20	111	0.38	0.46
0280410813	2012	4	21	112	0.378	0.457
0280410813	2012	4	22	113	0.366	0.45
0280410813	2012	4	23	114	0.354	0.444
0280410813	2012	4	24	115	0.346	0.44
0280410813	2012	4	25	116	0.338	0.438
0280410813	2012	4	26	117	0.337	0.436
0280410813	2012	4	27	118	0.334	0.436
0280410813	2012	4	28	119	0.351	0.441
0280410813	2012	4	29	120	0.349	0.438
0280410813	2012	4	30	121	0.402	0.461
0280410813	2012	5	1	122	0.385	0.455
0280410813	2012	5	2	123	0.378	0.45
0280410813	2012	5	3	124	0.369	0.447
0280410813	2012	5	4	125	0.365	0.447
0280410813	2012	5	5	126	0.361	0.447
0280410813	2012	5	6	127	0.353	0.446
0280410813	2012	5	7	128	0.408	0.471
0280410813	2012	5	8	129	0.386	0.459
0280410813	2012	5	9	130	0.374	0.454
0280410813	2012	5	10	131	0.36	0.45
0280410813	2012	5	11	132	0.347	0.446
0280410813	2012	5	12	133	0.405	0.473
0280410813	2012	5	13	134	0.385	0.456
0280410813	2012	5	14	135	0.375	0.452
0280410813	2012	5	15	136	0.357	0.449
0280410813	2012	5	16	137	0.34	0.447
0280410813	2012	5	17	138	0.327	0.446
0280410813	2012	5	18	139	0.314	0.444
0280410813	2012	5	19	140	0.3	0.442
0280410813	2012	5	20	141	0.288	0.439
0280410813	2012	5	21	142	0.281	0.437
0280410813	2012	5	22	143	0.279	0.437
0280410813	2012	5	23	144	0.275	0.434
0280410813	2012	5	24	145	0.268	0.432
0280410813	2012	5	25	146	0.257	0.428
0280410813	2012	5	26	147	0.251	0.426
0280410813	2012	5	27	148	0.248	0.424
0280410813	2012	5	28	149	0.243	0.422
0280410813	2012	5	29	150	0.233	0.418
0280410813	2012	5	30	151	0.224	0.415
0280410813	2012	5	31	152	0.239	0.41
0280410813	2012	6	1	153	0.261	0.42
0280410813	2012	6	2	154	0.258	0.416
0280410813	2012	6	3	155	0.246	0.412
0280410813	2012	6	4	156	0.239	0.41
0280410813	2012	6	5	157	0.236	0.409
0280410813	2012	6	6	158	0.233	0.407
0280410813	2012	6	7	159	0.229	0.405
0280410813	2012	6	8	160	0.223	0.403
0280410813	2012	6	9	161	0.218	0.4
0280410813	2012	6	10	162	0.212	0.397
0280410813	2012	6	11	163	0.207	0.393
0280410813	2012	6	12	164	0.204	0.39
0280410813	2012	6	13	165	0.2	0.386
0280410813	2012	6	14	166	0.196	0.38
0280410813	2012	6	15	167	0.192	0.376
0280410813	2012	6	16	168	0.19	0.369
0280410813	2012	6	17	169	0.187	0.365
0280410813	2012	6	18	170	0.186	0.361
0280410813	2012	6	19	171	0.184	0.354
0280410813	2012	6	20	172	0.183	0.346
0280410813	2012	6	21	173	0.18	0.339
0280410813	2012	6	22	174	0.177	0.339
0280410813	2012	6	23	175	0.175	0.33
0280410813	2012	6	24	176	0.174	0.326
0280410813	2012	6	25	177	0.173	0.321
0280410813	2012	6	26	178	0.171	0.317
0280410813	2012	6	27	179	0.17	0.312
0280410813	2012	6	28	180	0.17	0.307
0280410813	2012	6	29	181	0.17	0.304
0280410813	2012	6	30	182	0.167	0.303
0280410813	2012	7	1	183	0.167	0.3
0280410813	2012	7	2	184	0.166	0.297
0280410813	2012	7	3	185	0.166	0.295
0280410813	2012	7	4	186	0.166	0.293
0280410813	2012	7	5	187	0.166	0.291
0280410813	2012	7	6	188	0.166	0.289
0280410813	2012	7	7	189	0.165	0.287
0280410813	2012	7	8	190	0.165	0.285
0280410813	2012	7	9	191	0.162	0.284
0280410813	2012	7	10	192	0.161	0.281
0280410813	2012	7	11	193	0.159	0.279
0280410813	2012	7	12	194	0.159	0.277
0280410813	2012	7	13	195	0.158	0.275
0280410813	2012	7	14	196	0.157	0.275
0280410813	2012	7	15	197	0.157	0.274
0280410813	2012	7	16	198	0.157	0.273
0280410813	2012	7	17	199	0.158	0.271
0280410813	2012	7	18	200	0.233	0.328
0280410813	2012	7	19	201	0.308	0.385
0280410813	2012	7	20	202	0.256	0.365
0280410813	2012	7	21	203	0.24	0.355
0280410813	2012	7	22	204	0.23	0.349
0280410813	2012	7	23	205	0.221	0.343
0280410813	2012	7	24	206	0.221	0.338
0280410813	2012	7	25	207	0.21	0.335
0280410813	2012	7	26	208	0.255	0.367
0280410813	2012	7	27	209	0.232	0.355
0280410813	2012	7	28	210	0.228	0.351
0280410813	2012	7	29	211	0.219	0.347
0280410813	2012	7	30	212	0.211	0.342
0280410813	2012	7	31	213	0.22	0.359
0280410813	2012	8	1	214	0.207	0.337
0280410813	2012	8	2	215	0.2	0.333
0280410813	2012	8	3	216	0.195	0.331
0280410813	2012	8	4	217	0.189	0.323
0280410813	2012	8	5	218	0.185	0.316
0280410813	2012	8	6	219	0.179	0.309
0280410813	2012	8	7	220	0.174	0.3
0280410813	2012	8	8	221	0.171	0.304
0280410813	2012	8	9	222	0.202	0.308
0280410813	2012	8	10	223	0.233	0.389
0280410813	2012	8	11	224	0.234	0.383
0280410813	2012	8	12	225	0.23	0.362
0280410813	2012	8	13	226	0.23	0.354
0280410813	2012	8	14	227	0.235	0.35
0280410813	2012	8	15	228	0.232	0.346
0280410813	2012	8	16	229	0.253	0.344
0280410813	2012	8	17	230	0.254	0.341
0280410813	2012	8	18	231	0.247	0.339
0280410813	2012	8	19	232	0.238	0.337
0280410813	2012	8	20	233	0.232	0.334
0280410813	2012	8	21	234	0.226	0.331
0280410813	2012	8	22	235	0.22	0.331
0280410813	2012	8	23	236	0.213	0.326
0280410813	2012	8	24	237	0.206	0.326
0280410813	2012	8	25	238	0.199	0.321
0280410813	2012	8	26	239	0.193	0.322
0280410813	2012	8	27	240	0.191	0.319
0280410813	2012	8	28	241	0.19	0.313
0280410813	2012	8	29	242	0.187	0.313
0280410813	2012	8	30	243	0.183	0.309
0280410813	2012	8	31	244	0.179	0.307
0280410813	2012	9	1	245	0.187	0.326
0280410813	2012	9	2	246	0.187	0.31
0280410813	2012	9	3	247	0.187	0.311
0280410813	2012	9	4	248	0.195	0.31
0280410813	2012	9	5	249	0.193	0.309
0280410813	2012	9	6	250	0.191	0.31
0280410813	2012	9	7	251	0.189	0.306
0280410813	2012	9	8	252	0.189	0.306
0280410813	2012	9	9	253	0.187	0.304
0280410813	2012	9	10	254	0.186	0.302
0280410813	2012	9	11	255	0.184	0.3
0280410813	2012	9	12	256	0.182	0.298
0280410813	2012	9	13	257	0.18	0.298
0280410813	2012	9	14	258	0.183	0.3
0280410813	2012	9	15	259	0.183	0.296
0280410813	2012	9	16	260	0.181	0.296
0280410813	2012	9	17	261	0.18	0.295
0280410813	2012	9	18	262	0.182	0.293
0280410813	2012	9	19	263	0.181	0.293
0280410813	2012	9	20	264	0.18	0.291
0280410813	2012	9	21	265	0.181	0.32
0280410813	2012	9	22	266	0.204	0.349
0280410813	2012	9	23	267	0.217	0.339
0280410813	2012	9	24	268	0.22	0.332
0280410813	2012	9	25	269	0.222	0.325
0280410813	2012	9	26	270	0.224	0.322
0280410813	2012	9	27	271	0.223	0.321
0280410813	2012	9	28	272	0.222	0.32
0280410813	2012	9	29	273	0.221	0.319
0280410813	2012	9	30	274	0.219	0.317
0280410813	2012	10	1	275	0.216	0.315
0280410813	2012	10	2	276	0.216	0.314
0280410813	2012	10	3	277	0.216	0.314
0280410813	2012	10	4	278	0.219	0.32
0280410813	2012	10	5	279	0.219	0.317
0280410813	2012	10	6	280	0.22	0.316
0280410813	2012	10	7	281	0.221	0.314
0280410813	2012	10	8	282	0.22	0.312
0280410813	2012	10	9	283	0.22	0.313
0280410813	2012	10	10	284	0.228	0.312
0280410813	2012	10	11	285	0.232	0.313
0280410813	2012	10	12	286	0.239	0.31
0280410813	2012	10	13	287	0.335	0.403
0280410813	2012	10	14	288	0.36	0.435
0280410813	2012	10	15	289	0.344	0.427
0280410813	2012	10	16	290	0.326	0.42
0280410813	2012	10	17	291	0.325	0.418
0280410813	2012	10	18	292	0.356	0.439
0280410813	2012	10	19	293	0.346	0.43
0280410813	2012	10	20	294	0.344	0.43
0280410813	2012	10	21	295	0.337	0.429
0280410813	2012	10	22	296	0.375	0.456
0280410813	2012	10	23	297	0.367	0.448
0280410813	2012	10	24	298	0.34	0.431
0280410813	2012	10	25	299	0.336	0.429
0280410813	2012	10	26	300	0.338	0.43
0280410813	2012	10	27	301	0.334	0.429
0280410813	2012	10	28	302	0.327	0.426
0280410813	2012	10	29	303	0.323	0.423
0280410813	2012	10	30	304	0.33	0.42
0280410813	2012	10	31	305	0.332	0.42
0280410813	2012	11	1	306	0.332	0.421
0280410813	2012	11	2	307	0.329	0.42
0280410813	2012	11	3	308	0.325	0.419
0280410813	2012	11	4	309	0.322	0.417
0280410813	2012	11	5	310	0.318	0.416
0280410813	2012	11	6	311	0.315	0.413
0280410813	2012	11	7	312	0.315	0.411
0280410813	2012	11	8	313	0.312	0.411
0280410813	2012	11	9	314	0.312	0.409
0280410813	2012	11	10	315	0.314	0.41
0280410813	2012	11	11	316	0.314	0.411
0280410813	2012	11	12	317	0.337	0.422
0280410813	2012	11	13	318	0.334	0.422
0280410813	2012	11	14	319	0.328	0.419
0280410813	2012	11	15	320	0.324	0.416
0280410813	2012	11	16	321	0.321	0.413
0280410813	2012	11	17	322	0.32	0.411
0280410813	2012	11	18	323	0.319	0.41
0280410813	2012	11	19	324	0.319	0.409
0280410813	2012	11	20	325	0.319	0.409
0280410813	2012	11	21	326	0.318	0.409
0280410813	2012	11	22	327	0.32	0.408
0280410813	2012	11	23	328	0.321	0.409
0280410813	2012	11	24	329	0.318	0.408
0280410813	2012	11	25	330	0.317	0.407
0280410813	2012	11	26	331	0.316	0.405
0280410813	2012	11	27	332	0.315	0.404
0280410813	2012	11	28	333	0.313	0.403
0280410813	2012	11	29	334	0.312	0.402
0280410813	2012	11	30	335	0.312	0.402
0280410813	2012	12	1	336	0.313	0.402
0280410813	2012	12	2	337	0.325	0.404
0280410813	2012	12	3	338	0.328	0.406
0280410813	2012	12	4	339	0.331	0.408
0280410813	2012	12	5	340	0.329	0.408
0280410813	2012	12	6	341	0.324	0.407
0280410813	2012	12	7	342	0.328	0.406
0280410813	2012	12	8	343	0.341	0.416
0280410813	2012	12	9	344	0.347	0.42
0280410813	2012	12	10	345	0.345	0.419
0280410813	2012	12	11	346	0.338	0.416
0280410813	2012	12	12	347	0.332	0.413
0280410813	2012	12	13	348	0.328	0.41
0280410813	2012	12	14	349	0.326	0.409
0280410813	2012	12	15	350	0.334	0.407
0280410813	2012	12	16	351	0.343	0.414
0280410813	2012	12	17	352	0.341	0.414
0280410813	2012	12	18	353	0.336	0.413
0280410813	2012	12	19	354	0.334	0.411
0280410813	2012	12	20	355	0.368	0.431
0280410813	2012	12	21	356	0.349	0.421
0280410813	2012	12	22	357	0.34	0.415
0280410813	2012	12	23	358	0.333	0.412
0280410813	2012	12	24	359	0.325	0.409
0280410813	2012	12	25	360	0.322	0.407
0280410813	2012	12	26	361	0.314	0.406
0280410813	2012	12	27	362	0.314	0.404
0280410813	2012	12	28	363	0.315	0.403
0280410813	2012	12	29	364	0.317	0.402
0280410813	2012	12	30	365	0.316	0.402
0280410813	2012	12	31	366	0.314	0.402
0280410813	2013	1	1	1	0.314	0.401
0280410813	2013	1	2	2	0.311	0.4
0280410813	2013	1	3	3	0.306	0.4
0280410813	2013	1	4	4	0.303	0.399
0280410813	2013	1	5	5	0.3	0.399
0280410813	2013	1	6	6	0.3	0.398
0280410813	2013	1	7	7	0.3	0.398
0280410813	2013	1	8	8	0.3	0.397
0280410813	2013	1	9	9	0.313	0.403
0280410813	2013	1	10	10	0.34	0.425
0280410813	2013	1	11	11	0.362	0.434
0280410813	2013	1	12	12	0.345	0.417
0280410813	2013	1	13	13	0.356	0.426
0280410813	2013	1	14	14	0.34	0.415
0280410813	2013	1	15	15	0.325	0.409
0280410813	2013	1	16	16	0.313	0.406
0280410813	2013	1	17	17	0.307	0.404
0280410813	2013	1	18	18	0.304	0.403
0280410813	2013	1	19	19	0.309	0.401
0280410813	2013	1	20	20	0.309	0.401
0280410813	2013	1	21	21	0.302	0.4
0280410813	2013	1	22	22	0.298	0.399
0280410813	2013	1	23	23	0.295	0.399
0280410813	2013	1	24	24	0.293	0.398
0280410813	2013	1	25	25	0.291	0.397
0280410813	2013	1	26	26	0.292	0.397
0280410813	2013	1	27	27	0.294	0.396
0280410813	2013	1	28	28	0.355	0.446
0280410813	2013	1	29	29	0.375	0.446
0280410813	2013	1	30	30	0.375	
0280410813	2013	1	31	31	-9999	
0280410813	2013	2	1	32	-9999	
0280410813	2013	2	2	33	-9999	
0280410813	2013	2	3	34	-9999	
0280410813	2013	2	4	35	-9999	
0280410813	2013	2	5	36	-9999	
0280410813	2013	2	6	37	-9999	
0280410813	2013	2	7	38	-9999	
0280410813	2013	2	8	39	-9999	
0280410813	2013	2	9	40	-9999	
0280410813	2013	2	10	41	-9999	
0280410813	2013	2	11	42	-9999	
0280410813	2013	2	12	43	-9999	
0280410813	2013	2	13	44	-9999	
0280410813	2013	2	14	45	-9999	
0280410813	2013	2	15	46	-9999	
0280410813	2013	2	16	47	-9999	
0280410813	2013	2	17	48	-9999	
0280410813	2013	2	18	49	-9999	
0280410813	2013	2	19	50	-9999	
0280410813	2013	2	20	51	-9999	
0280410813	2013	2	21	52	-9999	
0280410813	2013	2	22	53	-9999	
0280410813	2013	2	23	54	-9999	
0280410813	2013	2	24	55	-9999	
0280410813	2013	2	25	56	-9999	
0280410813	2013	2	26	57	-9999	
0280410813	2013	2	27	58	-9999	
0280410813	2013	2	28	59	-9999	
0280410813	2013	3	1	60	-9999	
0280410813	2013	3	2	61	-9999	
0280410813	2013	3	3	62	-9999	
0280410813	2013	3	4	63	-9999	
0280410813	2013	3	5	64	-9999	
0280410813	2013	3	6	65	-9999	
0280410813	2013	3	7	66	-9999	
0280410813	2013	3	8	67	-9999	
0280410813	2013	3	9	68	-9999	
0280410813	2013	3	10	69	-9999	
0280410813	2013	3	11	70	-9999	
0280410813	2013	3	12	71	-9999	
0280410813	2013	3	13	72	-9999	
0280410813	2013	3	14	73	-9999	
0280410813	2013	3	15	74	-9999	
0280410813	2013	3	16	75	-9999	
0280410813	2013	3	17	76	-9999	
0280410813	2013	3	18	77	-9999	
0280410813	2013	3	19	78	-9999	
0280410813	2013	3	20	79	-9999	
0280410813	2013	3	21	80	-9999	
0280410813	2013	3	22	81	-9999	
0280410813	2013	3	23	82	-9999	
0280410813	2013	3	24	83	-9999	
0280410813	2013	3	25	84	-9999	
0280410813	2013	3	26	85	-9999	
0280410813	2013	3	27	86	-9999	
0280410813	2013	3	28	87	-9999	
0280410813	2013	3	29	88	-9999	
0280410813	2013	3	30	89	-9999	
0280410813	2013	3	31	90	-9999	
0280410813	2013	4	1	91	-9999	
0280410813	2013	4	2	92	-9999	
0280410813	2013	4	3	93	-9999	
0280410813	2013	4	4	94	-9999	
0280410813	2013	4	5	95	-9999	
0280410813	2013	4	6	96	-9999	
0280410813	2013	4	7	97	-9999	
0280410813	2013	4	8	98	-9999	
0280410813	2013	4	9	99	-9999	
0280410813	2013	4	10	100	-9999	
0280410813	2013	4	11	101	-9999	
0280410813	2013	4	12	102	-9999	
0280410813	2013	4	13	103	-9999	
0280410813	2013	4	14	104	-9999	
0280410813	2013	4	15	105	-9999	
0280410813	2013	4	16	106	-9999	
0280410813	2013	4	17	107	-9999	
0280410813	2013	4	18	108	-9999	
0280410813	2013	4	19	109	-9999	
0280410813	2013	4	20	110	-9999	
0280410813	2013	4	21	111	-9999	
0280410813	2013	4	22	112	-9999	
0280410813	2013	4	23	113	-9999	
0280410813	2013	4	24	114	-9999	
0280410813	2013	4	25	115	-9999	
0280410813	2013	4	26	116	-9999	
0280410813	2013	4	27	117	-9999	
0280410813	2013	4	28	118	-9999	
0280410813	2013	4	29	119	-9999	
0280410813	2013	4	30	120	-9999	
0280410813	2013	5	1	121	-9999	
0280410813	2013	5	2	122	-9999	
0280410813	2013	5	3	123	-9999	
0280410813	2013	5	4	124	-9999	
0280410813	2013	5	5	125	-9999	
0280410813	2013	5	6	126	-9999	
0280410813	2013	5	7	127	-9999	
0280410813	2013	5	8	128	-9999	
0280410813	2013	5	9	129	-9999	
0280410813	2013	5	10	130	-9999	
0280410813	2013	5	11	131	-9999	
0280410813	2013	5	12	132	-9999	
0280410813	2013	5	13	133	-9999	
0280410813	2013	5	14	134	-9999	
0280410813	2013	5	15	135	-9999	
0280410813	2013	5	16	136	-9999	
0280410813	2013	5	17	137	-9999	
0280410813	2013	5	18	138	-9999	
0280410813	2013	5	19	139	-9999	
0280410813	2013	5	20	140	-9999	
0280410813	2013	5	21	141	-9999	
0280410813	2013	5	22	142	-9999	
0280410813	2013	5	23	143	-9999	
0280410813	2013	5	24	144	-9999	
0280410813	2013	5	25	145	-9999	
0280410813	2013	5	26	146	-9999	
0280410813	2013	5	27	147	-9999	
0280410813	2013	5	28	148	-9999	
0280410813	2013	5	29	149	-9999	
0280410813	2013	5	30	150	-9999	
0280410813	2013	5	31	151	-9999	
0280410813	2013	6	1	152	-9999	
0280410813	2013	6	2	153	-9999	
0280410813	2013	6	3	154	-9999	
0280410813	2013	6	4	155	-9999	
0280410813	2013	6	5	156	-9999	
0280410813	2013	6	6	157	-9999	
0280410813	2013	6	7	158	-9999	
0280410813	2013	6	8	159	-9999	
0280410813	2013	6	9	160	-9999	
0280410813	2013	6	10	161	-9999	
0280410813	2013	6	11	162	-9999	
0280410813	2013	6	12	163	-9999	
0280410813	2013	6	13	164	-9999	
0280410813	2013	6	14	165	-9999	
0280410813	2013	6	15	166	-9999	
0280410813	2013	6	16	167	-9999	
0280410813	2013	6	17	168	-9999	
0280410813	2013	6	18	169	-9999	
0280410813	2013	6	19	170	-9999	
0280410813	2013	6	20	171	-9999	
0280410813	2013	6	21	172	-9999	
0280410813	2013	6	22	173	-9999	
0280410813	2013	6	23	174	-9999	
0280410813	2013	6	24	175	-9999	
0280410813	2013	6	25	176	-9999	
0280410813	2013	6	26	177	-9999	
0280410813	2013	6	27	178	-9999	
0280410813	2013	6	28	179	-9999	
0280410813	2013	6	29	180	-9999	
0280410813	2013	6	30	181	-9999	
0280410813	2013	7	1	182	-9999	
0280410813	2013	7	2	183	-9999	
0280410813	2013	7	3	184	-9999	
0280410813	2013	7	4	185	-9999	
0280410813	2013	7	5	186	-9999	
0280410813	2013	7	6	187	-9999	
0280410813	2013	7	7	188	-9999	
0280410813	2013	7	8	189	-9999	
0280410813	2013	7	9	190	-9999	
0280410813	2013	7	10	191	-9999	
0280410813	2013	7	11	192	-9999	
0280410813	2013	7	12	193	-9999	
0280410813	2013	7	13	194	-9999	
0280410813	2013	7	14	195	-9999	
0280410813	2013	7	15	196	-9999	
0280410813	2013	7	16	197	-9999	
0280410813	2013	7	17	198	-9999	
0280410813	2013	7	18	199	-9999	
0280410813	2013	7	19	200	-9999	
0280410813	2013	7	20	201	-9999	
0280410813	2013	7	21	202	-9999	
0280410813	2013	7	22	203	-9999	
0280410813	2013	7	23	204	-9999	
0280410813	2013	7	24	205	-9999	
0280410813	2013	7	25	206	-9999	
0280410813	2013	7	26	207	-9999	
0280410813	2013	7	27	208	-9999	
0280410813	2013	7	28	209	-9999	
0280410813	2013	7	29	210	-9999	
0280410813	2013	7	30	211	-9999	
0280410813	2013	7	31	212	-9999	
0280410813	2013	8	1	213	-9999	
0280410813	2013	8	2	214	-9999	
0280410813	2013	8	3	215	-9999	
0280410813	2013	8	4	216	-9999	
0280410813	2013	8	5	217	-9999	
0280410813	2013	8	6	218	-9999	
0280410813	2013	8	7	219	-9999	
0280410813	2013	8	8	220	-9999	
0280410813	2013	8	9	221	-9999	
0280410813	2013	8	10	222	-9999	
0280410813	2013	8	11	223	-9999	
0280410813	2013	8	12	224	-9999	
0280410813	2013	8	13	225	-9999	
0280410813	2013	8	14	226	-9999	
0280410813	2013	8	15	227	-9999	
0280410813	2013	8	16	228	-9999	
0280410813	2013	8	17	229	-9999	
0280410813	2013	8	18	230	-9999	
0280410813	2013	8	19	231	-9999	
0280410813	2013	8	20	232	-9999	
0280410813	2013	8	21	233	-9999	
0280410813	2013	8	22	234	-9999	
0280410813	2013	8	23	235	-9999	
0280410813	2013	8	24	236	-9999	
0280410813	2013	8	25	237	-9999	
0280410813	2013	8	26	238	-9999	
0280410813	2013	8	27	239	-9999	
0280410813	2013	8	28	240	-9999	
0280410813	2013	8	29	241	-9999	
0280410813	2013	8	30	242	-9999	
0280410813	2013	8	31	243	-9999	
0280410813	2013	9	1	244	-9999	
0280410813	2013	9	2	245	-9999	
0280410813	2013	9	3	246	-9999	
0280410813	2013	9	4	247	-9999	
0280410813	2013	9	5	248	-9999	
0280410813	2013	9	6	249	-9999	
0280410813	2013	9	7	250	-9999	
0280410813	2013	9	8	251	-9999	
0280410813	2013	9	9	252	-9999	
0280410813	2013	9	10	253	-9999	
0280410813	2013	9	11	254	-9999	
0280410813	2013	9	12	255	-9999	
0280410813	2013	9	13	256	-9999	
0280410813	2013	9	14	257	-9999	
0280410813	2013	9	15	258	-9999	
0280410813	2013	9	16	259	-9999	
0280410813	2013	9	17	260	-9999	
0280410813	2013	9	18	261	-9999	
0280410813	2013	9	19	262	-9999	
0280410813	2013	9	20	263	-9999	
0280410813	2013	9	21	264	-9999	
0280410813	2013	9	22	265	-9999	
0280410813	2013	9	23	266	-9999	
0280410813	2013	9	24	267	-9999	
0280410813	2013	9	25	268	-9999	
0280410813	2013	9	26	269	-9999	
0280410813	2013	9	27	270	-9999	
0280410813	2013	9	28	271	-9999	
0280410813	2013	9	29	272	-9999	
0280410813	2013	9	30	273	-9999	
0280410813	2013	10	1	274	-9999	
0280410813	2013	10	2	275	-9999	
0280410813	2013	10	3	276	-9999	
0280410813	2013	10	4	277	-9999	
0280410813	2013	10	5	278	-9999	
0280410813	2013	10	6	279	-9999	
0280410813	2013	10	7	280	-9999	
0280410813	2013	10	8	281	-9999	
0280410813	2013	10	9	282	-9999	
0280410813	2013	10	10	283	-9999	
0280410813	2013	10	11	284	-9999	
0280410813	2013	10	12	285	-9999	
0280410813	2013	10	13	286	-9999	
0280410813	2013	10	14	287	-9999	
0280410813	2013	10	15	288	-9999	
0280410813	2013	10	16	289	-9999	
0280410813	2013	10	17	290	-9999	
0280410813	2013	10	18	291	-9999	
0280410813	2013	10	19	292	-9999	
0280410813	2013	10	20	293	-9999	
0280410813	2013	10	21	294	-9999	
0280410813	2013	10	22	295	-9999	
0280410813	2013	10	23	296	-9999	
0280410813	2013	10	24	297	-9999	
0280410813	2013	10	25	298	-9999	
0280410813	2013	10	26	299	-9999	
0280410813	2013	10	27	300	-9999	
0280410813	2013	10	28	301	-9999	
0280410813	2013	10	29	302	-9999	
0280410813	2013	10	30	303	-9999	
0280410813	2013	10	31	304	-9999	
0280410813	2013	11	1	305	-9999	
0280410813	2013	11	2	306	-9999	
0280410813	2013	11	3	307	-9999	
0280410813	2013	11	4	308	-9999	
0280410813	2013	11	5	309	-9999	
0280410813	2013	11	6	310	-9999	
0280410813	2013	11	7	311	-9999	
0280410813	2013	11	8	312	-9999	
0280410813	2013	11	9	313	-9999	
0280410813	2013	11	10	314	-9999	
0280410813	2013	11	11	315	-9999	
0280410813	2013	11	12	316	-9999	
0280410813	2013	11	13	317	-9999	
0280410813	2013	11	14	318	-9999	
0280410813	2013	11	15	319	-9999	
0280410813	2013	11	16	320	-9999	
0280410813	2013	11	17	321	-9999	
0280410813	2013	11	18	322	-9999	
0280410813	2013	11	19	323	-9999	
0280410813	2013	11	20	324	-9999	
0280410813	2013	11	21	325	-9999	
0280410813	2013	11	22	326	-9999	
0280410813	2013	11	23	327	-9999	
0280410813	2013	11	24	328	-9999	
0280410813	2013	11	25	329	-9999	
0280410813	2013	11	26	330	-9999	
0280410813	2013	11	27	331	-9999	
0280410813	2013	11	28	332	-9999	
0280410813	2013	11	29	333	-9999	
0280410813	2013	11	30	334	-9999	
0280410813	2013	12	1	335	-9999	
0280410813	2013	12	2	336	-9999	
0280410813	2013	12	3	337	-9999	
0280410813	2013	12	4	338	-9999	
0280410813	2013	12	5	339	-9999	
0280410813	2013	12	6	340	-9999	
0280410813	2013	12	7	341	-9999	
0280410813	2013	12	8	342	-9999	
0280410813	2013	12	9	343	-9999	
0280410813	2013	12	10	344	-9999	
0280410813	2013	12	11	345	-9999	
0280410813	2013	12	12	346	-9999	
0280410813	2013	12	13	347	-9999	
0280410813	2013	12	14	348	-9999	
0280410813	2013	12	15	349	-9999	
0280410813	2013	12	16	350	-9999	
0280410813	2013	12	17	351	-9999	
0280410813	2013	12	18	352	-9999	
0280410813	2013	12	19	353	-9999	
0280410813	2013	12	20	354	-9999	
0280410813	2013	12	21	355	-9999	
0280410813	2013	12	22	356	-9999	
0280410813	2013	12	23	357	-9999	
0280410813	2013	12	24	358	-9999	
0280410813	2013	12	25	359	-9999	
0280410813	2013	12	26	360	-9999	
0280410813	2013	12	27	361	-9999	
0280410813	2013	12	28	362	-9999	
0280410813	2013	12	29	363	-9999	
0280410813	2013	12	30	364	-9999	
0280410813	2013	12	31	365	-9999	
