stationID	Y	M	D	DOY	depth_5
0310070613	2006	1	21	21	0.08
0310070613	2006	1	22	22	0.11
0310070613	2006	1	23	23	0.1
0310070613	2006	1	24	24	0.09
0310070613	2006	1	25	25	0.09
0310070613	2006	1	26	26	0.08
0310070613	2006	1	27	27	0.08
0310070613	2006	1	28	28	0.09
0310070613	2006	1	29	29	0.1
0310070613	2006	1	30	30	0.09
0310070613	2006	1	31	31	0.09
0310070613	2006	2	1	32	0.08
0310070613	2006	2	2	33	0.11
0310070613	2006	2	3	34	0.1
0310070613	2006	2	4	35	0.09
0310070613	2006	2	5	36	0.08
0310070613	2006	2	6	37	0.08
0310070613	2006	2	7	38	0.08
0310070613	2006	2	8	39	0.08
0310070613	2006	2	9	40	0.08
0310070613	2006	2	10	41	0.08
0310070613	2006	2	11	42	0.1
0310070613	2006	2	12	43	0.09
0310070613	2006	2	13	44	0.08
0310070613	2006	2	14	45	0.08
0310070613	2006	2	15	46	0.08
0310070613	2006	2	16	47	0.08
0310070613	2006	2	17	48	0.09
0310070613	2006	2	18	49	0.1
0310070613	2006	2	19	50	0.09
0310070613	2006	2	20	51	0.09
0310070613	2006	2	21	52	0.1
0310070613	2006	2	22	53	0.11
0310070613	2006	2	23	54	0.1
0310070613	2006	2	24	55	0.09
0310070613	2006	2	25	56	0.08
0310070613	2006	2	26	57	0.08
0310070613	2006	2	27	58	0.08
0310070613	2006	2	28	59	0.07
0310070613	2006	3	1	60	0.07
0310070613	2006	3	2	61	0.07
0310070613	2006	3	3	62	0.07
0310070613	2006	3	4	63	0.07
0310070613	2006	3	5	64	0.07
0310070613	2006	3	6	65	0.08
0310070613	2006	3	7	66	0.07
0310070613	2006	3	8	67	0.07
0310070613	2006	3	9	68	0.23
0310070613	2006	3	10	69	0.11
0310070613	2006	3	11	70	0.09
0310070613	2006	3	12	71	0.09
0310070613	2006	3	13	72	0.09
0310070613	2006	3	14	73	0.08
0310070613	2006	3	15	74	0.08
0310070613	2006	3	16	75	0.07
0310070613	2006	3	17	76	0.07
0310070613	2006	3	18	77	0.07
0310070613	2006	3	19	78	0.06
0310070613	2006	3	20	79	0.11
0310070613	2006	3	21	80	0.11
0310070613	2006	3	22	81	0.1
0310070613	2006	3	23	82	0.09
0310070613	2006	3	24	83	0.08
0310070613	2006	3	25	84	0.08
0310070613	2006	3	26	85	0.07
0310070613	2006	3	27	86	0.07
0310070613	2006	3	28	87	0.07
0310070613	2006	3	29	88	0.07
0310070613	2006	3	30	89	0.07
0310070613	2006	3	31	90	0.09
0310070613	2006	4	1	91	0.11
0310070613	2006	4	2	92	0.11
0310070613	2006	4	3	93	0.11
0310070613	2006	4	4	94	0.09
0310070613	2006	4	5	95	0.08
0310070613	2006	4	6	96	0.08
0310070613	2006	4	7	97	0.09
0310070613	2006	4	8	98	0.11
0310070613	2006	4	9	99	0.1
0310070613	2006	4	10	100	0.09
0310070613	2006	4	11	101	0.08
0310070613	2006	4	12	102	0.07
0310070613	2006	4	13	103	0.07
0310070613	2006	4	14	104	0.07
0310070613	2006	4	15	105	0.07
0310070613	2006	4	16	106	0.06
0310070613	2006	4	17	107	0.06
0310070613	2006	4	18	108	0.06
0310070613	2006	4	19	109	0.06
0310070613	2006	4	20	110	0.07
0310070613	2006	4	21	111	0.09
0310070613	2006	4	22	112	0.08
0310070613	2006	4	23	113	0.07
0310070613	2006	4	24	114	0.08
0310070613	2006	4	25	115	0.07
0310070613	2006	4	26	116	0.07
0310070613	2006	4	27	117	0.07
0310070613	2006	4	28	118	0.06
0310070613	2006	4	29	119	0.07
0310070613	2006	4	30	120	0.1
0310070613	2006	5	1	121	0.08
0310070613	2006	5	2	122	0.08
0310070613	2006	5	3	123	0.09
0310070613	2006	5	4	124	0.1
0310070613	2006	5	5	125	0.1
0310070613	2006	5	6	126	0.09
0310070613	2006	5	7	127	0.09
0310070613	2006	5	8	128	0.08
0310070613	2006	5	9	129	0.1
0310070613	2006	5	10	130	0.22
0310070613	2006	5	11	131	0.1
0310070613	2006	5	12	132	0.09
0310070613	2006	5	13	133	0.08
0310070613	2006	5	14	134	0.08
0310070613	2006	5	15	135	0.07
0310070613	2006	5	16	136	0.09
0310070613	2006	5	17	137	0.1
0310070613	2006	5	18	138	0.09
0310070613	2006	5	19	139	0.08
0310070613	2006	5	20	140	0.08
0310070613	2006	5	21	141	0.11
0310070613	2006	5	22	142	0.1
0310070613	2006	5	23	143	0.08
0310070613	2006	5	24	144	0.08
0310070613	2006	5	25	145	0.08
0310070613	2006	5	26	146	0.09
0310070613	2006	5	27	147	0.1
0310070613	2006	5	28	148	0.1
0310070613	2006	5	29	149	0.1
0310070613	2006	5	30	150	0.08
0310070613	2006	5	31	151	0.08
0310070613	2006	6	1	152	0.08
0310070613	2006	6	2	153	0.08
0310070613	2006	6	3	154	0.07
0310070613	2006	6	4	155	0.07
0310070613	2006	6	5	156	0.06
0310070613	2006	6	6	157	0.06
0310070613	2006	6	7	158	0.06
0310070613	2006	6	8	159	0.06
0310070613	2006	6	9	160	0.06
0310070613	2006	6	10	161	0.06
0310070613	2006	6	11	162	0.05
0310070613	2006	6	12	163	0.05
0310070613	2006	6	13	164	0.05
0310070613	2006	6	14	165	0.05
0310070613	2006	6	15	166	0.05
0310070613	2006	6	16	167	0.05
0310070613	2006	6	17	168	0.05
0310070613	2006	6	18	169	0.15
0310070613	2006	6	19	170	0.1
0310070613	2006	6	20	171	0.08
0310070613	2006	6	21	172	0.08
0310070613	2006	6	22	173	0.07
0310070613	2006	6	23	174	0.08
0310070613	2006	6	24	175	0.07
0310070613	2006	6	25	176	0.06
0310070613	2006	6	26	177	0.06
0310070613	2006	6	27	178	0.06
0310070613	2006	6	28	179	0.06
0310070613	2006	6	29	180	0.06
0310070613	2006	6	30	181	0.06
0310070613	2006	7	1	182	0.06
0310070613	2006	7	2	183	0.05
0310070613	2006	7	3	184	0.05
0310070613	2006	7	4	185	0.05
0310070613	2006	7	5	186	0.05
0310070613	2006	7	6	187	0.05
0310070613	2006	7	7	188	0.05
0310070613	2006	7	8	189	0.05
0310070613	2006	7	9	190	0.04
0310070613	2006	7	10	191	0.09
0310070613	2006	7	11	192	0.1
0310070613	2006	7	12	193	0.17
0310070613	2006	7	13	194	0.1
0310070613	2006	7	14	195	0.08
0310070613	2006	7	15	196	0.08
0310070613	2006	7	16	197	0.07
0310070613	2006	7	17	198	0.07
0310070613	2006	7	18	199	0.06
0310070613	2006	7	19	200	0.06
0310070613	2006	7	20	201	0.06
0310070613	2006	7	21	202	0.07
0310070613	2006	7	22	203	0.09
0310070613	2006	7	23	204	0.08
0310070613	2006	7	24	205	0.07
0310070613	2006	7	25	206	0.06
0310070613	2006	7	26	207	0.06
0310070613	2006	7	27	208	0.06
0310070613	2006	7	28	209	0.11
0310070613	2006	7	29	210	0.09
0310070613	2006	7	30	211	0.08
0310070613	2006	7	31	212	0.08
0310070613	2006	8	1	213	0.07
0310070613	2006	8	2	214	0.07
0310070613	2006	8	3	215	0.06
0310070613	2006	8	4	216	0.08
0310070613	2006	8	5	217	0.08
0310070613	2006	8	6	218	0.07
0310070613	2006	8	7	219	0.07
0310070613	2006	8	8	220	0.06
0310070613	2006	8	9	221	0.06
0310070613	2006	8	10	222	0.06
0310070613	2006	8	11	223	0.06
0310070613	2006	8	12	224	0.06
0310070613	2006	8	13	225	0.06
0310070613	2006	8	14	226	0.06
0310070613	2006	8	15	227	0.06
0310070613	2006	8	16	228	0.06
0310070613	2006	8	17	229	0.05
0310070613	2006	8	18	230	0.05
0310070613	2006	8	19	231	0.05
0310070613	2006	8	20	232	0.06
0310070613	2006	8	21	233	0.11
0310070613	2006	8	22	234	0.09
0310070613	2006	8	23	235	0.08
0310070613	2006	8	24	236	0.07
0310070613	2006	8	25	237	0.07
0310070613	2006	8	26	238	0.07
0310070613	2006	8	27	239	0.07
0310070613	2006	8	28	240	0.1
0310070613	2006	8	29	241	0.08
0310070613	2006	8	30	242	0.07
0310070613	2006	8	31	243	0.07
0310070613	2006	9	1	244	0.07
0310070613	2006	9	2	245	0.06
0310070613	2006	9	3	246	0.06
0310070613	2006	9	4	247	0.06
0310070613	2006	9	5	248	0.06
0310070613	2006	9	6	249	0.06
0310070613	2006	9	7	250	0.05
0310070613	2006	9	8	251	0.05
0310070613	2006	9	9	252	0.05
0310070613	2006	9	10	253	0.05
0310070613	2006	9	11	254	0.07
0310070613	2006	9	12	255	0.1
0310070613	2006	9	13	256	0.08
0310070613	2006	9	14	257	0.08
0310070613	2006	9	15	258	0.07
0310070613	2006	9	16	259	0.06
0310070613	2006	9	17	260	0.08
0310070613	2006	9	18	261	0.12
0310070613	2006	9	19	262	0.1
0310070613	2006	9	20	263	0.09
0310070613	2006	9	21	264	0.08
0310070613	2006	9	22	265	0.25
0310070613	2006	9	23	266	0.24
0310070613	2006	9	24	267	0.1
0310070613	2006	9	25	268	0.09
0310070613	2006	9	26	269	0.09
0310070613	2006	9	27	270	0.08
0310070613	2006	9	28	271	0.09
0310070613	2006	9	29	272	0.08
0310070613	2006	9	30	273	0.07
0310070613	2006	10	1	274	0.07
0310070613	2006	10	2	275	0.06
0310070613	2006	10	3	276	0.06
0310070613	2006	10	4	277	0.06
0310070613	2006	10	5	278	0.06
0310070613	2006	10	6	279	0.06
0310070613	2006	10	7	280	0.06
0310070613	2006	10	8	281	0.06
0310070613	2006	10	9	282	0.06
0310070613	2006	10	10	283	0.06
0310070613	2006	10	11	284	0.06
0310070613	2006	10	12	285	0.05
0310070613	2006	10	13	286	0.05
0310070613	2006	10	14	287	0.05
0310070613	2006	10	15	288	0.05
0310070613	2006	10	16	289	0.18
0310070613	2006	10	17	290	0.12
0310070613	2006	10	18	291	0.11
0310070613	2006	10	19	292	0.11
0310070613	2006	10	20	293	0.11
0310070613	2006	10	21	294	0.1
0310070613	2006	10	22	295	0.09
0310070613	2006	10	23	296	0.08
0310070613	2006	10	24	297	0.08
0310070613	2006	10	25	298	0.08
0310070613	2006	10	26	299	0.11
0310070613	2006	10	27	300	0.21
0310070613	2006	10	28	301	0.12
0310070613	2006	10	29	302	0.1
0310070613	2006	10	30	303	0.1
0310070613	2006	10	31	304	0.1
0310070613	2006	11	1	305	0.09
0310070613	2006	11	2	306	0.09
0310070613	2006	11	3	307	0.08
0310070613	2006	11	4	308	0.08
0310070613	2006	11	5	309	0.08
0310070613	2006	11	6	310	0.12
0310070613	2006	11	7	311	0.12
0310070613	2006	11	8	312	0.11
0310070613	2006	11	9	313	0.1
0310070613	2006	11	10	314	0.1
0310070613	2006	11	11	315	0.11
0310070613	2006	11	12	316	0.11
0310070613	2006	11	13	317	0.11
0310070613	2006	11	14	318	0.11
0310070613	2006	11	15	319	0.21
0310070613	2006	11	16	320	0.2
0310070613	2006	11	17	321	0.12
0310070613	2006	11	18	322	0.11
0310070613	2006	11	19	323	0.1
0310070613	2006	11	20	324	0.1
0310070613	2006	11	21	325	0.09
0310070613	2006	11	22	326	0.09
0310070613	2006	11	23	327	0.09
0310070613	2006	11	24	328	0.08
0310070613	2006	11	25	329	0.08
0310070613	2006	11	26	330	0.08
0310070613	2006	11	27	331	0.08
0310070613	2006	11	28	332	0.08
0310070613	2006	11	29	333	0.08
0310070613	2006	11	30	334	0.18
0310070613	2006	12	1	335	0.19
0310070613	2006	12	2	336	0.11
0310070613	2006	12	3	337	0.1
0310070613	2006	12	4	338	0.09
0310070613	2006	12	5	339	0.09
0310070613	2006	12	6	340	0.09
0310070613	2006	12	7	341	0.09
0310070613	2006	12	8	342	0.07
0310070613	2006	12	9	343	0.07
0310070613	2006	12	10	344	0.08
0310070613	2006	12	11	345	0.08
0310070613	2006	12	12	346	0.2
0310070613	2006	12	13	347	0.11
0310070613	2006	12	14	348	0.11
0310070613	2006	12	15	349	0.1
0310070613	2006	12	16	350	0.1
0310070613	2006	12	17	351	0.1
0310070613	2006	12	18	352	0.09
0310070613	2006	12	19	353	0.09
0310070613	2006	12	20	354	0.09
0310070613	2006	12	21	355	0.19
0310070613	2006	12	22	356	0.19
0310070613	2006	12	23	357	0.11
0310070613	2006	12	24	358	0.11
0310070613	2006	12	25	359	0.21
0310070613	2006	12	26	360	0.19
0310070613	2006	12	27	361	0.11
0310070613	2006	12	28	362	0.11
0310070613	2006	12	29	363	0.1
0310070613	2006	12	30	364	0.11
0310070613	2006	12	31	365	0.2
0310070613	2007	1	1	1	0.12
0310070613	2007	1	2	2	0.11
0310070613	2007	1	3	3	0.11
0310070613	2007	1	4	4	0.12
0310070613	2007	1	5	5	0.21
0310070613	2007	1	6	6	0.18
0310070613	2007	1	7	7	0.2
0310070613	2007	1	8	8	0.18
0310070613	2007	1	9	9	0.12
0310070613	2007	1	10	10	0.1
0310070613	2007	1	11	11	0.1
0310070613	2007	1	12	12	0.11
0310070613	2007	1	13	13	0.24
0310070613	2007	1	14	14	0.22
0310070613	2007	1	15	15	0.23
0310070613	2007	1	16	16	0.12
0310070613	2007	1	17	17	0.11
0310070613	2007	1	18	18	0.12
0310070613	2007	1	19	19	0.11
0310070613	2007	1	20	20	0.11
0310070613	2007	1	21	21	0.21
0310070613	2007	1	22	22	0.18
0310070613	2007	1	23	23	0.12
0310070613	2007	1	24	24	0.11
0310070613	2007	1	25	25	0.11
0310070613	2007	1	26	26	0.1
0310070613	2007	1	27	27	0.1
0310070613	2007	1	28	28	0.09
0310070613	2007	1	29	29	0.06
0310070613	2007	1	30	30	0.07
0310070613	2007	1	31	31	0.04
0310070613	2007	2	1	32	0.06
0310070613	2007	2	2	33	0.08
0310070613	2007	2	3	34	0.04
0310070613	2007	2	4	35	0.06
0310070613	2007	2	5	36	0.05
0310070613	2007	2	6	37	0.06
0310070613	2007	2	7	38	0.07
0310070613	2007	2	8	39	0.07
0310070613	2007	2	9	40	0.06
0310070613	2007	2	10	41	0.06
0310070613	2007	2	11	42	0.06
0310070613	2007	2	12	43	0.1
0310070613	2007	2	13	44	0.21
0310070613	2007	2	14	45	0.1
0310070613	2007	2	15	46	0.06
0310070613	2007	2	16	47	0.04
0310070613	2007	2	17	48	0.06
0310070613	2007	2	18	49	0.06
0310070613	2007	2	19	50	0.09
0310070613	2007	2	20	51	0.09
0310070613	2007	2	21	52	0.08
0310070613	2007	2	22	53	0.08
0310070613	2007	2	23	54	0.07
0310070613	2007	2	24	55	0.1
0310070613	2007	2	25	56	0.12
0310070613	2007	2	26	57	0.1
0310070613	2007	2	27	58	0.1
0310070613	2007	2	28	59	0.09
0310070613	2007	3	1	60	0.09
0310070613	2007	3	2	61	0.09
0310070613	2007	3	3	62	0.08
0310070613	2007	3	4	63	0.07
0310070613	2007	3	5	64	0.07
0310070613	2007	3	6	65	0.07
0310070613	2007	3	7	66	0.07
0310070613	2007	3	8	67	0.07
0310070613	2007	3	9	68	0.07
0310070613	2007	3	10	69	0.07
0310070613	2007	3	11	70	0.06
0310070613	2007	3	12	71	0.06
0310070613	2007	3	13	72	0.06
0310070613	2007	3	14	73	0.06
0310070613	2007	3	15	74	0.06
0310070613	2007	3	16	75	0.06
0310070613	2007	3	17	76	0.06
0310070613	2007	3	18	77	0.06
0310070613	2007	3	19	78	0.06
0310070613	2007	3	20	79	0.07
0310070613	2007	3	21	80	0.07
0310070613	2007	3	22	81	0.06
0310070613	2007	3	23	82	0.06
0310070613	2007	3	24	83	0.06
0310070613	2007	3	25	84	0.06
0310070613	2007	3	26	85	0.06
0310070613	2007	3	27	86	0.06
0310070613	2007	3	28	87	0.09
0310070613	2007	3	29	88	0.08
0310070613	2007	3	30	89	0.08
0310070613	2007	3	31	90	0.08
0310070613	2007	4	1	91	0.09
0310070613	2007	4	2	92	0.08
0310070613	2007	4	3	93	0.09
0310070613	2007	4	4	94	0.1
0310070613	2007	4	5	95	0.08
0310070613	2007	4	6	96	0.07
0310070613	2007	4	7	97	0.07
0310070613	2007	4	8	98	0.07
0310070613	2007	4	9	99	0.06
0310070613	2007	4	10	100	0.06
0310070613	2007	4	11	101	0.11
0310070613	2007	4	12	102	0.09
0310070613	2007	4	13	103	0.09
0310070613	2007	4	14	104	0.18
0310070613	2007	4	15	105	0.1
0310070613	2007	4	16	106	0.09
0310070613	2007	4	17	107	0.08
0310070613	2007	4	18	108	0.08
0310070613	2007	4	19	109	0.07
0310070613	2007	4	20	110	0.07
0310070613	2007	4	21	111	0.07
0310070613	2007	4	22	112	0.06
0310070613	2007	4	23	113	0.06
0310070613	2007	4	24	114	0.06
0310070613	2007	4	25	115	0.1
0310070613	2007	4	26	116	0.09
0310070613	2007	4	27	117	0.08
0310070613	2007	4	28	118	0.08
0310070613	2007	4	29	119	0.07
0310070613	2007	4	30	120	0.07
0310070613	2007	5	1	121	0.06
0310070613	2007	5	2	122	0.06
0310070613	2007	5	3	123	0.08
0310070613	2007	5	4	124	0.1
0310070613	2007	5	5	125	0.09
0310070613	2007	5	6	126	0.08
0310070613	2007	5	7	127	0.07
0310070613	2007	5	8	128	0.07
0310070613	2007	5	9	129	0.06
0310070613	2007	5	10	130	0.06
0310070613	2007	5	11	131	0.07
0310070613	2007	5	12	132	0.09
0310070613	2007	5	13	133	0.08
0310070613	2007	5	14	134	0.07
0310070613	2007	5	15	135	0.08
0310070613	2007	5	16	136	0.1
0310070613	2007	5	17	137	0.09
0310070613	2007	5	18	138	0.08
0310070613	2007	5	19	139	0.07
0310070613	2007	5	20	140	0.07
0310070613	2007	5	21	141	0.06
0310070613	2007	5	22	142	0.06
0310070613	2007	5	23	143	0.06
0310070613	2007	5	24	144	0.06
0310070613	2007	5	25	145	0.06
0310070613	2007	5	26	146	0.06
0310070613	2007	5	27	147	0.05
0310070613	2007	5	28	148	0.05
0310070613	2007	5	29	149	0.05
0310070613	2007	5	30	150	0.05
0310070613	2007	5	31	151	0.06
0310070613	2007	6	1	152	0.06
0310070613	2007	6	2	153	0.06
0310070613	2007	6	3	154	0.05
0310070613	2007	6	4	155	0.05
0310070613	2007	6	5	156	0.05
0310070613	2007	6	6	157	0.05
0310070613	2007	6	7	158	0.05
0310070613	2007	6	8	159	0.09
0310070613	2007	6	9	160	0.08
0310070613	2007	6	10	161	0.07
0310070613	2007	6	11	162	0.07
0310070613	2007	6	12	163	0.06
0310070613	2007	6	13	164	0.06
0310070613	2007	6	14	165	0.06
0310070613	2007	6	15	166	0.06
0310070613	2007	6	16	167	0.05
0310070613	2007	6	17	168	0.05
0310070613	2007	6	18	169	0.05
0310070613	2007	6	19	170	0.05
0310070613	2007	6	20	171	0.05
0310070613	2007	6	21	172	0.05
0310070613	2007	6	22	173	0.05
0310070613	2007	6	23	174	0.05
0310070613	2007	6	24	175	0.05
0310070613	2007	6	25	176	0.05
0310070613	2007	6	26	177	0.07
0310070613	2007	6	27	178	0.07
0310070613	2007	6	28	179	0.06
0310070613	2007	6	29	180	0.06
0310070613	2007	6	30	181	0.06
0310070613	2007	7	1	182	0.1
0310070613	2007	7	2	183	0.09
0310070613	2007	7	3	184	0.08
0310070613	2007	7	4	185	0.07
0310070613	2007	7	5	186	0.07
0310070613	2007	7	6	187	0.07
0310070613	2007	7	7	188	0.06
0310070613	2007	7	8	189	0.06
0310070613	2007	7	9	190	0.06
0310070613	2007	7	10	191	0.06
0310070613	2007	7	11	192	0.06
0310070613	2007	7	12	193	0.05
0310070613	2007	7	13	194	0.05
0310070613	2007	7	14	195	0.05
0310070613	2007	7	15	196	0.05
0310070613	2007	7	16	197	0.05
0310070613	2007	7	17	198	0.05
0310070613	2007	7	18	199	0.05
0310070613	2007	7	19	200	0.05
0310070613	2007	7	20	201	0.06
0310070613	2007	7	21	202	0.05
0310070613	2007	7	22	203	0.05
0310070613	2007	7	23	204	0.05
0310070613	2007	7	24	205	0.05
0310070613	2007	7	25	206	0.05
0310070613	2007	7	26	207	0.04
0310070613	2007	7	27	208	0.04
0310070613	2007	7	28	209	0.05
0310070613	2007	7	29	210	0.07
0310070613	2007	7	30	211	0.06
0310070613	2007	7	31	212	0.06
0310070613	2007	8	1	213	0.05
0310070613	2007	8	2	214	0.05
0310070613	2007	8	3	215	0.05
0310070613	2007	8	4	216	0.05
0310070613	2007	8	5	217	0.05
0310070613	2007	8	6	218	0.05
0310070613	2007	8	7	219	0.04
0310070613	2007	8	8	220	0.04
0310070613	2007	8	9	221	0.04
0310070613	2007	8	10	222	0.04
0310070613	2007	8	11	223	0.04
0310070613	2007	8	12	224	0.04
0310070613	2007	8	13	225	0.04
0310070613	2007	8	14	226	0.04
0310070613	2007	8	15	227	0.04
0310070613	2007	8	16	228	0.03
0310070613	2007	8	17	229	0.03
0310070613	2007	8	18	230	0.05
0310070613	2007	8	19	231	0.09
0310070613	2007	8	20	232	0.07
0310070613	2007	8	21	233	0.07
0310070613	2007	8	22	234	0.06
0310070613	2007	8	23	235	0.06
0310070613	2007	8	24	236	0.06
0310070613	2007	8	25	237	0.05
0310070613	2007	8	26	238	0.05
0310070613	2007	8	27	239	0.05
0310070613	2007	8	28	240	0.05
0310070613	2007	8	29	241	0.05
0310070613	2007	8	30	242	0.05
0310070613	2007	8	31	243	0.04
0310070613	2007	9	1	244	0.04
0310070613	2007	9	2	245	0.04
0310070613	2007	9	3	246	0.04
0310070613	2007	9	4	247	0.04
0310070613	2007	9	5	248	0.04
0310070613	2007	9	6	249	0.04
0310070613	2007	9	7	250	0.04
0310070613	2007	9	8	251	0.04
0310070613	2007	9	9	252	0.08
0310070613	2007	9	10	253	0.09
0310070613	2007	9	11	254	0.09
0310070613	2007	9	12	255	0.08
0310070613	2007	9	13	256	0.07
0310070613	2007	9	14	257	0.07
0310070613	2007	9	15	258	0.06
0310070613	2007	9	16	259	0.06
0310070613	2007	9	17	260	0.06
0310070613	2007	9	18	261	0.06
0310070613	2007	9	19	262	0.06
0310070613	2007	9	20	263	0.05
0310070613	2007	9	21	264	0.05
0310070613	2007	9	22	265	0.05
0310070613	2007	9	23	266	0.05
0310070613	2007	9	24	267	0.05
0310070613	2007	9	25	268	0.08
0310070613	2007	9	26	269	0.09
0310070613	2007	9	27	270	0.1
0310070613	2007	9	28	271	0.09
0310070613	2007	9	29	272	0.08
0310070613	2007	9	30	273	0.07
0310070613	2007	10	1	274	0.07
0310070613	2007	10	2	275	0.06
0310070613	2007	10	3	276	0.06
0310070613	2007	10	4	277	0.06
0310070613	2007	10	5	278	0.06
0310070613	2007	10	6	279	0.06
0310070613	2007	10	7	280	0.06
0310070613	2007	10	8	281	0.08
0310070613	2007	10	9	282	0.09
0310070613	2007	10	10	283	0.08
0310070613	2007	10	11	284	0.08
0310070613	2007	10	12	285	0.07
0310070613	2007	10	13	286	0.07
0310070613	2007	10	14	287	0.06
0310070613	2007	10	15	288	0.08
0310070613	2007	10	16	289	0.1
0310070613	2007	10	17	290	0.11
0310070613	2007	10	18	291	0.1
0310070613	2007	10	19	292	0.09
0310070613	2007	10	20	293	0.08
0310070613	2007	10	21	294	0.07
0310070613	2007	10	22	295	0.09
0310070613	2007	10	23	296	0.11
0310070613	2007	10	24	297	0.09
0310070613	2007	10	25	298	0.1
0310070613	2007	10	26	299	0.1
0310070613	2007	10	27	300	0.09
0310070613	2007	10	28	301	0.08
0310070613	2007	10	29	302	0.08
0310070613	2007	10	30	303	0.09
0310070613	2007	10	31	304	0.08
0310070613	2007	11	1	305	0.08
0310070613	2007	11	2	306	0.07
0310070613	2007	11	3	307	0.07
0310070613	2007	11	4	308	0.07
0310070613	2007	11	5	309	0.07
0310070613	2007	11	6	310	0.06
0310070613	2007	11	7	311	0.06
0310070613	2007	11	8	312	0.06
0310070613	2007	11	9	313	0.06
0310070613	2007	11	10	314	0.06
0310070613	2007	11	11	315	0.06
0310070613	2007	11	12	316	0.06
0310070613	2007	11	13	317	0.08
0310070613	2007	11	14	318	0.08
0310070613	2007	11	15	319	0.08
0310070613	2007	11	16	320	0.07
0310070613	2007	11	17	321	0.07
0310070613	2007	11	18	322	0.07
0310070613	2007	11	19	323	0.07
0310070613	2007	11	20	324	0.06
0310070613	2007	11	21	325	0.1
0310070613	2007	11	22	326	0.11
0310070613	2007	11	23	327	0.1
0310070613	2007	11	24	328	0.1
0310070613	2007	11	25	329	0.12
0310070613	2007	11	26	330	0.12
0310070613	2007	11	27	331	0.11
0310070613	2007	11	28	332	0.1
0310070613	2007	11	29	333	0.1
0310070613	2007	11	30	334	0.09
0310070613	2007	12	1	335	0.09
0310070613	2007	12	2	336	0.1
0310070613	2007	12	3	337	0.11
0310070613	2007	12	4	338	0.1
0310070613	2007	12	5	339	0.1
0310070613	2007	12	6	340	0.09
0310070613	2007	12	7	341	0.1
0310070613	2007	12	8	342	0.1
0310070613	2007	12	9	343	0.11
0310070613	2007	12	10	344	0.12
0310070613	2007	12	11	345	0.11
0310070613	2007	12	12	346	0.12
0310070613	2007	12	13	347	0.12
0310070613	2007	12	14	348	0.11
0310070613	2007	12	15	349	0.2
0310070613	2007	12	16	350	0.11
0310070613	2007	12	17	351	0.1
0310070613	2007	12	18	352	0.1
0310070613	2007	12	19	353	0.1
0310070613	2007	12	20	354	0.12
0310070613	2007	12	21	355	0.11
0310070613	2007	12	22	356	0.11
0310070613	2007	12	23	357	0.11
0310070613	2007	12	24	358	0.1
0310070613	2007	12	25	359	0.1
0310070613	2007	12	26	360	0.1
0310070613	2007	12	27	361	0.12
0310070613	2007	12	28	362	0.12
0310070613	2007	12	29	363	0.11
0310070613	2007	12	30	364	0.1
0310070613	2007	12	31	365	0.1
0310070613	2008	1	1	1	0.09
0310070613	2008	1	2	2	0.05
0310070613	2008	1	3	3	0.04
0310070613	2008	1	4	4	0.05
0310070613	2008	1	5	5	0.1
0310070613	2008	1	6	6	0.1
0310070613	2008	1	7	7	0.09
0310070613	2008	1	8	8	0.1
0310070613	2008	1	9	9	0.11
0310070613	2008	1	10	10	0.11
0310070613	2008	1	11	11	0.11
0310070613	2008	1	12	12	0.1
0310070613	2008	1	13	13	0.1
0310070613	2008	1	14	14	0.09
0310070613	2008	1	15	15	0.08
0310070613	2008	1	16	16	0.09
0310070613	2008	1	17	17	0.1
0310070613	2008	1	18	18	0.09
0310070613	2008	1	19	19	0.08
0310070613	2008	1	20	20	0.03
0310070613	2008	1	21	21	0.04
0310070613	2008	1	22	22	0.09
0310070613	2008	1	23	23	0.09
0310070613	2008	1	24	24	0.06
0310070613	2008	1	25	25	0.03
0310070613	2008	1	26	26	0.04
0310070613	2008	1	27	27	0.08
0310070613	2008	1	28	28	0.08
0310070613	2008	1	29	29	0.1
0310070613	2008	1	30	30	0.1
0310070613	2008	1	31	31	0.11
0310070613	2008	2	1	32	0.11
0310070613	2008	2	2	33	0.1
0310070613	2008	2	3	34	0.1
0310070613	2008	2	4	35	0.1
0310070613	2008	2	5	36	0.1
0310070613	2008	2	6	37	0.11
0310070613	2008	2	7	38	0.1
0310070613	2008	2	8	39	0.1
0310070613	2008	2	9	40	0.09
0310070613	2008	2	10	41	0.08
0310070613	2008	2	11	42	0.08
0310070613	2008	2	12	43	0.2
0310070613	2008	2	13	44	0.1
0310070613	2008	2	14	45	0.09
0310070613	2008	2	15	46	0.11
0310070613	2008	2	16	47	0.1
0310070613	2008	2	17	48	0.12
0310070613	2008	2	18	49	0.11
0310070613	2008	2	19	50	0.1
0310070613	2008	2	20	51	0.09
0310070613	2008	2	21	52	0.09
0310070613	2008	2	22	53	0.12
0310070613	2008	2	23	54	0.11
0310070613	2008	2	24	55	0.11
0310070613	2008	2	25	56	0.1
0310070613	2008	2	26	57	0.09
0310070613	2008	2	27	58	0.09
0310070613	2008	2	28	59	0.08
0310070613	2008	2	29	60	0.08
0310070613	2008	3	1	61	0.08
0310070613	2008	3	2	62	0.07
0310070613	2008	3	3	63	0.12
0310070613	2008	3	4	64	0.12
0310070613	2008	3	5	65	0.11
0310070613	2008	3	6	66	0.1
0310070613	2008	3	7	67	0.1
0310070613	2008	3	8	68	0.11
0310070613	2008	3	9	69	0.11
0310070613	2008	3	10	70	0.1
0310070613	2008	3	11	71	0.1
0310070613	2008	3	12	72	0.09
0310070613	2008	3	13	73	0.08
0310070613	2008	3	14	74	0.1
0310070613	2008	3	15	75	0.1
0310070613	2008	3	16	76	0.1
0310070613	2008	3	17	77	0.09
0310070613	2008	3	18	78	0.1
0310070613	2008	3	19	79	0.19
0310070613	2008	3	20	80	0.11
0310070613	2008	3	21	81	0.1
0310070613	2008	3	22	82	0.09
0310070613	2008	3	23	83	0.08
0310070613	2008	3	24	84	0.08
0310070613	2008	3	25	85	0.07
0310070613	2008	3	26	86	0.07
0310070613	2008	3	27	87	0.07
0310070613	2008	3	28	88	0.09
0310070613	2008	3	29	89	0.1
0310070613	2008	3	30	90	0.11
0310070613	2008	3	31	91	0.11
0310070613	2008	4	1	92	0.11
0310070613	2008	4	2	93	0.1
0310070613	2008	4	3	94	0.12
0310070613	2008	4	4	95	0.12
0310070613	2008	4	5	96	0.1
0310070613	2008	4	6	97	0.1
0310070613	2008	4	7	98	0.09
0310070613	2008	4	8	99	0.09
0310070613	2008	4	9	100	0.09
0310070613	2008	4	10	101	0.1
0310070613	2008	4	11	102	0.11
0310070613	2008	4	12	103	0.1
0310070613	2008	4	13	104	0.1
0310070613	2008	4	14	105	0.09
0310070613	2008	4	15	106	0.08
0310070613	2008	4	16	107	0.08
0310070613	2008	4	17	108	0.07
0310070613	2008	4	18	109	0.09
0310070613	2008	4	19	110	0.1
0310070613	2008	4	20	111	0.09
0310070613	2008	4	21	112	0.08
0310070613	2008	4	22	113	0.1
0310070613	2008	4	23	114	0.1
0310070613	2008	4	24	115	0.1
0310070613	2008	4	25	116	0.09
0310070613	2008	4	26	117	0.11
0310070613	2008	4	27	118	0.1
0310070613	2008	4	28	119	0.09
0310070613	2008	4	29	120	0.08
0310070613	2008	4	30	121	0.08
0310070613	2008	5	1	122	0.07
0310070613	2008	5	2	123	0.1
0310070613	2008	5	3	124	0.1
0310070613	2008	5	4	125	0.1
0310070613	2008	5	5	126	0.09
0310070613	2008	5	6	127	0.08
0310070613	2008	5	7	128	0.08
0310070613	2008	5	8	129	0.09
0310070613	2008	5	9	130	0.08
0310070613	2008	5	10	131	0.08
0310070613	2008	5	11	132	0.08
0310070613	2008	5	12	133	0.07
0310070613	2008	5	13	134	0.07
0310070613	2008	5	14	135	0.09
0310070613	2008	5	15	136	0.1
0310070613	2008	5	16	137	0.1
0310070613	2008	5	17	138	0.09
0310070613	2008	5	18	139	0.08
0310070613	2008	5	19	140	0.08
0310070613	2008	5	20	141	0.07
0310070613	2008	5	21	142	0.07
0310070613	2008	5	22	143	0.06
0310070613	2008	5	23	144	0.06
0310070613	2008	5	24	145	0.06
0310070613	2008	5	25	146	0.06
0310070613	2008	5	26	147	0.09
0310070613	2008	5	27	148	0.11
0310070613	2008	5	28	149	0.11
0310070613	2008	5	29	150	0.1
0310070613	2008	5	30	151	0.08
0310070613	2008	5	31	152	0.08
0310070613	2008	6	1	153	0.07
0310070613	2008	6	2	154	0.07
0310070613	2008	6	3	155	0.07
0310070613	2008	6	4	156	0.06
0310070613	2008	6	5	157	0.06
0310070613	2008	6	6	158	0.06
0310070613	2008	6	7	159	0.05
0310070613	2008	6	8	160	0.05
0310070613	2008	6	9	161	0.05
0310070613	2008	6	10	162	0.05
0310070613	2008	6	11	163	0.05
0310070613	2008	6	12	164	0.05
0310070613	2008	6	13	165	0.06
0310070613	2008	6	14	166	0.09
0310070613	2008	6	15	167	0.08
0310070613	2008	6	16	168	0.08
0310070613	2008	6	17	169	0.07
0310070613	2008	6	18	170	0.06
0310070613	2008	6	19	171	0.06
0310070613	2008	6	20	172	0.06
0310070613	2008	6	21	173	0.06
0310070613	2008	6	22	174	0.06
0310070613	2008	6	23	175	0.06
0310070613	2008	6	24	176	0.06
0310070613	2008	6	25	177	0.05
0310070613	2008	6	26	178	0.05
0310070613	2008	6	27	179	0.05
0310070613	2008	6	28	180	0.05
0310070613	2008	6	29	181	0.05
0310070613	2008	6	30	182	0.05
0310070613	2008	7	1	183	0.05
0310070613	2008	7	2	184	0.05
0310070613	2008	7	3	185	0.05
0310070613	2008	7	4	186	0.05
0310070613	2008	7	5	187	0.05
0310070613	2008	7	6	188	0.04
0310070613	2008	7	7	189	0.04
0310070613	2008	7	8	190	0.04
0310070613	2008	7	9	191	0.04
0310070613	2008	7	10	192	0.04
0310070613	2008	7	11	193	0.04
0310070613	2008	7	12	194	0.05
0310070613	2008	7	13	195	0.09
0310070613	2008	7	14	196	0.08
0310070613	2008	7	15	197	0.07
0310070613	2008	7	16	198	0.06
0310070613	2008	7	17	199	0.06
0310070613	2008	7	18	200	0.06
0310070613	2008	7	19	201	0.05
0310070613	2008	7	20	202	0.05
0310070613	2008	7	21	203	0.05
0310070613	2008	7	22	204	0.07
0310070613	2008	7	23	205	0.08
0310070613	2008	7	24	206	0.07
0310070613	2008	7	25	207	0.08
0310070613	2008	7	26	208	0.1
0310070613	2008	7	27	209	0.09
0310070613	2008	7	28	210	0.09
0310070613	2008	7	29	211	0.08
0310070613	2008	7	30	212	0.07
0310070613	2008	7	31	213	0.06
0310070613	2008	8	1	214	0.06
0310070613	2008	8	2	215	0.06
0310070613	2008	8	3	216	0.06
0310070613	2008	8	4	217	0.05
0310070613	2008	8	5	218	0.05
0310070613	2008	8	6	219	0.05
0310070613	2008	8	7	220	0.05
0310070613	2008	8	8	221	0.05
0310070613	2008	8	9	222	0.04
0310070613	2008	8	10	223	0.04
0310070613	2008	8	11	224	0.04
0310070613	2008	8	12	225	0.04
0310070613	2008	8	13	226	0.04
0310070613	2008	8	14	227	0.04
0310070613	2008	8	15	228	0.04
0310070613	2008	8	16	229	0.04
0310070613	2008	8	17	230	0.04
0310070613	2008	8	18	231	0.04
0310070613	2008	8	19	232	0.04
0310070613	2008	8	20	233	0.04
0310070613	2008	8	21	234	0.04
0310070613	2008	8	22	235	0.08
0310070613	2008	8	23	236	0.09
0310070613	2008	8	24	237	0.09
0310070613	2008	8	25	238	0.08
0310070613	2008	8	26	239	0.08
0310070613	2008	8	27	240	0.08
0310070613	2008	8	28	241	0.07
0310070613	2008	8	29	242	0.06
0310070613	2008	8	30	243	0.06
0310070613	2008	8	31	244	0.05
0310070613	2008	9	1	245	0.05
0310070613	2008	9	2	246	0.05
0310070613	2008	9	3	247	0.05
0310070613	2008	9	4	248	0.1
0310070613	2008	9	5	249	0.1
0310070613	2008	9	6	250	0.09
0310070613	2008	9	7	251	0.09
0310070613	2008	9	8	252	0.08
0310070613	2008	9	9	253	0.08
0310070613	2008	9	10	254	0.07
0310070613	2008	9	11	255	0.06
0310070613	2008	9	12	256	0.06
0310070613	2008	9	13	257	0.05
0310070613	2008	9	14	258	0.05
0310070613	2008	9	15	259	0.05
0310070613	2008	9	16	260	0.05
0310070613	2008	9	17	261	0.04
0310070613	2008	9	18	262	0.04
0310070613	2008	9	19	263	0.07
0310070613	2008	9	20	264	0.1
0310070613	2008	9	21	265	0.1
0310070613	2008	9	22	266	0.09
0310070613	2008	9	23	267	0.09
0310070613	2008	9	24	268	0.08
0310070613	2008	9	25	269	0.08
0310070613	2008	9	26	270	0.07
0310070613	2008	9	27	271	0.06
0310070613	2008	9	28	272	0.06
0310070613	2008	9	29	273	0.06
0310070613	2008	9	30	274	0.05
0310070613	2008	10	1	275	0.05
0310070613	2008	10	2	276	0.05
0310070613	2008	10	3	277	0.05
0310070613	2008	10	4	278	0.05
0310070613	2008	10	5	279	0.04
0310070613	2008	10	6	280	0.04
0310070613	2008	10	7	281	0.06
0310070613	2008	10	8	282	0.09
0310070613	2008	10	9	283	0.09
0310070613	2008	10	10	284	0.08
0310070613	2008	10	11	285	0.08
0310070613	2008	10	12	286	0.08
0310070613	2008	10	13	287	0.07
0310070613	2008	10	14	288	0.07
0310070613	2008	10	15	289	0.07
0310070613	2008	10	16	290	0.07
0310070613	2008	10	17	291	0.08
0310070613	2008	10	18	292	0.08
0310070613	2008	10	19	293	0.08
0310070613	2008	10	20	294	0.07
0310070613	2008	10	21	295	0.07
0310070613	2008	10	22	296	0.07
0310070613	2008	10	23	297	0.1
0310070613	2008	10	24	298	0.1
0310070613	2008	10	25	299	0.1
0310070613	2008	10	26	300	0.09
0310070613	2008	10	27	301	0.08
0310070613	2008	10	28	302	0.08
0310070613	2008	10	29	303	0.08
0310070613	2008	10	30	304	0.07
0310070613	2008	10	31	305	0.07
0310070613	2008	11	1	306	0.07
0310070613	2008	11	2	307	0.07
0310070613	2008	11	3	308	0.06
0310070613	2008	11	4	309	0.06
0310070613	2008	11	5	310	0.06
0310070613	2008	11	6	311	0.06
0310070613	2008	11	7	312	0.06
0310070613	2008	11	8	313	0.06
0310070613	2008	11	9	314	0.06
0310070613	2008	11	10	315	0.06
0310070613	2008	11	11	316	0.06
0310070613	2008	11	12	317	0.1
0310070613	2008	11	13	318	0.11
0310070613	2008	11	14	319	0.1
0310070613	2008	11	15	320	0.1
0310070613	2008	11	16	321	0.1
0310070613	2008	11	17	322	0.09
0310070613	2008	11	18	323	0.09
0310070613	2008	11	19	324	0.08
0310070613	2008	11	20	325	0.08
0310070613	2008	11	21	326	0.08
0310070613	2008	11	22	327	0.07
0310070613	2008	11	23	328	0.07
0310070613	2008	11	24	329	0.1
0310070613	2008	11	25	330	0.09
0310070613	2008	11	26	331	0.08
0310070613	2008	11	27	332	0.08
0310070613	2008	11	28	333	0.08
0310070613	2008	11	29	334	0.08
0310070613	2008	11	30	335	0.08
0310070613	2008	12	1	336	0.08
0310070613	2008	12	2	337	0.07
0310070613	2008	12	3	338	0.09
0310070613	2008	12	4	339	0.11
0310070613	2008	12	5	340	0.1
0310070613	2008	12	6	341	0.1
0310070613	2008	12	7	342	0.09
0310070613	2008	12	8	343	0.09
0310070613	2008	12	9	344	0.11
0310070613	2008	12	10	345	0.11
0310070613	2008	12	11	346	0.1
0310070613	2008	12	12	347	0.1
0310070613	2008	12	13	348	0.09
0310070613	2008	12	14	349	0.09
0310070613	2008	12	15	350	0.11
0310070613	2008	12	16	351	0.1
0310070613	2008	12	17	352	0.1
0310070613	2008	12	18	353	0.11
0310070613	2008	12	19	354	0.11
0310070613	2008	12	20	355	0.1
0310070613	2008	12	21	356	0.09
0310070613	2008	12	22	357	0.12
0310070613	2008	12	23	358	0.07
0310070613	2008	12	24	359	0.18
0310070613	2008	12	25	360	0.12
0310070613	2008	12	26	361	0.12
0310070613	2008	12	27	362	0.12
0310070613	2008	12	28	363	0.12
0310070613	2008	12	29	364	0.11
0310070613	2008	12	30	365	0.11
0310070613	2008	12	31	366	0.1
0310070613	2009	1	1	1	0.09
0310070613	2009	1	2	2	0.09
0310070613	2009	1	3	3	0.09
0310070613	2009	1	4	4	0.1
0310070613	2009	1	5	5	0.09
0310070613	2009	1	6	6	0.11
0310070613	2009	1	7	7	0.11
0310070613	2009	1	8	8	0.1
0310070613	2009	1	9	9	0.1
0310070613	2009	1	10	10	0.11
0310070613	2009	1	11	11	0.11
0310070613	2009	1	12	12	0.1
0310070613	2009	1	13	13	0.1
0310070613	2009	1	14	14	0.09
0310070613	2009	1	15	15	0.05
0310070613	2009	1	16	16	0.03
0310070613	2009	1	17	17	0.04
0310070613	2009	1	18	18	0.07
0310070613	2009	1	19	19	0.08
0310070613	2009	1	20	20	0.07
0310070613	2009	1	21	21	0.05
0310070613	2009	1	22	22	0.07
0310070613	2009	1	23	23	0.07
0310070613	2009	1	24	24	0.07
0310070613	2009	1	25	25	0.06
0310070613	2009	1	26	26	0.06
0310070613	2009	1	27	27	0.19
0310070613	2009	1	28	28	0.17
0310070613	2009	1	29	29	0.11
0310070613	2009	1	30	30	0.11
0310070613	2009	1	31	31	0.11
0310070613	2009	2	1	32	0.11
0310070613	2009	2	2	33	0.1
0310070613	2009	2	3	34	0.1
0310070613	2009	2	4	35	0.07
0310070613	2009	2	5	36	0.05
0310070613	2009	2	6	37	0.08
0310070613	2009	2	7	38	0.08
0310070613	2009	2	8	39	0.08
0310070613	2009	2	9	40	0.08
0310070613	2009	2	10	41	0.12
0310070613	2009	2	11	42	0.12
0310070613	2009	2	12	43	0.1
0310070613	2009	2	13	44	0.1
0310070613	2009	2	14	45	0.1
0310070613	2009	2	15	46	0.09
0310070613	2009	2	16	47	0.08
0310070613	2009	2	17	48	0.08
0310070613	2009	2	18	49	0.11
0310070613	2009	2	19	50	0.1
0310070613	2009	2	20	51	0.09
0310070613	2009	2	21	52	0.1
0310070613	2009	2	22	53	0.1
0310070613	2009	2	23	54	0.1
0310070613	2009	2	24	55	0.09
0310070613	2009	2	25	56	0.09
0310070613	2009	2	26	57	0.09
0310070613	2009	2	27	58	0.11
0310070613	2009	2	28	59	0.11
0310070613	2009	3	1	60	0.11
0310070613	2009	3	2	61	0.1
0310070613	2009	3	3	62	0.1
0310070613	2009	3	4	63	0.1
0310070613	2009	3	5	64	0.09
0310070613	2009	3	6	65	0.09
0310070613	2009	3	7	66	0.08
0310070613	2009	3	8	67	0.08
0310070613	2009	3	9	68	0.08
0310070613	2009	3	10	69	0.08
0310070613	2009	3	11	70	0.11
0310070613	2009	3	12	71	0.1
0310070613	2009	3	13	72	0.1
0310070613	2009	3	14	73	0.1
0310070613	2009	3	15	74	0.1
0310070613	2009	3	16	75	0.09
0310070613	2009	3	17	76	0.09
0310070613	2009	3	18	77	0.08
0310070613	2009	3	19	78	0.08
0310070613	2009	3	20	79	0.07
0310070613	2009	3	21	80	0.07
0310070613	2009	3	22	81	0.07
0310070613	2009	3	23	82	0.06
0310070613	2009	3	24	83	0.08
0310070613	2009	3	25	84	0.11
0310070613	2009	3	26	85	0.1
0310070613	2009	3	27	86	0.09
0310070613	2009	3	28	87	0.09
0310070613	2009	3	29	88	0.08
0310070613	2009	3	30	89	0.08
0310070613	2009	3	31	90	0.08
0310070613	2009	4	1	91	0.08
0310070613	2009	4	2	92	0.08
0310070613	2009	4	3	93	0.09
0310070613	2009	4	4	94	0.08
0310070613	2009	4	5	95	0.08
0310070613	2009	4	6	96	0.08
0310070613	2009	4	7	97	0.07
0310070613	2009	4	8	98	0.07
0310070613	2009	4	9	99	0.07
0310070613	2009	4	10	100	0.1
0310070613	2009	4	11	101	0.09
0310070613	2009	4	12	102	0.09
0310070613	2009	4	13	103	0.11
0310070613	2009	4	14	104	0.1
0310070613	2009	4	15	105	0.09
0310070613	2009	4	16	106	0.08
0310070613	2009	4	17	107	0.08
0310070613	2009	4	18	108	0.08
0310070613	2009	4	19	109	0.1
0310070613	2009	4	20	110	0.09
0310070613	2009	4	21	111	0.08
0310070613	2009	4	22	112	0.08
0310070613	2009	4	23	113	0.07
0310070613	2009	4	24	114	0.07
0310070613	2009	4	25	115	0.07
0310070613	2009	4	26	116	0.06
0310070613	2009	4	27	117	0.06
0310070613	2009	4	28	118	0.1
0310070613	2009	4	29	119	0.1
0310070613	2009	4	30	120	0.1
0310070613	2009	5	1	121	0.11
0310070613	2009	5	2	122	0.11
0310070613	2009	5	3	123	0.11
0310070613	2009	5	4	124	0.1
0310070613	2009	5	5	125	0.09
0310070613	2009	5	6	126	0.1
0310070613	2009	5	7	127	0.1
0310070613	2009	5	8	128	0.1
0310070613	2009	5	9	129	0.1
0310070613	2009	5	10	130	0.1
0310070613	2009	5	11	131	0.1
0310070613	2009	5	12	132	0.09
0310070613	2009	5	13	133	0.08
0310070613	2009	5	14	134	0.1
0310070613	2009	5	15	135	0.09
0310070613	2009	5	16	136	0.09
0310070613	2009	5	17	137	0.08
0310070613	2009	5	18	138	0.07
0310070613	2009	5	19	139	0.07
0310070613	2009	5	20	140	0.07
0310070613	2009	5	21	141	0.06
0310070613	2009	5	22	142	0.06
0310070613	2009	5	23	143	0.06
0310070613	2009	5	24	144	0.07
0310070613	2009	5	25	145	0.11
0310070613	2009	5	26	146	0.1
0310070613	2009	5	27	147	0.1
0310070613	2009	5	28	148	0.09
0310070613	2009	5	29	149	0.08
0310070613	2009	5	30	150	0.08
0310070613	2009	5	31	151	0.07
0310070613	2009	6	1	152	0.06
0310070613	2009	6	2	153	0.07
0310070613	2009	6	3	154	0.08
0310070613	2009	6	4	155	0.1
0310070613	2009	6	5	156	0.09
0310070613	2009	6	6	157	0.08
0310070613	2009	6	7	158	0.08
0310070613	2009	6	8	159	0.07
0310070613	2009	6	9	160	0.08
0310070613	2009	6	10	161	0.1
0310070613	2009	6	11	162	0.1
0310070613	2009	6	12	163	0.09
0310070613	2009	6	13	164	0.08
0310070613	2009	6	14	165	0.09
0310070613	2009	6	15	166	0.1
0310070613	2009	6	16	167	0.1
0310070613	2009	6	17	168	0.1
0310070613	2009	6	18	169	0.09
0310070613	2009	6	19	170	0.08
0310070613	2009	6	20	171	0.07
0310070613	2009	6	21	172	0.07
0310070613	2009	6	22	173	0.07
0310070613	2009	6	23	174	0.07
0310070613	2009	6	24	175	0.06
0310070613	2009	6	25	176	0.06
0310070613	2009	6	26	177	0.06
0310070613	2009	6	27	178	0.06
0310070613	2009	6	28	179	0.05
0310070613	2009	6	29	180	0.05
0310070613	2009	6	30	181	0.05
0310070613	2009	7	1	182	0.05
0310070613	2009	7	2	183	0.05
0310070613	2009	7	3	184	0.05
0310070613	2009	7	4	185	0.05
0310070613	2009	7	5	186	0.05
0310070613	2009	7	6	187	0.05
0310070613	2009	7	7	188	0.04
0310070613	2009	7	8	189	0.04
0310070613	2009	7	9	190	0.04
0310070613	2009	7	10	191	0.04
0310070613	2009	7	11	192	0.04
0310070613	2009	7	12	193	0.04
0310070613	2009	7	13	194	0.04
0310070613	2009	7	14	195	0.04
0310070613	2009	7	15	196	0.04
0310070613	2009	7	16	197	0.05
0310070613	2009	7	17	198	0.05
0310070613	2009	7	18	199	0.05
0310070613	2009	7	19	200	0.05
0310070613	2009	7	20	201	0.05
0310070613	2009	7	21	202	0.06
0310070613	2009	7	22	203	0.1
0310070613	2009	7	23	204	0.1
0310070613	2009	7	24	205	0.09
0310070613	2009	7	25	206	0.08
0310070613	2009	7	26	207	0.1
0310070613	2009	7	27	208	0.09
0310070613	2009	7	28	209	0.09
0310070613	2009	7	29	210	0.09
0310070613	2009	7	30	211	0.1
0310070613	2009	7	31	212	0.1
0310070613	2009	8	1	213	0.09
0310070613	2009	8	2	214	0.09
0310070613	2009	8	3	215	0.08
0310070613	2009	8	4	216	0.08
0310070613	2009	8	5	217	0.11
0310070613	2009	8	6	218	0.1
0310070613	2009	8	7	219	0.09
0310070613	2009	8	8	220	0.09
0310070613	2009	8	9	221	0.08
0310070613	2009	8	10	222	0.08
0310070613	2009	8	11	223	0.08
0310070613	2009	8	12	224	0.08
0310070613	2009	8	13	225	0.07
0310070613	2009	8	14	226	0.07
0310070613	2009	8	15	227	0.07
0310070613	2009	8	16	228	0.06
0310070613	2009	8	17	229	0.06
0310070613	2009	8	18	230	0.06
0310070613	2009	8	19	231	0.06
0310070613	2009	8	20	232	0.08
0310070613	2009	8	21	233	0.08
0310070613	2009	8	22	234	0.07
0310070613	2009	8	23	235	0.07
0310070613	2009	8	24	236	0.07
0310070613	2009	8	25	237	0.06
0310070613	2009	8	26	238	0.06
0310070613	2009	8	27	239	0.06
0310070613	2009	8	28	240	0.06
0310070613	2009	8	29	241	0.06
0310070613	2009	8	30	242	0.05
0310070613	2009	8	31	243	0.05
0310070613	2009	9	1	244	0.05
0310070613	2009	9	2	245	0.05
0310070613	2009	9	3	246	0.05
0310070613	2009	9	4	247	0.05
0310070613	2009	9	5	248	0.05
0310070613	2009	9	6	249	0.07
0310070613	2009	9	7	250	0.09
0310070613	2009	9	8	251	0.09
0310070613	2009	9	9	252	0.1
0310070613	2009	9	10	253	0.09
0310070613	2009	9	11	254	0.09
0310070613	2009	9	12	255	0.08
0310070613	2009	9	13	256	0.07
0310070613	2009	9	14	257	0.08
0310070613	2009	9	15	258	0.11
0310070613	2009	9	16	259	0.12
0310070613	2009	9	17	260	0.1
0310070613	2009	9	18	261	0.1
0310070613	2009	9	19	262	0.1
0310070613	2009	9	20	263	0.11
0310070613	2009	9	21	264	0.1
0310070613	2009	9	22	265	0.09
0310070613	2009	9	23	266	0.09
0310070613	2009	9	24	267	0.11
0310070613	2009	9	25	268	0.11
0310070613	2009	9	26	269	0.1
0310070613	2009	9	27	270	0.09
0310070613	2009	9	28	271	0.08
0310070613	2009	9	29	272	0.08
0310070613	2009	9	30	273	0.07
0310070613	2009	10	1	274	0.07
0310070613	2009	10	2	275	0.09
0310070613	2009	10	3	276	0.08
0310070613	2009	10	4	277	0.08
0310070613	2009	10	5	278	0.09
0310070613	2009	10	6	279	0.1
0310070613	2009	10	7	280	0.1
0310070613	2009	10	8	281	0.11
0310070613	2009	10	9	282	0.12
0310070613	2009	10	10	283	0.11
0310070613	2009	10	11	284	0.1
0310070613	2009	10	12	285	0.09
0310070613	2009	10	13	286	0.11
0310070613	2009	10	14	287	0.11
0310070613	2009	10	15	288	0.11
0310070613	2009	10	16	289	0.1
0310070613	2009	10	17	290	0.1
0310070613	2009	10	18	291	0.09
0310070613	2009	10	19	292	0.09
0310070613	2009	10	20	293	0.08
0310070613	2009	10	21	294	0.08
0310070613	2009	10	22	295	0.1
0310070613	2009	10	23	296	0.11
0310070613	2009	10	24	297	0.1
0310070613	2009	10	25	298	0.09
0310070613	2009	10	26	299	0.09
0310070613	2009	10	27	300	0.12
0310070613	2009	10	28	301	0.11
0310070613	2009	10	29	302	0.12
0310070613	2009	10	30	303	0.18
0310070613	2009	10	31	304	0.11
0310070613	2009	11	1	305	0.1
0310070613	2009	11	2	306	0.1
0310070613	2009	11	3	307	0.09
0310070613	2009	11	4	308	0.08
0310070613	2009	11	5	309	0.08
0310070613	2009	11	6	310	0.08
0310070613	2009	11	7	311	0.07
0310070613	2009	11	8	312	0.07
0310070613	2009	11	9	313	0.07
0310070613	2009	11	10	314	0.07
0310070613	2009	11	11	315	0.07
0310070613	2009	11	12	316	0.06
0310070613	2009	11	13	317	0.06
0310070613	2009	11	14	318	0.06
0310070613	2009	11	15	319	0.06
0310070613	2009	11	16	320	0.09
0310070613	2009	11	17	321	0.11
0310070613	2009	11	18	322	0.11
0310070613	2009	11	19	323	0.1
0310070613	2009	11	20	324	0.1
0310070613	2009	11	21	325	0.1
0310070613	2009	11	22	326	0.09
0310070613	2009	11	23	327	0.09
0310070613	2009	11	24	328	0.1
0310070613	2009	11	25	329	0.1
0310070613	2009	11	26	330	0.09
0310070613	2009	11	27	331	0.09
0310070613	2009	11	28	332	0.08
0310070613	2009	11	29	333	0.08
0310070613	2009	11	30	334	0.11
0310070613	2009	12	1	335	0.1
0310070613	2009	12	2	336	0.12
0310070613	2009	12	3	337	0.11
0310070613	2009	12	4	338	0.1
0310070613	2009	12	5	339	0.1
0310070613	2009	12	6	340	0.09
0310070613	2009	12	7	341	0.1
0310070613	2009	12	8	342	0.16
0310070613	2009	12	9	343	0.11
0310070613	2009	12	10	344	0.09
0310070613	2009	12	11	345	0.08
0310070613	2009	12	12	346	0.1
0310070613	2009	12	13	347	0.11
0310070613	2009	12	14	348	0.1
0310070613	2009	12	15	349	0.1
0310070613	2009	12	16	350	0.08
0310070613	2009	12	17	351	0.09
0310070613	2009	12	18	352	0.09
0310070613	2009	12	19	353	0.08
0310070613	2009	12	20	354	0.08
0310070613	2009	12	21	355	0.08
0310070613	2009	12	22	356	0.08
0310070613	2009	12	23	357	0.09
0310070613	2009	12	24	358	0.2
0310070613	2009	12	25	359	0.12
0310070613	2009	12	26	360	0.1
0310070613	2009	12	27	361	0.1
0310070613	2009	12	28	362	0.09
0310070613	2009	12	29	363	0.09
0310070613	2009	12	30	364	0.1
0310070613	2009	12	31	365	0.1
0310070613	2010	1	1	1	0.09
0310070613	2010	1	2	2	0.07
0310070613	2010	1	3	3	0.04
0310070613	2010	1	4	4	0.03
0310070613	2010	1	5	5	0.03
0310070613	2010	1	6	6	0.03
0310070613	2010	1	7	7	0.03
0310070613	2010	1	8	8	0.03
0310070613	2010	1	9	9	0.03
0310070613	2010	1	10	10	0.03
0310070613	2010	1	11	11	0.03
0310070613	2010	1	12	12	0.03
0310070613	2010	1	13	13	0.04
0310070613	2010	1	14	14	0.05
0310070613	2010	1	15	15	0.08
0310070613	2010	1	16	16	0.09
0310070613	2010	1	17	17	0.11
0310070613	2010	1	18	18	0.1
0310070613	2010	1	19	19	0.1
0310070613	2010	1	20	20	0.12
0310070613	2010	1	21	21	0.12
0310070613	2010	1	22	22	0.11
0310070613	2010	1	23	23	0.11
0310070613	2010	1	24	24	0.11
0310070613	2010	1	25	25	0.11
0310070613	2010	1	26	26	0.1
0310070613	2010	1	27	27	0.1
0310070613	2010	1	28	28	0.1
0310070613	2010	1	29	29	0.09
0310070613	2010	1	30	30	0.09
0310070613	2010	1	31	31	0.09
0310070613	2010	2	1	32	0.1
0310070613	2010	2	2	33	0.1
0310070613	2010	2	3	34	0.11
0310070613	2010	2	4	35	0.12
0310070613	2010	2	5	36	0.12
0310070613	2010	2	6	37	0.11
0310070613	2010	2	7	38	0.1
0310070613	2010	2	8	39	0.1
0310070613	2010	2	9	40	0.11
0310070613	2010	2	10	41	0.11
0310070613	2010	2	11	42	0.1
0310070613	2010	2	12	43	0.1
0310070613	2010	2	13	44	0.1
0310070613	2010	2	14	45	0.1
0310070613	2010	2	15	46	0.1
0310070613	2010	2	16	47	0.09
0310070613	2010	2	17	48	0.08
0310070613	2010	2	18	49	0.09
0310070613	2010	2	19	50	0.09
0310070613	2010	2	20	51	0.08
0310070613	2010	2	21	52	0.09
0310070613	2010	2	22	53	0.1
0310070613	2010	2	23	54	0.1
0310070613	2010	2	24	55	0.09
0310070613	2010	2	25	56	0.08
0310070613	2010	2	26	57	0.08
0310070613	2010	2	27	58	0.08
0310070613	2010	2	28	59	0.08
0310070613	2010	3	1	60	0.08
0310070613	2010	3	2	61	0.08
0310070613	2010	3	3	62	0.07
0310070613	2010	3	4	63	0.07
0310070613	2010	3	5	64	0.07
0310070613	2010	3	6	65	0.07
0310070613	2010	3	7	66	0.07
0310070613	2010	3	8	67	0.07
0310070613	2010	3	9	68	0.08
0310070613	2010	3	10	69	0.08
0310070613	2010	3	11	70	0.11
0310070613	2010	3	12	71	0.12
0310070613	2010	3	13	72	0.11
0310070613	2010	3	14	73	0.1
0310070613	2010	3	15	74	0.1
0310070613	2010	3	16	75	0.1
0310070613	2010	3	17	76	0.09
0310070613	2010	3	18	77	0.09
0310070613	2010	3	19	78	0.08
0310070613	2010	3	20	79	0.08
0310070613	2010	3	21	80	0.12
0310070613	2010	3	22	81	0.12
0310070613	2010	3	23	82	0.11
0310070613	2010	3	24	83	0.1
0310070613	2010	3	25	84	0.12
0310070613	2010	3	26	85	0.11
0310070613	2010	3	27	86	0.1
0310070613	2010	3	28	87	0.12
0310070613	2010	3	29	88	0.11
0310070613	2010	3	30	89	0.1
0310070613	2010	3	31	90	0.09
0310070613	2010	4	1	91	0.08
0310070613	2010	4	2	92	0.08
0310070613	2010	4	3	93	0.11
0310070613	2010	4	4	94	0.1
0310070613	2010	4	5	95	0.09
0310070613	2010	4	6	96	0.08
0310070613	2010	4	7	97	0.1
0310070613	2010	4	8	98	0.11
0310070613	2010	4	9	99	0.1
0310070613	2010	4	10	100	0.09
0310070613	2010	4	11	101	0.08
0310070613	2010	4	12	102	0.08
0310070613	2010	4	13	103	0.07
0310070613	2010	4	14	104	0.07
0310070613	2010	4	15	105	0.07
0310070613	2010	4	16	106	0.06
0310070613	2010	4	17	107	0.06
0310070613	2010	4	18	108	0.06
0310070613	2010	4	19	109	0.06
0310070613	2010	4	20	110	0.06
0310070613	2010	4	21	111	0.06
0310070613	2010	4	22	112	0.06
0310070613	2010	4	23	113	0.07
0310070613	2010	4	24	114	0.11
0310070613	2010	4	25	115	0.11
0310070613	2010	4	26	116	0.1
0310070613	2010	4	27	117	0.1
0310070613	2010	4	28	118	0.09
0310070613	2010	4	29	119	0.08
0310070613	2010	4	30	120	0.08
0310070613	2010	5	1	121	0.19
0310070613	2010	5	2	122	0.18
0310070613	2010	5	3	123	0.1
0310070613	2010	5	4	124	0.09
0310070613	2010	5	5	125	0.08
0310070613	2010	5	6	126	0.08
0310070613	2010	5	7	127	0.07
0310070613	2010	5	8	128	0.07
0310070613	2010	5	9	129	0.06
0310070613	2010	5	10	130	0.07
0310070613	2010	5	11	131	0.07
0310070613	2010	5	12	132	0.07
0310070613	2010	5	13	133	0.07
0310070613	2010	5	14	134	0.06
0310070613	2010	5	15	135	0.06
0310070613	2010	5	16	136	0.09
0310070613	2010	5	17	137	0.15
0310070613	2010	5	18	138	0.11
0310070613	2010	5	19	139	0.1
0310070613	2010	5	20	140	0.11
0310070613	2010	5	21	141	0.1
0310070613	2010	5	22	142	0.1
0310070613	2010	5	23	143	0.09
0310070613	2010	5	24	144	0.08
0310070613	2010	5	25	145	0.08
0310070613	2010	5	26	146	0.07
0310070613	2010	5	27	147	0.06
0310070613	2010	5	28	148	0.06
0310070613	2010	5	29	149	0.06
0310070613	2010	5	30	150	0.05
0310070613	2010	5	31	151	0.05
0310070613	2010	6	1	152	0.05
0310070613	2010	6	2	153	0.05
0310070613	2010	6	3	154	0.05
0310070613	2010	6	4	155	0.05
0310070613	2010	6	5	156	0.04
0310070613	2010	6	6	157	0.04
0310070613	2010	6	7	158	0.04
0310070613	2010	6	8	159	0.04
0310070613	2010	6	9	160	0.04
0310070613	2010	6	10	161	0.04
0310070613	2010	6	11	162	0.04
0310070613	2010	6	12	163	0.04
0310070613	2010	6	13	164	0.04
0310070613	2010	6	14	165	0.04
0310070613	2010	6	15	166	0.04
0310070613	2010	6	16	167	0.04
0310070613	2010	6	17	168	0.04
0310070613	2010	6	18	169	0.04
0310070613	2010	6	19	170	0.04
0310070613	2010	6	20	171	0.04
0310070613	2010	6	21	172	0.04
0310070613	2010	6	22	173	0.04
0310070613	2010	6	23	174	0.04
0310070613	2010	6	24	175	0.04
0310070613	2010	6	25	176	0.04
0310070613	2010	6	26	177	0.05
0310070613	2010	6	27	178	0.05
0310070613	2010	6	28	179	0.05
0310070613	2010	6	29	180	0.05
0310070613	2010	6	30	181	0.05
0310070613	2010	7	1	182	0.05
0310070613	2010	7	2	183	0.05
0310070613	2010	7	3	184	0.05
0310070613	2010	7	4	185	0.05
0310070613	2010	7	5	186	0.05
0310070613	2010	7	6	187	0.05
0310070613	2010	7	7	188	0.05
0310070613	2010	7	8	189	0.05
0310070613	2010	7	9	190	0.05
0310070613	2010	7	10	191	0.05
0310070613	2010	7	11	192	0.06
0310070613	2010	7	12	193	0.06
0310070613	2010	7	13	194	0.07
0310070613	2010	7	14	195	0.07
0310070613	2010	7	15	196	0.07
0310070613	2010	7	16	197	0.07
0310070613	2010	7	17	198	0.06
0310070613	2010	7	18	199	0.06
0310070613	2010	7	19	200	0.07
0310070613	2010	7	20	201	0.07
0310070613	2010	7	21	202	0.07
0310070613	2010	7	22	203	0.07
0310070613	2010	7	23	204	0.06
0310070613	2010	7	24	205	0.06
0310070613	2010	7	25	206	0.06
0310070613	2010	7	26	207	0.06
0310070613	2010	7	27	208	0.08
0310070613	2010	7	28	209	0.07
0310070613	2010	7	29	210	0.07
0310070613	2010	7	30	211	0.07
0310070613	2010	7	31	212	0.07
0310070613	2010	8	1	213	0.07
0310070613	2010	8	2	214	0.07
0310070613	2010	8	3	215	0.06
0310070613	2010	8	4	216	0.06
0310070613	2010	8	5	217	0.06
0310070613	2010	8	6	218	0.05
0310070613	2010	8	7	219	0.05
0310070613	2010	8	8	220	0.05
0310070613	2010	8	9	221	0.05
0310070613	2010	8	10	222	0.05
0310070613	2010	8	11	223	0.05
0310070613	2010	8	12	224	0.04
0310070613	2010	8	13	225	0.04
0310070613	2010	8	14	226	0.04
0310070613	2010	8	15	227	0.04
0310070613	2010	8	16	228	0.04
0310070613	2010	8	17	229	0.04
0310070613	2010	8	18	230	0.04
0310070613	2010	8	19	231	0.04
0310070613	2010	8	20	232	0.04
0310070613	2010	8	21	233	0.04
0310070613	2010	8	22	234	0.04
0310070613	2010	8	23	235	0.04
0310070613	2010	8	24	236	0.04
0310070613	2010	8	25	237	0.04
0310070613	2010	8	26	238	0.04
0310070613	2010	8	27	239	0.04
0310070613	2010	8	28	240	0.04
0310070613	2010	8	29	241	0.04
0310070613	2010	8	30	242	0.04
0310070613	2010	8	31	243	0.04
0310070613	2010	9	1	244	0.04
0310070613	2010	9	2	245	0.04
0310070613	2010	9	3	246	0.04
0310070613	2010	9	4	247	0.04
0310070613	2010	9	5	248	0.04
0310070613	2010	9	6	249	0.04
0310070613	2010	9	7	250	0.04
0310070613	2010	9	8	251	0.05
0310070613	2010	9	9	252	0.05
0310070613	2010	9	10	253	0.07
0310070613	2010	9	11	254	0.06
0310070613	2010	9	12	255	0.06
0310070613	2010	9	13	256	0.06
0310070613	2010	9	14	257	0.06
0310070613	2010	9	15	258	0.05
0310070613	2010	9	16	259	0.05
0310070613	2010	9	17	260	0.05
0310070613	2010	9	18	261	0.05
0310070613	2010	9	19	262	0.05
0310070613	2010	9	20	263	0.04
0310070613	2010	9	21	264	0.04
0310070613	2010	9	22	265	0.04
0310070613	2010	9	23	266	0.04
0310070613	2010	9	24	267	0.04
0310070613	2010	9	25	268	0.04
0310070613	2010	9	26	269	0.04
0310070613	2010	9	27	270	0.04
0310070613	2010	9	28	271	0.04
0310070613	2010	9	29	272	0.04
0310070613	2010	9	30	273	0.04
0310070613	2010	10	1	274	0.04
0310070613	2010	10	2	275	0.04
0310070613	2010	10	3	276	0.04
0310070613	2010	10	4	277	0.04
0310070613	2010	10	5	278	0.04
0310070613	2010	10	6	279	0.04
0310070613	2010	10	7	280	0.04
0310070613	2010	10	8	281	0.04
0310070613	2010	10	9	282	0.04
0310070613	2010	10	10	283	0.04
0310070613	2010	10	11	284	0.04
0310070613	2010	10	12	285	0.04
0310070613	2010	10	13	286	0.04
0310070613	2010	10	14	287	0.04
0310070613	2010	10	15	288	0.04
0310070613	2010	10	16	289	0.04
0310070613	2010	10	17	290	0.04
0310070613	2010	10	18	291	0.04
0310070613	2010	10	19	292	0.04
0310070613	2010	10	20	293	0.04
0310070613	2010	10	21	294	0.04
0310070613	2010	10	22	295	0.04
0310070613	2010	10	23	296	0.04
0310070613	2010	10	24	297	0.04
0310070613	2010	10	25	298	0.04
0310070613	2010	10	26	299	0.04
0310070613	2010	10	27	300	0.04
0310070613	2010	10	28	301	0.04
0310070613	2010	10	29	302	0.04
0310070613	2010	10	30	303	0.04
0310070613	2010	10	31	304	0.04
0310070613	2010	11	1	305	0.04
0310070613	2010	11	2	306	0.04
0310070613	2010	11	3	307	0.04
0310070613	2010	11	4	308	0.04
0310070613	2010	11	5	309	0.04
0310070613	2010	11	6	310	0.04
0310070613	2010	11	7	311	0.04
0310070613	2010	11	8	312	0.04
0310070613	2010	11	9	313	0.04
0310070613	2010	11	10	314	0.04
0310070613	2010	11	11	315	0.04
0310070613	2010	11	12	316	0.04
0310070613	2010	11	13	317	0.04
0310070613	2010	11	14	318	0.04
0310070613	2010	11	15	319	0.04
0310070613	2010	11	16	320	0.05
0310070613	2010	11	17	321	0.05
0310070613	2010	11	18	322	0.05
0310070613	2010	11	19	323	0.05
0310070613	2010	11	20	324	0.05
0310070613	2010	11	21	325	0.05
0310070613	2010	11	22	326	0.05
0310070613	2010	11	23	327	0.05
0310070613	2010	11	24	328	0.06
0310070613	2010	11	25	329	0.07
0310070613	2010	11	26	330	0.07
0310070613	2010	11	27	331	0.07
0310070613	2010	11	28	332	0.07
0310070613	2010	11	29	333	0.08
0310070613	2010	11	30	334	0.08
0310070613	2010	12	1	335	0.07
0310070613	2010	12	2	336	0.07
0310070613	2010	12	3	337	0.07
0310070613	2010	12	4	338	0.07
0310070613	2010	12	5	339	0.07
0310070613	2010	12	6	340	0.07
0310070613	2010	12	7	341	0.06
0310070613	2010	12	8	342	0.06
0310070613	2010	12	9	343	0.06
0310070613	2010	12	10	344	0.06
0310070613	2010	12	11	345	0.08
0310070613	2010	12	12	346	0.08
0310070613	2010	12	13	347	0.03
0310070613	2010	12	14	348	0.03
0310070613	2010	12	15	349	0.04
0310070613	2010	12	16	350	0.07
0310070613	2010	12	17	351	0.07
0310070613	2010	12	18	352	0.07
0310070613	2010	12	19	353	0.07
0310070613	2010	12	20	354	0.07
0310070613	2010	12	21	355	0.07
0310070613	2010	12	22	356	0.07
0310070613	2010	12	23	357	0.07
0310070613	2010	12	24	358	0.07
0310070613	2010	12	25	359	0.07
0310070613	2010	12	26	360	0.07
0310070613	2010	12	27	361	0.07
0310070613	2010	12	28	362	0.05
0310070613	2010	12	29	363	0.08
0310070613	2010	12	30	364	0.08
0310070613	2010	12	31	365	0.09
0310070613	2011	1	1	1	0.09
0310070613	2011	1	2	2	0.08
0310070613	2011	1	3	3	0.08
0310070613	2011	1	4	4	0.08
0310070613	2011	1	5	5	0.08
0310070613	2011	1	6	6	0.08
0310070613	2011	1	7	7	0.07
0310070613	2011	1	8	8	0.07
0310070613	2011	1	9	9	0.04
0310070613	2011	1	10	10	0.07
0310070613	2011	1	11	11	0.07
0310070613	2011	1	12	12	0.03
0310070613	2011	1	13	13	0.03
0310070613	2011	1	14	14	0.04
0310070613	2011	1	15	15	0.06
0310070613	2011	1	16	16	0.07
0310070613	2011	1	17	17	0.07
0310070613	2011	1	18	18	0.08
0310070613	2011	1	19	19	0.08
0310070613	2011	1	20	20	0.08
0310070613	2011	1	21	21	0.08
0310070613	2011	1	22	22	0.08
0310070613	2011	1	23	23	0.08
0310070613	2011	1	24	24	0.08
0310070613	2011	1	25	25	0.08
0310070613	2011	1	26	26	0.08
0310070613	2011	1	27	27	0.08
0310070613	2011	1	28	28	0.08
0310070613	2011	1	29	29	0.08
0310070613	2011	1	30	30	0.08
0310070613	2011	1	31	31	0.07
0310070613	2011	2	1	32	0.09
0310070613	2011	2	2	33	0.08
0310070613	2011	2	3	34	0.08
0310070613	2011	2	4	35	0.08
0310070613	2011	2	5	36	0.08
0310070613	2011	2	6	37	0.08
0310070613	2011	2	7	38	0.09
0310070613	2011	2	8	39	0.09
0310070613	2011	2	9	40	0.08
0310070613	2011	2	10	41	0.08
0310070613	2011	2	11	42	0.08
0310070613	2011	2	12	43	0.09
0310070613	2011	2	13	44	0.09
0310070613	2011	2	14	45	0.09
0310070613	2011	2	15	46	0.08
0310070613	2011	2	16	47	0.08
0310070613	2011	2	17	48	0.08
0310070613	2011	2	18	49	0.08
0310070613	2011	2	19	50	0.08
0310070613	2011	2	20	51	0.08
0310070613	2011	2	21	52	0.08
0310070613	2011	2	22	53	0.08
0310070613	2011	2	23	54	0.08
0310070613	2011	2	24	55	0.12
0310070613	2011	2	25	56	0.1
0310070613	2011	2	26	57	0.09
0310070613	2011	2	27	58	0.09
0310070613	2011	2	28	59	0.1
0310070613	2011	3	1	60	0.09
0310070613	2011	3	2	61	0.09
0310070613	2011	3	3	62	0.09
0310070613	2011	3	4	63	0.09
0310070613	2011	3	5	64	0.11
0310070613	2011	3	6	65	0.09
0310070613	2011	3	7	66	0.09
0310070613	2011	3	8	67	0.1
0310070613	2011	3	9	68	0.11
0310070613	2011	3	10	69	0.1
0310070613	2011	3	11	70	0.09
0310070613	2011	3	12	71	0.09
0310070613	2011	3	13	72	0.08
0310070613	2011	3	14	73	0.11
0310070613	2011	3	15	74	0.1
0310070613	2011	3	16	75	0.1
0310070613	2011	3	17	76	0.09
0310070613	2011	3	18	77	0.08
0310070613	2011	3	19	78	0.08
0310070613	2011	3	20	79	0.07
0310070613	2011	3	21	80	0.07
0310070613	2011	3	22	81	0.06
0310070613	2011	3	23	82	0.06
0310070613	2011	3	24	83	0.06
0310070613	2011	3	25	84	0.07
0310070613	2011	3	26	85	0.09
0310070613	2011	3	27	86	0.1
0310070613	2011	3	28	87	0.09
0310070613	2011	3	29	88	0.1
0310070613	2011	3	30	89	0.1
0310070613	2011	3	31	90	0.09
0310070613	2011	4	1	91	0.09
0310070613	2011	4	2	92	0.08
0310070613	2011	4	3	93	0.08
0310070613	2011	4	4	94	0.09
0310070613	2011	4	5	95	0.1
0310070613	2011	4	6	96	0.08
0310070613	2011	4	7	97	0.08
0310070613	2011	4	8	98	0.08
0310070613	2011	4	9	99	0.07
0310070613	2011	4	10	100	0.07
0310070613	2011	4	11	101	0.1
0310070613	2011	4	12	102	0.1
0310070613	2011	4	13	103	0.09
0310070613	2011	4	14	104	0.08
0310070613	2011	4	15	105	0.09
0310070613	2011	4	16	106	0.09
0310070613	2011	4	17	107	0.08
0310070613	2011	4	18	108	0.07
0310070613	2011	4	19	109	0.07
0310070613	2011	4	20	110	0.1
0310070613	2011	4	21	111	0.09
0310070613	2011	4	22	112	0.09
0310070613	2011	4	23	113	0.08
0310070613	2011	4	24	114	0.11
0310070613	2011	4	25	115	0.11
0310070613	2011	4	26	116	0.11
0310070613	2011	4	27	117	0.11
0310070613	2011	4	28	118	0.1
0310070613	2011	4	29	119	0.08
0310070613	2011	4	30	120	0.08
0310070613	2011	5	1	121	0.12
0310070613	2011	5	2	122	0.16
0310070613	2011	5	3	123	0.11
0310070613	2011	5	4	124	0.09
0310070613	2011	5	5	125	0.08
0310070613	2011	5	6	126	0.08
0310070613	2011	5	7	127	0.08
0310070613	2011	5	8	128	0.08
0310070613	2011	5	9	129	0.07
0310070613	2011	5	10	130	0.06
0310070613	2011	5	11	131	0.06
0310070613	2011	5	12	132	0.06
0310070613	2011	5	13	133	0.09
0310070613	2011	5	14	134	0.1
0310070613	2011	5	15	135	0.1
0310070613	2011	5	16	136	0.09
0310070613	2011	5	17	137	0.08
0310070613	2011	5	18	138	0.08
0310070613	2011	5	19	139	0.07
0310070613	2011	5	20	140	0.07
0310070613	2011	5	21	141	0.09
0310070613	2011	5	22	142	0.09
0310070613	2011	5	23	143	0.11
0310070613	2011	5	24	144	0.1
0310070613	2011	5	25	145	0.09
0310070613	2011	5	26	146	0.09
0310070613	2011	5	27	147	0.08
0310070613	2011	5	28	148	0.08
0310070613	2011	5	29	149	0.07
0310070613	2011	5	30	150	0.06
0310070613	2011	5	31	151	0.06
0310070613	2011	6	1	152	0.05
0310070613	2011	6	2	153	0.05
0310070613	2011	6	3	154	0.04
0310070613	2011	6	4	155	0.04
0310070613	2011	6	5	156	0.04
0310070613	2011	6	6	157	0.04
0310070613	2011	6	7	158	0.04
0310070613	2011	6	8	159	0.04
0310070613	2011	6	9	160	0.04
0310070613	2011	6	10	161	0.04
0310070613	2011	6	11	162	0.04
0310070613	2011	6	12	163	0.04
0310070613	2011	6	13	164	0.04
0310070613	2011	6	14	165	0.04
0310070613	2011	6	15	166	0.04
0310070613	2011	6	16	167	0.04
0310070613	2011	6	17	168	0.06
0310070613	2011	6	18	169	0.08
0310070613	2011	6	19	170	0.08
0310070613	2011	6	20	171	0.08
0310070613	2011	6	21	172	0.07
0310070613	2011	6	22	173	0.06
0310070613	2011	6	23	174	0.06
0310070613	2011	6	24	175	0.06
0310070613	2011	6	25	176	0.06
0310070613	2011	6	26	177	0.05
0310070613	2011	6	27	178	0.05
0310070613	2011	6	28	179	0.05
0310070613	2011	6	29	180	0.05
0310070613	2011	6	30	181	0.04
0310070613	2011	7	1	182	0.04
0310070613	2011	7	2	183	0.04
0310070613	2011	7	3	184	0.04
0310070613	2011	7	4	185	0.04
0310070613	2011	7	5	186	0.04
0310070613	2011	7	6	187	0.04
0310070613	2011	7	7	188	0.04
0310070613	2011	7	8	189	0.05
0310070613	2011	7	9	190	0.05
0310070613	2011	7	10	191	0.05
0310070613	2011	7	11	192	0.05
0310070613	2011	7	12	193	0.04
0310070613	2011	7	13	194	0.04
0310070613	2011	7	14	195	0.04
0310070613	2011	7	15	196	0.04
0310070613	2011	7	16	197	0.04
0310070613	2011	7	17	198	0.03
0310070613	2011	7	18	199	0.03
0310070613	2011	7	19	200	0.02
0310070613	2011	7	20	201	0.02
0310070613	2011	7	21	202	0.02
0310070613	2011	7	22	203	0.02
0310070613	2011	7	23	204	0.02
0310070613	2011	7	24	205	0.02
0310070613	2011	7	25	206	0.02
0310070613	2011	7	26	207	0.02
0310070613	2011	7	27	208	0.02
0310070613	2011	7	28	209	0.02
0310070613	2011	7	29	210	0.02
0310070613	2011	7	30	211	0.03
0310070613	2011	7	31	212	0.03
0310070613	2011	8	1	213	0.03
0310070613	2011	8	2	214	0.03
0310070613	2011	8	3	215	0.03
0310070613	2011	8	4	216	0.03
0310070613	2011	8	5	217	0.05
0310070613	2011	8	6	218	0.06
0310070613	2011	8	7	219	0.06
0310070613	2011	8	8	220	0.06
0310070613	2011	8	9	221	0.06
0310070613	2011	8	10	222	0.05
0310070613	2011	8	11	223	0.05
0310070613	2011	8	12	224	0.05
0310070613	2011	8	13	225	0.04
0310070613	2011	8	14	226	0.04
0310070613	2011	8	15	227	0.04
0310070613	2011	8	16	228	0.04
0310070613	2011	8	17	229	0.04
0310070613	2011	8	18	230	0.04
0310070613	2011	8	19	231	0.04
0310070613	2011	8	20	232	0.04
0310070613	2011	8	21	233	0.04
0310070613	2011	8	22	234	0.04
0310070613	2011	8	23	235	0.04
0310070613	2011	8	24	236	0.04
0310070613	2011	8	25	237	0.04
0310070613	2011	8	26	238	0.04
0310070613	2011	8	27	239	0.03
0310070613	2011	8	28	240	0.03
0310070613	2011	8	29	241	0.03
0310070613	2011	8	30	242	0.03
0310070613	2011	8	31	243	0.02
0310070613	2011	9	1	244	0.02
0310070613	2011	9	2	245	0.02
0310070613	2011	9	3	246	0.02
0310070613	2011	9	4	247	0.02
0310070613	2011	9	5	248	0.03
0310070613	2011	9	6	249	0.03
0310070613	2011	9	7	250	0.03
0310070613	2011	9	8	251	0.03
0310070613	2011	9	9	252	0.03
0310070613	2011	9	10	253	0.03
0310070613	2011	9	11	254	0.03
0310070613	2011	9	12	255	0.03
0310070613	2011	9	13	256	0.02
0310070613	2011	9	14	257	0.02
0310070613	2011	9	15	258	0.03
0310070613	2011	9	16	259	0.04
0310070613	2011	9	17	260	0.04
0310070613	2011	9	18	261	0.04
0310070613	2011	9	19	262	0.04
0310070613	2011	9	20	263	0.04
0310070613	2011	9	21	264	0.04
0310070613	2011	9	22	265	0.04
0310070613	2011	9	23	266	0.04
0310070613	2011	9	24	267	0.04
0310070613	2011	9	25	268	0.05
0310070613	2011	9	26	269	0.07
0310070613	2011	9	27	270	0.07
0310070613	2011	9	28	271	0.06
0310070613	2011	9	29	272	0.06
0310070613	2011	9	30	273	0.06
0310070613	2011	10	1	274	0.05
0310070613	2011	10	2	275	0.05
0310070613	2011	10	3	276	0.05
0310070613	2011	10	4	277	0.04
0310070613	2011	10	5	278	0.04
0310070613	2011	10	6	279	0.04
0310070613	2011	10	7	280	0.04
0310070613	2011	10	8	281	0.04
0310070613	2011	10	9	282	0.03
0310070613	2011	10	10	283	0.03
0310070613	2011	10	11	284	0.03
0310070613	2011	10	12	285	0.05
0310070613	2011	10	13	286	0.08
0310070613	2011	10	14	287	0.07
0310070613	2011	10	15	288	0.07
0310070613	2011	10	16	289	0.06
0310070613	2011	10	17	290	0.06
0310070613	2011	10	18	291	0.08
0310070613	2011	10	19	292	0.08
0310070613	2011	10	20	293	0.07
0310070613	2011	10	21	294	0.07
0310070613	2011	10	22	295	0.07
0310070613	2011	10	23	296	0.07
0310070613	2011	10	24	297	0.07
0310070613	2011	10	25	298	0.06
0310070613	2011	10	26	299	0.06
0310070613	2011	10	27	300	0.09
0310070613	2011	10	28	301	0.08
0310070613	2011	10	29	302	0.08
0310070613	2011	10	30	303	0.07
0310070613	2011	10	31	304	0.07
0310070613	2011	11	1	305	0.07
0310070613	2011	11	2	306	0.07
0310070613	2011	11	3	307	0.07
0310070613	2011	11	4	308	0.07
0310070613	2011	11	5	309	0.07
0310070613	2011	11	6	310	0.07
0310070613	2011	11	7	311	0.06
0310070613	2011	11	8	312	0.06
0310070613	2011	11	9	313	0.09
0310070613	2011	11	10	314	0.08
0310070613	2011	11	11	315	0.08
0310070613	2011	11	12	316	0.07
0310070613	2011	11	13	317	0.07
0310070613	2011	11	14	318	0.07
0310070613	2011	11	15	319	0.1
0310070613	2011	11	16	320	0.1
0310070613	2011	11	17	321	0.08
0310070613	2011	11	18	322	0.08
0310070613	2011	11	19	323	0.08
0310070613	2011	11	20	324	0.1
0310070613	2011	11	21	325	0.09
0310070613	2011	11	22	326	0.1
0310070613	2011	11	23	327	0.09
0310070613	2011	11	24	328	0.08
0310070613	2011	11	25	329	0.08
0310070613	2011	11	26	330	0.09
0310070613	2011	11	27	331	0.1
0310070613	2011	11	28	332	0.1
0310070613	2011	11	29	333	0.11
0310070613	2011	11	30	334	0.1
0310070613	2011	12	1	335	0.09
0310070613	2011	12	2	336	0.09
0310070613	2011	12	3	337	0.09
0310070613	2011	12	4	338	0.11
0310070613	2011	12	5	339	0.18
0310070613	2011	12	6	340	0.1
0310070613	2011	12	7	341	0.1
0310070613	2011	12	8	342	0.09
0310070613	2011	12	9	343	0.09
0310070613	2011	12	10	344	0.08
0310070613	2011	12	11	345	0.08
0310070613	2011	12	12	346	0.08
0310070613	2011	12	13	347	0.09
0310070613	2011	12	14	348	0.09
0310070613	2011	12	15	349	0.1
0310070613	2011	12	16	350	0.1
0310070613	2011	12	17	351	0.09
0310070613	2011	12	18	352	0.09
0310070613	2011	12	19	353	0.09
0310070613	2011	12	20	354	0.11
0310070613	2011	12	21	355	0.1
0310070613	2011	12	22	356	0.1
0310070613	2011	12	23	357	0.1
0310070613	2011	12	24	358	0.09
0310070613	2011	12	25	359	0.09
0310070613	2011	12	26	360	0.1
0310070613	2011	12	27	361	0.11
0310070613	2011	12	28	362	0.1
0310070613	2011	12	29	363	0.09
0310070613	2011	12	30	364	0.09
0310070613	2011	12	31	365	0.08
0310070613	2012	1	1	1	0.08
0310070613	2012	1	2	2	0.08
0310070613	2012	1	3	3	0.07
0310070613	2012	1	4	4	0.07
0310070613	2012	1	5	5	0.07
0310070613	2012	1	6	6	0.07
0310070613	2012	1	7	7	0.07
0310070613	2012	1	8	8	0.06
0310070613	2012	1	9	9	0.06
0310070613	2012	1	10	10	0.07
0310070613	2012	1	11	11	0.11
0310070613	2012	1	12	12	0.1
0310070613	2012	1	13	13	0.08
0310070613	2012	1	14	14	0.08
0310070613	2012	1	15	15	0.08
0310070613	2012	1	16	16	0.08
0310070613	2012	1	17	17	0.08
0310070613	2012	1	18	18	0.08
0310070613	2012	1	19	19	0.08
0310070613	2012	1	20	20	0.08
0310070613	2012	1	21	21	0.09
0310070613	2012	1	22	22	0.1
0310070613	2012	1	23	23	0.1
0310070613	2012	1	24	24	0.09
0310070613	2012	1	25	25	0.1
0310070613	2012	1	26	26	0.11
0310070613	2012	1	27	27	0.1
0310070613	2012	1	28	28	0.09
0310070613	2012	1	29	29	0.09
0310070613	2012	1	30	30	0.08
0310070613	2012	1	31	31	0.08
0310070613	2012	2	1	32	0.08
0310070613	2012	2	2	33	0.08
0310070613	2012	2	3	34	0.09
0310070613	2012	2	4	35	0.11
0310070613	2012	2	5	36	0.1
0310070613	2012	2	6	37	0.09
0310070613	2012	2	7	38	0.09
0310070613	2012	2	8	39	0.09
0310070613	2012	2	9	40	0.08
0310070613	2012	2	10	41	0.08
0310070613	2012	2	11	42	0.08
0310070613	2012	2	12	43	0.07
0310070613	2012	2	13	44	0.08
0310070613	2012	2	14	45	0.1
0310070613	2012	2	15	46	0.1
0310070613	2012	2	16	47	0.1
0310070613	2012	2	17	48	0.09
0310070613	2012	2	18	49	0.09
0310070613	2012	2	19	50	0.09
0310070613	2012	2	20	51	0.08
0310070613	2012	2	21	52	0.08
0310070613	2012	2	22	53	0.08
0310070613	2012	2	23	54	0.08
0310070613	2012	2	24	55	0.07
0310070613	2012	2	25	56	0.07
0310070613	2012	2	26	57	0.06
0310070613	2012	2	27	58	0.06
0310070613	2012	2	28	59	0.06
0310070613	2012	2	29	60	0.09
0310070613	2012	3	1	61	0.09
0310070613	2012	3	2	62	0.08
0310070613	2012	3	3	63	0.08
0310070613	2012	3	4	64	0.07
0310070613	2012	3	5	65	0.07
0310070613	2012	3	6	66	0.06
0310070613	2012	3	7	67	0.06
0310070613	2012	3	8	68	0.11
0310070613	2012	3	9	69	0.1
0310070613	2012	3	10	70	0.09
0310070613	2012	3	11	71	0.09
0310070613	2012	3	12	72	0.1
0310070613	2012	3	13	73	0.09
0310070613	2012	3	14	74	0.08
0310070613	2012	3	15	75	0.08
0310070613	2012	3	16	76	0.11
0310070613	2012	3	17	77	0.09
0310070613	2012	3	18	78	0.09
0310070613	2012	3	19	79	0.08
0310070613	2012	3	20	80	0.07
0310070613	2012	3	21	81	0.07
0310070613	2012	3	22	82	0.08
0310070613	2012	3	23	83	0.08
0310070613	2012	3	24	84	0.08
0310070613	2012	3	25	85	0.08
0310070613	2012	3	26	86	0.07
0310070613	2012	3	27	87	0.07
0310070613	2012	3	28	88	0.06
0310070613	2012	3	29	89	0.06
0310070613	2012	3	30	90	0.06
0310070613	2012	3	31	91	0.06
0310070613	2012	4	1	92	0.05
0310070613	2012	4	2	93	0.05
0310070613	2012	4	3	94	0.05
0310070613	2012	4	4	95	0.05
0310070613	2012	4	5	96	0.06
0310070613	2012	4	6	97	0.08
0310070613	2012	4	7	98	0.07
0310070613	2012	4	8	99	0.06
0310070613	2012	4	9	100	0.06
0310070613	2012	4	10	101	0.06
0310070613	2012	4	11	102	0.06
0310070613	2012	4	12	103	0.05
0310070613	2012	4	13	104	0.05
0310070613	2012	4	14	105	0.05
0310070613	2012	4	15	106	0.05
0310070613	2012	4	16	107	0.07
0310070613	2012	4	17	108	0.07
0310070613	2012	4	18	109	0.07
0310070613	2012	4	19	110	0.06
0310070613	2012	4	20	111	0.06
0310070613	2012	4	21	112	0.06
0310070613	2012	4	22	113	0.06
0310070613	2012	4	23	114	0.06
0310070613	2012	4	24	115	0.05
0310070613	2012	4	25	116	0.05
0310070613	2012	4	26	117	0.05
0310070613	2012	4	27	118	0.05
0310070613	2012	4	28	119	0.05
0310070613	2012	4	29	120	0.05
0310070613	2012	4	30	121	0.04
0310070613	2012	5	1	122	0.04
0310070613	2012	5	2	123	0.04
0310070613	2012	5	3	124	0.04
0310070613	2012	5	4	125	0.04
0310070613	2012	5	5	126	0.04
0310070613	2012	5	6	127	0.04
0310070613	2012	5	7	128	0.04
0310070613	2012	5	8	129	0.04
0310070613	2012	5	9	130	0.04
0310070613	2012	5	10	131	0.04
0310070613	2012	5	11	132	0.04
0310070613	2012	5	12	133	0.04
0310070613	2012	5	13	134	0.04
0310070613	2012	5	14	135	0.03
0310070613	2012	5	15	136	0.03
0310070613	2012	5	16	137	0.03
0310070613	2012	5	17	138	0.03
0310070613	2012	5	18	139	0.03
0310070613	2012	5	19	140	0.02
0310070613	2012	5	20	141	0.02
0310070613	2012	5	21	142	0.02
0310070613	2012	5	22	143	0.03
0310070613	2012	5	23	144	0.03
0310070613	2012	5	24	145	0.03
0310070613	2012	5	25	146	0.03
0310070613	2012	5	26	147	0.02
0310070613	2012	5	27	148	0.02
0310070613	2012	5	28	149	0.02
0310070613	2012	5	29	150	0.02
0310070613	2012	5	30	151	0.02
0310070613	2012	5	31	152	0.02
0310070613	2012	6	1	153	0.02
0310070613	2012	6	2	154	0.02
0310070613	2012	6	3	155	0.02
0310070613	2012	6	4	156	0.03
0310070613	2012	6	5	157	0.03
0310070613	2012	6	6	158	0.03
0310070613	2012	6	7	159	0.03
0310070613	2012	6	8	160	0.03
0310070613	2012	6	9	161	0.03
0310070613	2012	6	10	162	0.03
0310070613	2012	6	11	163	0.02
0310070613	2012	6	12	164	0.03
0310070613	2012	6	13	165	0.03
0310070613	2012	6	14	166	0.03
0310070613	2012	6	15	167	0.03
0310070613	2012	6	16	168	0.03
0310070613	2012	6	17	169	0.03
0310070613	2012	6	18	170	0.02
0310070613	2012	6	19	171	0.02
0310070613	2012	6	20	172	0.02
0310070613	2012	6	21	173	0.02
0310070613	2012	6	22	174	0.02
0310070613	2012	6	23	175	0.02
0310070613	2012	6	24	176	0.02
0310070613	2012	6	25	177	0.02
0310070613	2012	6	26	178	0.02
0310070613	2012	6	27	179	0.02
0310070613	2012	6	28	180	0.02
0310070613	2012	6	29	181	0.02
0310070613	2012	6	30	182	0.02
0310070613	2012	7	1	183	0.02
0310070613	2012	7	2	184	0.02
0310070613	2012	7	3	185	0.02
0310070613	2012	7	4	186	0.02
0310070613	2012	7	5	187	0.02
0310070613	2012	7	6	188	0.02
0310070613	2012	7	7	189	0.02
0310070613	2012	7	8	190	0.04
0310070613	2012	7	9	191	0.06
0310070613	2012	7	10	192	0.06
0310070613	2012	7	11	193	0.06
0310070613	2012	7	12	194	0.06
0310070613	2012	7	13	195	0.05
0310070613	2012	7	14	196	0.05
0310070613	2012	7	15	197	0.05
0310070613	2012	7	16	198	0.04
0310070613	2012	7	17	199	0.04
0310070613	2012	7	18	200	0.03
0310070613	2012	7	19	201	0.03
0310070613	2012	7	20	202	0.03
0310070613	2012	7	21	203	0.02
0310070613	2012	7	22	204	0.02
0310070613	2012	7	23	205	0.02
0310070613	2012	7	24	206	0.02
0310070613	2012	7	25	207	0.02
0310070613	2012	7	26	208	0.03
0310070613	2012	7	27	209	0.05
0310070613	2012	7	28	210	0.05
0310070613	2012	7	29	211	0.05
0310070613	2012	7	30	212	0.05
0310070613	2012	7	31	213	0.05
0310070613	2012	8	1	214	0.04
0310070613	2012	8	2	215	0.04
0310070613	2012	8	3	216	0.07
0310070613	2012	8	4	217	0.07
0310070613	2012	8	5	218	0.06
0310070613	2012	8	6	219	0.06
0310070613	2012	8	7	220	0.05
0310070613	2012	8	8	221	0.05
0310070613	2012	8	9	222	0.05
0310070613	2012	8	10	223	0.05
0310070613	2012	8	11	224	0.04
0310070613	2012	8	12	225	0.04
0310070613	2012	8	13	226	0.06
0310070613	2012	8	14	227	0.06
0310070613	2012	8	15	228	0.06
0310070613	2012	8	16	229	0.06
0310070613	2012	8	17	230	0.06
0310070613	2012	8	18	231	0.05
0310070613	2012	8	19	232	0.04
0310070613	2012	8	20	233	0.04
0310070613	2012	8	21	234	0.04
0310070613	2012	8	22	235	0.04
0310070613	2012	8	23	236	0.04
0310070613	2012	8	24	237	0.03
0310070613	2012	8	25	238	0.03
0310070613	2012	8	26	239	0.03
0310070613	2012	8	27	240	0.03
0310070613	2012	8	28	241	0.03
0310070613	2012	8	29	242	0.02
0310070613	2012	8	30	243	0.02
0310070613	2012	8	31	244	0.02
0310070613	2012	9	1	245	0.02
0310070613	2012	9	2	246	0.02
0310070613	2012	9	3	247	0.02
0310070613	2012	9	4	248	0.02
0310070613	2012	9	5	249	0.02
0310070613	2012	9	6	250	0.03
0310070613	2012	9	7	251	0.05
0310070613	2012	9	8	252	0.07
0310070613	2012	9	9	253	0.06
0310070613	2012	9	10	254	0.05
0310070613	2012	9	11	255	0.04
0310070613	2012	9	12	256	0.04
0310070613	2012	9	13	257	0.04
0310070613	2012	9	14	258	0.04
0310070613	2012	9	15	259	0.04
0310070613	2012	9	16	260	0.04
0310070613	2012	9	17	261	0.05
0310070613	2012	9	18	262	0.05
0310070613	2012	9	19	263	0.05
0310070613	2012	9	20	264	0.04
0310070613	2012	9	21	265	0.05
0310070613	2012	9	22	266	0.05
0310070613	2012	9	23	267	0.05
0310070613	2012	9	24	268	0.05
0310070613	2012	9	25	269	0.05
0310070613	2012	9	26	270	0.05
0310070613	2012	9	27	271	0.07
0310070613	2012	9	28	272	0.07
0310070613	2012	9	29	273	0.07
0310070613	2012	9	30	274	0.06
0310070613	2012	10	1	275	0.06
0310070613	2012	10	2	276	0.06
0310070613	2012	10	3	277	0.06
0310070613	2012	10	4	278	0.06
0310070613	2012	10	5	279	0.06
0310070613	2012	10	6	280	0.07
0310070613	2012	10	7	281	0.06
0310070613	2012	10	8	282	0.06
0310070613	2012	10	9	283	0.06
0310070613	2012	10	10	284	0.05
0310070613	2012	10	11	285	0.05
0310070613	2012	10	12	286	0.05
0310070613	2012	10	13	287	0.05
0310070613	2012	10	14	288	0.06
0310070613	2012	10	15	289	0.06
0310070613	2012	10	16	290	0.05
0310070613	2012	10	17	291	0.06
0310070613	2012	10	18	292	0.07
0310070613	2012	10	19	293	0.06
0310070613	2012	10	20	294	0.06
0310070613	2012	10	21	295	0.06
0310070613	2012	10	22	296	0.06
0310070613	2012	10	23	297	0.05
0310070613	2012	10	24	298	0.05
0310070613	2012	10	25	299	0.05
0310070613	2012	10	26	300	0.07
0310070613	2012	10	27	301	0.07
0310070613	2012	10	28	302	0.06
0310070613	2012	10	29	303	0.06
0310070613	2012	10	30	304	0.05
0310070613	2012	10	31	305	0.05
0310070613	2012	11	1	306	0.05
0310070613	2012	11	2	307	0.05
0310070613	2012	11	3	308	0.05
0310070613	2012	11	4	309	0.05
0310070613	2012	11	5	310	0.05
0310070613	2012	11	6	311	0.05
0310070613	2012	11	7	312	0.05
0310070613	2012	11	8	313	0.05
0310070613	2012	11	9	314	0.05
0310070613	2012	11	10	315	0.05
0310070613	2012	11	11	316	0.06
0310070613	2012	11	12	317	0.09
0310070613	2012	11	13	318	0.07
0310070613	2012	11	14	319	0.07
0310070613	2012	11	15	320	0.07
0310070613	2012	11	16	321	0.06
0310070613	2012	11	17	322	0.06
0310070613	2012	11	18	323	0.06
0310070613	2012	11	19	324	0.06
0310070613	2012	11	20	325	0.06
0310070613	2012	11	21	326	0.06
0310070613	2012	11	22	327	0.05
0310070613	2012	11	23	328	0.05
0310070613	2012	11	24	329	0.05
0310070613	2012	11	25	330	0.05
0310070613	2012	11	26	331	0.05
0310070613	2012	11	27	332	0.06
0310070613	2012	11	28	333	0.06
0310070613	2012	11	29	334	0.06
0310070613	2012	11	30	335	0.05
0310070613	2012	12	1	336	0.05
0310070613	2012	12	2	337	0.05
0310070613	2012	12	3	338	0.05
0310070613	2012	12	4	339	0.06
0310070613	2012	12	5	340	0.07
0310070613	2012	12	6	341	0.06
0310070613	2012	12	7	342	0.06
0310070613	2012	12	8	343	0.06
0310070613	2012	12	9	344	0.1
0310070613	2012	12	10	345	0.09
0310070613	2012	12	11	346	0.08
0310070613	2012	12	12	347	0.08
0310070613	2012	12	13	348	0.07
0310070613	2012	12	14	349	0.07
0310070613	2012	12	15	350	0.08
0310070613	2012	12	16	351	0.08
0310070613	2012	12	17	352	0.07
0310070613	2012	12	18	353	0.07
0310070613	2012	12	19	354	0.07
0310070613	2012	12	20	355	0.08
0310070613	2012	12	21	356	0.08
0310070613	2012	12	22	357	0.07
0310070613	2012	12	23	358	0.07
0310070613	2012	12	24	359	0.07
0310070613	2012	12	25	360	0.07
0310070613	2012	12	26	361	0.09
0310070613	2012	12	27	362	0.09
0310070613	2012	12	28	363	0.1
0310070613	2012	12	29	364	0.09
0310070613	2012	12	30	365	0.08
0310070613	2012	12	31	366	0.08
0310070613	2013	1	1	1	0.09
