stationID	Y	M	D	DOY	depth_5
0310060206	2002	1	1	1	0.55
0310060206	2002	1	2	2	0.54
0310060206	2002	1	3	3	0.52
0310060206	2002	1	4	4	0.5
0310060206	2002	1	5	5	0.52
0310060206	2002	1	6	6	0.53
0310060206	2002	1	7	7	0.52
0310060206	2002	1	8	8	0.53
0310060206	2002	1	9	9	0.53
0310060206	2002	1	10	10	0.53
0310060206	2002	1	11	11	0.53
0310060206	2002	1	12	12	0.54
0310060206	2002	1	13	13	0.53
0310060206	2002	1	14	14	0.54
0310060206	2002	1	15	15	0.53
0310060206	2002	1	16	16	0.53
0310060206	2002	1	17	17	0.53
0310060206	2002	1	18	18	0.53
0310060206	2002	1	19	19	0.53
0310060206	2002	1	20	20	0.53
0310060206	2002	1	21	21	0.53
0310060206	2002	1	22	22	0.53
0310060206	2002	1	23	23	0.54
0310060206	2002	1	24	24	0.54
0310060206	2002	1	25	25	0.53
0310060206	2002	1	26	26	0.54
0310060206	2002	1	27	27	0.54
0310060206	2002	1	28	28	0.54
0310060206	2002	1	29	29	0.54
0310060206	2002	1	30	30	0.54
0310060206	2002	1	31	31	0.63
0310060206	2002	2	1	32	0.69
0310060206	2002	2	2	33	0.69
0310060206	2002	2	3	34	0.71
0310060206	2002	2	4	35	0.72
0310060206	2002	2	5	36	0.71
0310060206	2002	2	6	37	0.72
0310060206	2002	2	7	38	0.72
0310060206	2002	2	8	39	0.73
0310060206	2002	2	9	40	0.73
0310060206	2002	2	10	41	0.74
0310060206	2002	2	11	42	0.72
0310060206	2002	2	12	43	0.72
0310060206	2002	2	13	44	0.71
0310060206	2002	2	14	45	0.71
0310060206	2002	2	15	46	0.71
0310060206	2002	2	16	47	0.7
0310060206	2002	2	17	48	0.7
0310060206	2002	2	18	49	0.7
0310060206	2002	2	19	50	0.83
0310060206	2002	2	20	51	0.85
0310060206	2002	2	21	52	0.85
0310060206	2002	2	22	53	0.81
0310060206	2002	2	23	54	0.79
0310060206	2002	2	24	55	0.79
0310060206	2002	2	25	56	0.76
0310060206	2002	2	26	57	0.74
0310060206	2002	2	27	58	0.72
0310060206	2002	2	28	59	0.72
0310060206	2002	3	1	60	0.72
0310060206	2002	3	2	61	0.72
0310060206	2002	3	3	62	0.72
0310060206	2002	3	4	63	0.71
0310060206	2002	3	5	64	0.75
0310060206	2002	3	6	65	0.8
0310060206	2002	3	7	66	0.78
0310060206	2002	3	8	67	0.78
0310060206	2002	3	9	68	0.84
0310060206	2002	3	10	69	0.79
0310060206	2002	3	11	70	0.77
0310060206	2002	3	12	71	0.77
0310060206	2002	3	13	72	0.76
0310060206	2002	3	14	73	0.76
0310060206	2002	3	15	74	0.74
0310060206	2002	3	16	75	0.73
0310060206	2002	3	17	76	0.73
0310060206	2002	3	18	77	0.72
0310060206	2002	3	19	78	0.72
0310060206	2002	3	20	79	0.72
0310060206	2002	3	21	80	0.7
0310060206	2002	3	22	81	0.69
0310060206	2002	3	23	82	0.69
0310060206	2002	3	24	83	0.69
0310060206	2002	3	25	84	0.68
0310060206	2002	3	26	85	0.68
0310060206	2002	3	27	86	0.68
0310060206	2002	3	28	87	0.69
0310060206	2002	3	29	88	0.69
0310060206	2002	3	30	89	0.68
0310060206	2002	3	31	90	0.66
0310060206	2002	4	1	91	0.65
0310060206	2002	4	2	92	0.64
0310060206	2002	4	3	93	0.62
0310060206	2002	4	4	94	0.61
0310060206	2002	4	5	95	0.6
0310060206	2002	4	6	96	0.58
0310060206	2002	4	7	97	0.58
0310060206	2002	4	8	98	0.58
0310060206	2002	4	9	99	0.6
0310060206	2002	4	10	100	0.61
0310060206	2002	4	11	101	0.6
0310060206	2002	4	12	102	0.6
0310060206	2002	4	13	103	0.59
0310060206	2002	4	14	104	0.58
0310060206	2002	4	15	105	0.56
0310060206	2002	4	16	106	0.54
0310060206	2002	4	17	107	0.52
0310060206	2002	4	18	108	0.5
0310060206	2002	4	19	109	0.49
0310060206	2002	4	20	110	0.47
0310060206	2002	4	21	111	0.81
0310060206	2002	4	22	112	0.78
0310060206	2002	4	23	113	0.75
0310060206	2002	4	24	114	0.74
0310060206	2002	4	25	115	0.71
0310060206	2002	4	26	116	0.68
0310060206	2002	4	27	117	0.86
0310060206	2002	4	28	118	0.9
0310060206	2002	4	29	119	0.9
0310060206	2002	4	30	120	0.86
0310060206	2002	5	1	121	0.85
0310060206	2002	5	2	122	0.81
0310060206	2002	5	3	123	0.78
0310060206	2002	5	4	124	0.76
0310060206	2002	5	5	125	0.73
0310060206	2002	5	6	126	0.92
0310060206	2002	5	7	127	0.95
0310060206	2002	5	8	128	0.95
0310060206	2002	5	9	129	0.96
0310060206	2002	5	10	130	0.92
0310060206	2002	5	11	131	0.94
0310060206	2002	5	12	132	0.95
0310060206	2002	5	13	133	0.95
0310060206	2002	5	14	134	0.92
0310060206	2002	5	15	135	0.88
0310060206	2002	5	16	136	0.88
0310060206	2002	5	17	137	0.87
0310060206	2002	5	18	138	0.86
0310060206	2002	5	19	139	0.8
0310060206	2002	5	20	140	0.77
0310060206	2002	5	21	141	0.75
0310060206	2002	5	22	142	0.74
0310060206	2002	5	23	143	0.72
0310060206	2002	5	24	144	0.72
0310060206	2002	5	25	145	0.94
0310060206	2002	5	26	146	0.91
0310060206	2002	5	27	147	0.88
0310060206	2002	5	28	148	0.88
0310060206	2002	5	29	149	0.81
0310060206	2002	5	30	150	0.79
0310060206	2002	5	31	151	0.76
0310060206	2002	6	1	152	0.72
0310060206	2002	6	2	153	0.68
0310060206	2002	6	3	154	0.64
0310060206	2002	6	4	155	0.62
0310060206	2002	6	5	156	0.6
0310060206	2002	6	6	157	0.59
0310060206	2002	6	7	158	0.58
0310060206	2002	6	8	159	0.56
0310060206	2002	6	9	160	0.55
0310060206	2002	6	10	161	0.54
0310060206	2002	6	11	162	0.61
0310060206	2002	6	12	163	0.71
0310060206	2002	6	13	164	0.72
0310060206	2002	6	14	165	0.71
0310060206	2002	6	15	166	0.68
0310060206	2002	6	16	167	0.65
0310060206	2002	6	17	168	0.62
0310060206	2002	6	18	169	0.6
0310060206	2002	6	19	170	0.58
0310060206	2002	6	20	171	0.56
0310060206	2002	6	21	172	0.55
0310060206	2002	6	22	173	0.54
0310060206	2002	6	23	174	0.52
0310060206	2002	6	24	175	0.51
0310060206	2002	6	25	176	0.5
0310060206	2002	6	26	177	0.5
0310060206	2002	6	27	178	0.49
0310060206	2002	6	28	179	0.48
0310060206	2002	6	29	180	0.47
0310060206	2002	6	30	181	0.47
0310060206	2002	7	1	182	0.46
0310060206	2002	7	2	183	0.46
0310060206	2002	7	3	184	0.45
0310060206	2002	7	4	185	0.45
0310060206	2002	7	5	186	0.45
0310060206	2002	7	6	187	0.45
0310060206	2002	7	7	188	0.44
0310060206	2002	7	8	189	0.44
0310060206	2002	7	9	190	0.49
0310060206	2002	7	10	191	0.6
0310060206	2002	7	11	192	0.7
0310060206	2002	7	12	193	0.87
0310060206	2002	7	13	194	0.77
0310060206	2002	7	14	195	0.73
0310060206	2002	7	15	196	0.69
0310060206	2002	7	16	197	0.65
0310060206	2002	7	17	198	0.61
0310060206	2002	7	18	199	0.58
0310060206	2002	7	19	200	0.55
0310060206	2002	7	20	201	0.52
0310060206	2002	7	21	202	0.5
0310060206	2002	7	22	203	0.5
0310060206	2002	7	23	204	0.48
0310060206	2002	7	24	205	0.47
0310060206	2002	7	25	206	0.46
0310060206	2002	7	26	207	0.48
0310060206	2002	7	27	208	0.49
0310060206	2002	7	28	209	0.49
0310060206	2002	7	29	210	0.67
0310060206	2002	7	30	211	0.64
0310060206	2002	7	31	212	0.63
0310060206	2002	8	1	213	0.62
0310060206	2002	8	2	214	0.62
0310060206	2002	8	3	215	0.61
0310060206	2002	8	4	216	0.6
0310060206	2002	8	5	217	0.62
0310060206	2002	8	6	218	0.74
0310060206	2002	8	7	219	0.75
0310060206	2002	8	8	220	0.72
0310060206	2002	8	9	221	0.7
0310060206	2002	8	10	222	0.68
0310060206	2002	8	11	223	0.66
0310060206	2002	8	12	224	0.64
0310060206	2002	8	13	225	0.64
0310060206	2002	8	14	226	0.63
0310060206	2002	8	15	227	0.58
0310060206	2002	8	16	228	0.65
0310060206	2002	8	17	229	0.66
0310060206	2002	8	18	230	0.69
0310060206	2002	8	19	231	0.67
0310060206	2002	8	20	232	0.69
0310060206	2002	8	21	233	0.68
0310060206	2002	8	22	234	0.66
0310060206	2002	8	23	235	0.71
0310060206	2002	8	24	236	0.69
0310060206	2002	8	25	237	0.68
0310060206	2002	8	26	238	0.67
0310060206	2002	8	27	239	0.65
0310060206	2002	8	28	240	0.63
0310060206	2002	8	29	241	0.61
0310060206	2002	8	30	242	0.59
0310060206	2002	8	31	243	0.57
0310060206	2002	9	1	244	0.55
0310060206	2002	9	2	245	0.54
0310060206	2002	9	3	246	0.52
0310060206	2002	9	4	247	0.5
0310060206	2002	9	5	248	0.48
0310060206	2002	9	6	249	0.47
0310060206	2002	9	7	250	0.45
0310060206	2002	9	8	251	0.44
0310060206	2002	9	9	252	0.43
0310060206	2002	9	10	253	0.42
0310060206	2002	9	11	254	0.41
0310060206	2002	9	12	255	0.4
0310060206	2002	9	13	256	0.4
0310060206	2002	9	14	257	0.4
0310060206	2002	9	15	258	0.39
0310060206	2002	9	16	259	0.39
0310060206	2002	9	17	260	0.39
0310060206	2002	9	18	261	0.41
0310060206	2002	9	19	262	0.45
0310060206	2002	9	20	263	0.47
0310060206	2002	9	21	264	0.46
0310060206	2002	9	22	265	0.46
0310060206	2002	9	23	266	0.45
0310060206	2002	9	24	267	0.45
0310060206	2002	9	25	268	0.45
0310060206	2002	9	26	269	0.45
0310060206	2002	9	27	270	0.45
0310060206	2002	9	28	271	0.45
0310060206	2002	9	29	272	0.45
0310060206	2002	9	30	273	0.45
0310060206	2002	10	1	274	0.45
0310060206	2002	10	2	275	0.45
0310060206	2002	10	3	276	0.44
0310060206	2002	10	4	277	0.45
0310060206	2002	10	5	278	0.44
0310060206	2002	10	6	279	0.46
0310060206	2002	10	7	280	0.46
0310060206	2002	10	8	281	0.46
0310060206	2002	10	9	282	0.46
0310060206	2002	10	10	283	0.46
0310060206	2002	10	11	284	0.45
0310060206	2002	10	12	285	0.45
0310060206	2002	10	13	286	0.44
0310060206	2002	10	14	287	0.43
0310060206	2002	10	15	288	0.43
0310060206	2002	10	16	289	0.42
0310060206	2002	10	17	290	0.41
0310060206	2002	10	18	291	0.42
0310060206	2002	10	19	292	0.42
0310060206	2002	10	20	293	0.41
0310060206	2002	10	21	294	0.41
0310060206	2002	10	22	295	0.41
0310060206	2002	10	23	296	0.4
0310060206	2002	10	24	297	0.41
0310060206	2002	10	25	298	0.56
0310060206	2002	10	26	299	0.56
0310060206	2002	10	27	300	0.57
0310060206	2002	10	28	301	0.58
0310060206	2002	10	29	302	0.63
0310060206	2002	10	30	303	0.64
0310060206	2002	10	31	304	0.61
0310060206	2002	11	1	305	0.58
0310060206	2002	11	2	306	0.56
0310060206	2002	11	3	307	0.56
0310060206	2002	11	4	308	0.56
0310060206	2002	11	5	309	0.57
0310060206	2002	11	6	310	0.58
0310060206	2002	11	7	311	0.57
0310060206	2002	11	8	312	0.57
0310060206	2002	11	9	313	0.57
0310060206	2002	11	10	314	0.57
0310060206	2002	11	11	315	0.54
0310060206	2002	11	12	316	0.53
0310060206	2002	11	13	317	0.54
0310060206	2002	11	14	318	0.54
0310060206	2002	11	15	319	0.53
0310060206	2002	11	16	320	0.52
0310060206	2002	11	17	321	0.51
0310060206	2002	11	18	322	0.51
0310060206	2002	11	19	323	0.51
0310060206	2002	11	20	324	0.52
0310060206	2002	11	21	325	0.51
0310060206	2002	11	22	326	0.5
0310060206	2002	11	23	327	0.5
0310060206	2002	11	24	328	0.49
0310060206	2002	11	25	329	0.48
0310060206	2002	11	26	330	0.48
0310060206	2002	11	27	331	0.47
0310060206	2002	11	28	332	0.47
0310060206	2002	11	29	333	0.47
0310060206	2002	11	30	334	0.47
0310060206	2002	12	1	335	0.46
0310060206	2002	12	2	336	0.46
0310060206	2002	12	3	337	0.46
0310060206	2002	12	4	338	0.46
0310060206	2002	12	5	339	0.45
0310060206	2002	12	6	340	0.45
0310060206	2002	12	7	341	0.45
0310060206	2002	12	8	342	0.45
0310060206	2002	12	9	343	0.44
0310060206	2002	12	10	344	0.44
0310060206	2002	12	11	345	0.45
0310060206	2002	12	12	346	0.46
0310060206	2002	12	13	347	0.46
0310060206	2002	12	14	348	0.45
0310060206	2002	12	15	349	0.45
0310060206	2002	12	16	350	0.45
0310060206	2002	12	17	351	0.45
0310060206	2002	12	18	352	0.47
0310060206	2002	12	19	353	0.46
0310060206	2002	12	20	354	0.46
0310060206	2002	12	21	355	0.45
0310060206	2002	12	22	356	0.45
0310060206	2002	12	23	357	0.44
0310060206	2002	12	24	358	0.44
0310060206	2002	12	25	359	0.44
0310060206	2002	12	26	360	0.43
0310060206	2002	12	27	361	0.44
0310060206	2002	12	28	362	0.44
0310060206	2002	12	29	363	0.45
0310060206	2002	12	30	364	0.46
0310060206	2002	12	31	365	0.45
0310060206	2003	1	1	1	0.44
0310060206	2003	1	2	2	0.44
0310060206	2003	1	3	3	0.44
0310060206	2003	1	4	4	0.44
0310060206	2003	1	5	5	0.44
0310060206	2003	1	6	6	0.44
0310060206	2003	1	7	7	0.44
0310060206	2003	1	8	8	0.44
0310060206	2003	1	9	9	0.44
0310060206	2003	1	10	10	0.44
0310060206	2003	1	11	11	0.43
0310060206	2003	1	12	12	0.42
0310060206	2003	1	13	13	0.42
0310060206	2003	1	14	14	0.42
0310060206	2003	1	15	15	0.42
0310060206	2003	1	16	16	0.41
0310060206	2003	1	17	17	0.41
0310060206	2003	1	18	18	0.39
0310060206	2003	1	19	19	0.37
0310060206	2003	1	20	20	0.38
0310060206	2003	1	21	21	0.34
0310060206	2003	1	22	22	0.28
0310060206	2003	1	23	23	0.26
0310060206	2003	1	24	24	0.25
0310060206	2003	1	25	25	0.25
0310060206	2003	1	26	26	0.25
0310060206	2003	1	27	27	0.24
0310060206	2003	1	28	28	0.25
0310060206	2003	1	29	29	0.27
0310060206	2003	1	30	30	0.27
0310060206	2003	1	31	31	0.29
0310060206	2003	2	1	32	0.33
0310060206	2003	2	2	33	0.4
0310060206	2003	2	3	34	0.41
0310060206	2003	2	4	35	0.41
0310060206	2003	2	5	36	0.4
0310060206	2003	2	6	37	0.4
0310060206	2003	2	7	38	0.4
0310060206	2003	2	8	39	0.38
0310060206	2003	2	9	40	0.37
0310060206	2003	2	10	41	0.38
0310060206	2003	2	11	42	0.38
0310060206	2003	2	12	43	0.38
0310060206	2003	2	13	44	0.38
0310060206	2003	2	14	45	0.44
0310060206	2003	2	15	46	0.53
0310060206	2003	2	16	47	0.5
0310060206	2003	2	17	48	0.49
0310060206	2003	2	18	49	0.53
0310060206	2003	2	19	50	0.56
0310060206	2003	2	20	51	0.53
0310060206	2003	2	21	52	0.52
0310060206	2003	2	22	53	0.52
0310060206	2003	2	23	54	0.49
0310060206	2003	2	24	55	0.48
0310060206	2003	2	25	56	0.47
0310060206	2003	2	26	57	0.46
0310060206	2003	2	27	58	0.47
0310060206	2003	2	28	59	0.47
0310060206	2003	3	1	60	0.5
0310060206	2003	3	2	61	0.52
0310060206	2003	3	3	62	0.49
0310060206	2003	3	4	63	0.5
0310060206	2003	3	5	64	0.48
0310060206	2003	3	6	65	0.48
0310060206	2003	3	7	66	0.51
0310060206	2003	3	8	67	0.55
0310060206	2003	3	9	68	0.5
0310060206	2003	3	10	69	0.48
0310060206	2003	3	11	70	0.48
0310060206	2003	3	12	71	0.52
0310060206	2003	3	13	72	0.53
0310060206	2003	3	14	73	0.51
0310060206	2003	3	15	74	0.52
0310060206	2003	3	16	75	0.52
0310060206	2003	3	17	76	0.52
0310060206	2003	3	18	77	0.52
0310060206	2003	3	19	78	0.58
0310060206	2003	3	20	79	0.59
0310060206	2003	3	21	80	0.55
0310060206	2003	3	22	81	0.54
0310060206	2003	3	23	82	0.53
0310060206	2003	3	24	83	0.53
0310060206	2003	3	25	84	0.52
0310060206	2003	3	26	85	0.51
0310060206	2003	3	27	86	0.51
0310060206	2003	3	28	87	0.5
0310060206	2003	3	29	88	0.48
0310060206	2003	3	30	89	0.48
0310060206	2003	3	31	90	0.48
0310060206	2003	4	1	91	0.49
0310060206	2003	4	2	92	0.49
0310060206	2003	4	3	93	0.49
0310060206	2003	4	4	94	0.48
0310060206	2003	4	5	95	0.47
0310060206	2003	4	6	96	0.48
0310060206	2003	4	7	97	0.55
0310060206	2003	4	8	98	0.53
0310060206	2003	4	9	99	0.52
0310060206	2003	4	10	100	0.52
0310060206	2003	4	11	101	0.52
0310060206	2003	4	12	102	0.52
0310060206	2003	4	13	103	0.52
0310060206	2003	4	14	104	0.52
0310060206	2003	4	15	105	0.51
0310060206	2003	4	16	106	0.54
0310060206	2003	4	17	107	0.58
0310060206	2003	4	18	108	0.56
0310060206	2003	4	19	109	0.62
0310060206	2003	4	20	110	0.62
0310060206	2003	4	21	111	0.58
0310060206	2003	4	22	112	0.57
0310060206	2003	4	23	113	0.56
0310060206	2003	4	24	114	0.63
0310060206	2003	4	25	115	0.62
0310060206	2003	4	26	116	0.59
0310060206	2003	4	27	117	0.58
0310060206	2003	4	28	118	0.65
0310060206	2003	4	29	119	0.62
0310060206	2003	4	30	120	0.63
0310060206	2003	5	1	121	0.66
0310060206	2003	5	2	122	0.63
0310060206	2003	5	3	123	0.6
0310060206	2003	5	4	124	0.65
0310060206	2003	5	5	125	0.65
0310060206	2003	5	6	126	0.63
0310060206	2003	5	7	127	0.62
0310060206	2003	5	8	128	0.6
0310060206	2003	5	9	129	0.63
0310060206	2003	5	10	130	0.74
0310060206	2003	5	11	131	0.68
0310060206	2003	5	12	132	0.63
0310060206	2003	5	13	133	0.62
0310060206	2003	5	14	134	0.62
0310060206	2003	5	15	135	0.62
0310060206	2003	5	16	136	0.6
0310060206	2003	5	17	137	0.6
0310060206	2003	5	18	138	0.6
0310060206	2003	5	19	139	0.6
0310060206	2003	5	20	140	0.61
0310060206	2003	5	21	141	0.6
0310060206	2003	5	22	142	0.6
0310060206	2003	5	23	143	0.61
0310060206	2003	5	24	144	0.64
0310060206	2003	5	25	145	0.67
0310060206	2003	5	26	146	0.65
0310060206	2003	5	27	147	0.65
0310060206	2003	5	28	148	0.64
0310060206	2003	5	29	149	0.64
0310060206	2003	5	30	150	0.67
0310060206	2003	5	31	151	0.65
0310060206	2003	6	1	152	0.64
0310060206	2003	6	2	153	0.68
0310060206	2003	6	3	154	0.68
0310060206	2003	6	4	155	0.66
0310060206	2003	6	5	156	0.66
0310060206	2003	6	6	157	0.73
0310060206	2003	6	7	158	0.7
0310060206	2003	6	8	159	0.67
0310060206	2003	6	9	160	0.66
0310060206	2003	6	10	161	0.69
0310060206	2003	6	11	162	0.68
0310060206	2003	6	12	163	0.66
0310060206	2003	6	13	164	0.69
0310060206	2003	6	14	165	0.66
0310060206	2003	6	15	166	0.64
0310060206	2003	6	16	167	0.6
0310060206	2003	6	17	168	0.56
0310060206	2003	6	18	169	0.52
0310060206	2003	6	19	170	0.49
0310060206	2003	6	20	171	0.46
0310060206	2003	6	21	172	0.44
0310060206	2003	6	22	173	0.43
0310060206	2003	6	23	174	0.42
0310060206	2003	6	24	175	0.43
0310060206	2003	6	25	176	0.42
0310060206	2003	6	26	177	0.42
0310060206	2003	6	27	178	0.41
0310060206	2003	6	28	179	0.42
0310060206	2003	6	29	180	0.41
0310060206	2003	6	30	181	0.41
0310060206	2003	7	1	182	0.41
0310060206	2003	7	2	183	0.41
0310060206	2003	7	3	184	0.41
0310060206	2003	7	4	185	0.41
0310060206	2003	7	5	186	0.41
0310060206	2003	7	6	187	0.4
0310060206	2003	7	7	188	0.39
0310060206	2003	7	8	189	0.39
0310060206	2003	7	9	190	0.38
0310060206	2003	7	10	191	0.38
0310060206	2003	7	11	192	0.37
0310060206	2003	7	12	193	0.37
0310060206	2003	7	13	194	0.36
0310060206	2003	7	14	195	0.36
0310060206	2003	7	15	196	0.36
0310060206	2003	7	16	197	0.36
0310060206	2003	7	17	198	0.4
0310060206	2003	7	18	199	0.41
0310060206	2003	7	19	200	0.41
0310060206	2003	7	20	201	0.41
0310060206	2003	7	21	202	0.41
0310060206	2003	7	22	203	0.4
0310060206	2003	7	23	204	0.4
0310060206	2003	7	24	205	0.4
0310060206	2003	7	25	206	0.39
0310060206	2003	7	26	207	0.39
0310060206	2003	7	27	208	0.39
0310060206	2003	7	28	209	0.39
0310060206	2003	7	29	210	0.38
0310060206	2003	7	30	211	0.38
0310060206	2003	7	31	212	0.38
0310060206	2003	8	1	213	0.37
0310060206	2003	8	2	214	0.37
0310060206	2003	8	3	215	0.37
0310060206	2003	8	4	216	0.36
0310060206	2003	8	5	217	0.36
0310060206	2003	8	6	218	0.36
0310060206	2003	8	7	219	0.35
0310060206	2003	8	8	220	0.35
0310060206	2003	8	9	221	0.34
0310060206	2003	8	10	222	0.34
0310060206	2003	8	11	223	0.33
0310060206	2003	8	12	224	0.33
0310060206	2003	8	13	225	0.32
0310060206	2003	8	14	226	0.32
0310060206	2003	8	15	227	0.32
0310060206	2003	8	16	228	0.32
0310060206	2003	8	17	229	0.32
0310060206	2003	8	18	230	0.32
0310060206	2003	8	19	231	0.31
0310060206	2003	8	20	232	0.3
0310060206	2003	8	21	233	0.29
0310060206	2003	8	22	234	0.28
0310060206	2003	8	23	235	0.27
0310060206	2003	8	24	236	0.26
0310060206	2003	8	25	237	0.26
0310060206	2003	8	26	238	0.25
0310060206	2003	8	27	239	0.25
0310060206	2003	8	28	240	0.27
0310060206	2003	8	29	241	0.33
0310060206	2003	8	30	242	0.32
0310060206	2003	8	31	243	0.64
0310060206	2003	9	1	244	0.72
0310060206	2003	9	2	245	0.68
0310060206	2003	9	3	246	0.64
0310060206	2003	9	4	247	0.6
0310060206	2003	9	5	248	0.58
0310060206	2003	9	6	249	0.56
0310060206	2003	9	7	250	0.55
0310060206	2003	9	8	251	0.54
0310060206	2003	9	9	252	0.52
0310060206	2003	9	10	253	0.52
0310060206	2003	9	11	254	0.56
0310060206	2003	9	12	255	0.73
0310060206	2003	9	13	256	0.01
0310060206	2003	9	14	257	0.01
0310060206	2003	9	15	258	0.7
0310060206	2003	9	16	259	0.66
0310060206	2003	9	17	260	0.64
0310060206	2003	9	18	261	0.64
0310060206	2003	9	19	262	0.65
0310060206	2003	9	20	263	0.61
0310060206	2003	9	21	264	0.7
0310060206	2003	9	22	265	0.7
0310060206	2003	9	23	266	0.64
0310060206	2003	9	24	267	0.63
0310060206	2003	9	25	268	0.6
0310060206	2003	9	26	269	0.59
0310060206	2003	9	27	270	0.57
0310060206	2003	9	28	271	0.55
0310060206	2003	9	29	272	0.54
0310060206	2003	9	30	273	0.53
0310060206	2003	10	1	274	0.53
0310060206	2003	10	2	275	0.52
0310060206	2003	10	3	276	0.51
0310060206	2003	10	4	277	0.52
0310060206	2003	10	5	278	0.52
0310060206	2003	10	6	279	0.52
0310060206	2003	10	7	280	0.52
0310060206	2003	10	8	281	0.52
0310060206	2003	10	9	282	0.52
0310060206	2003	10	10	283	0.51
0310060206	2003	10	11	284	0.51
0310060206	2003	10	12	285	0.52
0310060206	2003	10	13	286	0.54
0310060206	2003	10	14	287	0.64
0310060206	2003	10	15	288	0.6
0310060206	2003	10	16	289	0.59
0310060206	2003	10	17	290	0.61
0310060206	2003	10	18	291	0.59
0310060206	2003	10	19	292	0.59
0310060206	2003	10	20	293	0.58
0310060206	2003	10	21	294	0.57
0310060206	2003	10	22	295	0.56
0310060206	2003	10	23	296	0.55
0310060206	2003	10	24	297	0.54
0310060206	2003	10	25	298	0.52
0310060206	2003	10	26	299	0.5
0310060206	2003	10	27	300	0.5
0310060206	2003	10	28	301	0.5
0310060206	2003	10	29	302	0.49
0310060206	2003	10	30	303	0.5
0310060206	2003	10	31	304	0.49
0310060206	2003	11	1	305	0.47
0310060206	2003	11	2	306	0.47
0310060206	2003	11	3	307	0.48
0310060206	2003	11	4	308	0.49
0310060206	2003	11	5	309	0.47
0310060206	2003	11	6	310	0.46
0310060206	2003	11	7	311	0.45
0310060206	2003	11	8	312	0.44
0310060206	2003	11	9	313	0.44
0310060206	2003	11	10	314	0.44
0310060206	2003	11	11	315	0.46
0310060206	2003	11	12	316	0.46
0310060206	2003	11	13	317	0.44
0310060206	2003	11	14	318	0.43
0310060206	2003	11	15	319	0.44
0310060206	2003	11	16	320	0.44
0310060206	2003	11	17	321	0.5
0310060206	2003	11	18	322	0.64
0310060206	2003	11	19	323	0.58
0310060206	2003	11	20	324	0.57
0310060206	2003	11	21	325	0.55
0310060206	2003	11	22	326	0.54
0310060206	2003	11	23	327	0.59
0310060206	2003	11	24	328	0.54
0310060206	2003	11	25	329	0.53
0310060206	2003	11	26	330	0.54
0310060206	2003	11	27	331	0.54
0310060206	2003	11	28	332	0.52
0310060206	2003	11	29	333	0.51
0310060206	2003	11	30	334	0.51
0310060206	2003	12	1	335	0.51
0310060206	2003	12	2	336	0.5
0310060206	2003	12	3	337	0.5
0310060206	2003	12	4	338	0.5
0310060206	2003	12	5	339	0.49
0310060206	2003	12	6	340	0.5
0310060206	2003	12	7	341	0.5
0310060206	2003	12	8	342	0.5
0310060206	2003	12	9	343	0.64
0310060206	2003	12	10	344	0.89
0310060206	2003	12	11	345	0.67
0310060206	2003	12	12	346	0.59
0310060206	2003	12	13	347	0.56
0310060206	2003	12	14	348	0.58
0310060206	2003	12	15	349	0.63
0310060206	2003	12	16	350	0.69
0310060206	2003	12	17	351	0.66
0310060206	2003	12	18	352	0.68
0310060206	2003	12	19	353	0.66
0310060206	2003	12	20	354	0.6
0310060206	2003	12	21	355	0.63
0310060206	2003	12	22	356	0.67
0310060206	2003	12	23	357	0.67
0310060206	2003	12	24	358	0.62
0310060206	2003	12	25	359	0.58
0310060206	2003	12	26	360	0.6
0310060206	2003	12	27	361	0.64
0310060206	2003	12	28	362	0.69
0310060206	2003	12	29	363	0.67
0310060206	2003	12	30	364	0.63
0310060206	2003	12	31	365	0.61
0310060206	2004	1	1	1	0.6
0310060206	2004	1	2	2	0.61
0310060206	2004	1	3	3	0.59
0310060206	2004	1	4	4	0.56
0310060206	2004	1	5	5	0.55
0310060206	2004	1	6	6	0.52
0310060206	2004	1	7	7	0.5
0310060206	2004	1	8	8	0.5
0310060206	2004	1	9	9	0.51
0310060206	2004	1	10	10	0.5
0310060206	2004	1	11	11	0.5
0310060206	2004	1	12	12	0.53
0310060206	2004	1	13	13	0.55
0310060206	2004	1	14	14	0.55
0310060206	2004	1	15	15	0.54
0310060206	2004	1	16	16	0.56
0310060206	2004	1	17	17	0.65
0310060206	2004	1	18	18	0.58
0310060206	2004	1	19	19	0.53
0310060206	2004	1	20	20	0.5
0310060206	2004	1	21	21	0.48
0310060206	2004	1	22	22	0.49
0310060206	2004	1	23	23	0.44
0310060206	2004	1	24	24	0.46
0310060206	2004	1	25	25	0.43
0310060206	2004	1	26	26	0.29
0310060206	2004	1	27	27	0.26
0310060206	2004	1	28	28	0.27
0310060206	2004	1	29	29	0.28
0310060206	2004	1	30	30	0.28
0310060206	2004	1	31	31	0.27
0310060206	2004	2	1	32	0.27
0310060206	2004	2	2	33	0.69
0310060206	2004	2	3	34	0.4
0310060206	2004	2	4	35	0.43
0310060206	2004	2	5	36	0.44
0310060206	2004	2	6	37	0.45
0310060206	2004	2	7	38	0.46
0310060206	2004	2	8	39	0.46
0310060206	2004	2	9	40	0.46
0310060206	2004	2	10	41	0.46
0310060206	2004	2	11	42	0.46
0310060206	2004	2	12	43	0.45
0310060206	2004	2	13	44	0.42
0310060206	2004	2	14	45	0.42
0310060206	2004	2	15	46	0.47
0310060206	2004	2	16	47	0.46
0310060206	2004	2	17	48	0.55
0310060206	2004	2	18	49	0.61
0310060206	2004	2	19	50	0.66
0310060206	2004	2	20	51	0.67
0310060206	2004	2	21	52	0.67
0310060206	2004	2	22	53	0.66
0310060206	2004	2	23	54	0.62
0310060206	2004	2	24	55	0.59
0310060206	2004	2	25	56	0.57
0310060206	2004	2	26	57	0.55
0310060206	2004	2	27	58	0.54
0310060206	2004	2	28	59	0.53
0310060206	2004	2	29	60	0.52
0310060206	2004	3	1	61	0.53
0310060206	2004	3	2	62	0.51
0310060206	2004	3	3	63	0.52
0310060206	2004	3	4	64	0.64
0310060206	2004	3	5	65	0.72
0310060206	2004	3	6	66	0.71
0310060206	2004	3	7	67	0.64
0310060206	2004	3	8	68	0.58
0310060206	2004	3	9	69	0.56
0310060206	2004	3	10	70	0.54
0310060206	2004	3	11	71	0.52
0310060206	2004	3	12	72	0.5
0310060206	2004	3	13	73	0.51
0310060206	2004	3	14	74	0.57
0310060206	2004	3	15	75	0.56
0310060206	2004	3	16	76	0.69
0310060206	2004	3	17	77	0.69
0310060206	2004	3	18	78	0.65
0310060206	2004	3	19	79	0.58
0310060206	2004	3	20	80	0.57
0310060206	2004	3	21	81	0.52
0310060206	2004	3	22	82	0.51
0310060206	2004	3	23	83	0.5
0310060206	2004	3	24	84	0.52
0310060206	2004	3	25	85	0.52
0310060206	2004	3	26	86	0.65
0310060206	2004	3	27	87	0.74
0310060206	2004	3	28	88	0.75
0310060206	2004	3	29	89	0.74
0310060206	2004	3	30	90	0.71
0310060206	2004	3	31	91	0.62
0310060206	2004	4	1	92	0.59
0310060206	2004	4	2	93	0.56
0310060206	2004	4	3	94	0.54
0310060206	2004	4	4	95	0.52
0310060206	2004	4	5	96	0.51
0310060206	2004	4	6	97	0.51
0310060206	2004	4	7	98	0.51
0310060206	2004	4	8	99	0.5
0310060206	2004	4	9	100	0.49
0310060206	2004	4	10	101	0.48
0310060206	2004	4	11	102	0.48
0310060206	2004	4	12	103	0.47
0310060206	2004	4	13	104	0.47
0310060206	2004	4	14	105	0.47
0310060206	2004	4	15	106	0.47
0310060206	2004	4	16	107	0.48
0310060206	2004	4	17	108	0.49
0310060206	2004	4	18	109	0.48
0310060206	2004	4	19	110	0.48
0310060206	2004	4	20	111	0.6
0310060206	2004	4	21	112	0.61
0310060206	2004	4	22	113	0.57
0310060206	2004	4	23	114	0.55
0310060206	2004	4	24	115	0.54
0310060206	2004	4	25	116	0.55
0310060206	2004	4	26	117	0.54
0310060206	2004	4	27	118	0.52
0310060206	2004	4	28	119	0.52
0310060206	2004	4	29	120	0.51
0310060206	2004	4	30	121	0.65
0310060206	2004	5	1	122	0.69
0310060206	2004	5	2	123	0.61
0310060206	2004	5	3	124	0.58
0310060206	2004	5	4	125	0.57
0310060206	2004	5	5	126	0.56
0310060206	2004	5	6	127	0.56
0310060206	2004	5	7	128	0.56
0310060206	2004	5	8	129	0.54
0310060206	2004	5	9	130	0.52
0310060206	2004	5	10	131	0.5
0310060206	2004	5	11	132	0.5
0310060206	2004	5	12	133	0.48
0310060206	2004	5	13	134	0.47
0310060206	2004	5	14	135	0.45
0310060206	2004	5	15	136	0.44
0310060206	2004	5	16	137	0.43
0310060206	2004	5	17	138	0.42
0310060206	2004	5	18	139	0.45
0310060206	2004	5	19	140	0.5
0310060206	2004	5	20	141	0.5
0310060206	2004	5	21	142	0.5
0310060206	2004	5	22	143	0.49
0310060206	2004	5	23	144	0.59
0310060206	2004	5	24	145	0.63
0310060206	2004	5	25	146	0.01
0310060206	2004	5	26	147	0.67
0310060206	2004	5	27	148	0.69
0310060206	2004	5	28	149	0.01
0310060206	2004	5	29	150	0.67
0310060206	2004	5	30	151	0.72
0310060206	2004	5	31	152	0.72
0310060206	2004	6	1	153	0.64
0310060206	2004	6	2	154	0.61
0310060206	2004	6	3	155	0.6
0310060206	2004	6	4	156	0.6
0310060206	2004	6	5	157	0.59
0310060206	2004	6	6	158	0.58
0310060206	2004	6	7	159	0.58
0310060206	2004	6	8	160	0.57
0310060206	2004	6	9	161	0.55
0310060206	2004	6	10	162	0.66
0310060206	2004	6	11	163	0.69
0310060206	2004	6	12	164	0.01
0310060206	2004	6	13	165	0.01
0310060206	2004	6	14	166	0.68
0310060206	2004	6	15	167	0.68
0310060206	2004	6	16	168	0.71
0310060206	2004	6	17	169	0.01
0310060206	2004	6	18	170	0.01
0310060206	2004	6	19	171	0.01
0310060206	2004	6	20	172	0.66
0310060206	2004	6	21	173	0.65
0310060206	2004	6	22	174	0.64
0310060206	2004	6	23	175	0.61
0310060206	2004	6	24	176	0.62
0310060206	2004	6	25	177	0.01
0310060206	2004	6	26	178	0.67
0310060206	2004	6	27	179	0.64
0310060206	2004	6	28	180	0.63
0310060206	2004	6	29	181	0.63
0310060206	2004	6	30	182	0.62
0310060206	2004	7	1	183	0.62
0310060206	2004	7	2	184	0.68
0310060206	2004	7	3	185	0.01
0310060206	2004	7	4	186	0.01
0310060206	2004	7	5	187	0.71
0310060206	2004	7	6	188	0.7
0310060206	2004	7	7	189	0.69
0310060206	2004	7	8	190	0.68
0310060206	2004	7	9	191	0.68
0310060206	2004	7	10	192	0.67
0310060206	2004	7	11	193	0.01
0310060206	2004	7	12	194	0.01
0310060206	2004	7	13	195	0.01
0310060206	2004	7	14	196	0.68
0310060206	2004	7	15	197	0.67
0310060206	2004	7	16	198	0.66
0310060206	2004	7	17	199	0.65
0310060206	2004	7	18	200	0.64
0310060206	2004	7	19	201	0.64
0310060206	2004	7	20	202	0.65
0310060206	2004	7	21	203	0.64
0310060206	2004	7	22	204	0.63
0310060206	2004	7	23	205	0.62
0310060206	2004	7	24	206	0.6
0310060206	2004	7	25	207	0.61
0310060206	2004	7	26	208	0.62
0310060206	2004	7	27	209	0.62
0310060206	2004	7	28	210	0.61
0310060206	2004	7	29	211	0.61
0310060206	2004	7	30	212	0.59
0310060206	2004	7	31	213	0.6
0310060206	2004	8	1	214	0.63
0310060206	2004	8	2	215	0.69
0310060206	2004	8	3	216	0.68
0310060206	2004	8	4	217	0.01
0310060206	2004	8	5	218	0.01
0310060206	2004	8	6	219	0.67
0310060206	2004	8	7	220	0.65
0310060206	2004	8	8	221	0.64
0310060206	2004	8	9	222	0.64
0310060206	2004	8	10	223	0.63
0310060206	2004	8	11	224	0.61
0310060206	2004	8	12	225	0.59
0310060206	2004	8	13	226	0.58
0310060206	2004	8	14	227	0.58
0310060206	2004	8	15	228	0.57
0310060206	2004	8	16	229	0.55
0310060206	2004	8	17	230	0.55
0310060206	2004	8	18	231	0.53
0310060206	2004	8	19	232	0.51
0310060206	2004	8	20	233	0.62
0310060206	2004	8	21	234	0.62
0310060206	2004	8	22	235	0.61
0310060206	2004	8	23	236	0.61
0310060206	2004	8	24	237	0.69
0310060206	2004	8	25	238	0.01
0310060206	2004	8	26	239	0.01
0310060206	2004	8	27	240	0.01
0310060206	2004	8	28	241	0.01
0310060206	2004	8	29	242	0.01
0310060206	2004	8	30	243	0.7
0310060206	2004	8	31	244	0.68
0310060206	2004	9	1	245	0.66
0310060206	2004	9	2	246	0.65
0310060206	2004	9	3	247	0.63
0310060206	2004	9	4	248	0.62
0310060206	2004	9	5	249	0.61
0310060206	2004	9	6	250	0.68
0310060206	2004	9	7	251	0.64
0310060206	2004	9	8	252	0.62
0310060206	2004	9	9	253	0.61
0310060206	2004	9	10	254	0.6
0310060206	2004	9	11	255	0.59
0310060206	2004	9	12	256	0.57
0310060206	2004	9	13	257	0.55
0310060206	2004	9	14	258	0.54
0310060206	2004	9	15	259	0.53
0310060206	2004	9	16	260	0.51
0310060206	2004	9	17	261	0.5
0310060206	2004	9	18	262	0.5
0310060206	2004	9	19	263	0.5
0310060206	2004	9	20	264	0.49
0310060206	2004	9	21	265	0.48
0310060206	2004	9	22	266	0.47
0310060206	2004	9	23	267	0.46
0310060206	2004	9	24	268	0.46
0310060206	2004	9	25	269	0.45
0310060206	2004	9	26	270	0.44
0310060206	2004	9	27	271	0.43
0310060206	2004	9	28	272	0.42
0310060206	2004	9	29	273	0.41
0310060206	2004	9	30	274	0.4
0310060206	2004	10	1	275	0.42
0310060206	2004	10	2	276	0.44
0310060206	2004	10	3	277	0.44
0310060206	2004	10	4	278	0.44
0310060206	2004	10	5	279	0.43
0310060206	2004	10	6	280	0.43
0310060206	2004	10	7	281	0.57
0310060206	2004	10	8	282	0.7
0310060206	2004	10	9	283	0.63
0310060206	2004	10	10	284	0.6
0310060206	2004	10	11	285	0.58
0310060206	2004	10	12	286	0.65
0310060206	2004	10	13	287	0.64
0310060206	2004	10	14	288	0.6
0310060206	2004	10	15	289	0.59
0310060206	2004	10	16	290	0.57
0310060206	2004	10	17	291	0.56
0310060206	2004	10	18	292	0.58
0310060206	2004	10	19	293	0.58
0310060206	2004	10	20	294	0.58
0310060206	2004	10	21	295	0.58
0310060206	2004	10	22	296	0.59
0310060206	2004	10	23	297	0.61
0310060206	2004	10	24	298	0.58
0310060206	2004	10	25	299	0.58
0310060206	2004	10	26	300	0.62
0310060206	2004	10	27	301	0.64
0310060206	2004	10	28	302	0.66
0310060206	2004	10	29	303	0.65
0310060206	2004	10	30	304	0.61
0310060206	2004	10	31	305	0.59
0310060206	2004	11	1	306	0.75
0310060206	2004	11	2	307	0.71
0310060206	2004	11	3	308	0.66
0310060206	2004	11	4	309	0.71
0310060206	2004	11	5	310	0.68
0310060206	2004	11	6	311	0.65
0310060206	2004	11	7	312	0.63
0310060206	2004	11	8	313	0.6
0310060206	2004	11	9	314	0.59
0310060206	2004	11	10	315	0.58
0310060206	2004	11	11	316	0.58
0310060206	2004	11	12	317	0.56
0310060206	2004	11	13	318	0.55
0310060206	2004	11	14	319	0.55
0310060206	2004	11	15	320	0.55
0310060206	2004	11	16	321	0.56
0310060206	2004	11	17	322	0.57
0310060206	2004	11	18	323	0.57
0310060206	2004	11	19	324	0.57
0310060206	2004	11	20	325	0.56
0310060206	2004	11	21	326	0.55
0310060206	2004	11	22	327	0.55
0310060206	2004	11	23	328	0.55
0310060206	2004	11	24	329	0.56
0310060206	2004	11	25	330	0.61
0310060206	2004	11	26	331	0.67
0310060206	2004	11	27	332	0.71
0310060206	2004	11	28	333	0.69
0310060206	2004	11	29	334	0.68
0310060206	2004	11	30	335	0.67
0310060206	2004	12	1	336	0.67
0310060206	2004	12	2	337	0.67
0310060206	2004	12	3	338	0.69
0310060206	2004	12	4	339	0.67
0310060206	2004	12	5	340	0.66
0310060206	2004	12	6	341	0.71
0310060206	2004	12	7	342	0.71
0310060206	2004	12	8	343	0.71
0310060206	2004	12	9	344	0.71
0310060206	2004	12	10	345	0.7
0310060206	2004	12	11	346	0.67
0310060206	2004	12	12	347	0.65
0310060206	2004	12	13	348	0.6
0310060206	2004	12	14	349	0.57
0310060206	2004	12	15	350	0.56
0310060206	2004	12	16	351	0.56
0310060206	2004	12	17	352	0.56
0310060206	2004	12	18	353	0.57
0310060206	2004	12	19	354	0.56
0310060206	2004	12	20	355	0.54
0310060206	2004	12	21	356	0.54
0310060206	2004	12	22	357	0.5
0310060206	2004	12	23	358	0.24
0310060206	2004	12	24	359	0.2
0310060206	2004	12	25	360	0.21
0310060206	2004	12	26	361	0.22
0310060206	2004	12	27	362	0.22
0310060206	2004	12	28	363	0.23
0310060206	2004	12	29	364	0.72
0310060206	2004	12	30	365	0.37
0310060206	2004	12	31	366	0.54
0310060206	2005	1	1	1	0.54
0310060206	2005	1	2	2	0.58
0310060206	2005	1	3	3	0.68
0310060206	2005	1	4	4	0.73
0310060206	2005	1	5	5	0.73
0310060206	2005	1	6	6	0.72
0310060206	2005	1	7	7	0.72
0310060206	2005	1	8	8	0.7
0310060206	2005	1	9	9	0.71
0310060206	2005	1	10	10	0.72
0310060206	2005	1	11	11	0.72
0310060206	2005	1	12	12	0.72
0310060206	2005	1	13	13	0.72
0310060206	2005	1	14	14	0.6
0310060206	2005	1	15	15	0.53
0310060206	2005	1	16	16	0.48
0310060206	2005	1	17	17	0.27
0310060206	2005	1	18	18	0.21
0310060206	2005	1	19	19	0.22
0310060206	2005	1	20	20	0.24
0310060206	2005	1	21	21	0.28
0310060206	2005	1	22	22	0.32
0310060206	2005	1	23	23	0.2
0310060206	2005	1	24	24	0.2
0310060206	2005	1	25	25	0.21
0310060206	2005	1	26	26	0.22
0310060206	2005	1	27	27	0.24
0310060206	2005	1	28	28	0.23
0310060206	2005	1	29	29	0.25
0310060206	2005	1	30	30	0.71
0310060206	2005	1	31	31	0.39
0310060206	2005	2	1	32	0.49
0310060206	2005	2	2	33	0.52
0310060206	2005	2	3	34	0.54
0310060206	2005	2	4	35	0.58
0310060206	2005	2	5	36	0.62
0310060206	2005	2	6	37	0.68
0310060206	2005	2	7	38	0.71
0310060206	2005	2	8	39	0.7
0310060206	2005	2	9	40	0.7
0310060206	2005	2	10	41	0.7
0310060206	2005	2	11	42	0.7
0310060206	2005	2	12	43	0.71
0310060206	2005	2	13	44	0.73
0310060206	2005	2	14	45	0.73
0310060206	2005	2	15	46	0.73
0310060206	2005	2	16	47	0.7
0310060206	2005	2	17	48	0.66
0310060206	2005	2	18	49	0.63
0310060206	2005	2	19	50	0.64
0310060206	2005	2	20	51	0.7
0310060206	2005	2	21	52	0.68
0310060206	2005	2	22	53	0.64
0310060206	2005	2	23	54	0.62
0310060206	2005	2	24	55	0.62
0310060206	2005	2	25	56	0.6
0310060206	2005	2	26	57	0.59
0310060206	2005	2	27	58	0.6
0310060206	2005	2	28	59	0.59
0310060206	2005	3	1	60	0.56
0310060206	2005	3	2	61	0.56
0310060206	2005	3	3	62	0.57
0310060206	2005	3	4	63	0.56
0310060206	2005	3	5	64	0.55
0310060206	2005	3	6	65	0.54
0310060206	2005	3	7	66	0.53
0310060206	2005	3	8	67	0.51
0310060206	2005	3	9	68	0.5
0310060206	2005	3	10	69	0.5
0310060206	2005	3	11	70	0.49
0310060206	2005	3	12	71	0.49
0310060206	2005	3	13	72	0.48
0310060206	2005	3	14	73	0.48
0310060206	2005	3	15	74	0.47
0310060206	2005	3	16	75	0.47
0310060206	2005	3	17	76	0.47
0310060206	2005	3	18	77	0.47
0310060206	2005	3	19	78	0.46
0310060206	2005	3	20	79	0.45
0310060206	2005	3	21	80	0.45
0310060206	2005	3	22	81	0.5
0310060206	2005	3	23	82	0.57
0310060206	2005	3	24	83	0.58
0310060206	2005	3	25	84	0.59
0310060206	2005	3	26	85	0.58
0310060206	2005	3	27	86	0.57
0310060206	2005	3	28	87	0.55
0310060206	2005	3	29	88	0.54
0310060206	2005	3	30	89	0.54
0310060206	2005	3	31	90	0.52
0310060206	2005	4	1	91	0.52
0310060206	2005	4	2	92	0.51
0310060206	2005	4	3	93	0.5
0310060206	2005	4	4	94	0.5
0310060206	2005	4	5	95	0.5
0310060206	2005	4	6	96	0.5
0310060206	2005	4	7	97	0.49
0310060206	2005	4	8	98	0.48
0310060206	2005	4	9	99	0.49
0310060206	2005	4	10	100	0.49
0310060206	2005	4	11	101	0.53
0310060206	2005	4	12	102	0.62
0310060206	2005	4	13	103	0.6
0310060206	2005	4	14	104	0.57
0310060206	2005	4	15	105	0.56
0310060206	2005	4	16	106	0.56
0310060206	2005	4	17	107	0.56
0310060206	2005	4	18	108	0.55
0310060206	2005	4	19	109	0.55
0310060206	2005	4	20	110	0.54
0310060206	2005	4	21	111	0.6
0310060206	2005	4	22	112	0.61
0310060206	2005	4	23	113	0.58
0310060206	2005	4	24	114	0.56
0310060206	2005	4	25	115	0.55
0310060206	2005	4	26	116	0.54
0310060206	2005	4	27	117	0.54
0310060206	2005	4	28	118	0.53
0310060206	2005	4	29	119	0.53
0310060206	2005	4	30	120	0.52
0310060206	2005	5	1	121	0.51
0310060206	2005	5	2	122	0.51
0310060206	2005	5	3	123	0.5
0310060206	2005	5	4	124	0.5
0310060206	2005	5	5	125	0.5
0310060206	2005	5	6	126	0.5
0310060206	2005	5	7	127	0.5
0310060206	2005	5	8	128	0.5
0310060206	2005	5	9	129	0.5
0310060206	2005	5	10	130	0.5
0310060206	2005	5	11	131	0.51
0310060206	2005	5	12	132	0.55
0310060206	2005	5	13	133	0.66
0310060206	2005	5	14	134	0.62
0310060206	2005	5	15	135	0.58
0310060206	2005	5	16	136	0.57
0310060206	2005	5	17	137	0.58
0310060206	2005	5	18	138	0.58
0310060206	2005	5	19	139	0.59
0310060206	2005	5	20	140	0.58
0310060206	2005	5	21	141	0.57
0310060206	2005	5	22	142	0.59
0310060206	2005	5	23	143	0.59
0310060206	2005	5	24	144	0.58
0310060206	2005	5	25	145	0.58
0310060206	2005	5	26	146	0.57
0310060206	2005	5	27	147	0.56
0310060206	2005	5	28	148	0.55
0310060206	2005	5	29	149	0.55
0310060206	2005	5	30	150	0.54
0310060206	2005	5	31	151	0.54
0310060206	2005	6	1	152	0.54
0310060206	2005	6	2	153	0.53
0310060206	2005	6	3	154	0.53
0310060206	2005	6	4	155	0.66
0310060206	2005	6	5	156	0.72
0310060206	2005	6	6	157	0.66
0310060206	2005	6	7	158	0.65
0310060206	2005	6	8	159	0.7
0310060206	2005	6	9	160	0.75
0310060206	2005	6	10	161	0.75
0310060206	2005	6	11	162	0.76
0310060206	2005	6	12	163	0.73
0310060206	2005	6	13	164	0.01
0310060206	2005	6	14	165	0.72
0310060206	2005	6	15	166	0.68
0310060206	2005	6	16	167	0.67
0310060206	2005	6	17	168	0.66
0310060206	2005	6	18	169	0.66
0310060206	2005	6	19	170	0.65
0310060206	2005	6	20	171	0.64
0310060206	2005	6	21	172	0.64
0310060206	2005	6	22	173	0.64
0310060206	2005	6	23	174	0.63
0310060206	2005	6	24	175	0.61
0310060206	2005	6	25	176	0.59
0310060206	2005	6	26	177	0.57
0310060206	2005	6	27	178	0.54
0310060206	2005	6	28	179	0.52
0310060206	2005	6	29	180	0.52
0310060206	2005	6	30	181	0.5
0310060206	2005	7	1	182	0.49
0310060206	2005	7	2	183	0.48
0310060206	2005	7	3	184	0.48
0310060206	2005	7	4	185	0.48
0310060206	2005	7	5	186	0.48
0310060206	2005	7	6	187	0.48
0310060206	2005	7	7	188	0.48
0310060206	2005	7	8	189	0.48
0310060206	2005	7	9	190	0.47
0310060206	2005	7	10	191	0.46
0310060206	2005	7	11	192	0.44
0310060206	2005	7	12	193	0.43
0310060206	2005	7	13	194	0.42
0310060206	2005	7	14	195	0.41
0310060206	2005	7	15	196	0.41
0310060206	2005	7	16	197	0.4
0310060206	2005	7	17	198	0.39
0310060206	2005	7	18	199	0.38
0310060206	2005	7	19	200	0.37
0310060206	2005	7	20	201	0.37
0310060206	2005	7	21	202	0.36
0310060206	2005	7	22	203	0.36
0310060206	2005	7	23	204	0.36
0310060206	2005	7	24	205	0.35
0310060206	2005	7	25	206	0.34
0310060206	2005	7	26	207	0.33
0310060206	2005	7	27	208	0.32
0310060206	2005	7	28	209	0.31
0310060206	2005	7	29	210	0.31
0310060206	2005	7	30	211	0.31
0310060206	2005	7	31	212	0.3
0310060206	2005	8	1	213	0.3
0310060206	2005	8	2	214	0.3
0310060206	2005	8	3	215	0.3
0310060206	2005	8	4	216	0.3
0310060206	2005	8	5	217	0.29
0310060206	2005	8	6	218	0.28
0310060206	2005	8	7	219	0.28
0310060206	2005	8	8	220	0.28
0310060206	2005	8	9	221	0.28
0310060206	2005	8	10	222	0.27
0310060206	2005	8	11	223	0.27
0310060206	2005	8	12	224	0.27
0310060206	2005	8	13	225	0.33
0310060206	2005	8	14	226	0.5
0310060206	2005	8	15	227	0.48
0310060206	2005	8	16	228	0.46
0310060206	2005	8	17	229	0.44
0310060206	2005	8	18	230	0.44
0310060206	2005	8	19	231	0.51
0310060206	2005	8	20	232	0.62
0310060206	2005	8	21	233	0.57
0310060206	2005	8	22	234	0.53
0310060206	2005	8	23	235	0.49
0310060206	2005	8	24	236	0.47
0310060206	2005	8	25	237	0.47
0310060206	2005	8	26	238	0.55
0310060206	2005	8	27	239	0.56
0310060206	2005	8	28	240	0.55
0310060206	2005	8	29	241	0.57
0310060206	2005	8	30	242	0.54
0310060206	2005	8	31	243	0.5
0310060206	2005	9	1	244	0.48
0310060206	2005	9	2	245	0.45
0310060206	2005	9	3	246	0.43
0310060206	2005	9	4	247	0.41
0310060206	2005	9	5	248	0.39
0310060206	2005	9	6	249	0.37
0310060206	2005	9	7	250	0.35
0310060206	2005	9	8	251	0.34
0310060206	2005	9	9	252	0.33
0310060206	2005	9	10	253	0.32
0310060206	2005	9	11	254	0.31
0310060206	2005	9	12	255	0.3
0310060206	2005	9	13	256	0.3
0310060206	2005	9	14	257	0.35
0310060206	2005	9	15	258	0.46
0310060206	2005	9	16	259	0.57
0310060206	2005	9	17	260	0.54
0310060206	2005	9	18	261	0.52
0310060206	2005	9	19	262	0.51
0310060206	2005	9	20	263	0.5
0310060206	2005	9	21	264	0.49
0310060206	2005	9	22	265	0.47
0310060206	2005	9	23	266	0.52
0310060206	2005	9	24	267	0.54
0310060206	2005	9	25	268	0.53
0310060206	2005	9	26	269	0.51
0310060206	2005	9	27	270	0.49
0310060206	2005	9	28	271	0.48
0310060206	2005	9	29	272	0.46
0310060206	2005	9	30	273	0.45
0310060206	2005	10	1	274	0.44
0310060206	2005	10	2	275	0.61
0310060206	2005	10	3	276	0.59
0310060206	2005	10	4	277	0.57
0310060206	2005	10	5	278	0.55
0310060206	2005	10	6	279	0.52
0310060206	2005	10	7	280	0.5
0310060206	2005	10	8	281	0.5
0310060206	2005	10	9	282	0.49
0310060206	2005	10	10	283	0.48
0310060206	2005	10	11	284	0.49
0310060206	2005	10	12	285	0.48
0310060206	2005	10	13	286	0.48
0310060206	2005	10	14	287	0.48
0310060206	2005	10	15	288	0.47
0310060206	2005	10	16	289	0.46
0310060206	2005	10	17	290	0.46
0310060206	2005	10	18	291	0.46
0310060206	2005	10	19	292	0.45
0310060206	2005	10	20	293	0.59
0310060206	2005	10	21	294	0.58
0310060206	2005	10	22	295	0.56
0310060206	2005	10	23	296	0.54
0310060206	2005	10	24	297	0.53
0310060206	2005	10	25	298	0.53
0310060206	2005	10	26	299	0.52
0310060206	2005	10	27	300	0.52
0310060206	2005	10	28	301	0.51
0310060206	2005	10	29	302	0.5
0310060206	2005	10	30	303	0.5
0310060206	2005	10	31	304	0.5
0310060206	2005	11	1	305	0.49
0310060206	2005	11	2	306	0.49
0310060206	2005	11	3	307	0.49
0310060206	2005	11	4	308	0.48
0310060206	2005	11	5	309	0.48
0310060206	2005	11	6	310	0.47
0310060206	2005	11	7	311	0.47
0310060206	2005	11	8	312	0.47
0310060206	2005	11	9	313	0.46
0310060206	2005	11	10	314	0.45
0310060206	2005	11	11	315	0.44
0310060206	2005	11	12	316	0.45
0310060206	2005	11	13	317	0.45
0310060206	2005	11	14	318	0.43
0310060206	2005	11	15	319	0.49
0310060206	2005	11	16	320	0.53
0310060206	2005	11	17	321	0.51
0310060206	2005	11	18	322	0.5
0310060206	2005	11	19	323	0.51
0310060206	2005	11	20	324	0.5
0310060206	2005	11	21	325	0.5
0310060206	2005	11	22	326	0.5
0310060206	2005	11	23	327	0.49
0310060206	2005	11	24	328	0.48
0310060206	2005	11	25	329	0.47
0310060206	2005	11	26	330	0.47
0310060206	2005	11	27	331	0.48
0310060206	2005	11	28	332	0.53
0310060206	2005	11	29	333	0.52
0310060206	2005	11	30	334	0.51
0310060206	2005	12	1	335	0.51
0310060206	2005	12	2	336	0.5
0310060206	2005	12	3	337	0.5
0310060206	2005	12	4	338	0.49
0310060206	2005	12	5	339	0.48
0310060206	2005	12	6	340	0.47
0310060206	2005	12	7	341	0.47
0310060206	2005	12	8	342	0.46
0310060206	2005	12	9	343	0.46
0310060206	2005	12	10	344	0.45
0310060206	2005	12	11	345	0.49
0310060206	2005	12	12	346	0.53
0310060206	2005	12	13	347	0.53
0310060206	2005	12	14	348	0.56
0310060206	2005	12	15	349	0.53
0310060206	2005	12	16	350	0.51
0310060206	2005	12	17	351	0.5
0310060206	2005	12	18	352	0.49
0310060206	2005	12	19	353	0.48
0310060206	2005	12	20	354	0.48
0310060206	2005	12	21	355	0.47
0310060206	2005	12	22	356	0.46
0310060206	2005	12	23	357	0.46
0310060206	2005	12	24	358	0.58
0310060206	2005	12	25	359	0.55
0310060206	2005	12	26	360	0.54
0310060206	2005	12	27	361	0.54
0310060206	2005	12	28	362	0.53
0310060206	2005	12	29	363	0.52
0310060206	2005	12	30	364	0.52
0310060206	2005	12	31	365	0.51
0310060206	2006	1	1	1	0.52
0310060206	2006	1	2	2	0.55
0310060206	2006	1	3	3	0.54
0310060206	2006	1	4	4	0.54
0310060206	2006	1	5	5	0.53
0310060206	2006	1	6	6	0.52
0310060206	2006	1	7	7	0.51
0310060206	2006	1	8	8	0.52
0310060206	2006	1	9	9	0.51
0310060206	2006	1	10	10	0.53
0310060206	2006	1	11	11	0.57
0310060206	2006	1	12	12	0.55
0310060206	2006	1	13	13	0.54
0310060206	2006	1	14	14	0.52
0310060206	2006	1	15	15	0.52
0310060206	2006	1	16	16	0.52
0310060206	2006	1	17	17	0.51
0310060206	2006	1	18	18	0.5
0310060206	2006	1	19	19	0.5
0310060206	2006	1	20	20	0.52
0310060206	2006	1	21	21	0.56
0310060206	2006	1	22	22	0.56
0310060206	2006	1	23	23	0.55
0310060206	2006	1	24	24	0.54
0310060206	2006	1	25	25	0.53
0310060206	2006	1	26	26	0.52
0310060206	2006	1	27	27	0.52
0310060206	2006	1	28	28	0.56
0310060206	2006	1	29	29	0.58
0310060206	2006	1	30	30	0.56
0310060206	2006	1	31	31	0.54
0310060206	2006	2	1	32	0.54
0310060206	2006	2	2	33	0.54
0310060206	2006	2	3	34	0.53
0310060206	2006	2	4	35	0.52
0310060206	2006	2	5	36	0.51
0310060206	2006	2	6	37	0.5
0310060206	2006	2	7	38	0.5
0310060206	2006	2	8	39	0.5
0310060206	2006	2	9	40	0.5
0310060206	2006	2	10	41	0.5
0310060206	2006	2	11	42	0.49
0310060206	2006	2	12	43	0.49
0310060206	2006	2	13	44	0.49
0310060206	2006	2	14	45	0.49
0310060206	2006	2	15	46	0.49
0310060206	2006	2	16	47	0.48
0310060206	2006	2	17	48	0.48
0310060206	2006	2	18	49	0.47
0310060206	2006	2	19	50	0.41
0310060206	2006	2	20	51	0.37
0310060206	2006	2	21	52	0.4
0310060206	2006	2	22	53	0.43
0310060206	2006	2	23	54	0.44
0310060206	2006	2	24	55	0.45
0310060206	2006	2	25	56	0.45
0310060206	2006	2	26	57	0.45
0310060206	2006	2	27	58	0.45
0310060206	2006	2	28	59	0.45
0310060206	2006	3	1	60	0.46
0310060206	2006	3	2	61	0.46
0310060206	2006	3	3	62	0.45
0310060206	2006	3	4	63	0.44
0310060206	2006	3	5	64	0.46
0310060206	2006	3	6	65	0.48
0310060206	2006	3	7	66	0.49
0310060206	2006	3	8	67	0.57
0310060206	2006	3	9	68	0.64
0310060206	2006	3	10	69	0.62
0310060206	2006	3	11	70	0.6
0310060206	2006	3	12	71	0.6
0310060206	2006	3	13	72	0.68
0310060206	2006	3	14	73	0.61
0310060206	2006	3	15	74	0.58
0310060206	2006	3	16	75	0.57
0310060206	2006	3	17	76	0.56
0310060206	2006	3	18	77	0.55
0310060206	2006	3	19	78	0.54
0310060206	2006	3	20	79	0.53
0310060206	2006	3	21	80	0.52
0310060206	2006	3	22	81	0.56
0310060206	2006	3	23	82	0.57
0310060206	2006	3	24	83	0.56
0310060206	2006	3	25	84	0.55
0310060206	2006	3	26	85	0.54
0310060206	2006	3	27	86	0.59
0310060206	2006	3	28	87	0.59
0310060206	2006	3	29	88	0.58
0310060206	2006	3	30	89	0.59
0310060206	2006	3	31	90	0.62
0310060206	2006	4	1	91	0.6
0310060206	2006	4	2	92	0.67
0310060206	2006	4	3	93	0.64
0310060206	2006	4	4	94	0.6
0310060206	2006	4	5	95	0.58
0310060206	2006	4	6	96	0.58
0310060206	2006	4	7	97	0.58
