stationID	Y	M	D	DOY	depth_100
0330261113	2011	1	1	1	
0330261113	2011	1	2	2	
0330261113	2011	1	3	3	
0330261113	2011	1	4	4	
0330261113	2011	1	5	5	
0330261113	2011	1	6	6	
0330261113	2011	1	7	7	
0330261113	2011	1	8	8	
0330261113	2011	1	9	9	
0330261113	2011	1	10	10	
0330261113	2011	1	11	11	
0330261113	2011	1	12	12	
0330261113	2011	1	13	13	
0330261113	2011	1	14	14	
0330261113	2011	1	15	15	
0330261113	2011	1	16	16	
0330261113	2011	1	17	17	
0330261113	2011	1	18	18	
0330261113	2011	1	19	19	
0330261113	2011	1	20	20	
0330261113	2011	1	21	21	
0330261113	2011	1	22	22	
0330261113	2011	1	23	23	
0330261113	2011	1	24	24	
0330261113	2011	1	25	25	
0330261113	2011	1	26	26	
0330261113	2011	1	27	27	
0330261113	2011	1	28	28	
0330261113	2011	1	29	29	
0330261113	2011	1	30	30	
0330261113	2011	1	31	31	
0330261113	2011	2	1	32	
0330261113	2011	2	2	33	
0330261113	2011	2	3	34	
0330261113	2011	2	4	35	
0330261113	2011	2	5	36	
0330261113	2011	2	6	37	
0330261113	2011	2	7	38	
0330261113	2011	2	8	39	
0330261113	2011	2	9	40	
0330261113	2011	2	10	41	
0330261113	2011	2	11	42	
0330261113	2011	2	12	43	
0330261113	2011	2	13	44	
0330261113	2011	2	14	45	
0330261113	2011	2	15	46	
0330261113	2011	2	16	47	
0330261113	2011	2	17	48	
0330261113	2011	2	18	49	
0330261113	2011	2	19	50	
0330261113	2011	2	20	51	
0330261113	2011	2	21	52	
0330261113	2011	2	22	53	
0330261113	2011	2	23	54	
0330261113	2011	2	24	55	
0330261113	2011	2	25	56	
0330261113	2011	2	26	57	
0330261113	2011	2	27	58	
0330261113	2011	2	28	59	
0330261113	2011	3	1	60	
0330261113	2011	3	2	61	
0330261113	2011	3	3	62	
0330261113	2011	3	4	63	
0330261113	2011	3	5	64	
0330261113	2011	3	6	65	
0330261113	2011	3	7	66	
0330261113	2011	3	8	67	
0330261113	2011	3	9	68	
0330261113	2011	3	10	69	
0330261113	2011	3	11	70	
0330261113	2011	3	12	71	
0330261113	2011	3	13	72	
0330261113	2011	3	14	73	
0330261113	2011	3	15	74	
0330261113	2011	3	16	75	
0330261113	2011	3	17	76	
0330261113	2011	3	18	77	
0330261113	2011	3	19	78	
0330261113	2011	3	20	79	
0330261113	2011	3	21	80	
0330261113	2011	3	22	81	
0330261113	2011	3	23	82	
0330261113	2011	3	24	83	
0330261113	2011	3	25	84	
0330261113	2011	3	26	85	
0330261113	2011	3	27	86	
0330261113	2011	3	28	87	
0330261113	2011	3	29	88	
0330261113	2011	3	30	89	
0330261113	2011	3	31	90	
0330261113	2011	4	1	91	
0330261113	2011	4	2	92	
0330261113	2011	4	3	93	
0330261113	2011	4	4	94	
0330261113	2011	4	5	95	
0330261113	2011	4	6	96	
0330261113	2011	4	7	97	
0330261113	2011	4	8	98	
0330261113	2011	4	9	99	
0330261113	2011	4	10	100	
0330261113	2011	4	11	101	
0330261113	2011	4	12	102	
0330261113	2011	4	13	103	
0330261113	2011	4	14	104	
0330261113	2011	4	15	105	
0330261113	2011	4	16	106	
0330261113	2011	4	17	107	
0330261113	2011	4	18	108	
0330261113	2011	4	19	109	
0330261113	2011	4	20	110	
0330261113	2011	4	21	111	
0330261113	2011	4	22	112	
0330261113	2011	4	23	113	
0330261113	2011	4	24	114	
0330261113	2011	4	25	115	
0330261113	2011	4	26	116	
0330261113	2011	4	27	117	
0330261113	2011	4	28	118	
0330261113	2011	4	29	119	
0330261113	2011	4	30	120	
0330261113	2011	5	1	121	
0330261113	2011	5	2	122	
0330261113	2011	5	3	123	
0330261113	2011	5	4	124	
0330261113	2011	5	5	125	
0330261113	2011	5	6	126	
0330261113	2011	5	7	127	
0330261113	2011	5	8	128	
0330261113	2011	5	9	129	
0330261113	2011	5	10	130	
0330261113	2011	5	11	131	
0330261113	2011	5	12	132	
0330261113	2011	5	13	133	
0330261113	2011	5	14	134	
0330261113	2011	5	15	135	
0330261113	2011	5	16	136	
0330261113	2011	5	17	137	
0330261113	2011	5	18	138	
0330261113	2011	5	19	139	
0330261113	2011	5	20	140	
0330261113	2011	5	21	141	
0330261113	2011	5	22	142	
0330261113	2011	5	23	143	
0330261113	2011	5	24	144	
0330261113	2011	5	25	145	
0330261113	2011	5	26	146	
0330261113	2011	5	27	147	
0330261113	2011	5	28	148	
0330261113	2011	5	29	149	
0330261113	2011	5	30	150	
0330261113	2011	5	31	151	
0330261113	2011	6	1	152	
0330261113	2011	6	2	153	
0330261113	2011	6	3	154	
0330261113	2011	6	4	155	
0330261113	2011	6	5	156	
0330261113	2011	6	6	157	
0330261113	2011	6	7	158	
0330261113	2011	6	8	159	
0330261113	2011	6	9	160	
0330261113	2011	6	10	161	
0330261113	2011	6	11	162	
0330261113	2011	6	12	163	
0330261113	2011	6	13	164	
0330261113	2011	6	14	165	
0330261113	2011	6	15	166	
0330261113	2011	6	16	167	
0330261113	2011	6	17	168	
0330261113	2011	6	18	169	
0330261113	2011	6	19	170	
0330261113	2011	6	20	171	
0330261113	2011	6	21	172	
0330261113	2011	6	22	173	
0330261113	2011	6	23	174	
0330261113	2011	6	24	175	
0330261113	2011	6	25	176	
0330261113	2011	6	26	177	
0330261113	2011	6	27	178	
0330261113	2011	6	28	179	
0330261113	2011	6	29	180	
0330261113	2011	6	30	181	
0330261113	2011	7	1	182	
0330261113	2011	7	2	183	
0330261113	2011	7	3	184	
0330261113	2011	7	4	185	
0330261113	2011	7	5	186	
0330261113	2011	7	6	187	
0330261113	2011	7	7	188	
0330261113	2011	7	8	189	
0330261113	2011	7	9	190	
0330261113	2011	7	10	191	
0330261113	2011	7	11	192	
0330261113	2011	7	12	193	
0330261113	2011	7	13	194	
0330261113	2011	7	14	195	
0330261113	2011	7	15	196	
0330261113	2011	7	16	197	
0330261113	2011	7	17	198	
0330261113	2011	7	18	199	
0330261113	2011	7	19	200	
0330261113	2011	7	20	201	
0330261113	2011	7	21	202	
0330261113	2011	7	22	203	
0330261113	2011	7	23	204	
0330261113	2011	7	24	205	
0330261113	2011	7	25	206	
0330261113	2011	7	26	207	
0330261113	2011	7	27	208	
0330261113	2011	7	28	209	
0330261113	2011	7	29	210	
0330261113	2011	7	30	211	
0330261113	2011	7	31	212	
0330261113	2011	8	1	213	
0330261113	2011	8	2	214	
0330261113	2011	8	3	215	
0330261113	2011	8	4	216	
0330261113	2011	8	5	217	
0330261113	2011	8	6	218	
0330261113	2011	8	7	219	
0330261113	2011	8	8	220	
0330261113	2011	8	9	221	
0330261113	2011	8	10	222	
0330261113	2011	8	11	223	
0330261113	2011	8	12	224	
0330261113	2011	8	13	225	
0330261113	2011	8	14	226	
0330261113	2011	8	15	227	
0330261113	2011	8	16	228	
0330261113	2011	8	17	229	
0330261113	2011	8	18	230	
0330261113	2011	8	19	231	
0330261113	2011	8	20	232	
0330261113	2011	8	21	233	
0330261113	2011	8	22	234	
0330261113	2011	8	23	235	
0330261113	2011	8	24	236	
0330261113	2011	8	25	237	
0330261113	2011	8	26	238	
0330261113	2011	8	27	239	
0330261113	2011	8	28	240	
0330261113	2011	8	29	241	
0330261113	2011	8	30	242	
0330261113	2011	8	31	243	
0330261113	2011	9	1	244	
0330261113	2011	9	2	245	
0330261113	2011	9	3	246	
0330261113	2011	9	4	247	
0330261113	2011	9	5	248	
0330261113	2011	9	6	249	
0330261113	2011	9	7	250	
0330261113	2011	9	8	251	
0330261113	2011	9	9	252	
0330261113	2011	9	10	253	
0330261113	2011	9	11	254	
0330261113	2011	9	12	255	
0330261113	2011	9	13	256	
0330261113	2011	9	14	257	
0330261113	2011	9	15	258	
0330261113	2011	9	16	259	
0330261113	2011	9	17	260	
0330261113	2011	9	18	261	
0330261113	2011	9	19	262	
0330261113	2011	9	20	263	
0330261113	2011	9	21	264	
0330261113	2011	9	22	265	
0330261113	2011	9	23	266	
0330261113	2011	9	24	267	
0330261113	2011	9	25	268	
0330261113	2011	9	26	269	
0330261113	2011	9	27	270	
0330261113	2011	9	28	271	
0330261113	2011	9	29	272	
0330261113	2011	9	30	273	
0330261113	2011	10	1	274	
0330261113	2011	10	2	275	
0330261113	2011	10	3	276	
0330261113	2011	10	4	277	
0330261113	2011	10	5	278	
0330261113	2011	10	6	279	
0330261113	2011	10	7	280	
0330261113	2011	10	8	281	
0330261113	2011	10	9	282	
0330261113	2011	10	10	283	
0330261113	2011	10	11	284	
0330261113	2011	10	12	285	
0330261113	2011	10	13	286	
0330261113	2011	10	14	287	
0330261113	2011	10	15	288	
0330261113	2011	10	16	289	
0330261113	2011	10	17	290	
0330261113	2011	10	18	291	
0330261113	2011	10	19	292	
0330261113	2011	10	20	293	
0330261113	2011	10	21	294	
0330261113	2011	10	22	295	
0330261113	2011	10	23	296	
0330261113	2011	10	24	297	0.1408115389
0330261113	2011	10	25	298	0.1413083928
0330261113	2011	10	26	299	0.1411502789
0330261113	2011	10	27	300	0.1411610654
0330261113	2011	10	28	301	0.140987851
0330261113	2011	10	29	302	0.140795934
0330261113	2011	10	30	303	0.1404095728
0330261113	2011	10	31	304	0.139920714
0330261113	2011	11	1	305	0.1395882453
0330261113	2011	11	2	306	0.1390035515
0330261113	2011	11	3	307	0.1386042403
0330261113	2011	11	4	308	0.1385397355
0330261113	2011	11	5	309	0.1376370109
0330261113	2011	11	6	310	0.1372132124
0330261113	2011	11	7	311	0.1369012851
0330261113	2011	11	8	312	0.1366545671
0330261113	2011	11	9	313	0.1361290303
0330261113	2011	11	10	314	0.136379614
0330261113	2011	11	11	315	0.1361907695
0330261113	2011	11	12	316	0.1356237179
0330261113	2011	11	13	317	0.1354158297
0330261113	2011	11	14	318	0.1352425867
0330261113	2011	11	15	319	0.1355370894
0330261113	2011	11	16	320	0.1360126987
0330261113	2011	11	17	321	0.1361140259
0330261113	2011	11	18	322	0.1359453196
0330261113	2011	11	19	323	0.1354724593
0330261113	2011	11	20	324	0.1359590333
0330261113	2011	11	21	325	0.1364113322
0330261113	2011	11	22	326	0.1366334239
0330261113	2011	11	23	327	0.1373293744
0330261113	2011	11	24	328	0.1376207419
0330261113	2011	11	25	329	0.1375888653
0330261113	2011	11	26	330	0.137361456
0330261113	2011	11	27	331	0.1768463778
0330261113	2011	11	28	332	0.1959949079
0330261113	2011	11	29	333	0.1985340956
0330261113	2011	11	30	334	0.19679265
0330261113	2011	12	1	335	0.1949501728
0330261113	2011	12	2	336	0.1936850392
0330261113	2011	12	3	337	0.1927477687
0330261113	2011	12	4	338	0.192018261
0330261113	2011	12	5	339	0.1919021268
0330261113	2011	12	6	340	0.195100407
0330261113	2011	12	7	341	0.1974252335
0330261113	2011	12	8	342	0.1981370567
0330261113	2011	12	9	343	0.1976847478
0330261113	2011	12	10	344	0.1972354058
0330261113	2011	12	11	345	0.1968715406
0330261113	2011	12	12	346	0.196947403
0330261113	2011	12	13	347	0.1972833273
0330261113	2011	12	14	348	0.1978846603
0330261113	2011	12	15	349	0.198617584
0330261113	2011	12	16	350	0.1997237964
0330261113	2011	12	17	351	0.2002972303
0330261113	2011	12	18	352	0.2004939751
0330261113	2011	12	19	353	0.2004742274
0330261113	2011	12	20	354	0.2749657526
0330261113	2011	12	21	355	0.3942711256
0330261113	2011	12	22	356	0.3525319133
0330261113	2011	12	23	357	0.4079654614
0330261113	2011	12	24	358	0.4080195287
0330261113	2011	12	25	359	0.4021903912
0330261113	2011	12	26	360	0.3798733696
0330261113	2011	12	27	361	0.408210101
0330261113	2011	12	28	362	0.4082454064
0330261113	2011	12	29	363	0.4079139583
0330261113	2011	12	30	364	0.3505650957
0330261113	2011	12	31	365	0.3125207801
0330261113	2012	1	1	1	0.2856335464
0330261113	2012	1	2	2	0.2703212063
0330261113	2012	1	3	3	0.258353401
0330261113	2012	1	4	4	0.2542373603
0330261113	2012	1	5	5	0.2530251979
0330261113	2012	1	6	6	0.2521458469
0330261113	2012	1	7	7	0.2515508353
0330261113	2012	1	8	8	0.252344416
0330261113	2012	1	9	9	0.2559961919
0330261113	2012	1	10	10	0.2545281108
0330261113	2012	1	11	11	0.2556206688
0330261113	2012	1	12	12	0.2531166202
0330261113	2012	1	13	13	0.2505889349
0330261113	2012	1	14	14	0.2637390508
0330261113	2012	1	15	15	0.2507066506
0330261113	2012	1	16	16	0.2408789771
0330261113	2012	1	17	17	0.2538473063
0330261113	2012	1	18	18	0.4079314229
0330261113	2012	1	19	19	0.4079817091
0330261113	2012	1	20	20	0.4080317086
0330261113	2012	1	21	21	0.3846962178
0330261113	2012	1	22	22	0.3655691552
0330261113	2012	1	23	23	0.4081375834
0330261113	2012	1	24	24	0.4046789992
0330261113	2012	1	25	25	0.3277752314
0330261113	2012	1	26	26	0.358330049
0330261113	2012	1	27	27	0.4082118423
0330261113	2012	1	28	28	0.3964287546
0330261113	2012	1	29	29	0.3096547535
0330261113	2012	1	30	30	0.2785350995
0330261113	2012	1	31	31	0.2655368889
0330261113	2012	2	1	32	0.3350132488
0330261113	2012	2	2	33	0.4081694855
0330261113	2012	2	3	34	0.4082401521
0330261113	2012	2	4	35	0.4082840548
0330261113	2012	2	5	36	0.3697272258
0330261113	2012	2	6	37	0.3041428238
0330261113	2012	2	7	38	0.2793080278
0330261113	2012	2	8	39	0.2655134983
0330261113	2012	2	9	40	0.2579441711
0330261113	2012	2	10	41	0.2548839306
0330261113	2012	2	11	42	0.2529202765
0330261113	2012	2	12	43	0.2485023114
0330261113	2012	2	13	44	0.246226452
0330261113	2012	2	14	45	0.251313148
0330261113	2012	2	15	46	0.2514614337
0330261113	2012	2	16	47	0.3993179256
0330261113	2012	2	17	48	0.4083017487
0330261113	2012	2	18	49	0.4083749682
0330261113	2012	2	19	50	0.4084535058
0330261113	2012	2	20	51	0.4085061577
0330261113	2012	2	21	52	0.4085363002
0330261113	2012	2	22	53	0.4085625448
0330261113	2012	2	23	54	0.4086011564
0330261113	2012	2	24	55	0.4086406094
0330261113	2012	2	25	56	0.3819699544
0330261113	2012	2	26	57	0.3154216572
0330261113	2012	2	27	58	0.33020818
0330261113	2012	2	28	59	0.3637043435
0330261113	2012	2	29	60	0.3004997958
0330261113	2012	3	1	61	0.2881811526
0330261113	2012	3	2	62	0.2706059682
0330261113	2012	3	3	63	0.2639342202
0330261113	2012	3	4	64	0.2577074403
0330261113	2012	3	5	65	0.2534652128
0330261113	2012	3	6	66	0.2500209224
0330261113	2012	3	7	67	0.2477668273
0330261113	2012	3	8	68	0.2454464767
0330261113	2012	3	9	69	0.2520947939
0330261113	2012	3	10	70	0.2576671781
0330261113	2012	3	11	71	0.2529116052
0330261113	2012	3	12	72	0.3562804211
0330261113	2012	3	13	73	0.4082663072
0330261113	2012	3	14	74	0.3588996634
0330261113	2012	3	15	75	0.2828029167
0330261113	2012	3	16	76	0.2632567842
0330261113	2012	3	17	77	0.2563164196
0330261113	2012	3	18	78	0.2540203123
0330261113	2012	3	19	79	0.2505536351
0330261113	2012	3	20	80	0.2469549972
0330261113	2012	3	21	81	0.2445664556
0330261113	2012	3	22	82	0.2417847765
0330261113	2012	3	23	83	0.2453958037
0330261113	2012	3	24	84	0.2485584603
0330261113	2012	3	25	85	0.2460931514
0330261113	2012	3	26	86	0.2429337022
0330261113	2012	3	27	87	0.2404848409
0330261113	2012	3	28	88	0.238475665
0330261113	2012	3	29	89	0.2364697231
0330261113	2012	3	30	90	0.2350233097
0330261113	2012	3	31	91	0.2367461301
0330261113	2012	4	1	92	0.2396920122
0330261113	2012	4	2	93	0.2388024974
0330261113	2012	4	3	94	0.2375571649
0330261113	2012	4	4	95	0.2366563913
0330261113	2012	4	5	96	0.2517696248
0330261113	2012	4	6	97	0.2563180235
0330261113	2012	4	7	98	0.2489532347
0330261113	2012	4	8	99	0.2442683967
0330261113	2012	4	9	100	0.2403402387
0330261113	2012	4	10	101	0.2377147043
0330261113	2012	4	11	102	0.2352477769
0330261113	2012	4	12	103	0.2330796549
0330261113	2012	4	13	104	0.2300729844
0330261113	2012	4	14	105	0.2277345924
0330261113	2012	4	15	106	0.2256895572
0330261113	2012	4	16	107	0.2239110076
0330261113	2012	4	17	108	0.252107896
0330261113	2012	4	18	109	0.4080366222
0330261113	2012	4	19	110	0.3172226702
0330261113	2012	4	20	111	0.2586887895
0330261113	2012	4	21	112	0.2499332399
0330261113	2012	4	22	113	0.2454132812
0330261113	2012	4	23	114	0.2408767331
0330261113	2012	4	24	115	0.237829871
0330261113	2012	4	25	116	0.2354002658
0330261113	2012	4	26	117	0.2330099433
0330261113	2012	4	27	118	0.230383293
0330261113	2012	4	28	119	0.2277007268
0330261113	2012	4	29	120	0.2258162931
0330261113	2012	4	30	121	0.2241595967
0330261113	2012	5	1	122	0.2227316186
0330261113	2012	5	2	123	0.2226352262
0330261113	2012	5	3	124	0.2312570978
0330261113	2012	5	4	125	0.2381692578
0330261113	2012	5	5	126	0.2389035303
0330261113	2012	5	6	127	0.2380007796
0330261113	2012	5	7	128	0.2428326358
0330261113	2012	5	8	129	0.2898902388
0330261113	2012	5	9	130	0.4080462811
0330261113	2012	5	10	131	0.4079480632
0330261113	2012	5	11	132	0.3161369968
0330261113	2012	5	12	133	0.2723135368
0330261113	2012	5	13	134	0.2598501505
0330261113	2012	5	14	135	0.2527337501
0330261113	2012	5	15	136	0.2478565944
0330261113	2012	5	16	137	0.2439159073
0330261113	2012	5	17	138	0.2404774904
0330261113	2012	5	18	139	0.2379392222
0330261113	2012	5	19	140	0.2356691574
0330261113	2012	5	20	141	0.232609484
0330261113	2012	5	21	142	0.2366344848
0330261113	2012	5	22	143	0.2307697867
0330261113	2012	5	23	144	0.2285920135
0330261113	2012	5	24	145	0.2269181212
0330261113	2012	5	25	146	0.2251633937
0330261113	2012	5	26	147	0.22337229
0330261113	2012	5	27	148	0.2215784635
0330261113	2012	5	28	149	0.2194827713
0330261113	2012	5	29	150	0.2174631883
0330261113	2012	5	30	151	0.2166506492
0330261113	2012	5	31	152	0.2150649856
0330261113	2012	6	1	153	0.2137995235
0330261113	2012	6	2	154	0.213446358
0330261113	2012	6	3	155	0.2124922164
0330261113	2012	6	4	156	0.2113847008
0330261113	2012	6	5	157	0.2239765027
0330261113	2012	6	6	158	0.2148837874
0330261113	2012	6	7	159	0.2135643982
0330261113	2012	6	8	160	0.2298196974
0330261113	2012	6	9	161	0.2202205088
0330261113	2012	6	10	162	
0330261113	2012	6	11	163	
0330261113	2012	6	12	164	
0330261113	2012	6	13	165	
0330261113	2012	6	14	166	0.4081008776
0330261113	2012	6	15	167	0.4081020205
0330261113	2012	6	16	168	0.4081706817
0330261113	2012	6	17	169	0.4081844185
0330261113	2012	6	18	170	0.3638583538
0330261113	2012	6	19	171	0.30459592
0330261113	2012	6	20	172	0.2714477191
0330261113	2012	6	21	173	0.2647061476
0330261113	2012	6	22	174	0.2602766284
0330261113	2012	6	23	175	0.2683520819
0330261113	2012	6	24	176	0.2710508915
0330261113	2012	6	25	177	0.2643130973
0330261113	2012	6	26	178	0.2569311944
0330261113	2012	6	27	179	0.2509515094
0330261113	2012	6	28	180	0.2465845235
0330261113	2012	6	29	181	0.2436517015
0330261113	2012	6	30	182	0.2410592982
0330261113	2012	7	1	183	0.2382385663
0330261113	2012	7	2	184	0.2354008669
0330261113	2012	7	3	185	0.2330906448
0330261113	2012	7	4	186	0.2310407226
0330261113	2012	7	5	187	0.2293137797
0330261113	2012	7	6	188	0.2275942672
0330261113	2012	7	7	189	0.2256741077
0330261113	2012	7	8	190	0.2240332933
0330261113	2012	7	9	191	0.2224268042
0330261113	2012	7	10	192	0.239056942
0330261113	2012	7	11	193	0.230253162
0330261113	2012	7	12	194	0.2309599678
0330261113	2012	7	13	195	0.2579929515
0330261113	2012	7	14	196	0.3686823319
0330261113	2012	7	15	197	0.4076831131
0330261113	2012	7	16	198	0.3836832201
0330261113	2012	7	17	199	0.2900703685
0330261113	2012	7	18	200	0.2686069976
0330261113	2012	7	19	201	0.2618113051
0330261113	2012	7	20	202	0.2655946403
0330261113	2012	7	21	203	0.3155562231
0330261113	2012	7	22	204	0.3847156379
0330261113	2012	7	23	205	0.2919826481
0330261113	2012	7	24	206	0.3253735892
0330261113	2012	7	25	207	0.4078296267
0330261113	2012	7	26	208	0.4062536448
0330261113	2012	7	27	209	0.3797646145
0330261113	2012	7	28	210	0.3503196673
0330261113	2012	7	29	211	0.4079343096
0330261113	2012	7	30	212	0.3659680408
0330261113	2012	7	31	213	0.3400251035
0330261113	2012	8	1	214	0.3219718901
0330261113	2012	8	2	215	0.3347091507
0330261113	2012	8	3	216	0.4079894485
0330261113	2012	8	4	217	0.4080352811
0330261113	2012	8	5	218	0.3984338282
0330261113	2012	8	6	219	0.1733793341
0330261113	2012	8	7	220	
0330261113	2012	8	8	221	
0330261113	2012	8	9	222	0.1687039984
0330261113	2012	8	10	223	0.2978423183
0330261113	2012	8	11	224	0.2816737962
0330261113	2012	8	12	225	0.2702110125
0330261113	2012	8	13	226	0.2631334053
0330261113	2012	8	14	227	0.2601406088
0330261113	2012	8	15	228	0.2569365659
0330261113	2012	8	16	229	0.3113480722
0330261113	2012	8	17	230	0.4079192451
0330261113	2012	8	18	231	0.4079763415
0330261113	2012	8	19	232	0.4080188591
0330261113	2012	8	20	233	0.4080465223
0330261113	2012	8	21	234	0.3565112698
0330261113	2012	8	22	235	0.2922967182
0330261113	2012	8	23	236	0.2736101458
0330261113	2012	8	24	237	0.2654927129
0330261113	2012	8	25	238	0.2611926745
0330261113	2012	8	26	239	0.2579744708
0330261113	2012	8	27	240	0.2546694635
0330261113	2012	8	28	241	0.3004023785
0330261113	2012	8	29	242	0.375479773
0330261113	2012	8	30	243	0.2946020656
0330261113	2012	8	31	244	0.2753676083
0330261113	2012	9	1	245	0.2661081335
0330261113	2012	9	2	246	0.2606854263
0330261113	2012	9	3	247	0.2573310094
0330261113	2012	9	4	248	0.3120432151
0330261113	2012	9	5	249	0.4079117999
0330261113	2012	9	6	250	
0330261113	2012	9	7	251	
0330261113	2012	9	8	252	
0330261113	2012	9	9	253	
0330261113	2012	9	10	254	
0330261113	2012	9	11	255	
0330261113	2012	9	12	256	
0330261113	2012	9	13	257	
0330261113	2012	9	14	258	
0330261113	2012	9	15	259	
0330261113	2012	9	16	260	
0330261113	2012	9	17	261	
0330261113	2012	9	18	262	
0330261113	2012	9	19	263	
0330261113	2012	9	20	264	
0330261113	2012	9	21	265	
0330261113	2012	9	22	266	
0330261113	2012	9	23	267	
0330261113	2012	9	24	268	
0330261113	2012	9	25	269	
0330261113	2012	9	26	270	
0330261113	2012	9	27	271	
0330261113	2012	9	28	272	
0330261113	2012	9	29	273	
0330261113	2012	9	30	274	
0330261113	2012	10	1	275	
0330261113	2012	10	2	276	0.4077943245
0330261113	2012	10	3	277	0.3222710138
0330261113	2012	10	4	278	0.2781199708
0330261113	2012	10	5	279	0.2676004093
0330261113	2012	10	6	280	0.2625237608
0330261113	2012	10	7	281	0.2593938424
0330261113	2012	10	8	282	0.2565472605
0330261113	2012	10	9	283	0.2534778452
0330261113	2012	10	10	284	0.2512513857
0330261113	2012	10	11	285	0.2492776062
0330261113	2012	10	12	286	0.2477462247
0330261113	2012	10	13	287	0.2461014972
0330261113	2012	10	14	288	0.2443387717
0330261113	2012	10	15	289	0.2433062277
0330261113	2012	10	16	290	0.2424671634
0330261113	2012	10	17	291	0.241033441
0330261113	2012	10	18	292	0.353620085
0330261113	2012	10	19	293	0.3309136295
0330261113	2012	10	20	294	0.2661009155
0330261113	2012	10	21	295	0.2579724203
0330261113	2012	10	22	296	0.2536296658
0330261113	2012	10	23	297	0.2506132449
0330261113	2012	10	24	298	0.248502502
0330261113	2012	10	25	299	0.2467942713
0330261113	2012	10	26	300	0.2451082195
0330261113	2012	10	27	301	0.2433546592
0330261113	2012	10	28	302	0.2417842078
0330261113	2012	10	29	303	0.2401896408
0330261113	2012	10	30	304	0.2376234767
0330261113	2012	10	31	305	0.235920404
0330261113	2012	11	1	306	0.2347464277
0330261113	2012	11	2	307	0.2334044433
0330261113	2012	11	3	308	0.2322566572
0330261113	2012	11	4	309	0.2311397211
0330261113	2012	11	5	310	0.2303656142
0330261113	2012	11	6	311	0.2309554913
0330261113	2012	11	7	312	0.2306218285
0330261113	2012	11	8	313	0.2300693643
0330261113	2012	11	9	314	0.2293276622
0330261113	2012	11	10	315	0.2281904572
0330261113	2012	11	11	316	0.2276368565
0330261113	2012	11	12	317	0.2269149035
0330261113	2012	11	13	318	0.226882827
0330261113	2012	11	14	319	0.2265768807
0330261113	2012	11	15	320	0.2259797258
0330261113	2012	11	16	321	0.225226963
0330261113	2012	11	17	322	0.224589454
0330261113	2012	11	18	323	0.223847324
0330261113	2012	11	19	324	0.2231060775
0330261113	2012	11	20	325	0.2222721315
0330261113	2012	11	21	326	0.2216590836
0330261113	2012	11	22	327	0.2209892222
0330261113	2012	11	23	328	0.2199154506
0330261113	2012	11	24	329	0.2194404833
0330261113	2012	11	25	330	0.2182592858
0330261113	2012	11	26	331	0.2175364757
0330261113	2012	11	27	332	0.2170206527
0330261113	2012	11	28	333	0.2187862951
0330261113	2012	11	29	334	0.2195901572
0330261113	2012	11	30	335	0.2196576875
0330261113	2012	12	1	336	0.2192069231
0330261113	2012	12	2	337	0.2190635533
0330261113	2012	12	3	338	0.2184926152
0330261113	2012	12	4	339	0.2184254344
0330261113	2012	12	5	340	0.2181704336
0330261113	2012	12	6	341	0.2182997374
0330261113	2012	12	7	342	0.2178784547
0330261113	2012	12	8	343	0.2177349532
0330261113	2012	12	9	344	0.2176075659
0330261113	2012	12	10	345	0.2179111417
0330261113	2012	12	11	346	0.2204384776
0330261113	2012	12	12	347	0.2215187545
0330261113	2012	12	13	348	0.2214630091
0330261113	2012	12	14	349	0.2209768628
0330261113	2012	12	15	350	0.2207048842
0330261113	2012	12	16	351	0.2202244329
0330261113	2012	12	17	352	0.3513101247
0330261113	2012	12	18	353	0.4074966448
0330261113	2012	12	19	354	0.3366606115
0330261113	2012	12	20	355	0.3777186189
0330261113	2012	12	21	356	0.4076516327
0330261113	2012	12	22	357	0.3333227349
0330261113	2012	12	23	358	0.2851024165
0330261113	2012	12	24	359	0.2832921235
0330261113	2012	12	25	360	0.3678141038
0330261113	2012	12	26	361	0.4078336642
0330261113	2012	12	27	362	0.4078551406
0330261113	2012	12	28	363	0.4075964474
0330261113	2012	12	29	364	0.4076856994
0330261113	2012	12	30	365	0.4079924353
0330261113	2012	12	31	366	0.4079992636
0330261113	2013	1	1	1	0.383277536
0330261113	2013	1	2	2	0.314707279
0330261113	2013	1	3	3	0.3807996635
0330261113	2013	1	4	4	0.3757306835
0330261113	2013	1	5	5	0.3049687527
0330261113	2013	1	6	6	0.2886012774
0330261113	2013	1	7	7	0.277514763
0330261113	2013	1	8	8	0.2710352731
0330261113	2013	1	9	9	0.2659205866
0330261113	2013	1	10	10	0.2642095636
0330261113	2013	1	11	11	0.2736839095
0330261113	2013	1	12	12	0.2692519195
0330261113	2013	1	13	13	0.2655496387
0330261113	2013	1	14	14	0.2658250944
0330261113	2013	1	15	15	0.2650338139
0330261113	2013	1	16	16	0.3960577675
0330261113	2013	1	17	17	0.4076819645
0330261113	2013	1	18	18	
0330261113	2013	1	19	19	
0330261113	2013	1	20	20	
0330261113	2013	1	21	21	
0330261113	2013	1	22	22	
0330261113	2013	1	23	23	
0330261113	2013	1	24	24	0.2604144343
0330261113	2013	1	25	25	0.2589308458
0330261113	2013	1	26	26	0.2576168035
0330261113	2013	1	27	27	0.2561892539
0330261113	2013	1	28	28	0.2547631252
0330261113	2013	1	29	29	0.269476235
0330261113	2013	1	30	30	0.407647376
0330261113	2013	1	31	31	0.407709573
0330261113	2013	2	1	32	0.3648822542
0330261113	2013	2	2	33	0.2861738444
0330261113	2013	2	3	34	0.2712131248
0330261113	2013	2	4	35	0.2640807216
0330261113	2013	2	5	36	0.2639083362
0330261113	2013	2	6	37	0.2624803396
0330261113	2013	2	7	38	0.3607058094
0330261113	2013	2	8	39	0.4079886822
0330261113	2013	2	9	40	0.4076406037
0330261113	2013	2	10	41	0.3817595623
0330261113	2013	2	11	42	0.4060979587
0330261113	2013	2	12	43	0.4081303291
0330261113	2013	2	13	44	0.4081689358
0330261113	2013	2	14	45	0.4079229777
0330261113	2013	2	15	46	0.408215893
0330261113	2013	2	16	47	0.4082383781
0330261113	2013	2	17	48	0.3574269115
0330261113	2013	2	18	49	0.242532093
0330261113	2013	2	19	50	0.357645969
0330261113	2013	2	20	51	0.4053800769
0330261113	2013	2	21	52	0.2987348574
0330261113	2013	2	22	53	0.3772105233
0330261113	2013	2	23	54	0.4082056005
0330261113	2013	2	24	55	0.4079690204
0330261113	2013	2	25	56	0.4080436172
0330261113	2013	2	26	57	0.4083532293
0330261113	2013	2	27	58	0.4087456002
0330261113	2013	2	28	59	0.4083397044
0330261113	2013	3	1	60	0.4064495864
0330261113	2013	3	2	61	0.4068634578
0330261113	2013	3	3	62	0.3738758343
0330261113	2013	3	4	63	0.2947742265
0330261113	2013	3	5	64	0.2980124271
0330261113	2013	3	6	65	0.2833768329
0330261113	2013	3	7	66	0.269677732
0330261113	2013	3	8	67	0.2607143472
0330261113	2013	3	9	68	0.2511527736
0330261113	2013	3	10	69	0.2450771906
0330261113	2013	3	11	70	0.3371886342
0330261113	2013	3	12	71	0.4064984497
0330261113	2013	3	13	72	0.386660044
0330261113	2013	3	14	73	0.2690253731
0330261113	2013	3	15	74	0.2437326851
0330261113	2013	3	16	75	0.2322580747
0330261113	2013	3	17	76	0.2267638608
0330261113	2013	3	18	77	0.2240583231
0330261113	2013	3	19	78	0.2217337567
0330261113	2013	3	20	79	0.2204099337
0330261113	2013	3	21	80	0.2166204685
0330261113	2013	3	22	81	0.2224181458
0330261113	2013	3	23	82	0.2241366213
0330261113	2013	3	24	83	0.222038291
0330261113	2013	3	25	84	0.1959942501
0330261113	2013	3	26	85	0.2023865795
0330261113	2013	3	27	86	0.1858433857
0330261113	2013	3	28	87	0.1937104447
0330261113	2013	3	29	88	0.1826638683
0330261113	2013	3	30	89	0.1973240665
0330261113	2013	3	31	90	0.2068778056
0330261113	2013	4	1	91	0.1902229566
0330261113	2013	4	2	92	0.1939243852
0330261113	2013	4	3	93	0.2387367542
0330261113	2013	4	4	94	0.2084383035
0330261113	2013	4	5	95	0.1686059519
0330261113	2013	4	6	96	0.1604845314
0330261113	2013	4	7	97	0.152926966
0330261113	2013	4	8	98	0.1546066983
0330261113	2013	4	9	99	0.1434533306
0330261113	2013	4	10	100	0.1527072097
0330261113	2013	4	11	101	0.2147658452
0330261113	2013	4	12	102	0.3780526454
0330261113	2013	4	13	103	0.1438282018
0330261113	2013	4	14	104	0.2780022799
0330261113	2013	4	15	105	0.4006299636
0330261113	2013	4	16	106	0.3827460482
0330261113	2013	4	17	107	0.1783640758
0330261113	2013	4	18	108	
0330261113	2013	4	19	109	0.3066025169
0330261113	2013	4	20	110	0.2414137193
0330261113	2013	4	21	111	0.1342753248
0330261113	2013	4	22	112	0.1155183424
0330261113	2013	4	23	113	
0330261113	2013	4	24	114	
0330261113	2013	4	25	115	
0330261113	2013	4	26	116	
0330261113	2013	4	27	117	
0330261113	2013	4	28	118	
0330261113	2013	4	29	119	
0330261113	2013	4	30	120	
0330261113	2013	5	1	121	
0330261113	2013	5	2	122	
0330261113	2013	5	3	123	
0330261113	2013	5	4	124	
0330261113	2013	5	5	125	
0330261113	2013	5	6	126	
0330261113	2013	5	7	127	
0330261113	2013	5	8	128	
0330261113	2013	5	9	129	
0330261113	2013	5	10	130	
0330261113	2013	5	11	131	
0330261113	2013	5	12	132	
0330261113	2013	5	13	133	
0330261113	2013	5	14	134	
0330261113	2013	5	15	135	
0330261113	2013	5	16	136	
0330261113	2013	5	17	137	
0330261113	2013	5	18	138	
0330261113	2013	5	19	139	
0330261113	2013	5	20	140	
0330261113	2013	5	21	141	
0330261113	2013	5	22	142	
0330261113	2013	5	23	143	
0330261113	2013	5	24	144	
0330261113	2013	5	25	145	
0330261113	2013	5	26	146	
0330261113	2013	5	27	147	
0330261113	2013	5	28	148	
0330261113	2013	5	29	149	
0330261113	2013	5	30	150	
0330261113	2013	5	31	151	
0330261113	2013	6	1	152	
0330261113	2013	6	2	153	
0330261113	2013	6	3	154	
0330261113	2013	6	4	155	
0330261113	2013	6	5	156	
0330261113	2013	6	6	157	
0330261113	2013	6	7	158	
0330261113	2013	6	8	159	
0330261113	2013	6	9	160	
0330261113	2013	6	10	161	
0330261113	2013	6	11	162	
0330261113	2013	6	12	163	
0330261113	2013	6	13	164	
0330261113	2013	6	14	165	
0330261113	2013	6	15	166	
0330261113	2013	6	16	167	
0330261113	2013	6	17	168	
0330261113	2013	6	18	169	
0330261113	2013	6	19	170	
0330261113	2013	6	20	171	
0330261113	2013	6	21	172	
0330261113	2013	6	22	173	
0330261113	2013	6	23	174	
0330261113	2013	6	24	175	
0330261113	2013	6	25	176	
0330261113	2013	6	26	177	
0330261113	2013	6	27	178	
0330261113	2013	6	28	179	
0330261113	2013	6	29	180	
0330261113	2013	6	30	181	
0330261113	2013	7	1	182	
0330261113	2013	7	2	183	
0330261113	2013	7	3	184	
0330261113	2013	7	4	185	
0330261113	2013	7	5	186	
0330261113	2013	7	6	187	
0330261113	2013	7	7	188	
0330261113	2013	7	8	189	
0330261113	2013	7	9	190	
0330261113	2013	7	10	191	
0330261113	2013	7	11	192	
0330261113	2013	7	12	193	
0330261113	2013	7	13	194	
0330261113	2013	7	14	195	
0330261113	2013	7	15	196	
0330261113	2013	7	16	197	
0330261113	2013	7	17	198	
0330261113	2013	7	18	199	
0330261113	2013	7	19	200	
0330261113	2013	7	20	201	
0330261113	2013	7	21	202	
0330261113	2013	7	22	203	
0330261113	2013	7	23	204	
0330261113	2013	7	24	205	
0330261113	2013	7	25	206	
0330261113	2013	7	26	207	
0330261113	2013	7	27	208	
0330261113	2013	7	28	209	
0330261113	2013	7	29	210	
0330261113	2013	7	30	211	
0330261113	2013	7	31	212	
0330261113	2013	8	1	213	
0330261113	2013	8	2	214	
0330261113	2013	8	3	215	
0330261113	2013	8	4	216	
0330261113	2013	8	5	217	
0330261113	2013	8	6	218	
0330261113	2013	8	7	219	
0330261113	2013	8	8	220	
0330261113	2013	8	9	221	
0330261113	2013	8	10	222	
0330261113	2013	8	11	223	
0330261113	2013	8	12	224	
0330261113	2013	8	13	225	
0330261113	2013	8	14	226	
0330261113	2013	8	15	227	
0330261113	2013	8	16	228	
0330261113	2013	8	17	229	
0330261113	2013	8	18	230	
0330261113	2013	8	19	231	
0330261113	2013	8	20	232	
0330261113	2013	8	21	233	
0330261113	2013	8	22	234	
0330261113	2013	8	23	235	
0330261113	2013	8	24	236	
0330261113	2013	8	25	237	
0330261113	2013	8	26	238	
0330261113	2013	8	27	239	
0330261113	2013	8	28	240	
0330261113	2013	8	29	241	
0330261113	2013	8	30	242	
0330261113	2013	8	31	243	
0330261113	2013	9	1	244	
0330261113	2013	9	2	245	
0330261113	2013	9	3	246	
0330261113	2013	9	4	247	
0330261113	2013	9	5	248	
0330261113	2013	9	6	249	
0330261113	2013	9	7	250	
0330261113	2013	9	8	251	
0330261113	2013	9	9	252	
0330261113	2013	9	10	253	
0330261113	2013	9	11	254	
0330261113	2013	9	12	255	
0330261113	2013	9	13	256	
0330261113	2013	9	14	257	
0330261113	2013	9	15	258	
0330261113	2013	9	16	259	
0330261113	2013	9	17	260	
0330261113	2013	9	18	261	
0330261113	2013	9	19	262	
0330261113	2013	9	20	263	
0330261113	2013	9	21	264	
0330261113	2013	9	22	265	
0330261113	2013	9	23	266	
0330261113	2013	9	24	267	
0330261113	2013	9	25	268	
0330261113	2013	9	26	269	
0330261113	2013	9	27	270	
0330261113	2013	9	28	271	
0330261113	2013	9	29	272	
0330261113	2013	9	30	273	
0330261113	2013	10	1	274	
0330261113	2013	10	2	275	
0330261113	2013	10	3	276	
0330261113	2013	10	4	277	
0330261113	2013	10	5	278	
0330261113	2013	10	6	279	
0330261113	2013	10	7	280	
0330261113	2013	10	8	281	
0330261113	2013	10	9	282	
0330261113	2013	10	10	283	
0330261113	2013	10	11	284	
0330261113	2013	10	12	285	
0330261113	2013	10	13	286	
0330261113	2013	10	14	287	
0330261113	2013	10	15	288	
0330261113	2013	10	16	289	
0330261113	2013	10	17	290	
0330261113	2013	10	18	291	
0330261113	2013	10	19	292	
0330261113	2013	10	20	293	
0330261113	2013	10	21	294	
0330261113	2013	10	22	295	
0330261113	2013	10	23	296	
0330261113	2013	10	24	297	
0330261113	2013	10	25	298	
0330261113	2013	10	26	299	
0330261113	2013	10	27	300	
0330261113	2013	10	28	301	
0330261113	2013	10	29	302	
0330261113	2013	10	30	303	
0330261113	2013	10	31	304	
0330261113	2013	11	1	305	
0330261113	2013	11	2	306	
0330261113	2013	11	3	307	
0330261113	2013	11	4	308	
0330261113	2013	11	5	309	
0330261113	2013	11	6	310	
0330261113	2013	11	7	311	
0330261113	2013	11	8	312	
0330261113	2013	11	9	313	
0330261113	2013	11	10	314	
0330261113	2013	11	11	315	
0330261113	2013	11	12	316	
0330261113	2013	11	13	317	
0330261113	2013	11	14	318	
0330261113	2013	11	15	319	
0330261113	2013	11	16	320	
0330261113	2013	11	17	321	
0330261113	2013	11	18	322	
0330261113	2013	11	19	323	
0330261113	2013	11	20	324	
0330261113	2013	11	21	325	
0330261113	2013	11	22	326	
0330261113	2013	11	23	327	
0330261113	2013	11	24	328	
0330261113	2013	11	25	329	
0330261113	2013	11	26	330	
0330261113	2013	11	27	331	
0330261113	2013	11	28	332	
0330261113	2013	11	29	333	
0330261113	2013	11	30	334	
0330261113	2013	12	1	335	
0330261113	2013	12	2	336	
0330261113	2013	12	3	337	
0330261113	2013	12	4	338	
0330261113	2013	12	5	339	
0330261113	2013	12	6	340	
0330261113	2013	12	7	341	
0330261113	2013	12	8	342	
0330261113	2013	12	9	343	
0330261113	2013	12	10	344	
0330261113	2013	12	11	345	
0330261113	2013	12	12	346	
0330261113	2013	12	13	347	
0330261113	2013	12	14	348	
0330261113	2013	12	15	349	
0330261113	2013	12	16	350	
0330261113	2013	12	17	351	
0330261113	2013	12	18	352	
0330261113	2013	12	19	353	
0330261113	2013	12	20	354	
0330261113	2013	12	21	355	
0330261113	2013	12	22	356	
0330261113	2013	12	23	357	
0330261113	2013	12	24	358	
0330261113	2013	12	25	359	
0330261113	2013	12	26	360	
0330261113	2013	12	27	361	
0330261113	2013	12	28	362	
0330261113	2013	12	29	363	
0330261113	2013	12	30	364	
0330261113	2013	12	31	365	
