stationID	Y	M	D	DOY	depth_100
0330061113	2011	1	1	1	
0330061113	2011	1	2	2	
0330061113	2011	1	3	3	
0330061113	2011	1	4	4	
0330061113	2011	1	5	5	
0330061113	2011	1	6	6	
0330061113	2011	1	7	7	
0330061113	2011	1	8	8	
0330061113	2011	1	9	9	
0330061113	2011	1	10	10	
0330061113	2011	1	11	11	
0330061113	2011	1	12	12	
0330061113	2011	1	13	13	
0330061113	2011	1	14	14	
0330061113	2011	1	15	15	
0330061113	2011	1	16	16	
0330061113	2011	1	17	17	
0330061113	2011	1	18	18	
0330061113	2011	1	19	19	
0330061113	2011	1	20	20	
0330061113	2011	1	21	21	
0330061113	2011	1	22	22	
0330061113	2011	1	23	23	
0330061113	2011	1	24	24	
0330061113	2011	1	25	25	
0330061113	2011	1	26	26	
0330061113	2011	1	27	27	
0330061113	2011	1	28	28	
0330061113	2011	1	29	29	
0330061113	2011	1	30	30	
0330061113	2011	1	31	31	
0330061113	2011	2	1	32	
0330061113	2011	2	2	33	
0330061113	2011	2	3	34	
0330061113	2011	2	4	35	
0330061113	2011	2	5	36	
0330061113	2011	2	6	37	
0330061113	2011	2	7	38	
0330061113	2011	2	8	39	
0330061113	2011	2	9	40	
0330061113	2011	2	10	41	
0330061113	2011	2	11	42	
0330061113	2011	2	12	43	
0330061113	2011	2	13	44	
0330061113	2011	2	14	45	
0330061113	2011	2	15	46	
0330061113	2011	2	16	47	
0330061113	2011	2	17	48	
0330061113	2011	2	18	49	
0330061113	2011	2	19	50	
0330061113	2011	2	20	51	
0330061113	2011	2	21	52	
0330061113	2011	2	22	53	
0330061113	2011	2	23	54	
0330061113	2011	2	24	55	
0330061113	2011	2	25	56	
0330061113	2011	2	26	57	
0330061113	2011	2	27	58	
0330061113	2011	2	28	59	
0330061113	2011	3	1	60	
0330061113	2011	3	2	61	
0330061113	2011	3	3	62	
0330061113	2011	3	4	63	
0330061113	2011	3	5	64	
0330061113	2011	3	6	65	
0330061113	2011	3	7	66	
0330061113	2011	3	8	67	
0330061113	2011	3	9	68	
0330061113	2011	3	10	69	
0330061113	2011	3	11	70	
0330061113	2011	3	12	71	
0330061113	2011	3	13	72	
0330061113	2011	3	14	73	
0330061113	2011	3	15	74	
0330061113	2011	3	16	75	
0330061113	2011	3	17	76	
0330061113	2011	3	18	77	
0330061113	2011	3	19	78	
0330061113	2011	3	20	79	
0330061113	2011	3	21	80	
0330061113	2011	3	22	81	
0330061113	2011	3	23	82	
0330061113	2011	3	24	83	
0330061113	2011	3	25	84	
0330061113	2011	3	26	85	
0330061113	2011	3	27	86	
0330061113	2011	3	28	87	
0330061113	2011	3	29	88	
0330061113	2011	3	30	89	
0330061113	2011	3	31	90	
0330061113	2011	4	1	91	
0330061113	2011	4	2	92	
0330061113	2011	4	3	93	
0330061113	2011	4	4	94	
0330061113	2011	4	5	95	
0330061113	2011	4	6	96	
0330061113	2011	4	7	97	
0330061113	2011	4	8	98	
0330061113	2011	4	9	99	
0330061113	2011	4	10	100	
0330061113	2011	4	11	101	
0330061113	2011	4	12	102	
0330061113	2011	4	13	103	
0330061113	2011	4	14	104	
0330061113	2011	4	15	105	
0330061113	2011	4	16	106	
0330061113	2011	4	17	107	
0330061113	2011	4	18	108	
0330061113	2011	4	19	109	
0330061113	2011	4	20	110	
0330061113	2011	4	21	111	
0330061113	2011	4	22	112	
0330061113	2011	4	23	113	
0330061113	2011	4	24	114	
0330061113	2011	4	25	115	
0330061113	2011	4	26	116	
0330061113	2011	4	27	117	
0330061113	2011	4	28	118	
0330061113	2011	4	29	119	
0330061113	2011	4	30	120	
0330061113	2011	5	1	121	
0330061113	2011	5	2	122	
0330061113	2011	5	3	123	
0330061113	2011	5	4	124	
0330061113	2011	5	5	125	
0330061113	2011	5	6	126	
0330061113	2011	5	7	127	
0330061113	2011	5	8	128	
0330061113	2011	5	9	129	
0330061113	2011	5	10	130	
0330061113	2011	5	11	131	
0330061113	2011	5	12	132	
0330061113	2011	5	13	133	
0330061113	2011	5	14	134	
0330061113	2011	5	15	135	
0330061113	2011	5	16	136	
0330061113	2011	5	17	137	
0330061113	2011	5	18	138	
0330061113	2011	5	19	139	
0330061113	2011	5	20	140	
0330061113	2011	5	21	141	
0330061113	2011	5	22	142	
0330061113	2011	5	23	143	
0330061113	2011	5	24	144	
0330061113	2011	5	25	145	
0330061113	2011	5	26	146	
0330061113	2011	5	27	147	
0330061113	2011	5	28	148	
0330061113	2011	5	29	149	
0330061113	2011	5	30	150	
0330061113	2011	5	31	151	
0330061113	2011	6	1	152	
0330061113	2011	6	2	153	
0330061113	2011	6	3	154	
0330061113	2011	6	4	155	
0330061113	2011	6	5	156	
0330061113	2011	6	6	157	
0330061113	2011	6	7	158	
0330061113	2011	6	8	159	
0330061113	2011	6	9	160	
0330061113	2011	6	10	161	
0330061113	2011	6	11	162	
0330061113	2011	6	12	163	
0330061113	2011	6	13	164	
0330061113	2011	6	14	165	
0330061113	2011	6	15	166	
0330061113	2011	6	16	167	
0330061113	2011	6	17	168	
0330061113	2011	6	18	169	
0330061113	2011	6	19	170	
0330061113	2011	6	20	171	
0330061113	2011	6	21	172	
0330061113	2011	6	22	173	
0330061113	2011	6	23	174	
0330061113	2011	6	24	175	
0330061113	2011	6	25	176	
0330061113	2011	6	26	177	
0330061113	2011	6	27	178	
0330061113	2011	6	28	179	
0330061113	2011	6	29	180	
0330061113	2011	6	30	181	
0330061113	2011	7	1	182	
0330061113	2011	7	2	183	
0330061113	2011	7	3	184	
0330061113	2011	7	4	185	
0330061113	2011	7	5	186	
0330061113	2011	7	6	187	
0330061113	2011	7	7	188	
0330061113	2011	7	8	189	
0330061113	2011	7	9	190	
0330061113	2011	7	10	191	
0330061113	2011	7	11	192	
0330061113	2011	7	12	193	
0330061113	2011	7	13	194	
0330061113	2011	7	14	195	
0330061113	2011	7	15	196	
0330061113	2011	7	16	197	
0330061113	2011	7	17	198	
0330061113	2011	7	18	199	
0330061113	2011	7	19	200	
0330061113	2011	7	20	201	
0330061113	2011	7	21	202	
0330061113	2011	7	22	203	
0330061113	2011	7	23	204	
0330061113	2011	7	24	205	
0330061113	2011	7	25	206	
0330061113	2011	7	26	207	
0330061113	2011	7	27	208	
0330061113	2011	7	28	209	
0330061113	2011	7	29	210	
0330061113	2011	7	30	211	
0330061113	2011	7	31	212	
0330061113	2011	8	1	213	
0330061113	2011	8	2	214	
0330061113	2011	8	3	215	
0330061113	2011	8	4	216	
0330061113	2011	8	5	217	
0330061113	2011	8	6	218	
0330061113	2011	8	7	219	
0330061113	2011	8	8	220	
0330061113	2011	8	9	221	
0330061113	2011	8	10	222	
0330061113	2011	8	11	223	
0330061113	2011	8	12	224	
0330061113	2011	8	13	225	
0330061113	2011	8	14	226	
0330061113	2011	8	15	227	
0330061113	2011	8	16	228	
0330061113	2011	8	17	229	
0330061113	2011	8	18	230	
0330061113	2011	8	19	231	
0330061113	2011	8	20	232	
0330061113	2011	8	21	233	
0330061113	2011	8	22	234	
0330061113	2011	8	23	235	
0330061113	2011	8	24	236	
0330061113	2011	8	25	237	
0330061113	2011	8	26	238	
0330061113	2011	8	27	239	
0330061113	2011	8	28	240	
0330061113	2011	8	29	241	
0330061113	2011	8	30	242	
0330061113	2011	8	31	243	
0330061113	2011	9	1	244	
0330061113	2011	9	2	245	
0330061113	2011	9	3	246	
0330061113	2011	9	4	247	
0330061113	2011	9	5	248	
0330061113	2011	9	6	249	
0330061113	2011	9	7	250	
0330061113	2011	9	8	251	
0330061113	2011	9	9	252	
0330061113	2011	9	10	253	
0330061113	2011	9	11	254	
0330061113	2011	9	12	255	
0330061113	2011	9	13	256	
0330061113	2011	9	14	257	
0330061113	2011	9	15	258	
0330061113	2011	9	16	259	
0330061113	2011	9	17	260	
0330061113	2011	9	18	261	
0330061113	2011	9	19	262	
0330061113	2011	9	20	263	
0330061113	2011	9	21	264	
0330061113	2011	9	22	265	
0330061113	2011	9	23	266	
0330061113	2011	9	24	267	
0330061113	2011	9	25	268	
0330061113	2011	9	26	269	
0330061113	2011	9	27	270	
0330061113	2011	9	28	271	
0330061113	2011	9	29	272	
0330061113	2011	9	30	273	
0330061113	2011	10	1	274	
0330061113	2011	10	2	275	
0330061113	2011	10	3	276	
0330061113	2011	10	4	277	
0330061113	2011	10	5	278	
0330061113	2011	10	6	279	
0330061113	2011	10	7	280	
0330061113	2011	10	8	281	
0330061113	2011	10	9	282	
0330061113	2011	10	10	283	
0330061113	2011	10	11	284	
0330061113	2011	10	12	285	
0330061113	2011	10	13	286	
0330061113	2011	10	14	287	
0330061113	2011	10	15	288	
0330061113	2011	10	16	289	
0330061113	2011	10	17	290	
0330061113	2011	10	18	291	
0330061113	2011	10	19	292	
0330061113	2011	10	20	293	0.2156831308
0330061113	2011	10	21	294	0.2171215047
0330061113	2011	10	22	295	0.2178088897
0330061113	2011	10	23	296	0.2184176944
0330061113	2011	10	24	297	0.2188742802
0330061113	2011	10	25	298	0.2193209626
0330061113	2011	10	26	299	0.2196390567
0330061113	2011	10	27	300	0.2198027596
0330061113	2011	10	28	301	0.2200335761
0330061113	2011	10	29	302	0.2201999047
0330061113	2011	10	30	303	0.2203279811
0330061113	2011	10	31	304	0.2201956315
0330061113	2011	11	1	305	0.2200349756
0330061113	2011	11	2	306	0.2200013766
0330061113	2011	11	3	307	0.219984058
0330061113	2011	11	4	308	0.2199583197
0330061113	2011	11	5	309	0.2197294217
0330061113	2011	11	6	310	0.2192616003
0330061113	2011	11	7	311	0.2187204803
0330061113	2011	11	8	312	0.2188658884
0330061113	2011	11	9	313	0.2191242551
0330061113	2011	11	10	314	0.2194032657
0330061113	2011	11	11	315	0.2193800065
0330061113	2011	11	12	316	0.2191674831
0330061113	2011	11	13	317	0.2188869351
0330061113	2011	11	14	318	0.2189406647
0330061113	2011	11	15	319	0.2192759667
0330061113	2011	11	16	320	0.2197378971
0330061113	2011	11	17	321	0.2202932269
0330061113	2011	11	18	322	0.2206035506
0330061113	2011	11	19	323	0.2203176165
0330061113	2011	11	20	324	0.220416098
0330061113	2011	11	21	325	0.2206730134
0330061113	2011	11	22	326	0.220935444
0330061113	2011	11	23	327	0.2213383822
0330061113	2011	11	24	328	0.2217351322
0330061113	2011	11	25	329	0.2217451669
0330061113	2011	11	26	330	0.2216190165
0330061113	2011	11	27	331	0.2218078117
0330061113	2011	11	28	332	0.2232766895
0330061113	2011	11	29	333	0.2235667837
0330061113	2011	11	30	334	0.2233052797
0330061113	2011	12	1	335	0.2230387796
0330061113	2011	12	2	336	0.2228026006
0330061113	2011	12	3	337	0.2226010365
0330061113	2011	12	4	338	0.2225171672
0330061113	2011	12	5	339	0.2226190736
0330061113	2011	12	6	340	0.2317671822
0330061113	2011	12	7	341	0.2322391967
0330061113	2011	12	8	342	0.2300632126
0330061113	2011	12	9	343	0.2291144499
0330061113	2011	12	10	344	0.2285356507
0330061113	2011	12	11	345	0.2281822707
0330061113	2011	12	12	346	0.2921470088
0330061113	2011	12	13	347	0.2659740409
0330061113	2011	12	14	348	0.2629422277
0330061113	2011	12	15	349	0.2617835502
0330061113	2011	12	16	350	0.2612918543
0330061113	2011	12	17	351	0.2611364447
0330061113	2011	12	18	352	0.2608172054
0330061113	2011	12	19	353	0.2599529384
0330061113	2011	12	20	354	0.3017314503
0330061113	2011	12	21	355	0.318229672
0330061113	2011	12	22	356	0.3209471928
0330061113	2011	12	23	357	0.3452964489
0330061113	2011	12	24	358	0.3125499916
0330061113	2011	12	25	359	0.2965340689
0330061113	2011	12	26	360	0.301376903
0330061113	2011	12	27	361	0.3508291953
0330061113	2011	12	28	362	0.3508552916
0330061113	2011	12	29	363	0.3328028383
0330061113	2011	12	30	364	0.3031162769
0330061113	2011	12	31	365	0.296985062
0330061113	2012	1	1	1	0.2940588433
0330061113	2012	1	2	2	0.2916976117
0330061113	2012	1	3	3	0.2892027851
0330061113	2012	1	4	4	0.2873655182
0330061113	2012	1	5	5	0.2859259086
0330061113	2012	1	6	6	0.2849205982
0330061113	2012	1	7	7	0.2836318542
0330061113	2012	1	8	8	0.2830185263
0330061113	2012	1	9	9	0.2827456228
0330061113	2012	1	10	10	0.2826073462
0330061113	2012	1	11	11	0.2992221121
0330061113	2012	1	12	12	0.2847656592
0330061113	2012	1	13	13	0.283532538
0330061113	2012	1	14	14	0.2825906202
0330061113	2012	1	15	15	0.2818333569
0330061113	2012	1	16	16	0.2811610033
0330061113	2012	1	17	17	0.3070048288
0330061113	2012	1	18	18	0.378090932
0330061113	2012	1	19	19	0.3787928369
0330061113	2012	1	20	20	0.3793631567
0330061113	2012	1	21	21	0.3798190586
0330061113	2012	1	22	22	0.3805350531
0330061113	2012	1	23	23	0.381469476
0330061113	2012	1	24	24	0.3822171674
0330061113	2012	1	25	25	0.3825686039
0330061113	2012	1	26	26	0.3828858381
0330061113	2012	1	27	27	0.3831898806
0330061113	2012	1	28	28	0.3833451399
0330061113	2012	1	29	29	0.3833409663
0330061113	2012	1	30	30	0.3832602666
0330061113	2012	1	31	31	0.3831498486
0330061113	2012	2	1	32	0.3831996084
0330061113	2012	2	2	33	0.383475162
0330061113	2012	2	3	34	0.3835117713
0330061113	2012	2	4	35	0.3834868292
0330061113	2012	2	5	36	0.3834845372
0330061113	2012	2	6	37	0.383489511
0330061113	2012	2	7	38	0.3834547188
0330061113	2012	2	8	39	0.3834286403
0330061113	2012	2	9	40	0.383408701
0330061113	2012	2	10	41	0.3699040942
0330061113	2012	2	11	42	0.3241102515
0330061113	2012	2	12	43	0.313976941
0330061113	2012	2	13	44	0.3113350425
0330061113	2012	2	14	45	0.319165428
0330061113	2012	2	15	46	0.3113314887
0330061113	2012	2	16	47	0.3488063287
0330061113	2012	2	17	48	0.3559197403
0330061113	2012	2	18	49	0.3589795626
0330061113	2012	2	19	50	0.3618781882
0330061113	2012	2	20	51	0.3631438172
0330061113	2012	2	21	52	0.3638304308
0330061113	2012	2	22	53	0.3640279021
0330061113	2012	2	23	54	0.3641052435
0330061113	2012	2	24	55	0.3645117477
0330061113	2012	2	25	56	0.3650971577
0330061113	2012	2	26	57	0.3651313013
0330061113	2012	2	27	58	0.3651069366
0330061113	2012	2	28	59	0.364957807
0330061113	2012	2	29	60	0.3650633025
0330061113	2012	3	1	61	0.3663613886
0330061113	2012	3	2	62	0.3668471423
0330061113	2012	3	3	63	0.3666504595
0330061113	2012	3	4	64	0.3666639257
0330061113	2012	3	5	65	0.3666136281
0330061113	2012	3	6	66	0.366499531
0330061113	2012	3	7	67	0.3662514985
0330061113	2012	3	8	68	0.3659982568
0330061113	2012	3	9	69	0.3661737174
0330061113	2012	3	10	70	0.366095931
0330061113	2012	3	11	71	0.3659087588
0330061113	2012	3	12	72	0.3657964519
0330061113	2012	3	13	73	0.3656758269
0330061113	2012	3	14	74	0.3655910456
0330061113	2012	3	15	75	0.3654971849
0330061113	2012	3	16	76	0.3652876235
0330061113	2012	3	17	77	0.365119467
0330061113	2012	3	18	78	0.3649479104
0330061113	2012	3	19	79	0.3646561531
0330061113	2012	3	20	80	0.3643142565
0330061113	2012	3	21	81	0.3641097169
0330061113	2012	3	22	82	0.3569828541
0330061113	2012	3	23	83	0.3461682504
0330061113	2012	3	24	84	0.3367135889
0330061113	2012	3	25	85	0.3262457738
0330061113	2012	3	26	86	0.3190220955
0330061113	2012	3	27	87	0.3151233472
0330061113	2012	3	28	88	0.313322585
0330061113	2012	3	29	89	0.3115201421
0330061113	2012	3	30	90	0.337153766
0330061113	2012	3	31	91	0.3685251253
0330061113	2012	4	1	92	0.3690300769
0330061113	2012	4	2	93	0.3693394649
0330061113	2012	4	3	94	0.3474959822
0330061113	2012	4	4	95	0.3242096667
0330061113	2012	4	5	96	0.3315038029
0330061113	2012	4	6	97	0.3469878485
0330061113	2012	4	7	98	0.3280248292
0330061113	2012	4	8	99	0.319253188
0330061113	2012	4	9	100	0.3155699488
0330061113	2012	4	10	101	0.3130127788
0330061113	2012	4	11	102	0.3112889226
0330061113	2012	4	12	103	0.309895796
0330061113	2012	4	13	104	0.3085191608
0330061113	2012	4	14	105	0.3051547362
0330061113	2012	4	15	106	0.3028716334
0330061113	2012	4	16	107	0.3021678846
0330061113	2012	4	17	108	0.3068055101
0330061113	2012	4	18	109	0.3241250743
0330061113	2012	4	19	110	0.3078892422
0330061113	2012	4	20	111	0.3066296893
0330061113	2012	4	21	112	0.3055080692
0330061113	2012	4	22	113	0.3040160028
0330061113	2012	4	23	114	0.3022898725
0330061113	2012	4	24	115	0.3012069467
0330061113	2012	4	25	116	0.3002290144
0330061113	2012	4	26	117	0.2996022863
0330061113	2012	4	27	118	0.2991027364
0330061113	2012	4	28	119	0.2985659206
0330061113	2012	4	29	120	0.2980395019
0330061113	2012	4	30	121	0.2973922451
0330061113	2012	5	1	122	0.2967329406
0330061113	2012	5	2	123	0.2963942631
0330061113	2012	5	3	124	0.3313682888
0330061113	2012	5	4	125	0.3042482606
0330061113	2012	5	5	126	0.3028117282
0330061113	2012	5	6	127	0.3014725878
0330061113	2012	5	7	128	0.3004852194
0330061113	2012	5	8	129	0.3148334776
0330061113	2012	5	9	130	0.3065655995
0330061113	2012	5	10	131	0.3042513499
0330061113	2012	5	11	132	0.3020692993
0330061113	2012	5	12	133	0.3168194717
0330061113	2012	5	13	134	0.3827901481
0330061113	2012	5	14	135	
0330061113	2012	5	15	136	0.3382058218
0330061113	2012	5	16	137	0.3129734999
0330061113	2012	5	17	138	0.3088233371
0330061113	2012	5	18	139	0.3066135305
0330061113	2012	5	19	140	0.30456743
0330061113	2012	5	20	141	0.302764821
0330061113	2012	5	21	142	0.3016850603
0330061113	2012	5	22	143	0.3006862782
0330061113	2012	5	23	144	0.2998178631
0330061113	2012	5	24	145	0.2991163388
0330061113	2012	5	25	146	0.2982245567
0330061113	2012	5	26	147	0.2973511081
0330061113	2012	5	27	148	0.2967250696
0330061113	2012	5	28	149	0.2962151422
0330061113	2012	5	29	150	0.29522524
0330061113	2012	5	30	151	0.2941241597
0330061113	2012	5	31	152	0.2974340951
0330061113	2012	6	1	153	0.2944890131
0330061113	2012	6	2	154	0.2923144202
0330061113	2012	6	3	155	0.291524406
0330061113	2012	6	4	156	0.291014161
0330061113	2012	6	5	157	0.2905917947
0330061113	2012	6	6	158	0.2900207683
0330061113	2012	6	7	159	0.2894134463
0330061113	2012	6	8	160	0.288977039
0330061113	2012	6	9	161	0.3145271066
0330061113	2012	6	10	162	0.3571635976
0330061113	2012	6	11	163	0.3677796535
0330061113	2012	6	12	164	0.3690377031
0330061113	2012	6	13	165	0.3704806974
0330061113	2012	6	14	166	0.3717733306
0330061113	2012	6	15	167	0.3720146253
0330061113	2012	6	16	168	0.3717446331
0330061113	2012	6	17	169	0.3712409807
0330061113	2012	6	18	170	0.3707552398
0330061113	2012	6	19	171	0.3704161557
0330061113	2012	6	20	172	0.3620564517
0330061113	2012	6	21	173	0.3278647243
0330061113	2012	6	22	174	0.3190359321
0330061113	2012	6	23	175	0.3149747538
0330061113	2012	6	24	176	0.3114884685
0330061113	2012	6	25	177	0.3100679372
0330061113	2012	6	26	178	0.3083614298
0330061113	2012	6	27	179	0.306136537
0330061113	2012	6	28	180	0.3044799809
0330061113	2012	6	29	181	0.3034432039
0330061113	2012	6	30	182	0.3024436902
0330061113	2012	7	1	183	0.301485921
0330061113	2012	7	2	184	0.3004820949
0330061113	2012	7	3	185	0.2997800648
0330061113	2012	7	4	186	0.3139568916
0330061113	2012	7	5	187	0.3053889574
0330061113	2012	7	6	188	0.3022780462
0330061113	2012	7	7	189	0.3011879288
0330061113	2012	7	8	190	0.3003742401
0330061113	2012	7	9	191	0.3117079748
0330061113	2012	7	10	192	0.3312835024
0330061113	2012	7	11	193	0.3260022101
0330061113	2012	7	12	194	0.3505757599
0330061113	2012	7	13	195	0.3330403234
0330061113	2012	7	14	196	0.3391605446
0330061113	2012	7	15	197	0.349214619
0330061113	2012	7	16	198	0.3179981074
0330061113	2012	7	17	199	0.3151775072
0330061113	2012	7	18	200	0.3107492832
0330061113	2012	7	19	201	0.3191275469
0330061113	2012	7	20	202	0.3149365403
0330061113	2012	7	21	203	0.3123592562
0330061113	2012	7	22	204	0.3098905735
0330061113	2012	7	23	205	0.3082243581
0330061113	2012	7	24	206	0.3062493141
0330061113	2012	7	25	207	0.3051208517
0330061113	2012	7	26	208	0.3047433763
0330061113	2012	7	27	209	0.3034148217
0330061113	2012	7	28	210	0.3025681748
0330061113	2012	7	29	211	0.3019115314
0330061113	2012	7	30	212	0.3012982679
0330061113	2012	7	31	213	0.3140612822
0330061113	2012	8	1	214	0.3022253609
0330061113	2012	8	2	215	0.3429195126
0330061113	2012	8	3	216	0.3819426685
0330061113	2012	8	4	217	0.37552484
0330061113	2012	8	5	218	0.3218632311
0330061113	2012	8	6	219	0.3135902035
0330061113	2012	8	7	220	0.3107576019
0330061113	2012	8	8	221	0.3086892113
0330061113	2012	8	9	222	0.3237473468
0330061113	2012	8	10	223	0.3307162442
0330061113	2012	8	11	224	0.3166258638
0330061113	2012	8	12	225	0.3125986308
0330061113	2012	8	13	226	0.309804614
0330061113	2012	8	14	227	0.3081156233
0330061113	2012	8	15	228	0.3063958069
0330061113	2012	8	16	229	0.3349412964
0330061113	2012	8	17	230	0.3744760725
0330061113	2012	8	18	231	0.3202429145
0330061113	2012	8	19	232	0.3380945508
0330061113	2012	8	20	233	0.3305476021
0330061113	2012	8	21	234	0.3628772726
0330061113	2012	8	22	235	0.3598105042
0330061113	2012	8	23	236	0.3336887222
0330061113	2012	8	24	237	0.3539113056
0330061113	2012	8	25	238	0.3255520043
0330061113	2012	8	26	239	0.3190152363
0330061113	2012	8	27	240	0.3160119634
0330061113	2012	8	28	241	0.313063886
0330061113	2012	8	29	242	0.3113012007
0330061113	2012	8	30	243	0.3677813541
0330061113	2012	8	31	244	0.3828280847
0330061113	2012	9	1	245	0.3827994074
0330061113	2012	9	2	246	0.3826577427
0330061113	2012	9	3	247	0.3825601781
0330061113	2012	9	4	248	0.3828371003
0330061113	2012	9	5	249	0.3832242731
0330061113	2012	9	6	250	0.3832244412
0330061113	2012	9	7	251	0.3831593506
0330061113	2012	9	8	252	0.383089264
0330061113	2012	9	9	253	0.3830344284
0330061113	2012	9	10	254	0.3829637267
0330061113	2012	9	11	255	0.3828841498
0330061113	2012	9	12	256	0.382790421
0330061113	2012	9	13	257	0.3549878489
0330061113	2012	9	14	258	0.326219191
0330061113	2012	9	15	259	0.3222084788
0330061113	2012	9	16	260	0.319500786
0330061113	2012	9	17	261	0.3363361378
0330061113	2012	9	18	262	0.3214027874
0330061113	2012	9	19	263	0.3194037739
0330061113	2012	9	20	264	0.31786872
0330061113	2012	9	21	265	0.3154954914
0330061113	2012	9	22	266	0.3128800579
0330061113	2012	9	23	267	0.3117500778
0330061113	2012	9	24	268	0.3107956028
0330061113	2012	9	25	269	0.3087014327
0330061113	2012	9	26	270	0.3074105616
0330061113	2012	9	27	271	0.3061901001
0330061113	2012	9	28	272	0.3052616224
0330061113	2012	9	29	273	0.3048492429
0330061113	2012	9	30	274	0.3254072576
0330061113	2012	10	1	275	0.3686457069
0330061113	2012	10	2	276	0.3704033441
0330061113	2012	10	3	277	0.3310741299
0330061113	2012	10	4	278	0.3199931556
0330061113	2012	10	5	279	0.3141906171
0330061113	2012	10	6	280	0.3122158722
0330061113	2012	10	7	281	0.3106662114
0330061113	2012	10	8	282	0.3089892409
0330061113	2012	10	9	283	0.3076507254
0330061113	2012	10	10	284	0.3064610964
0330061113	2012	10	11	285	0.3052802087
0330061113	2012	10	12	286	0.3043232933
0330061113	2012	10	13	287	0.3034505857
0330061113	2012	10	14	288	0.303286189
0330061113	2012	10	15	289	0.3098788949
0330061113	2012	10	16	290	0.3034327024
0330061113	2012	10	17	291	0.3028340595
0330061113	2012	10	18	292	0.3639499035
0330061113	2012	10	19	293	
0330061113	2012	10	20	294	0.3214499372
0330061113	2012	10	21	295	0.3143173056
0330061113	2012	10	22	296	0.3109092344
0330061113	2012	10	23	297	0.3090646422
0330061113	2012	10	24	298	0.3075102282
0330061113	2012	10	25	299	0.3063969643
0330061113	2012	10	26	300	0.3052345134
0330061113	2012	10	27	301	0.3044630583
0330061113	2012	10	28	302	0.3035079569
0330061113	2012	10	29	303	0.3026906593
0330061113	2012	10	30	304	0.3020747021
0330061113	2012	10	31	305	0.3013113262
0330061113	2012	11	1	306	0.3007814567
0330061113	2012	11	2	307	0.2999773862
0330061113	2012	11	3	308	0.2997502594
0330061113	2012	11	4	309	0.2995229843
0330061113	2012	11	5	310	0.2989380418
0330061113	2012	11	6	311	0.2983215712
0330061113	2012	11	7	312	0.2980247217
0330061113	2012	11	8	313	0.2974912348
0330061113	2012	11	9	314	0.2967182863
0330061113	2012	11	10	315	0.2957661884
0330061113	2012	11	11	316	0.2954556478
0330061113	2012	11	12	317	0.2952727687
0330061113	2012	11	13	318	0.2950480237
0330061113	2012	11	14	319	0.2949699946
0330061113	2012	11	15	320	0.2947462782
0330061113	2012	11	16	321	0.294514886
0330061113	2012	11	17	322	0.2942426951
0330061113	2012	11	18	323	0.2938481598
0330061113	2012	11	19	324	0.2933048565
0330061113	2012	11	20	325	0.2930107212
0330061113	2012	11	21	326	0.2925225599
0330061113	2012	11	22	327	0.2921931948
0330061113	2012	11	23	328	0.291833842
0330061113	2012	11	24	329	0.291591555
0330061113	2012	11	25	330	0.2915537803
0330061113	2012	11	26	331	0.2914397387
0330061113	2012	11	27	332	0.2912185939
0330061113	2012	11	28	333	0.291281256
0330061113	2012	11	29	334	0.2910143504
0330061113	2012	11	30	335	0.2909750918
0330061113	2012	12	1	336	0.2908722314
0330061113	2012	12	2	337	0.2908074865
0330061113	2012	12	3	338	0.2904959973
0330061113	2012	12	4	339	0.2906746757
0330061113	2012	12	5	340	0.2906931152
0330061113	2012	12	6	341	0.2907861176
0330061113	2012	12	7	342	0.2910395357
0330061113	2012	12	8	343	0.2908384482
0330061113	2012	12	9	344	0.2909771904
0330061113	2012	12	10	345	0.2910036049
0330061113	2012	12	11	346	0.2911290385
0330061113	2012	12	12	347	0.2904858886
0330061113	2012	12	13	348	0.2907218323
0330061113	2012	12	14	349	0.290028141
0330061113	2012	12	15	350	0.2899228647
0330061113	2012	12	16	351	0.2897547541
0330061113	2012	12	17	352	0.3120866033
0330061113	2012	12	18	353	0.296632244
0330061113	2012	12	19	354	0.2935886581
0330061113	2012	12	20	355	0.3268816706
0330061113	2012	12	21	356	0.2988119288
0330061113	2012	12	22	357	0.2959815876
0330061113	2012	12	23	358	0.2949046862
0330061113	2012	12	24	359	0.3343425473
0330061113	2012	12	25	360	0.3451001415
0330061113	2012	12	26	361	0.3656615051
0330061113	2012	12	27	362	0.3320212743
0330061113	2012	12	28	363	0.3240702206
0330061113	2012	12	29	364	0.3577313791
0330061113	2012	12	30	365	0.3156242807
0330061113	2012	12	31	366	0.3091227731
0330061113	2013	1	1	1	0.3149438233
0330061113	2013	1	2	2	0.3118949323
0330061113	2013	1	3	3	0.3642917075
0330061113	2013	1	4	4	0.3145880447
0330061113	2013	1	5	5	0.3114327023
0330061113	2013	1	6	6	0.3082004654
0330061113	2013	1	7	7	0.3059897742
0330061113	2013	1	8	8	0.304643119
0330061113	2013	1	9	9	0.3039490203
0330061113	2013	1	10	10	0.303103604
0330061113	2013	1	11	11	0.3020189551
0330061113	2013	1	12	12	0.3013991645
0330061113	2013	1	13	13	0.3012614066
0330061113	2013	1	14	14	0.3011169148
0330061113	2013	1	15	15	0.3110538842
0330061113	2013	1	16	16	0.3788759412
0330061113	2013	1	17	17	0.3793582853
0330061113	2013	1	18	18	0.3357028321
0330061113	2013	1	19	19	0.3178312926
0330061113	2013	1	20	20	0.3154513538
0330061113	2013	1	21	21	0.3118933332
0330061113	2013	1	22	22	0.3091844555
0330061113	2013	1	23	23	0.3074402985
0330061113	2013	1	24	24	0.3061047721
0330061113	2013	1	25	25	0.3055490779
0330061113	2013	1	26	26	0.3051333253
0330061113	2013	1	27	27	0.304082519
0330061113	2013	1	28	28	0.3029275956
0330061113	2013	1	29	29	0.3019842726
0330061113	2013	1	30	30	0.3453676527
0330061113	2013	1	31	31	0.3474408776
0330061113	2013	2	1	32	0.3135810336
0330061113	2013	2	2	33	0.3109141702
0330061113	2013	2	3	34	0.3082559972
0330061113	2013	2	4	35	0.306916822
0330061113	2013	2	5	36	0.3060049253
0330061113	2013	2	6	37	0.3050963565
0330061113	2013	2	7	38	0.3532438792
0330061113	2013	2	8	39	0.3784330745
0330061113	2013	2	9	40	0.3774772914
0330061113	2013	2	10	41	0.3421538563
0330061113	2013	2	11	42	0.3803488344
0330061113	2013	2	12	43	0.380879729
0330061113	2013	2	13	44	0.3810061269
0330061113	2013	2	14	45	0.3812383249
0330061113	2013	2	15	46	0.381584419
0330061113	2013	2	16	47	0.3817287883
0330061113	2013	2	17	48	0.3817962759
0330061113	2013	2	18	49	0.3816288182
0330061113	2013	2	19	50	0.381765613
0330061113	2013	2	20	51	0.3819201889
0330061113	2013	2	21	52	0.3819459237
0330061113	2013	2	22	53	0.3822948184
0330061113	2013	2	23	54	0.3826450295
0330061113	2013	2	24	55	0.3828423049
0330061113	2013	2	25	56	0.3827350085
0330061113	2013	2	26	57	0.3830750794
0330061113	2013	2	27	58	0.3824975977
0330061113	2013	2	28	59	0.3831841658
0330061113	2013	3	1	60	0.3832400182
0330061113	2013	3	2	61	0.3832849503
0330061113	2013	3	3	62	0.3833133449
0330061113	2013	3	4	63	0.3833127628
0330061113	2013	3	5	64	0.383147054
0330061113	2013	3	6	65	0.3832361143
0330061113	2013	3	7	66	0.3835172303
0330061113	2013	3	8	67	0.3835527152
0330061113	2013	3	9	68	0.3833750054
0330061113	2013	3	10	69	0.3836652118
0330061113	2013	3	11	70	0.3837607056
0330061113	2013	3	12	71	0.3838176147
0330061113	2013	3	13	72	0.3836694176
0330061113	2013	3	14	73	0.3836950706
0330061113	2013	3	15	74	0.3837068185
0330061113	2013	3	16	75	0.3835153553
0330061113	2013	3	17	76	0.3838031622
0330061113	2013	3	18	77	0.3838419531
0330061113	2013	3	19	78	0.3839383294
0330061113	2013	3	20	79	0.3838239721
0330061113	2013	3	21	80	0.3838667294
0330061113	2013	3	22	81	0.3838787121
0330061113	2013	3	23	82	0.3838528465
0330061113	2013	3	24	83	0.3840606419
0330061113	2013	3	25	84	0.3841004974
0330061113	2013	3	26	85	0.383901742
0330061113	2013	3	27	86	0.3840761933
0330061113	2013	3	28	87	0.3840466875
0330061113	2013	3	29	88	0.3838138651
0330061113	2013	3	30	89	0.3838340332
0330061113	2013	3	31	90	0.3840769547
0330061113	2013	4	1	91	0.3839018252
0330061113	2013	4	2	92	0.3841574546
0330061113	2013	4	3	93	0.3841857559
0330061113	2013	4	4	94	0.3837368347
0330061113	2013	4	5	95	0.3839876029
0330061113	2013	4	6	96	0.3837752154
0330061113	2013	4	7	97	0.3841844406
0330061113	2013	4	8	98	0.3842018024
0330061113	2013	4	9	99	0.384227032
0330061113	2013	4	10	100	0.3840241613
0330061113	2013	4	11	101	0.3838386714
0330061113	2013	4	12	102	0.3841668003
0330061113	2013	4	13	103	0.3843816698
0330061113	2013	4	14	104	0.3844447373
0330061113	2013	4	15	105	0.3843734619
0330061113	2013	4	16	106	0.3846048772
0330061113	2013	4	17	107	0.3846550889
0330061113	2013	4	18	108	0.3846965583
0330061113	2013	4	19	109	0.3847063993
0330061113	2013	4	20	110	0.3846867867
0330061113	2013	4	21	111	0.3839007131
0330061113	2013	4	22	112	0.3845432412
0330061113	2013	4	23	113	0.3842689808
0330061113	2013	4	24	114	0.3844969124
0330061113	2013	4	25	115	0.3573015477
0330061113	2013	4	26	116	0.3390319872
0330061113	2013	4	27	117	0.3374645456
0330061113	2013	4	28	118	0.3367432799
0330061113	2013	4	29	119	0.3354965874
0330061113	2013	4	30	120	0.3318234796
0330061113	2013	5	1	121	0.3368697683
0330061113	2013	5	2	122	0.3305497146
0330061113	2013	5	3	123	0.3358509449
0330061113	2013	5	4	124	0.373524129
0330061113	2013	5	5	125	0.3733654388
0330061113	2013	5	6	126	0.3740630892
0330061113	2013	5	7	127	0.3741990027
0330061113	2013	5	8	128	0.3742406429
0330061113	2013	5	9	129	0.373952957
0330061113	2013	5	10	130	0.3718434788
0330061113	2013	5	11	131	0.3392773261
0330061113	2013	5	12	132	0.3326581435
0330061113	2013	5	13	133	0.3312742587
0330061113	2013	5	14	134	0.3297033014
0330061113	2013	5	15	135	0.3289137992
0330061113	2013	5	16	136	0.3279168876
0330061113	2013	5	17	137	0.3254968608
0330061113	2013	5	18	138	0.3240096944
0330061113	2013	5	19	139	0.3235804049
0330061113	2013	5	20	140	0.3231097038
0330061113	2013	5	21	141	0.3219215297
0330061113	2013	5	22	142	0.3170921369
0330061113	2013	5	23	143	0.3160393195
0330061113	2013	5	24	144	0.3153080683
0330061113	2013	5	25	145	0.3137170722
0330061113	2013	5	26	146	0.3128923982
0330061113	2013	5	27	147	0.3127182873
0330061113	2013	5	28	148	0.3122388177
0330061113	2013	5	29	149	
0330061113	2013	5	30	150	
0330061113	2013	5	31	151	
0330061113	2013	6	1	152	
0330061113	2013	6	2	153	
0330061113	2013	6	3	154	
0330061113	2013	6	4	155	
0330061113	2013	6	5	156	
0330061113	2013	6	6	157	
0330061113	2013	6	7	158	
0330061113	2013	6	8	159	
0330061113	2013	6	9	160	
0330061113	2013	6	10	161	
0330061113	2013	6	11	162	
0330061113	2013	6	12	163	
0330061113	2013	6	13	164	
0330061113	2013	6	14	165	
0330061113	2013	6	15	166	
0330061113	2013	6	16	167	
0330061113	2013	6	17	168	
0330061113	2013	6	18	169	
0330061113	2013	6	19	170	
0330061113	2013	6	20	171	
0330061113	2013	6	21	172	
0330061113	2013	6	22	173	
0330061113	2013	6	23	174	
0330061113	2013	6	24	175	
0330061113	2013	6	25	176	
0330061113	2013	6	26	177	
0330061113	2013	6	27	178	
0330061113	2013	6	28	179	
0330061113	2013	6	29	180	
0330061113	2013	6	30	181	
0330061113	2013	7	1	182	
0330061113	2013	7	2	183	
0330061113	2013	7	3	184	
0330061113	2013	7	4	185	
0330061113	2013	7	5	186	
0330061113	2013	7	6	187	
0330061113	2013	7	7	188	
0330061113	2013	7	8	189	
0330061113	2013	7	9	190	
0330061113	2013	7	10	191	
0330061113	2013	7	11	192	
0330061113	2013	7	12	193	
0330061113	2013	7	13	194	
0330061113	2013	7	14	195	
0330061113	2013	7	15	196	
0330061113	2013	7	16	197	
0330061113	2013	7	17	198	
0330061113	2013	7	18	199	
0330061113	2013	7	19	200	
0330061113	2013	7	20	201	
0330061113	2013	7	21	202	
0330061113	2013	7	22	203	
0330061113	2013	7	23	204	
0330061113	2013	7	24	205	
0330061113	2013	7	25	206	
0330061113	2013	7	26	207	
0330061113	2013	7	27	208	
0330061113	2013	7	28	209	
0330061113	2013	7	29	210	
0330061113	2013	7	30	211	
0330061113	2013	7	31	212	
0330061113	2013	8	1	213	
0330061113	2013	8	2	214	
0330061113	2013	8	3	215	
0330061113	2013	8	4	216	
0330061113	2013	8	5	217	
0330061113	2013	8	6	218	
0330061113	2013	8	7	219	
0330061113	2013	8	8	220	
0330061113	2013	8	9	221	
0330061113	2013	8	10	222	
0330061113	2013	8	11	223	
0330061113	2013	8	12	224	
0330061113	2013	8	13	225	
0330061113	2013	8	14	226	
0330061113	2013	8	15	227	
0330061113	2013	8	16	228	
0330061113	2013	8	17	229	
0330061113	2013	8	18	230	
0330061113	2013	8	19	231	
0330061113	2013	8	20	232	
0330061113	2013	8	21	233	
0330061113	2013	8	22	234	
0330061113	2013	8	23	235	
0330061113	2013	8	24	236	
0330061113	2013	8	25	237	
0330061113	2013	8	26	238	
0330061113	2013	8	27	239	
0330061113	2013	8	28	240	
0330061113	2013	8	29	241	
0330061113	2013	8	30	242	
0330061113	2013	8	31	243	
0330061113	2013	9	1	244	
0330061113	2013	9	2	245	
0330061113	2013	9	3	246	
0330061113	2013	9	4	247	
0330061113	2013	9	5	248	
0330061113	2013	9	6	249	
0330061113	2013	9	7	250	
0330061113	2013	9	8	251	
0330061113	2013	9	9	252	
0330061113	2013	9	10	253	
0330061113	2013	9	11	254	
0330061113	2013	9	12	255	
0330061113	2013	9	13	256	
0330061113	2013	9	14	257	
0330061113	2013	9	15	258	
0330061113	2013	9	16	259	
0330061113	2013	9	17	260	
0330061113	2013	9	18	261	
0330061113	2013	9	19	262	
0330061113	2013	9	20	263	
0330061113	2013	9	21	264	
0330061113	2013	9	22	265	
0330061113	2013	9	23	266	
0330061113	2013	9	24	267	
0330061113	2013	9	25	268	
0330061113	2013	9	26	269	
0330061113	2013	9	27	270	
0330061113	2013	9	28	271	
0330061113	2013	9	29	272	
0330061113	2013	9	30	273	
0330061113	2013	10	1	274	
0330061113	2013	10	2	275	
0330061113	2013	10	3	276	
0330061113	2013	10	4	277	
0330061113	2013	10	5	278	
0330061113	2013	10	6	279	
0330061113	2013	10	7	280	
0330061113	2013	10	8	281	
0330061113	2013	10	9	282	
0330061113	2013	10	10	283	
0330061113	2013	10	11	284	
0330061113	2013	10	12	285	
0330061113	2013	10	13	286	
0330061113	2013	10	14	287	
0330061113	2013	10	15	288	
0330061113	2013	10	16	289	
0330061113	2013	10	17	290	
0330061113	2013	10	18	291	
0330061113	2013	10	19	292	
0330061113	2013	10	20	293	
0330061113	2013	10	21	294	
0330061113	2013	10	22	295	
0330061113	2013	10	23	296	
0330061113	2013	10	24	297	
0330061113	2013	10	25	298	
0330061113	2013	10	26	299	
0330061113	2013	10	27	300	
0330061113	2013	10	28	301	
0330061113	2013	10	29	302	
0330061113	2013	10	30	303	
0330061113	2013	10	31	304	
0330061113	2013	11	1	305	
0330061113	2013	11	2	306	
0330061113	2013	11	3	307	
0330061113	2013	11	4	308	
0330061113	2013	11	5	309	
0330061113	2013	11	6	310	
0330061113	2013	11	7	311	
0330061113	2013	11	8	312	
0330061113	2013	11	9	313	
0330061113	2013	11	10	314	
0330061113	2013	11	11	315	
0330061113	2013	11	12	316	
0330061113	2013	11	13	317	
0330061113	2013	11	14	318	
0330061113	2013	11	15	319	
0330061113	2013	11	16	320	
0330061113	2013	11	17	321	
0330061113	2013	11	18	322	
0330061113	2013	11	19	323	
0330061113	2013	11	20	324	
0330061113	2013	11	21	325	
0330061113	2013	11	22	326	
0330061113	2013	11	23	327	
0330061113	2013	11	24	328	
0330061113	2013	11	25	329	
0330061113	2013	11	26	330	
0330061113	2013	11	27	331	
0330061113	2013	11	28	332	
0330061113	2013	11	29	333	
0330061113	2013	11	30	334	
0330061113	2013	12	1	335	
0330061113	2013	12	2	336	
0330061113	2013	12	3	337	
0330061113	2013	12	4	338	
0330061113	2013	12	5	339	
0330061113	2013	12	6	340	
0330061113	2013	12	7	341	
0330061113	2013	12	8	342	
0330061113	2013	12	9	343	
0330061113	2013	12	10	344	
0330061113	2013	12	11	345	
0330061113	2013	12	12	346	
0330061113	2013	12	13	347	
0330061113	2013	12	14	348	
0330061113	2013	12	15	349	
0330061113	2013	12	16	350	
0330061113	2013	12	17	351	
0330061113	2013	12	18	352	
0330061113	2013	12	19	353	
0330061113	2013	12	20	354	
0330061113	2013	12	21	355	
0330061113	2013	12	22	356	
0330061113	2013	12	23	357	
0330061113	2013	12	24	358	
0330061113	2013	12	25	359	
0330061113	2013	12	26	360	
0330061113	2013	12	27	361	
0330061113	2013	12	28	362	
0330061113	2013	12	29	363	
0330061113	2013	12	30	364	
0330061113	2013	12	31	365	
