stationID	Y	M	D	DOY	depth_5	depth_10	depth_20	depth_51	depth_102
0031421012	2010	1	1	1	-9999	-9999	-9999	-9999	-9999
0031421012	2010	1	2	2	-9999	-9999	-9999	-9999	-9999
0031421012	2010	1	3	3	-9999	-9999	-9999	-9999	-9999
0031421012	2010	1	4	4	-9999	-9999	-9999	-9999	-9999
0031421012	2010	1	5	5	-9999	-9999	-9999	-9999	-9999
0031421012	2010	1	6	6	-9999	-9999	-9999	-9999	-9999
0031421012	2010	1	7	7	-9999	-9999	-9999	-9999	-9999
0031421012	2010	1	8	8	-9999	-9999	-9999	-9999	-9999
0031421012	2010	1	9	9	-9999	-9999	-9999	-9999	-9999
0031421012	2010	1	10	10	-9999	-9999	-9999	-9999	-9999
0031421012	2010	1	11	11	-9999	-9999	-9999	-9999	-9999
0031421012	2010	1	12	12	-9999	-9999	-9999	-9999	-9999
0031421012	2010	1	13	13	-9999	-9999	-9999	-9999	-9999
0031421012	2010	1	14	14	-9999	-9999	-9999	-9999	-9999
0031421012	2010	1	15	15	-9999	-9999	-9999	-9999	-9999
0031421012	2010	1	16	16	-9999	-9999	-9999	-9999	-9999
0031421012	2010	1	17	17	-9999	-9999	-9999	-9999	-9999
0031421012	2010	1	18	18	-9999	-9999	-9999	-9999	-9999
0031421012	2010	1	19	19	-9999	-9999	-9999	-9999	-9999
0031421012	2010	1	20	20	-9999	-9999	-9999	-9999	-9999
0031421012	2010	1	21	21	-9999	-9999	-9999	-9999	-9999
0031421012	2010	1	22	22	-9999	-9999	-9999	-9999	-9999
0031421012	2010	1	23	23	-9999	-9999	-9999	-9999	-9999
0031421012	2010	1	24	24	-9999	-9999	-9999	-9999	-9999
0031421012	2010	1	25	25	-9999	-9999	-9999	-9999	-9999
0031421012	2010	1	26	26	-9999	-9999	-9999	-9999	-9999
0031421012	2010	1	27	27	-9999	-9999	-9999	-9999	-9999
0031421012	2010	1	28	28	-9999	-9999	-9999	-9999	-9999
0031421012	2010	1	29	29	-9999	-9999	-9999	-9999	-9999
0031421012	2010	1	30	30	-9999	-9999	-9999	-9999	-9999
0031421012	2010	1	31	31	-9999	-9999	-9999	-9999	-9999
0031421012	2010	2	1	32	-9999	-9999	-9999	-9999	-9999
0031421012	2010	2	2	33	-9999	-9999	-9999	-9999	-9999
0031421012	2010	2	3	34	-9999	-9999	-9999	-9999	-9999
0031421012	2010	2	4	35	-9999	-9999	-9999	-9999	-9999
0031421012	2010	2	5	36	-9999	-9999	-9999	-9999	-9999
0031421012	2010	2	6	37	-9999	-9999	-9999	-9999	-9999
0031421012	2010	2	7	38	-9999	-9999	-9999	-9999	-9999
0031421012	2010	2	8	39	-9999	-9999	-9999	-9999	-9999
0031421012	2010	2	9	40	-9999	-9999	-9999	-9999	-9999
0031421012	2010	2	10	41	-9999	-9999	-9999	-9999	-9999
0031421012	2010	2	11	42	-9999	-9999	-9999	-9999	-9999
0031421012	2010	2	12	43	-9999	-9999	-9999	-9999	-9999
0031421012	2010	2	13	44	-9999	-9999	-9999	-9999	-9999
0031421012	2010	2	14	45	-9999	-9999	-9999	-9999	-9999
0031421012	2010	2	15	46	-9999	-9999	-9999	-9999	-9999
0031421012	2010	2	16	47	-9999	-9999	-9999	-9999	-9999
0031421012	2010	2	17	48	-9999	-9999	-9999	-9999	-9999
0031421012	2010	2	18	49	-9999	-9999	-9999	-9999	-9999
0031421012	2010	2	19	50	-9999	-9999	-9999	-9999	-9999
0031421012	2010	2	20	51	-9999	-9999	-9999	-9999	-9999
0031421012	2010	2	21	52	-9999	-9999	-9999	-9999	-9999
0031421012	2010	2	22	53	-9999	-9999	-9999	-9999	-9999
0031421012	2010	2	23	54	-9999	-9999	-9999	-9999	-9999
0031421012	2010	2	24	55	-9999	-9999	-9999	-9999	-9999
0031421012	2010	2	25	56	-9999	-9999	-9999	-9999	-9999
0031421012	2010	2	26	57	-9999	-9999	-9999	-9999	-9999
0031421012	2010	2	27	58	-9999	-9999	-9999	-9999	-9999
0031421012	2010	2	28	59	-9999	-9999	-9999	-9999	-9999
0031421012	2010	3	1	60	-9999	-9999	-9999	-9999	-9999
0031421012	2010	3	2	61	-9999	-9999	-9999	-9999	-9999
0031421012	2010	3	3	62	-9999	-9999	-9999	-9999	-9999
0031421012	2010	3	4	63	-9999	-9999	-9999	-9999	-9999
0031421012	2010	3	5	64	-9999	-9999	-9999	-9999	-9999
0031421012	2010	3	6	65	-9999	-9999	-9999	-9999	-9999
0031421012	2010	3	7	66	-9999	-9999	-9999	-9999	-9999
0031421012	2010	3	8	67	-9999	-9999	-9999	-9999	-9999
0031421012	2010	3	9	68	-9999	-9999	-9999	-9999	-9999
0031421012	2010	3	10	69	-9999	-9999	-9999	-9999	-9999
0031421012	2010	3	11	70	-9999	-9999	-9999	-9999	-9999
0031421012	2010	3	12	71	-9999	-9999	-9999	-9999	-9999
0031421012	2010	3	13	72	-9999	-9999	-9999	-9999	-9999
0031421012	2010	3	14	73	-9999	-9999	-9999	-9999	-9999
0031421012	2010	3	15	74	-9999	-9999	-9999	-9999	-9999
0031421012	2010	3	16	75	-9999	-9999	-9999	-9999	-9999
0031421012	2010	3	17	76	-9999	-9999	-9999	-9999	-9999
0031421012	2010	3	18	77	-9999	-9999	-9999	-9999	-9999
0031421012	2010	3	19	78	-9999	-9999	-9999	-9999	-9999
0031421012	2010	3	20	79	-9999	-9999	-9999	-9999	-9999
0031421012	2010	3	21	80	-9999	-9999	-9999	-9999	-9999
0031421012	2010	3	22	81	-9999	-9999	-9999	-9999	-9999
0031421012	2010	3	23	82	-9999	-9999	-9999	-9999	-9999
0031421012	2010	3	24	83	-9999	-9999	-9999	-9999	-9999
0031421012	2010	3	25	84	-9999	-9999	-9999	-9999	-9999
0031421012	2010	3	26	85	-9999	-9999	-9999	-9999	-9999
0031421012	2010	3	27	86	-9999	-9999	-9999	-9999	-9999
0031421012	2010	3	28	87	-9999	-9999	-9999	-9999	-9999
0031421012	2010	3	29	88	-9999	-9999	-9999	-9999	-9999
0031421012	2010	3	30	89	-9999	-9999	-9999	-9999	-9999
0031421012	2010	3	31	90	-9999	-9999	-9999	-9999	-9999
0031421012	2010	4	1	91	-9999	-9999	-9999	-9999	-9999
0031421012	2010	4	2	92	-9999	-9999	-9999	-9999	-9999
0031421012	2010	4	3	93	-9999	-9999	-9999	-9999	-9999
0031421012	2010	4	4	94	-9999	-9999	-9999	-9999	-9999
0031421012	2010	4	5	95	-9999	-9999	-9999	-9999	-9999
0031421012	2010	4	6	96	-9999	-9999	-9999	-9999	-9999
0031421012	2010	4	7	97	-9999	-9999	-9999	-9999	-9999
0031421012	2010	4	8	98	-9999	-9999	-9999	-9999	-9999
0031421012	2010	4	9	99	-9999	-9999	-9999	-9999	-9999
0031421012	2010	4	10	100	-9999	-9999	-9999	-9999	-9999
0031421012	2010	4	11	101	-9999	-9999	-9999	-9999	-9999
0031421012	2010	4	12	102	-9999	-9999	-9999	-9999	-9999
0031421012	2010	4	13	103	-9999	-9999	-9999	-9999	-9999
0031421012	2010	4	14	104	-9999	-9999	-9999	-9999	-9999
0031421012	2010	4	15	105	-9999	-9999	-9999	-9999	-9999
0031421012	2010	4	16	106	-9999	-9999	-9999	-9999	-9999
0031421012	2010	4	17	107	-9999	-9999	-9999	-9999	-9999
0031421012	2010	4	18	108	-9999	-9999	-9999	-9999	-9999
0031421012	2010	4	19	109	-9999	-9999	-9999	-9999	-9999
0031421012	2010	4	20	110	-9999	-9999	-9999	-9999	-9999
0031421012	2010	4	21	111	-9999	-9999	-9999	-9999	-9999
0031421012	2010	4	22	112	-9999	-9999	-9999	-9999	-9999
0031421012	2010	4	23	113	-9999	-9999	-9999	-9999	-9999
0031421012	2010	4	24	114	-9999	-9999	-9999	-9999	-9999
0031421012	2010	4	25	115	-9999	-9999	-9999	-9999	-9999
0031421012	2010	4	26	116	-9999	-9999	-9999	-9999	-9999
0031421012	2010	4	27	117	-9999	-9999	-9999	-9999	-9999
0031421012	2010	4	28	118	-9999	-9999	-9999	-9999	-9999
0031421012	2010	4	29	119	-9999	-9999	-9999	-9999	-9999
0031421012	2010	4	30	120	-9999	-9999	-9999	-9999	-9999
0031421012	2010	5	1	121	-9999	-9999	-9999	-9999	-9999
0031421012	2010	5	2	122	-9999	-9999	-9999	-9999	-9999
0031421012	2010	5	3	123	-9999	-9999	-9999	-9999	-9999
0031421012	2010	5	4	124	-9999	-9999	-9999	-9999	-9999
0031421012	2010	5	5	125	-9999	-9999	-9999	-9999	-9999
0031421012	2010	5	6	126	-9999	-9999	-9999	-9999	-9999
0031421012	2010	5	7	127	-9999	-9999	-9999	-9999	-9999
0031421012	2010	5	8	128	0.107	0.114	0.152	0.189	0.175
0031421012	2010	5	9	129	0.1	0.111	0.152	0.192	0.177
0031421012	2010	5	10	130	0.096	0.108	0.145	0.192	0.176
0031421012	2010	5	11	131	0.09	0.102	0.144	0.191	0.175
0031421012	2010	5	12	132	0.087	0.098	0.14	0.191	0.177
0031421012	2010	5	13	133	0.08	0.094	0.136	0.192	0.177
0031421012	2010	5	14	134	0.076	0.092	0.137	0.192	0.18
0031421012	2010	5	15	135	0.072	0.091	0.134	0.191	0.18
0031421012	2010	5	16	136	0.072	0.09	0.132	0.191	0.176
0031421012	2010	5	17	137	0.222	-9999	0.227	0.235	0.201
0031421012	2010	5	18	138	0.166	0.182	0.206	0.228	0.202
0031421012	2010	5	19	139	0.166	0.184	0.194	0.222	0.204
0031421012	2010	5	20	140	0.139	0.152	0.19	0.221	0.204
0031421012	2010	5	21	141	0.12	0.136	0.177	0.219	0.202
0031421012	2010	5	22	142	0.109	0.127	0.169	0.216	0.202
0031421012	2010	5	23	143	0.1	0.114	0.161	0.215	0.2
0031421012	2010	5	24	144	0.089	0.107	0.155	0.212	0.2
0031421012	2010	5	25	145	0.077	0.096	0.148	0.211	0.2
0031421012	2010	5	26	146	0.077	0.095	0.145	0.208	0.198
0031421012	2010	5	27	147	0.079	0.095	0.147	0.207	0.197
0031421012	2010	5	28	148	0.07	0.09	0.142	0.209	0.198
0031421012	2010	5	29	149	0.063	0.077	0.139	0.207	0.197
0031421012	2010	5	30	150	0.057	0.077	0.136	0.207	0.195
0031421012	2010	5	31	151	0.213	-9999	0.221	0.225	0.198
0031421012	2010	6	1	152	0.162	0.18	0.207	0.226	0.205
0031421012	2010	6	2	153	0.136	0.15	0.19	0.222	0.205
0031421012	2010	6	3	154	0.156	0.171	0.195	0.22	0.205
0031421012	2010	6	4	155	0.194	0.215	0.217	0.225	0.209
0031421012	2010	6	5	156	0.151	0.162	0.202	0.223	0.207
0031421012	2010	6	6	157	-9999	-9999	0.228	0.23	0.212
0031421012	2010	6	7	158	0.192	0.214	0.222	0.23	0.214
0031421012	2010	6	8	159	0.147	0.163	0.202	0.228	0.212
0031421012	2010	6	9	160	0.114	0.132	0.184	0.224	0.212
0031421012	2010	6	10	161	0.092	0.106	0.17	0.221	0.211
0031421012	2010	6	11	162	0.073	0.093	0.158	0.218	0.209
0031421012	2010	6	12	163	0.06	0.08	0.147	0.215	0.207
0031421012	2010	6	13	164	0.051	0.075	0.141	0.215	0.206
0031421012	2010	6	14	165	0.05	0.066	0.133	0.214	0.204
0031421012	2010	6	15	166	0.042	0.057	0.126	0.209	0.203
0031421012	2010	6	16	167	0.042	0.057	0.117	0.209	0.201
0031421012	2010	6	17	168	0.041	0.056	0.119	0.205	0.195
0031421012	2010	6	18	169	0.038	0.053	0.108	0.204	0.196
0031421012	2010	6	19	170	0.1	0.074	0.103	0.203	0.196
0031421012	2010	6	20	171	0.075	0.073	0.101	0.203	0.191
0031421012	2010	6	21	172	0.056	0.059	0.105	0.2	0.193
0031421012	2010	6	22	173	-9999	-9999	0.217	0.219	0.195
0031421012	2010	6	23	174	0.197	0.22	0.218	0.239	0.209
0031421012	2010	6	24	175	0.149	0.162	0.197	0.239	0.208
0031421012	2010	6	25	176	0.12	0.133	0.176	0.237	0.208
0031421012	2010	6	26	177	0.095	0.112	0.163	0.228	0.208
0031421012	2010	6	27	178	0.081	0.09	0.149	0.225	0.209
0031421012	2010	6	28	179	0.098	0.096	0.142	0.22	0.205
0031421012	2010	6	29	180	0.115	0.112	0.144	0.218	0.204
0031421012	2010	6	30	181	0.162	0.176	0.193	0.216	0.205
0031421012	2010	7	1	182	0.151	0.161	0.186	0.218	0.202
0031421012	2010	7	2	183	0.137	0.148	0.182	0.218	0.205
0031421012	2010	7	3	184	0.126	0.13	0.168	0.218	0.203
0031421012	2010	7	4	185	0.1	0.114	0.155	0.217	0.2
0031421012	2010	7	5	186	0.083	0.093	0.146	0.214	0.199
0031421012	2010	7	6	187	0.138	0.14	0.151	0.214	0.198
0031421012	2010	7	7	188	-9999	-9999	0.232	0.233	0.197
0031421012	2010	7	8	189	0.171	0.187	0.214	0.235	0.204
0031421012	2010	7	9	190	0.141	0.155	0.193	0.231	0.208
0031421012	2010	7	10	191	0.121	0.132	0.176	0.226	0.209
0031421012	2010	7	11	192	-9999	-9999	0.226	0.244	0.215
0031421012	2010	7	12	193	0.171	0.185	0.21	0.241	0.218
0031421012	2010	7	13	194	0.139	0.149	0.194	0.232	0.217
0031421012	2010	7	14	195	0.112	0.13	0.175	0.229	0.215
0031421012	2010	7	15	196	0.095	0.108	0.159	0.225	0.213
0031421012	2010	7	16	197	0.087	0.099	0.148	0.224	0.211
0031421012	2010	7	17	198	0.076	0.094	0.148	0.221	0.212
0031421012	2010	7	18	199	0.074	0.087	0.142	0.218	0.21
0031421012	2010	7	19	200	-9999	-9999	0.217	0.216	0.212
0031421012	2010	7	20	201	0.171	0.19	0.208	0.222	0.214
0031421012	2010	7	21	202	0.144	0.162	0.193	0.222	0.214
0031421012	2010	7	22	203	0.12	0.14	0.177	0.222	0.212
0031421012	2010	7	23	204	0.112	0.124	0.166	0.22	0.212
0031421012	2010	7	24	205	0.1	0.116	0.158	0.218	0.213
0031421012	2010	7	25	206	0.091	0.108	0.152	0.215	0.21
0031421012	2010	7	26	207	0.141	0.145	0.148	0.216	0.207
0031421012	2010	7	27	208	0.12	0.131	0.15	0.217	0.204
0031421012	2010	7	28	209	0.102	0.113	0.146	0.215	0.205
0031421012	2010	7	29	210	0.087	0.096	0.138	0.212	0.204
0031421012	2010	7	30	211	0.071	0.085	0.134	0.207	0.202
0031421012	2010	7	31	212	0.064	0.08	0.124	0.206	0.2
0031421012	2010	8	1	213	0.061	0.071	0.115	0.207	0.201
0031421012	2010	8	2	214	0.055	0.071	0.103	0.203	0.197
0031421012	2010	8	3	215	0.228	0.237	0.212	0.241	0.201
0031421012	2010	8	4	216	0.214	0.225	0.222	0.249	0.22
0031421012	2010	8	5	217	0.178	0.187	0.211	0.243	0.217
0031421012	2010	8	6	218	0.161	0.169	0.198	0.237	0.222
0031421012	2010	8	7	219	0.138	0.149	0.183	0.233	0.217
0031421012	2010	8	8	220	0.152	0.164	0.189	0.228	0.217
0031421012	2010	8	9	221	0.199	0.21	0.211	0.229	0.215
0031421012	2010	8	10	222	0.166	0.177	0.201	0.231	0.216
0031421012	2010	8	11	223	0.142	0.152	0.187	0.228	0.217
0031421012	2010	8	12	224	0.172	0.173	0.178	0.227	0.214
0031421012	2010	8	13	225	0.188	0.197	0.206	0.227	0.212
0031421012	2010	8	14	226	0.165	0.173	0.197	0.226	0.213
0031421012	2010	8	15	227	0.163	0.172	0.192	0.227	0.214
0031421012	2010	8	16	228	0.212	0.225	0.222	0.229	0.212
0031421012	2010	8	17	229	0.214	0.226	0.225	0.233	0.214
0031421012	2010	8	18	230	0.205	0.214	0.227	0.247	0.216
0031421012	2010	8	19	231	0.187	0.198	0.222	0.238	0.219
0031421012	2010	8	20	232	0.191	0.202	0.225	0.239	0.22
0031421012	2010	8	21	233	0.185	0.193	0.224	0.238	0.221
0031421012	2010	8	22	234	0.196	0.201	0.225	0.237	0.219
0031421012	2010	8	23	235	-9999	-9999	0.247	-9999	-9999
0031421012	2010	8	24	236	0.214	0.225	0.242	0.246	0.229
0031421012	2010	8	25	237	0.181	0.187	0.227	0.241	0.23
0031421012	2010	8	26	238	0.159	0.166	0.202	0.238	0.227
0031421012	2010	8	27	239	0.15	0.154	0.191	0.234	0.224
0031421012	2010	8	28	240	0.228	-9999	0.235	0.239	0.223
0031421012	2010	8	29	241	0.226	-9999	0.241	0.252	0.227
0031421012	2010	8	30	242	0.217	0.243	0.241	0.256	0.237
0031421012	2010	8	31	243	0.192	0.209	0.229	0.243	0.232
0031421012	2010	9	1	244	0.172	0.183	0.215	0.24	0.226
0031421012	2010	9	2	245	0.153	0.165	0.2	0.237	0.225
0031421012	2010	9	3	246	0.141	0.15	0.184	0.232	0.225
0031421012	2010	9	4	247	0.127	0.137	0.175	0.229	0.22
0031421012	2010	9	5	248	0.113	0.127	0.163	0.224	0.219
0031421012	2010	9	6	249	0.1	0.115	0.156	0.225	0.219
0031421012	2010	9	7	250	0.092	0.106	0.151	0.223	0.216
0031421012	2010	9	8	251	0.083	0.101	0.146	0.223	0.214
0031421012	2010	9	9	252	0.081	0.1	0.142	0.22	0.209
0031421012	2010	9	10	253	0.077	0.095	0.137	0.218	0.209
0031421012	2010	9	11	254	0.071	0.087	0.133	0.22	0.205
0031421012	2010	9	12	255	0.085	0.09	0.129	0.218	0.206
0031421012	2010	9	13	256	0.08	0.09	0.129	0.216	0.206
0031421012	2010	9	14	257	0.074	0.085	0.125	0.216	0.203
0031421012	2010	9	15	258	0.07	0.084	0.123	0.214	0.202
0031421012	2010	9	16	259	0.065	0.085	0.125	0.213	0.202
0031421012	2010	9	17	260	0.065	0.082	0.125	0.213	0.199
0031421012	2010	9	18	261	0.063	0.081	0.12	0.213	0.201
0031421012	2010	9	19	262	0.055	0.076	0.122	0.211	0.199
0031421012	2010	9	20	263	0.056	0.074	0.122	0.212	0.198
0031421012	2010	9	21	264	0.054	0.074	0.121	0.211	0.195
0031421012	2010	9	22	265	0.053	0.076	0.121	0.212	0.196
0031421012	2010	9	23	266	0.051	0.069	0.118	0.21	0.197
0031421012	2010	9	24	267	0.048	0.07	0.117	0.21	0.196
0031421012	2010	9	25	268	-9999	-9999	0.221	-9999	0.198
0031421012	2010	9	26	269	0.183	0.19	0.208	0.242	0.212
0031421012	2010	9	27	270	0.202	0.211	0.215	0.241	0.215
0031421012	2010	9	28	271	0.17	0.179	0.207	0.24	-9999
0031421012	2010	9	29	272	0.154	0.159	0.193	0.24	0.214
0031421012	2010	9	30	273	-9999	-9999	-9999	-9999	-9999
0031421012	2010	10	1	274	0.124	0.128	0.172	0.233	0.214
0031421012	2010	10	2	275	0.114	0.124	0.167	0.232	0.214
0031421012	2010	10	3	276	0.105	0.115	0.16	0.226	0.212
0031421012	2010	10	4	277	0.101	0.11	0.157	0.226	0.212
0031421012	2010	10	5	278	0.093	0.104	0.153	0.223	0.21
0031421012	2010	10	6	279	0.09	0.101	0.151	0.224	0.208
0031421012	2010	10	7	280	0.087	0.099	0.149	0.221	0.208
0031421012	2010	10	8	281	0.084	0.096	0.142	0.219	0.209
0031421012	2010	10	9	282	0.079	0.097	0.143	0.222	0.206
0031421012	2010	10	10	283	0.079	0.093	0.143	0.219	0.204
0031421012	2010	10	11	284	0.072	0.088	0.14	0.218	0.2
0031421012	2010	10	12	285	0.072	0.09	0.138	0.215	0.202
0031421012	2010	10	13	286	0.071	0.088	0.134	0.218	0.2
0031421012	2010	10	14	287	0.068	0.083	0.132	0.218	0.202
0031421012	2010	10	15	288	0.066	0.084	0.133	0.215	0.2
0031421012	2010	10	16	289	0.061	0.081	0.134	0.214	0.202
0031421012	2010	10	17	290	0.064	0.076	0.129	0.212	0.198
0031421012	2010	10	18	291	0.062	0.081	0.13	0.213	0.198
0031421012	2010	10	19	292	0.059	0.079	0.13	0.214	0.197
0031421012	2010	10	20	293	0.053	0.076	0.124	0.212	0.199
0031421012	2010	10	21	294	0.056	0.077	0.124	0.212	0.198
0031421012	2010	10	22	295	0.054	0.074	0.125	0.21	0.199
0031421012	2010	10	23	296	0.054	0.073	0.121	0.212	0.197
0031421012	2010	10	24	297	0.052	0.069	0.122	0.21	0.197
0031421012	2010	10	25	298	0.206	0.227	0.203	0.21	0.197
0031421012	2010	10	26	299	0.168	0.176	0.194	0.212	0.195
0031421012	2010	10	27	300	0.153	0.164	0.188	0.218	0.197
0031421012	2010	10	28	301	0.151	0.156	0.178	0.219	0.197
0031421012	2010	10	29	302	0.178	0.185	0.201	0.222	0.196
0031421012	2010	10	30	303	0.152	0.163	0.19	0.224	0.201
0031421012	2010	10	31	304	0.138	0.145	0.182	0.225	0.2
0031421012	2010	11	1	305	0.127	0.138	0.173	0.225	0.201
0031421012	2010	11	2	306	0.12	0.128	0.164	0.226	0.199
0031421012	2010	11	3	307	0.231	-9999	0.231	-9999	0.212
0031421012	2010	11	4	308	0.22	0.234	0.239	-9999	0.231
0031421012	2010	11	5	309	0.174	0.184	0.217	0.245	0.224
0031421012	2010	11	6	310	0.156	0.166	0.206	0.239	0.219
0031421012	2010	11	7	311	0.143	0.151	0.192	0.238	0.222
0031421012	2010	11	8	312	0.136	0.142	0.184	0.234	0.217
0031421012	2010	11	9	313	0.126	0.135	0.177	0.231	0.219
0031421012	2010	11	10	314	0.12	0.131	0.173	0.229	0.215
0031421012	2010	11	11	315	0.116	0.124	0.166	0.229	0.214
0031421012	2010	11	12	316	0.114	0.12	0.162	0.227	0.215
0031421012	2010	11	13	317	0.106	0.114	0.158	0.225	0.211
0031421012	2010	11	14	318	0.103	0.112	0.154	0.225	0.211
0031421012	2010	11	15	319	0.1	0.111	0.155	0.224	0.211
0031421012	2010	11	16	320	-9999	-9999	0.224	0.224	0.207
0031421012	2010	11	17	321	0.193	0.203	0.225	0.247	0.217
0031421012	2010	11	18	322	0.173	0.18	0.209	0.242	0.218
0031421012	2010	11	19	323	0.162	0.168	0.201	0.238	0.218
0031421012	2010	11	20	324	0.148	0.161	0.193	0.236	0.218
0031421012	2010	11	21	325	0.142	0.147	0.185	0.235	0.216
0031421012	2010	11	22	326	0.135	0.141	0.179	0.233	0.216
0031421012	2010	11	23	327	0.201	0.208	0.216	0.234	0.215
0031421012	2010	11	24	328	0.177	0.184	0.208	0.236	0.215
0031421012	2010	11	25	329	0.159	0.166	0.2	0.236	0.217
0031421012	2010	11	26	330	0.152	0.159	0.188	0.234	0.217
0031421012	2010	11	27	331	0.151	0.16	0.186	0.232	0.216
0031421012	2010	11	28	332	0.139	0.15	0.183	0.232	0.214
0031421012	2010	11	29	333	0.13	0.142	0.178	0.228	0.214
0031421012	2010	11	30	334	0.14	0.15	0.171	0.228	0.214
0031421012	2010	12	1	335	0.212	0.222	0.226	0.236	0.213
0031421012	2010	12	2	336	0.183	0.192	0.213	0.238	0.212
0031421012	2010	12	3	337	0.168	0.173	0.204	0.236	0.215
0031421012	2010	12	4	338	0.156	0.162	0.198	0.235	0.215
0031421012	2010	12	5	339	0.149	0.156	0.189	0.234	0.215
0031421012	2010	12	6	340	0.137	0.145	0.182	0.231	0.214
0031421012	2010	12	7	341	0.128	0.14	0.176	0.229	0.213
0031421012	2010	12	8	342	0.124	0.131	0.171	0.227	0.209
0031421012	2010	12	9	343	0.121	0.128	0.168	0.226	0.213
0031421012	2010	12	10	344	0.115	0.124	0.165	0.225	0.21
0031421012	2010	12	11	345	0.113	0.12	0.162	0.224	0.212
0031421012	2010	12	12	346	0.15	0.121	0.159	0.222	0.209
0031421012	2010	12	13	347	0.164	0.17	0.19	0.225	0.209
0031421012	2010	12	14	348	0.149	0.155	0.182	0.222	0.209
0031421012	2010	12	15	349	0.141	0.148	0.179	0.221	0.208
0031421012	2010	12	16	350	0.13	0.139	0.171	0.221	-9999
0031421012	2010	12	17	351	0.129	0.134	0.169	0.223	0.207
0031421012	2010	12	18	352	0.184	0.18	0.173	0.222	0.185
0031421012	2010	12	19	353	0.166	0.17	0.19	0.221	0.185
0031421012	2010	12	20	354	0.149	0.158	0.184	0.223	0.185
0031421012	2010	12	21	355	0.137	0.149	0.182	0.223	0.185
0031421012	2010	12	22	356	0.132	0.144	0.176	0.223	0.186
0031421012	2010	12	23	357	0.128	0.141	0.175	0.224	0.185
0031421012	2010	12	24	358	0.119	0.129	0.171	0.222	0.186
0031421012	2010	12	25	359	0.112	0.128	0.166	0.22	0.183
0031421012	2010	12	26	360	0.179	0.187	0.197	0.219	0.184
0031421012	2010	12	27	361	0.159	0.171	0.192	0.221	0.186
0031421012	2010	12	28	362	0.148	0.16	0.188	0.22	0.183
0031421012	2010	12	29	363	0.14	0.152	0.184	0.22	0.185
0031421012	2010	12	30	364	0.134	0.146	0.18	0.221	0.186
0031421012	2010	12	31	365	0.156	0.158	0.179	0.221	0.186
0031421012	2011	1	1	1	-9999	-9999	-9999	-9999	-9999
0031421012	2011	1	2	2	-9999	-9999	-9999	-9999	-9999
0031421012	2011	1	3	3	0.169	0.181	0.216	0.241	0.189
0031421012	2011	1	4	4	0.152	0.166	0.206	0.237	0.193
0031421012	2011	1	5	5	0.14	0.157	0.196	0.233	0.19
0031421012	2011	1	6	6	0.212	-9999	0.231	0.252	0.2
0031421012	2011	1	7	7	0.181	0.196	0.219	0.243	0.2
0031421012	2011	1	8	8	0.159	0.173	0.209	0.237	0.199
0031421012	2011	1	9	9	0.144	0.159	0.2	0.236	0.196
0031421012	2011	1	10	10	0.153	0.153	0.191	0.233	0.194
0031421012	2011	1	11	11	0.155	0.164	0.194	0.229	0.195
0031421012	2011	1	12	12	0.143	0.155	0.191	0.229	0.191
0031421012	2011	1	13	13	0.127	0.144	0.183	0.229	0.188
0031421012	2011	1	14	14	0.118	0.138	0.179	0.227	0.19
0031421012	2011	1	15	15	0.116	0.132	0.175	0.225	0.187
0031421012	2011	1	16	16	0.114	0.128	0.171	0.225	0.187
0031421012	2011	1	17	17	0.107	0.122	0.168	0.225	0.187
0031421012	2011	1	18	18	0.105	0.118	0.163	0.223	0.184
0031421012	2011	1	19	19	0.193	0.205	0.182	0.222	0.186
0031421012	2011	1	20	20	0.158	0.173	0.195	0.223	0.185
0031421012	2011	1	21	21	0.146	0.158	0.189	0.224	0.184
0031421012	2011	1	22	22	0.136	0.153	0.186	0.221	0.185
0031421012	2011	1	23	23	0.126	0.143	0.178	0.225	0.185
0031421012	2011	1	24	24	0.115	0.135	0.175	0.223	0.183
0031421012	2011	1	25	25	0.113	0.13	0.17	0.223	0.184
0031421012	2011	1	26	26	0.138	0.139	0.17	0.221	0.181
0031421012	2011	1	27	27	0.12	0.135	0.167	0.22	0.184
0031421012	2011	1	28	28	0.108	0.127	0.166	0.22	0.184
0031421012	2011	1	29	29	0.103	0.12	0.165	0.22	0.183
0031421012	2011	1	30	30	0.102	0.114	0.157	0.221	0.183
0031421012	2011	1	31	31	0.096	0.112	0.157	0.22	0.183
0031421012	2011	2	1	32	0.167	0.175	0.184	0.219	0.183
0031421012	2011	2	2	33	0.211	0.227	0.223	0.218	0.183
0031421012	2011	2	3	34	0.179	0.194	0.212	0.224	0.182
0031421012	2011	2	4	35	0.204	0.212	0.213	0.225	0.184
0031421012	2011	2	5	36	0.22	-9999	-9999	-9999	-9999
0031421012	2011	2	6	37	0.193	0.216	0.227	0.246	0.204
0031421012	2011	2	7	38	0.174	0.19	0.216	0.238	0.2
0031421012	2011	2	8	39	0.16	0.179	0.21	0.237	0.198
0031421012	2011	2	9	40	0.145	0.161	0.2	0.234	0.195
0031421012	2011	2	10	41	0.219	0.239	0.208	0.231	0.194
0031421012	2011	2	11	42	0.191	0.212	0.221	0.234	0.193
0031421012	2011	2	12	43	0.173	0.186	0.215	0.234	0.192
0031421012	2011	2	13	44	0.153	0.173	0.207	0.231	0.194
0031421012	2011	2	14	45	0.138	0.159	0.197	0.23	0.191
0031421012	2011	2	15	46	0.126	0.15	0.19	0.228	0.19
0031421012	2011	2	16	47	0.115	0.138	0.183	0.225	0.189
0031421012	2011	2	17	48	0.11	0.131	0.178	0.229	0.191
0031421012	2011	2	18	49	0.106	0.121	0.172	0.226	0.19
0031421012	2011	2	19	50	0.1	0.118	0.166	0.226	0.188
0031421012	2011	2	20	51	0.093	0.11	0.16	0.224	0.187
0031421012	2011	2	21	52	0.089	0.106	0.155	0.223	0.188
0031421012	2011	2	22	53	0.084	0.1	0.154	0.221	0.184
0031421012	2011	2	23	54	0.082	0.098	0.146	0.221	0.186
0031421012	2011	2	24	55	0.073	0.09	0.145	0.221	0.186
0031421012	2011	2	25	56	0.073	0.094	0.146	0.22	0.185
0031421012	2011	2	26	57	0.09	0.099	0.143	0.219	0.184
0031421012	2011	2	27	58	0.081	0.096	0.141	0.218	0.184
0031421012	2011	2	28	59	0.074	0.09	0.14	0.218	0.183
0031421012	2011	3	1	60	0.149	0.154	0.136	0.217	0.184
0031421012	2011	3	2	61	0.113	0.133	0.136	0.216	0.185
0031421012	2011	3	3	62	0.097	0.115	0.138	0.215	0.185
0031421012	2011	3	4	63	0.089	0.107	0.137	0.217	0.182
0031421012	2011	3	5	64	0.082	0.098	0.139	0.217	0.182
0031421012	2011	3	6	65	0.21	0.23	0.221	0.214	0.183
0031421012	2011	3	7	66	0.176	0.193	0.216	0.22	0.184
0031421012	2011	3	8	67	0.153	0.171	0.205	0.222	0.186
0031421012	2011	3	9	68	0.143	0.16	0.196	0.223	0.188
0031421012	2011	3	10	69	-9999	-9999	-9999	-9999	0.219
0031421012	2011	3	11	70	0.181	0.194	0.223	0.246	0.211
0031421012	2011	3	12	71	0.156	0.17	0.21	0.243	0.207
0031421012	2011	3	13	72	0.136	0.154	0.196	0.24	0.205
0031421012	2011	3	14	73	0.122	0.135	0.185	0.234	0.201
0031421012	2011	3	15	74	0.109	0.124	0.172	0.23	0.201
0031421012	2011	3	16	75	0.092	0.105	0.163	0.231	0.199
0031421012	2011	3	17	76	0.087	0.095	0.157	0.228	0.197
0031421012	2011	3	18	77	0.068	0.088	0.142	0.226	0.198
0031421012	2011	3	19	78	0.058	0.08	0.136	0.222	0.195
0031421012	2011	3	20	79	0.053	0.07	0.128	0.221	0.192
0031421012	2011	3	21	80	0.05	0.064	0.117	0.219	0.194
0031421012	2011	3	22	81	0.045	0.064	0.109	0.214	0.192
0031421012	2011	3	23	82	0.043	0.06	0.103	0.215	0.191
0031421012	2011	3	24	83	0.041	0.06	0.1	0.214	0.19
0031421012	2011	3	25	84	0.037	0.057	0.091	0.208	0.192
0031421012	2011	3	26	85	0.038	0.058	0.09	0.206	0.189
0031421012	2011	3	27	86	0.037	0.06	0.089	0.202	0.189
0031421012	2011	3	28	87	0.041	0.055	0.089	0.2	0.19
0031421012	2011	3	29	88	0.034	0.047	0.085	0.196	0.185
0031421012	2011	3	30	89	0.031	0.055	0.085	0.193	0.189
0031421012	2011	3	31	90	0.145	0.157	0.134	0.195	0.186
0031421012	2011	4	1	91	0.113	0.121	0.124	0.193	0.187
0031421012	2011	4	2	92	0.079	0.092	0.111	0.191	0.184
0031421012	2011	4	3	93	0.061	0.077	0.1	0.191	0.183
0031421012	2011	4	4	94	0.05	0.066	0.094	0.189	0.183
0031421012	2011	4	5	95	0.16	0.144	0.091	0.186	0.183
0031421012	2011	4	6	96	0.081	0.094	0.088	0.185	0.183
0031421012	2011	4	7	97	0.054	0.068	0.088	0.184	0.183
0031421012	2011	4	8	98	0.043	0.061	0.087	0.182	0.182
0031421012	2011	4	9	99	0.04	0.057	0.086	0.177	0.181
0031421012	2011	4	10	100	0.035	0.055	0.083	0.172	0.179
0031421012	2011	4	11	101	0.036	0.049	0.081	0.169	0.179
0031421012	2011	4	12	102	0.033	0.05	0.084	0.166	0.181
0031421012	2011	4	13	103	0.028	0.047	0.081	0.165	0.18
0031421012	2011	4	14	104	0.027	0.049	0.076	0.161	0.178
0031421012	2011	4	15	105	0.028	0.047	0.075	0.162	0.178
0031421012	2011	4	16	106	0.023	0.05	0.075	0.16	0.177
0031421012	2011	4	17	107	0.024	0.046	0.073	0.158	0.173
0031421012	2011	4	18	108	0.028	0.042	0.071	0.156	0.176
0031421012	2011	4	19	109	0.024	0.04	0.07	0.153	0.172
0031421012	2011	4	20	110	0.019	0.044	0.074	0.153	0.174
0031421012	2011	4	21	111	0.025	0.044	0.074	0.154	0.167
0031421012	2011	4	22	112	0.016	0.041	0.072	0.152	0.172
0031421012	2011	4	23	113	0.02	0.04	0.074	0.152	0.167
0031421012	2011	4	24	114	0.013	0.042	0.069	0.153	0.164
0031421012	2011	4	25	115	0.009	0.038	0.069	0.148	0.163
0031421012	2011	4	26	116	0.017	0.034	0.071	0.148	0.16
0031421012	2011	4	27	117	0.013	0.034	0.074	0.149	0.157
0031421012	2011	4	28	118	0.018	0.037	0.074	0.151	0.159
0031421012	2011	4	29	119	0.023	0.034	0.071	0.153	0.154
0031421012	2011	4	30	120	0.018	0.039	0.071	0.151	0.153
0031421012	2011	5	1	121	0.015	0.034	0.071	0.152	0.151
0031421012	2011	5	2	122	0.016	0.04	0.071	0.151	0.155
0031421012	2011	5	3	123	-9999	0.04	0.074	0.153	0.154
0031421012	2011	5	4	124	0.104	0.088	0.071	0.153	0.152
0031421012	2011	5	5	125	0.075	0.081	0.073	0.149	0.155
0031421012	2011	5	6	126	0.067	0.077	0.068	0.151	0.151
0031421012	2011	5	7	127	0.062	0.068	0.074	0.149	0.152
0031421012	2011	5	8	128	0.053	0.065	0.075	0.152	0.152
0031421012	2011	5	9	129	0.049	0.056	0.073	0.152	0.152
0031421012	2011	5	10	130	0.042	0.058	0.074	0.156	0.15
0031421012	2011	5	11	131	0.033	0.052	0.074	0.153	0.152
0031421012	2011	5	12	132	0.035	0.049	0.074	0.154	0.15
0031421012	2011	5	13	133	0.029	0.046	0.074	0.154	0.149
0031421012	2011	5	14	134	0.084	0.052	0.074	0.155	0.154
0031421012	2011	5	15	135	0.069	0.066	0.075	0.154	0.154
0031421012	2011	5	16	136	0.063	0.069	0.073	0.154	0.151
0031421012	2011	5	17	137	0.055	0.058	0.077	0.152	0.151
0031421012	2011	5	18	138	0.055	0.058	0.075	0.152	0.151
0031421012	2011	5	19	139	0.045	0.054	0.079	0.152	0.153
0031421012	2011	5	20	140	0.044	0.058	0.079	0.154	0.151
0031421012	2011	5	21	141	0.035	0.053	0.074	0.155	0.152
0031421012	2011	5	22	142	0.032	0.048	0.076	0.155	0.152
0031421012	2011	5	23	143	0.024	0.052	0.074	0.154	0.151
0031421012	2011	5	24	144	-9999	0.036	-9999	0.159	-9999
0031421012	2011	5	25	145	-9999	0.028	-9999	0.16	-9999
0031421012	2011	5	26	146	-9999	0.03	-9999	0.159	-9999
0031421012	2011	5	27	147	-9999	0.028	-9999	0.157	-9999
0031421012	2011	5	28	148	-9999	0.023	-9999	0.161	-9999
0031421012	2011	5	29	149	-9999	0.022	-9999	0.159	-9999
0031421012	2011	5	30	150	-9999	0.025	-9999	0.16	-9999
0031421012	2011	5	31	151	-9999	0.025	-9999	0.159	-9999
0031421012	2011	6	1	152	-9999	0.019	-9999	0.159	-9999
0031421012	2011	6	2	153	-9999	0.012	-9999	0.16	-9999
0031421012	2011	6	3	154	-9999	0.011	-9999	0.162	-9999
0031421012	2011	6	4	155	-9999	0.014	-9999	0.162	-9999
0031421012	2011	6	5	156	-9999	-9999	-9999	0.161	-9999
0031421012	2011	6	6	157	0.1	0.109	-9999	0.163	-9999
0031421012	2011	6	7	158	0.112	0.12	-9999	0.163	-9999
0031421012	2011	6	8	159	0.047	0.087	-9999	0.163	-9999
0031421012	2011	6	9	160	0.148	0.148	-9999	0.159	-9999
0031421012	2011	6	10	161	0.15	0.159	-9999	0.168	-9999
0031421012	2011	6	11	162	0.08	0.113	-9999	0.186	-9999
0031421012	2011	6	12	163	0.049	0.095	-9999	0.189	-9999
0031421012	2011	6	13	164	0.022	0.087	-9999	0.188	-9999
0031421012	2011	6	14	165	0.004	0.083	-9999	0.191	-9999
0031421012	2011	6	15	166	-9999	0.073	-9999	0.187	-9999
0031421012	2011	6	16	167	-9999	0.067	-9999	0.189	-9999
0031421012	2011	6	17	168	0.123	0.131	-9999	0.186	-9999
0031421012	2011	6	18	169	0.077	0.105	-9999	0.185	-9999
0031421012	2011	6	19	170	0.033	0.088	-9999	0.191	-9999
0031421012	2011	6	20	171	0.002	0.083	-9999	0.19	-9999
0031421012	2011	6	21	172	-9999	0.079	-9999	0.19	-9999
0031421012	2011	6	22	173	0.054	0.071	-9999	0.187	-9999
0031421012	2011	6	23	174	0.072	0.106	-9999	0.189	-9999
0031421012	2011	6	24	175	0.067	0.093	-9999	0.189	-9999
0031421012	2011	6	25	176	0.015	0.089	-9999	0.191	-9999
0031421012	2011	6	26	177	0.087	0.106	-9999	0.191	-9999
0031421012	2011	6	27	178	0.015	0.088	-9999	0.187	-9999
0031421012	2011	6	28	179	-9999	0.085	-9999	0.19	-9999
0031421012	2011	6	29	180	0.16	0.164	-9999	0.191	-9999
0031421012	2011	6	30	181	0.076	0.112	-9999	0.203	-9999
0031421012	2011	7	1	182	0.018	0.095	-9999	0.203	-9999
0031421012	2011	7	2	183	-9999	0.086	-9999	0.201	-9999
0031421012	2011	7	3	184	0.205	0.13	-9999	0.202	-9999
0031421012	2011	7	4	185	0.125	0.098	-9999	0.201	-9999
0031421012	2011	7	5	186	0.099	0.09	-9999	0.201	-9999
0031421012	2011	7	6	187	0.085	0.078	-9999	0.202	-9999
0031421012	2011	7	7	188	0.091	0.079	-9999	0.198	-9999
0031421012	2011	7	8	189	0.077	0.066	-9999	0.198	-9999
0031421012	2011	7	9	190	0.065	0.059	-9999	0.197	-9999
0031421012	2011	7	10	191	0.051	0.046	-9999	0.199	-9999
0031421012	2011	7	11	192	0.041	0.046	-9999	0.193	-9999
0031421012	2011	7	12	193	0.144	0.046	-9999	0.193	-9999
0031421012	2011	7	13	194	0.131	0.074	-9999	0.19	-9999
0031421012	2011	7	14	195	0.078	0.066	-9999	0.191	-9999
0031421012	2011	7	15	196	0.172	0.091	-9999	0.191	-9999
0031421012	2011	7	16	197	0.198	0.138	-9999	0.195	-9999
0031421012	2011	7	17	198	0.227	0.171	-9999	0.238	-9999
0031421012	2011	7	18	199	0.237	0.178	-9999	0.244	-9999
0031421012	2011	7	19	200	0.187	0.134	-9999	0.231	-9999
0031421012	2011	7	20	201	0.143	0.112	-9999	0.225	-9999
0031421012	2011	7	21	202	0.106	0.089	-9999	0.221	-9999
0031421012	2011	7	22	203	0.08	0.071	-9999	0.216	-9999
0031421012	2011	7	23	204	0.075	0.069	-9999	0.215	-9999
0031421012	2011	7	24	205	0.071	0.058	-9999	0.21	-9999
0031421012	2011	7	25	206	0.228	0.183	-9999	0.227	-9999
0031421012	2011	7	26	207	0.183	0.135	-9999	0.227	-9999
0031421012	2011	7	27	208	0.216	0.181	-9999	0.227	-9999
0031421012	2011	7	28	209	0.193	0.145	-9999	0.228	-9999
0031421012	2011	7	29	210	-9999	0.169	-9999	0.239	-9999
0031421012	2011	7	30	211	-9999	0.119	-9999	0.23	-9999
0031421012	2011	7	31	212	-9999	0.097	-9999	0.222	-9999
0031421012	2011	8	1	213	-9999	0.077	-9999	0.219	-9999
0031421012	2011	8	2	214	-9999	0.072	-9999	0.213	-9999
0031421012	2011	8	3	215	-9999	0.069	-9999	0.211	-9999
0031421012	2011	8	4	216	-9999	0.054	-9999	0.207	-9999
0031421012	2011	8	5	217	-9999	0.065	-9999	0.2	-9999
0031421012	2011	8	6	218	-9999	0.076	-9999	0.201	-9999
0031421012	2011	8	7	219	-9999	0.064	-9999	0.198	-9999
0031421012	2011	8	8	220	-9999	0.059	-9999	0.196	-9999
0031421012	2011	8	9	221	-9999	0.057	-9999	0.192	-9999
0031421012	2011	8	10	222	-9999	0.116	-9999	0.187	-9999
0031421012	2011	8	11	223	-9999	0.081	-9999	0.186	-9999
0031421012	2011	8	12	224	-9999	0.069	-9999	0.184	-9999
0031421012	2011	8	13	225	-9999	0.09	-9999	0.184	-9999
0031421012	2011	8	14	226	-9999	0.073	-9999	0.18	-9999
0031421012	2011	8	15	227	-9999	0.065	-9999	0.18	-9999
0031421012	2011	8	16	228	-9999	0.056	-9999	0.176	-9999
0031421012	2011	8	17	229	-9999	0.049	-9999	0.167	-9999
0031421012	2011	8	18	230	-9999	0.044	-9999	0.167	-9999
0031421012	2011	8	19	231	-9999	0.045	-9999	0.163	-9999
0031421012	2011	8	20	232	-9999	0.037	-9999	0.162	-9999
0031421012	2011	8	21	233	-9999	0.04	-9999	0.159	-9999
0031421012	2011	8	22	234	-9999	0.101	-9999	0.161	-9999
0031421012	2011	8	23	235	-9999	0.079	-9999	0.161	-9999
0031421012	2011	8	24	236	-9999	0.072	-9999	0.159	-9999
0031421012	2011	8	25	237	-9999	0.059	-9999	0.159	-9999
0031421012	2011	8	26	238	-9999	0.051	-9999	0.158	-9999
0031421012	2011	8	27	239	-9999	0.051	-9999	0.159	-9999
0031421012	2011	8	28	240	-9999	0.042	-9999	0.158	-9999
0031421012	2011	8	29	241	-9999	0.04	-9999	0.157	-9999
0031421012	2011	8	30	242	-9999	0.042	-9999	0.16	-9999
0031421012	2011	8	31	243	-9999	0.039	-9999	0.159	-9999
0031421012	2011	9	1	244	-9999	0.031	-9999	0.158	-9999
0031421012	2011	9	2	245	-9999	0.042	-9999	0.156	-9999
0031421012	2011	9	3	246	-9999	0.165	-9999	0.159	-9999
0031421012	2011	9	4	247	-9999	0.206	-9999	-9999	-9999
0031421012	2011	9	5	248	-9999	0.188	-9999	0.252	-9999
0031421012	2011	9	6	249	-9999	0.166	-9999	0.246	-9999
0031421012	2011	9	7	250	-9999	0.142	-9999	0.231	-9999
0031421012	2011	9	8	251	-9999	0.127	-9999	0.224	-9999
0031421012	2011	9	9	252	-9999	0.116	-9999	0.219	-9999
0031421012	2011	9	10	253	-9999	0.108	-9999	0.216	-9999
0031421012	2011	9	11	254	-9999	0.103	-9999	0.209	-9999
0031421012	2011	9	12	255	-9999	0.095	-9999	0.206	-9999
0031421012	2011	9	13	256	-9999	0.092	-9999	0.201	-9999
0031421012	2011	9	14	257	-9999	0.086	-9999	0.201	-9999
0031421012	2011	9	15	258	-9999	0.086	-9999	0.199	-9999
0031421012	2011	9	16	259	-9999	0.081	-9999	0.191	-9999
0031421012	2011	9	17	260	-9999	0.078	-9999	0.192	-9999
0031421012	2011	9	18	261	-9999	0.079	-9999	0.191	-9999
0031421012	2011	9	19	262	-9999	0.073	-9999	0.192	-9999
0031421012	2011	9	20	263	-9999	0.072	-9999	0.189	-9999
0031421012	2011	9	21	264	-9999	0.176	-9999	0.19	-9999
0031421012	2011	9	22	265	-9999	0.161	-9999	0.205	-9999
0031421012	2011	9	23	266	-9999	0.153	-9999	0.215	-9999
0031421012	2011	9	24	267	-9999	0.139	-9999	0.214	-9999
0031421012	2011	9	25	268	-9999	0.126	-9999	0.212	-9999
0031421012	2011	9	26	269	-9999	0.115	-9999	0.211	-9999
0031421012	2011	9	27	270	-9999	0.103	-9999	0.207	-9999
0031421012	2011	9	28	271	-9999	0.096	-9999	0.205	-9999
0031421012	2011	9	29	272	-9999	0.159	-9999	0.204	-9999
0031421012	2011	9	30	273	-9999	-9999	-9999	-9999	-9999
0031421012	2011	10	1	274	-9999	0.112	-9999	0.206	-9999
0031421012	2011	10	2	275	-9999	0.1	-9999	0.201	-9999
0031421012	2011	10	3	276	-9999	0.093	-9999	0.201	-9999
0031421012	2011	10	4	277	-9999	0.089	-9999	0.196	-9999
0031421012	2011	10	5	278	-9999	0.087	-9999	0.197	-9999
0031421012	2011	10	6	279	-9999	0.086	-9999	0.195	-9999
0031421012	2011	10	7	280	-9999	0.074	-9999	0.193	-9999
0031421012	2011	10	8	281	-9999	0.075	-9999	0.193	-9999
0031421012	2011	10	9	282	-9999	0.076	-9999	0.19	-9999
0031421012	2011	10	10	283	-9999	0.073	-9999	0.19	-9999
0031421012	2011	10	11	284	-9999	0.066	-9999	0.188	-9999
0031421012	2011	10	12	285	-9999	0.065	-9999	0.188	-9999
0031421012	2011	10	13	286	-9999	0.067	-9999	0.187	-9999
0031421012	2011	10	14	287	-9999	0.069	-9999	0.187	-9999
0031421012	2011	10	15	288	-9999	0.072	-9999	0.186	-9999
0031421012	2011	10	16	289	-9999	0.065	-9999	0.183	-9999
0031421012	2011	10	17	290	-9999	0.068	-9999	0.185	-9999
0031421012	2011	10	18	291	-9999	0.066	-9999	0.183	-9999
0031421012	2011	10	19	292	-9999	0.059	-9999	0.185	-9999
0031421012	2011	10	20	293	-9999	0.06	-9999	0.183	-9999
0031421012	2011	10	21	294	-9999	0.059	-9999	0.184	-9999
0031421012	2011	10	22	295	-9999	0.056	-9999	0.182	-9999
0031421012	2011	10	23	296	-9999	0.051	-9999	0.179	-9999
0031421012	2011	10	24	297	-9999	0.054	-9999	0.179	-9999
0031421012	2011	10	25	298	-9999	0.049	-9999	0.179	-9999
0031421012	2011	10	26	299	-9999	0.048	-9999	0.177	-9999
0031421012	2011	10	27	300	-9999	0.043	-9999	0.177	-9999
0031421012	2011	10	28	301	-9999	0.043	-9999	0.177	-9999
0031421012	2011	10	29	302	-9999	0.044	-9999	0.18	-9999
0031421012	2011	10	30	303	-9999	0.043	-9999	0.179	-9999
0031421012	2011	10	31	304	-9999	0.042	-9999	0.179	-9999
0031421012	2011	11	1	305	-9999	0.046	-9999	0.176	-9999
0031421012	2011	11	2	306	-9999	0.04	-9999	0.177	-9999
0031421012	2011	11	3	307	-9999	0.036	-9999	0.177	-9999
0031421012	2011	11	4	308	-9999	0.039	-9999	0.176	-9999
0031421012	2011	11	5	309	-9999	-9999	-9999	-9999	-9999
0031421012	2011	11	6	310	-9999	-9999	-9999	-9999	-9999
0031421012	2011	11	7	311	-9999	-9999	-9999	-9999	-9999
0031421012	2011	11	8	312	-9999	-9999	-9999	-9999	-9999
0031421012	2011	11	9	313	-9999	-9999	-9999	-9999	-9999
0031421012	2011	11	10	314	-9999	-9999	-9999	-9999	-9999
0031421012	2011	11	11	315	-9999	-9999	-9999	-9999	-9999
0031421012	2011	11	12	316	-9999	-9999	-9999	-9999	-9999
0031421012	2011	11	13	317	-9999	-9999	-9999	-9999	-9999
0031421012	2011	11	14	318	-9999	-9999	-9999	-9999	-9999
0031421012	2011	11	15	319	-9999	-9999	-9999	-9999	-9999
0031421012	2011	11	16	320	-9999	-9999	-9999	-9999	-9999
0031421012	2011	11	17	321	-9999	-9999	-9999	-9999	-9999
0031421012	2011	11	18	322	-9999	-9999	-9999	-9999	-9999
0031421012	2011	11	19	323	-9999	-9999	-9999	-9999	-9999
0031421012	2011	11	20	324	-9999	-9999	-9999	-9999	-9999
0031421012	2011	11	21	325	-9999	0.061	-9999	0.174	-9999
0031421012	2011	11	22	326	-9999	0.058	-9999	-9999	-9999
0031421012	2011	11	23	327	-9999	0.107	-9999	-9999	-9999
0031421012	2011	11	24	328	-9999	0.093	-9999	0.173	-9999
0031421012	2011	11	25	329	-9999	0.085	-9999	0.173	-9999
0031421012	2011	11	26	330	-9999	-9999	-9999	-9999	-9999
0031421012	2011	11	27	331	-9999	0.075	-9999	0.174	-9999
0031421012	2011	11	28	332	-9999	0.188	-9999	0.201	-9999
0031421012	2011	11	29	333	-9999	-9999	-9999	-9999	-9999
0031421012	2011	11	30	334	-9999	-9999	-9999	-9999	-9999
0031421012	2011	12	1	335	-9999	-9999	-9999	-9999	-9999
0031421012	2011	12	2	336	-9999	-9999	-9999	0.201	-9999
0031421012	2011	12	3	337	-9999	-9999	-9999	-9999	-9999
0031421012	2011	12	4	338	-9999	0.094	-9999	0.198	-9999
0031421012	2011	12	5	339	-9999	0.093	-9999	0.2	-9999
0031421012	2011	12	6	340	-9999	0.134	-9999	0.197	-9999
0031421012	2011	12	7	341	-9999	0.12	-9999	0.198	-9999
0031421012	2011	12	8	342	-9999	0.115	-9999	0.198	-9999
0031421012	2011	12	9	343	-9999	0.106	-9999	0.197	-9999
0031421012	2011	12	10	344	-9999	-9999	-9999	-9999	-9999
0031421012	2011	12	11	345	-9999	-9999	-9999	-9999	-9999
0031421012	2011	12	12	346	-9999	-9999	-9999	-9999	-9999
0031421012	2011	12	13	347	-9999	-9999	-9999	-9999	-9999
0031421012	2011	12	14	348	-9999	-9999	-9999	-9999	-9999
0031421012	2011	12	15	349	-9999	-9999	-9999	-9999	-9999
0031421012	2011	12	16	350	-9999	-9999	-9999	-9999	-9999
0031421012	2011	12	17	351	-9999	-9999	-9999	-9999	-9999
0031421012	2011	12	18	352	-9999	-9999	-9999	-9999	-9999
0031421012	2011	12	19	353	-9999	-9999	-9999	-9999	-9999
0031421012	2011	12	20	354	-9999	-9999	-9999	-9999	-9999
0031421012	2011	12	21	355	-9999	-9999	-9999	-9999	-9999
0031421012	2011	12	22	356	-9999	-9999	-9999	-9999	-9999
0031421012	2011	12	23	357	-9999	-9999	-9999	-9999	-9999
0031421012	2011	12	24	358	-9999	-9999	-9999	-9999	-9999
0031421012	2011	12	25	359	-9999	-9999	-9999	-9999	-9999
0031421012	2011	12	26	360	-9999	-9999	-9999	-9999	-9999
0031421012	2011	12	27	361	-9999	-9999	-9999	-9999	-9999
0031421012	2011	12	28	362	-9999	-9999	-9999	-9999	-9999
0031421012	2011	12	29	363	-9999	-9999	-9999	-9999	-9999
0031421012	2011	12	30	364	-9999	-9999	-9999	-9999	-9999
0031421012	2011	12	31	365	-9999	-9999	-9999	-9999	-9999
0031421012	2012	1	1	1	-9999	-9999	-9999	-9999	-9999
0031421012	2012	1	2	2	-9999	-9999	-9999	-9999	-9999
0031421012	2012	1	3	3	-9999	-9999	-9999	-9999	-9999
0031421012	2012	1	4	4	-9999	-9999	-9999	-9999	-9999
0031421012	2012	1	5	5	-9999	-9999	-9999	-9999	-9999
0031421012	2012	1	6	6	-9999	-9999	-9999	-9999	-9999
0031421012	2012	1	7	7	-9999	-9999	-9999	-9999	-9999
0031421012	2012	1	8	8	-9999	-9999	-9999	-9999	-9999
0031421012	2012	1	9	9	-9999	-9999	-9999	-9999	-9999
0031421012	2012	1	10	10	-9999	-9999	-9999	-9999	-9999
0031421012	2012	1	11	11	-9999	-9999	-9999	-9999	-9999
0031421012	2012	1	12	12	-9999	-9999	-9999	-9999	-9999
0031421012	2012	1	13	13	-9999	-9999	-9999	-9999	-9999
0031421012	2012	1	14	14	-9999	-9999	-9999	-9999	-9999
0031421012	2012	1	15	15	-9999	-9999	-9999	-9999	-9999
0031421012	2012	1	16	16	-9999	-9999	-9999	-9999	-9999
0031421012	2012	1	17	17	-9999	-9999	-9999	-9999	-9999
0031421012	2012	1	18	18	-9999	-9999	-9999	-9999	-9999
0031421012	2012	1	19	19	-9999	-9999	-9999	-9999	-9999
0031421012	2012	1	20	20	-9999	-9999	-9999	-9999	-9999
0031421012	2012	1	21	21	-9999	-9999	-9999	-9999	-9999
0031421012	2012	1	22	22	-9999	-9999	-9999	-9999	-9999
0031421012	2012	1	23	23	-9999	-9999	-9999	-9999	-9999
0031421012	2012	1	24	24	-9999	-9999	-9999	-9999	-9999
0031421012	2012	1	25	25	-9999	-9999	-9999	-9999	-9999
0031421012	2012	1	26	26	-9999	-9999	-9999	-9999	-9999
0031421012	2012	1	27	27	-9999	-9999	-9999	-9999	-9999
0031421012	2012	1	28	28	-9999	-9999	-9999	-9999	-9999
0031421012	2012	1	29	29	-9999	-9999	-9999	-9999	-9999
0031421012	2012	1	30	30	-9999	-9999	-9999	-9999	-9999
0031421012	2012	1	31	31	-9999	-9999	-9999	-9999	-9999
0031421012	2012	2	1	32	-9999	-9999	-9999	-9999	-9999
0031421012	2012	2	2	33	-9999	-9999	-9999	-9999	-9999
0031421012	2012	2	3	34	-9999	-9999	-9999	-9999	-9999
0031421012	2012	2	4	35	-9999	-9999	-9999	-9999	-9999
0031421012	2012	2	5	36	-9999	-9999	-9999	-9999	-9999
0031421012	2012	2	6	37	-9999	-9999	-9999	-9999	-9999
0031421012	2012	2	7	38	-9999	-9999	-9999	-9999	-9999
0031421012	2012	2	8	39	-9999	-9999	-9999	-9999	-9999
0031421012	2012	2	9	40	-9999	-9999	-9999	-9999	-9999
0031421012	2012	2	10	41	-9999	-9999	-9999	-9999	-9999
0031421012	2012	2	11	42	-9999	-9999	-9999	-9999	-9999
0031421012	2012	2	12	43	-9999	-9999	-9999	-9999	-9999
0031421012	2012	2	13	44	-9999	-9999	-9999	-9999	-9999
0031421012	2012	2	14	45	-9999	-9999	-9999	-9999	-9999
0031421012	2012	2	15	46	-9999	-9999	-9999	-9999	-9999
0031421012	2012	2	16	47	-9999	-9999	-9999	-9999	-9999
0031421012	2012	2	17	48	-9999	-9999	-9999	-9999	-9999
0031421012	2012	2	18	49	-9999	-9999	-9999	-9999	-9999
0031421012	2012	2	19	50	-9999	-9999	-9999	-9999	-9999
0031421012	2012	2	20	51	-9999	-9999	-9999	-9999	-9999
0031421012	2012	2	21	52	-9999	-9999	-9999	-9999	-9999
0031421012	2012	2	22	53	-9999	-9999	-9999	-9999	-9999
0031421012	2012	2	23	54	-9999	-9999	-9999	-9999	-9999
0031421012	2012	2	24	55	-9999	-9999	-9999	-9999	-9999
0031421012	2012	2	25	56	-9999	-9999	-9999	-9999	-9999
0031421012	2012	2	26	57	-9999	-9999	-9999	-9999	-9999
0031421012	2012	2	27	58	-9999	-9999	-9999	-9999	-9999
0031421012	2012	2	28	59	-9999	-9999	-9999	-9999	-9999
0031421012	2012	2	29	60	-9999	-9999	-9999	-9999	-9999
0031421012	2012	3	1	61	-9999	-9999	-9999	-9999	-9999
0031421012	2012	3	2	62	-9999	-9999	-9999	-9999	-9999
0031421012	2012	3	3	63	-9999	-9999	-9999	-9999	-9999
0031421012	2012	3	4	64	-9999	-9999	-9999	-9999	-9999
0031421012	2012	3	5	65	-9999	-9999	-9999	-9999	-9999
0031421012	2012	3	6	66	-9999	-9999	-9999	-9999	-9999
0031421012	2012	3	7	67	-9999	-9999	-9999	-9999	-9999
0031421012	2012	3	8	68	-9999	-9999	-9999	-9999	-9999
0031421012	2012	3	9	69	-9999	-9999	-9999	-9999	-9999
0031421012	2012	3	10	70	-9999	0.136	-9999	0.195	-9999
0031421012	2012	3	11	71	-9999	0.113	-9999	0.196	-9999
0031421012	2012	3	12	72	-9999	0.105	-9999	0.196	-9999
0031421012	2012	3	13	73	-9999	0.184	-9999	0.212	-9999
0031421012	2012	3	14	74	-9999	0.19	-9999	0.235	-9999
0031421012	2012	3	15	75	-9999	-9999	-9999	-9999	-9999
0031421012	2012	3	16	76	-9999	-9999	-9999	-9999	-9999
0031421012	2012	3	17	77	-9999	-9999	-9999	-9999	-9999
0031421012	2012	3	18	78	-9999	-9999	-9999	-9999	-9999
0031421012	2012	3	19	79	-9999	-9999	-9999	-9999	-9999
0031421012	2012	3	20	80	-9999	-9999	-9999	-9999	-9999
0031421012	2012	3	21	81	-9999	-9999	-9999	-9999	-9999
0031421012	2012	3	22	82	-9999	-9999	-9999	-9999	-9999
0031421012	2012	3	23	83	-9999	-9999	-9999	-9999	-9999
0031421012	2012	3	24	84	-9999	-9999	-9999	-9999	-9999
0031421012	2012	3	25	85	-9999	-9999	-9999	-9999	-9999
0031421012	2012	3	26	86	-9999	-9999	-9999	-9999	-9999
0031421012	2012	3	27	87	-9999	-9999	-9999	-9999	-9999
0031421012	2012	3	28	88	-9999	-9999	-9999	-9999	-9999
0031421012	2012	3	29	89	-9999	-9999	-9999	-9999	-9999
0031421012	2012	3	30	90	-9999	-9999	-9999	-9999	-9999
0031421012	2012	3	31	91	-9999	-9999	-9999	-9999	-9999
0031421012	2012	4	1	92	-9999	-9999	-9999	-9999	-9999
0031421012	2012	4	2	93	-9999	-9999	-9999	-9999	-9999
0031421012	2012	4	3	94	-9999	-9999	-9999	-9999	-9999
0031421012	2012	4	4	95	-9999	-9999	-9999	-9999	-9999
0031421012	2012	4	5	96	-9999	-9999	-9999	-9999	-9999
0031421012	2012	4	6	97	-9999	-9999	-9999	-9999	-9999
0031421012	2012	4	7	98	-9999	-9999	-9999	-9999	-9999
0031421012	2012	4	8	99	-9999	-9999	-9999	-9999	-9999
0031421012	2012	4	9	100	-9999	-9999	-9999	-9999	-9999
0031421012	2012	4	10	101	-9999	-9999	-9999	-9999	-9999
0031421012	2012	4	11	102	-9999	-9999	-9999	-9999	-9999
0031421012	2012	4	12	103	-9999	-9999	-9999	-9999	-9999
0031421012	2012	4	13	104	-9999	-9999	-9999	-9999	-9999
0031421012	2012	4	14	105	-9999	-9999	-9999	-9999	-9999
0031421012	2012	4	15	106	-9999	-9999	-9999	-9999	-9999
0031421012	2012	4	16	107	-9999	-9999	-9999	-9999	-9999
0031421012	2012	4	17	108	-9999	-9999	-9999	-9999	-9999
0031421012	2012	4	18	109	-9999	0.187	-9999	0.161	-9999
0031421012	2012	4	19	110	-9999	0.149	-9999	0.164	-9999
0031421012	2012	4	20	111	-9999	-9999	-9999	-9999	-9999
0031421012	2012	4	21	112	-9999	-9999	-9999	-9999	-9999
0031421012	2012	4	22	113	-9999	-9999	-9999	-9999	-9999
0031421012	2012	4	23	114	-9999	-9999	-9999	-9999	-9999
0031421012	2012	4	24	115	-9999	-9999	-9999	-9999	-9999
0031421012	2012	4	25	116	-9999	-9999	-9999	-9999	-9999
0031421012	2012	4	26	117	-9999	-9999	-9999	-9999	-9999
0031421012	2012	4	27	118	-9999	-9999	-9999	-9999	-9999
0031421012	2012	4	28	119	-9999	-9999	-9999	-9999	-9999
0031421012	2012	4	29	120	-9999	-9999	-9999	-9999	-9999
0031421012	2012	4	30	121	-9999	-9999	-9999	-9999	-9999
0031421012	2012	5	1	122	-9999	-9999	-9999	-9999	-9999
0031421012	2012	5	2	123	-9999	-9999	-9999	-9999	-9999
0031421012	2012	5	3	124	-9999	-9999	-9999	0.173	-9999
0031421012	2012	5	4	125	-9999	0.167	-9999	0.225	-9999
0031421012	2012	5	5	126	-9999	-9999	-9999	-9999	-9999
0031421012	2012	5	6	127	-9999	-9999	-9999	-9999	-9999
0031421012	2012	5	7	128	-9999	0.165	-9999	0.218	-9999
0031421012	2012	5	8	129	-9999	0.138	-9999	0.217	-9999
0031421012	2012	5	9	130	-9999	0.14	-9999	0.217	-9999
0031421012	2012	5	10	131	-9999	0.14	-9999	0.217	-9999
0031421012	2012	5	11	132	-9999	0.121	-9999	0.215	-9999
0031421012	2012	5	12	133	-9999	0.113	-9999	0.213	-9999
0031421012	2012	5	13	134	-9999	0.111	-9999	0.21	-9999
0031421012	2012	5	14	135	-9999	0.104	-9999	0.212	-9999
0031421012	2012	5	15	136	-9999	0.099	-9999	0.212	-9999
0031421012	2012	5	16	137	-9999	0.094	-9999	0.208	-9999
0031421012	2012	5	17	138	-9999	-9999	-9999	0.21	-9999
0031421012	2012	5	18	139	-9999	-9999	-9999	-9999	-9999
0031421012	2012	5	19	140	-9999	-9999	-9999	-9999	-9999
0031421012	2012	5	20	141	-9999	-9999	-9999	-9999	-9999
0031421012	2012	5	21	142	-9999	-9999	-9999	-9999	-9999
0031421012	2012	5	22	143	-9999	-9999	-9999	-9999	-9999
0031421012	2012	5	23	144	-9999	-9999	-9999	-9999	-9999
0031421012	2012	5	24	145	-9999	0.088	-9999	0.2	-9999
0031421012	2012	5	25	146	-9999	-9999	-9999	-9999	-9999
0031421012	2012	5	26	147	-9999	-9999	-9999	-9999	-9999
0031421012	2012	5	27	148	-9999	-9999	-9999	-9999	-9999
0031421012	2012	5	28	149	-9999	-9999	-9999	-9999	-9999
0031421012	2012	5	29	150	-9999	-9999	-9999	-9999	-9999
0031421012	2012	5	30	151	-9999	0.085	-9999	0.197	-9999
0031421012	2012	5	31	152	-9999	-9999	-9999	-9999	-9999
0031421012	2012	6	1	153	-9999	-9999	-9999	-9999	-9999
0031421012	2012	6	2	154	-9999	-9999	-9999	-9999	-9999
0031421012	2012	6	3	155	-9999	-9999	-9999	-9999	-9999
0031421012	2012	6	4	156	-9999	-9999	-9999	-9999	-9999
0031421012	2012	6	5	157	-9999	-9999	-9999	-9999	-9999
0031421012	2012	6	6	158	-9999	-9999	-9999	-9999	-9999
0031421012	2012	6	7	159	-9999	-9999	-9999	-9999	-9999
0031421012	2012	6	8	160	-9999	-9999	-9999	-9999	-9999
0031421012	2012	6	9	161	-9999	-9999	-9999	-9999	-9999
0031421012	2012	6	10	162	-9999	-9999	-9999	-9999	-9999
0031421012	2012	6	11	163	-9999	-9999	-9999	-9999	-9999
0031421012	2012	6	12	164	-9999	-9999	-9999	-9999	-9999
0031421012	2012	6	13	165	-9999	-9999	-9999	-9999	-9999
0031421012	2012	6	14	166	-9999	-9999	-9999	-9999	-9999
0031421012	2012	6	15	167	-9999	-9999	-9999	-9999	-9999
0031421012	2012	6	16	168	-9999	-9999	-9999	-9999	-9999
0031421012	2012	6	17	169	-9999	-9999	-9999	-9999	-9999
0031421012	2012	6	18	170	-9999	-9999	-9999	-9999	-9999
0031421012	2012	6	19	171	-9999	-9999	-9999	-9999	-9999
0031421012	2012	6	20	172	-9999	-9999	-9999	-9999	-9999
0031421012	2012	6	21	173	-9999	-9999	-9999	-9999	-9999
0031421012	2012	6	22	174	-9999	-9999	-9999	-9999	-9999
0031421012	2012	6	23	175	-9999	-9999	-9999	-9999	-9999
0031421012	2012	6	24	176	-9999	-9999	-9999	-9999	-9999
0031421012	2012	6	25	177	-9999	-9999	-9999	-9999	-9999
0031421012	2012	6	26	178	-9999	-9999	-9999	-9999	-9999
0031421012	2012	6	27	179	-9999	-9999	-9999	-9999	-9999
0031421012	2012	6	28	180	-9999	-9999	-9999	-9999	-9999
0031421012	2012	6	29	181	-9999	-9999	-9999	-9999	-9999
0031421012	2012	6	30	182	-9999	-9999	-9999	-9999	-9999
0031421012	2012	7	1	183	-9999	-9999	-9999	-9999	-9999
0031421012	2012	7	2	184	-9999	-9999	-9999	-9999	-9999
0031421012	2012	7	3	185	-9999	-9999	-9999	-9999	-9999
0031421012	2012	7	4	186	-9999	-9999	-9999	-9999	-9999
0031421012	2012	7	5	187	-9999	-9999	-9999	-9999	-9999
0031421012	2012	7	6	188	-9999	-9999	-9999	-9999	-9999
0031421012	2012	7	7	189	-9999	-9999	-9999	-9999	-9999
0031421012	2012	7	8	190	-9999	-9999	-9999	-9999	-9999
0031421012	2012	7	9	191	-9999	-9999	-9999	-9999	-9999
0031421012	2012	7	10	192	-9999	-9999	-9999	-9999	-9999
0031421012	2012	7	11	193	-9999	-9999	-9999	-9999	-9999
0031421012	2012	7	12	194	-9999	-9999	-9999	-9999	-9999
0031421012	2012	7	13	195	-9999	-9999	-9999	-9999	-9999
0031421012	2012	7	14	196	-9999	-9999	-9999	-9999	-9999
0031421012	2012	7	15	197	-9999	-9999	-9999	-9999	-9999
0031421012	2012	7	16	198	-9999	-9999	-9999	-9999	-9999
0031421012	2012	7	17	199	-9999	-9999	-9999	-9999	-9999
0031421012	2012	7	18	200	-9999	-9999	-9999	-9999	-9999
0031421012	2012	7	19	201	-9999	-9999	-9999	-9999	-9999
0031421012	2012	7	20	202	-9999	-9999	-9999	-9999	-9999
0031421012	2012	7	21	203	-9999	-9999	-9999	-9999	-9999
0031421012	2012	7	22	204	-9999	-9999	-9999	-9999	-9999
0031421012	2012	7	23	205	-9999	-9999	-9999	-9999	-9999
0031421012	2012	7	24	206	-9999	-9999	-9999	-9999	-9999
0031421012	2012	7	25	207	-9999	-9999	-9999	-9999	-9999
0031421012	2012	7	26	208	-9999	-9999	-9999	-9999	-9999
0031421012	2012	7	27	209	-9999	-9999	-9999	-9999	-9999
0031421012	2012	7	28	210	-9999	-9999	-9999	-9999	-9999
0031421012	2012	7	29	211	-9999	-9999	-9999	-9999	-9999
0031421012	2012	7	30	212	-9999	-9999	-9999	-9999	-9999
0031421012	2012	7	31	213	-9999	-9999	-9999	-9999	-9999
0031421012	2012	8	1	214	-9999	-9999	-9999	-9999	-9999
0031421012	2012	8	2	215	-9999	-9999	-9999	-9999	-9999
0031421012	2012	8	3	216	-9999	-9999	-9999	-9999	-9999
0031421012	2012	8	4	217	-9999	-9999	-9999	-9999	-9999
0031421012	2012	8	5	218	-9999	-9999	-9999	-9999	-9999
0031421012	2012	8	6	219	-9999	-9999	-9999	-9999	-9999
0031421012	2012	8	7	220	-9999	-9999	-9999	-9999	-9999
0031421012	2012	8	8	221	-9999	-9999	-9999	-9999	-9999
0031421012	2012	8	9	222	-9999	-9999	-9999	-9999	-9999
0031421012	2012	8	10	223	-9999	-9999	-9999	-9999	-9999
0031421012	2012	8	11	224	-9999	-9999	-9999	-9999	-9999
0031421012	2012	8	12	225	-9999	-9999	-9999	-9999	-9999
0031421012	2012	8	13	226	-9999	-9999	-9999	-9999	-9999
0031421012	2012	8	14	227	-9999	-9999	-9999	-9999	-9999
0031421012	2012	8	15	228	-9999	-9999	-9999	-9999	-9999
0031421012	2012	8	16	229	-9999	-9999	-9999	-9999	-9999
0031421012	2012	8	17	230	-9999	-9999	-9999	-9999	-9999
0031421012	2012	8	18	231	-9999	-9999	-9999	-9999	-9999
0031421012	2012	8	19	232	-9999	-9999	-9999	-9999	-9999
0031421012	2012	8	20	233	-9999	-9999	-9999	-9999	-9999
0031421012	2012	8	21	234	-9999	-9999	-9999	-9999	-9999
0031421012	2012	8	22	235	-9999	-9999	-9999	-9999	-9999
0031421012	2012	8	23	236	-9999	-9999	-9999	-9999	-9999
0031421012	2012	8	24	237	-9999	-9999	-9999	-9999	-9999
0031421012	2012	8	25	238	-9999	-9999	-9999	-9999	-9999
0031421012	2012	8	26	239	-9999	-9999	-9999	-9999	-9999
0031421012	2012	8	27	240	-9999	-9999	-9999	-9999	-9999
0031421012	2012	8	28	241	-9999	-9999	-9999	-9999	-9999
0031421012	2012	8	29	242	-9999	-9999	-9999	-9999	-9999
0031421012	2012	8	30	243	-9999	-9999	-9999	-9999	-9999
0031421012	2012	8	31	244	-9999	-9999	-9999	-9999	-9999
0031421012	2012	9	1	245	-9999	-9999	-9999	-9999	-9999
0031421012	2012	9	2	246	-9999	-9999	-9999	-9999	-9999
0031421012	2012	9	3	247	-9999	-9999	-9999	-9999	-9999
0031421012	2012	9	4	248	-9999	-9999	-9999	-9999	-9999
0031421012	2012	9	5	249	-9999	-9999	-9999	-9999	-9999
0031421012	2012	9	6	250	-9999	-9999	-9999	-9999	-9999
0031421012	2012	9	7	251	-9999	-9999	-9999	-9999	-9999
0031421012	2012	9	8	252	-9999	-9999	-9999	-9999	-9999
0031421012	2012	9	9	253	-9999	-9999	-9999	-9999	-9999
0031421012	2012	9	10	254	-9999	-9999	-9999	-9999	-9999
0031421012	2012	9	11	255	-9999	-9999	-9999	-9999	-9999
0031421012	2012	9	12	256	-9999	-9999	-9999	-9999	-9999
0031421012	2012	9	13	257	-9999	-9999	-9999	-9999	-9999
0031421012	2012	9	14	258	-9999	-9999	-9999	-9999	-9999
0031421012	2012	9	15	259	-9999	-9999	-9999	-9999	-9999
0031421012	2012	9	16	260	-9999	-9999	-9999	-9999	-9999
0031421012	2012	9	17	261	-9999	-9999	-9999	-9999	-9999
0031421012	2012	9	18	262	-9999	-9999	-9999	-9999	-9999
0031421012	2012	9	19	263	-9999	-9999	-9999	-9999	-9999
0031421012	2012	9	20	264	-9999	-9999	-9999	-9999	-9999
0031421012	2012	9	21	265	-9999	-9999	-9999	-9999	-9999
0031421012	2012	9	22	266	-9999	-9999	-9999	-9999	-9999
0031421012	2012	9	23	267	-9999	-9999	-9999	-9999	-9999
0031421012	2012	9	24	268	-9999	-9999	-9999	-9999	-9999
0031421012	2012	9	25	269	-9999	-9999	-9999	-9999	-9999
0031421012	2012	9	26	270	-9999	-9999	-9999	-9999	-9999
0031421012	2012	9	27	271	-9999	-9999	-9999	-9999	-9999
0031421012	2012	9	28	272	-9999	-9999	-9999	-9999	-9999
0031421012	2012	9	29	273	-9999	-9999	-9999	-9999	-9999
0031421012	2012	9	30	274	-9999	-9999	-9999	-9999	-9999
0031421012	2012	10	1	275	-9999	-9999	-9999	-9999	-9999
0031421012	2012	10	2	276	-9999	-9999	-9999	-9999	-9999
0031421012	2012	10	3	277	-9999	-9999	-9999	-9999	-9999
0031421012	2012	10	4	278	-9999	-9999	-9999	-9999	-9999
0031421012	2012	10	5	279	-9999	-9999	-9999	-9999	-9999
0031421012	2012	10	6	280	-9999	-9999	-9999	-9999	-9999
0031421012	2012	10	7	281	-9999	-9999	-9999	-9999	-9999
0031421012	2012	10	8	282	-9999	-9999	-9999	-9999	-9999
0031421012	2012	10	9	283	-9999	-9999	-9999	-9999	-9999
0031421012	2012	10	10	284	-9999	-9999	-9999	-9999	-9999
0031421012	2012	10	11	285	-9999	-9999	-9999	-9999	-9999
0031421012	2012	10	12	286	-9999	-9999	-9999	-9999	-9999
0031421012	2012	10	13	287	-9999	-9999	-9999	-9999	-9999
0031421012	2012	10	14	288	-9999	-9999	-9999	-9999	-9999
0031421012	2012	10	15	289	-9999	-9999	-9999	-9999	-9999
0031421012	2012	10	16	290	-9999	-9999	-9999	-9999	-9999
0031421012	2012	10	17	291	-9999	-9999	-9999	-9999	-9999
0031421012	2012	10	18	292	-9999	-9999	-9999	-9999	-9999
0031421012	2012	10	19	293	-9999	-9999	-9999	-9999	-9999
0031421012	2012	10	20	294	-9999	-9999	-9999	-9999	-9999
0031421012	2012	10	21	295	-9999	-9999	-9999	-9999	-9999
0031421012	2012	10	22	296	-9999	-9999	-9999	-9999	-9999
0031421012	2012	10	23	297	-9999	-9999	-9999	-9999	-9999
0031421012	2012	10	24	298	-9999	-9999	-9999	-9999	-9999
0031421012	2012	10	25	299	-9999	-9999	-9999	-9999	-9999
0031421012	2012	10	26	300	-9999	-9999	-9999	-9999	-9999
0031421012	2012	10	27	301	-9999	-9999	-9999	-9999	-9999
0031421012	2012	10	28	302	-9999	-9999	-9999	-9999	-9999
0031421012	2012	10	29	303	-9999	-9999	-9999	-9999	-9999
0031421012	2012	10	30	304	-9999	-9999	-9999	-9999	-9999
0031421012	2012	10	31	305	-9999	-9999	-9999	-9999	-9999
0031421012	2012	11	1	306	-9999	-9999	-9999	-9999	-9999
0031421012	2012	11	2	307	-9999	-9999	-9999	-9999	-9999
0031421012	2012	11	3	308	-9999	-9999	-9999	-9999	-9999
0031421012	2012	11	4	309	-9999	-9999	-9999	-9999	-9999
0031421012	2012	11	5	310	-9999	-9999	-9999	-9999	-9999
0031421012	2012	11	6	311	-9999	-9999	-9999	-9999	-9999
0031421012	2012	11	7	312	-9999	-9999	-9999	-9999	-9999
0031421012	2012	11	8	313	-9999	-9999	-9999	-9999	-9999
0031421012	2012	11	9	314	-9999	-9999	-9999	-9999	-9999
0031421012	2012	11	10	315	-9999	-9999	-9999	-9999	-9999
0031421012	2012	11	11	316	-9999	-9999	-9999	-9999	-9999
0031421012	2012	11	12	317	-9999	-9999	-9999	-9999	-9999
0031421012	2012	11	13	318	-9999	-9999	-9999	-9999	-9999
0031421012	2012	11	14	319	-9999	-9999	-9999	-9999	-9999
0031421012	2012	11	15	320	-9999	-9999	-9999	-9999	-9999
0031421012	2012	11	16	321	-9999	-9999	-9999	-9999	-9999
0031421012	2012	11	17	322	-9999	-9999	-9999	-9999	-9999
0031421012	2012	11	18	323	-9999	-9999	-9999	-9999	-9999
0031421012	2012	11	19	324	-9999	-9999	-9999	-9999	-9999
0031421012	2012	11	20	325	-9999	-9999	-9999	-9999	-9999
0031421012	2012	11	21	326	-9999	-9999	-9999	-9999	-9999
0031421012	2012	11	22	327	-9999	-9999	-9999	-9999	-9999
0031421012	2012	11	23	328	-9999	-9999	-9999	-9999	-9999
0031421012	2012	11	24	329	-9999	-9999	-9999	-9999	-9999
0031421012	2012	11	25	330	-9999	-9999	-9999	-9999	-9999
0031421012	2012	11	26	331	-9999	-9999	-9999	-9999	-9999
0031421012	2012	11	27	332	-9999	-9999	-9999	-9999	-9999
0031421012	2012	11	28	333	-9999	-9999	-9999	-9999	-9999
0031421012	2012	11	29	334	-9999	-9999	-9999	-9999	-9999
0031421012	2012	11	30	335	-9999	-9999	-9999	-9999	-9999
0031421012	2012	12	1	336	-9999	-9999	-9999	-9999	-9999
0031421012	2012	12	2	337	-9999	-9999	-9999	-9999	-9999
0031421012	2012	12	3	338	-9999	-9999	-9999	-9999	-9999
0031421012	2012	12	4	339	-9999	-9999	-9999	-9999	-9999
0031421012	2012	12	5	340	-9999	-9999	-9999	-9999	-9999
0031421012	2012	12	6	341	-9999	-9999	-9999	-9999	-9999
0031421012	2012	12	7	342	-9999	-9999	-9999	-9999	-9999
0031421012	2012	12	8	343	-9999	-9999	-9999	-9999	-9999
0031421012	2012	12	9	344	-9999	-9999	-9999	-9999	-9999
0031421012	2012	12	10	345	-9999	-9999	-9999	-9999	-9999
0031421012	2012	12	11	346	-9999	-9999	-9999	-9999	-9999
0031421012	2012	12	12	347	-9999	-9999	-9999	-9999	-9999
0031421012	2012	12	13	348	-9999	-9999	-9999	-9999	-9999
0031421012	2012	12	14	349	-9999	-9999	-9999	-9999	-9999
0031421012	2012	12	15	350	-9999	-9999	-9999	-9999	-9999
0031421012	2012	12	16	351	-9999	-9999	-9999	-9999	-9999
0031421012	2012	12	17	352	-9999	-9999	-9999	-9999	-9999
0031421012	2012	12	18	353	-9999	-9999	-9999	-9999	-9999
0031421012	2012	12	19	354	-9999	-9999	-9999	-9999	-9999
0031421012	2012	12	20	355	-9999	-9999	-9999	-9999	-9999
0031421012	2012	12	21	356	-9999	-9999	-9999	-9999	-9999
0031421012	2012	12	22	357	-9999	-9999	-9999	-9999	-9999
0031421012	2012	12	23	358	-9999	-9999	-9999	-9999	-9999
0031421012	2012	12	24	359	-9999	-9999	-9999	-9999	-9999
0031421012	2012	12	25	360	-9999	-9999	-9999	-9999	-9999
0031421012	2012	12	26	361	-9999	-9999	-9999	-9999	-9999
0031421012	2012	12	27	362	-9999	-9999	-9999	-9999	-9999
0031421012	2012	12	28	363	-9999	-9999	-9999	-9999	-9999
0031421012	2012	12	29	364	-9999	-9999	-9999	-9999	-9999
0031421012	2012	12	30	365	-9999	-9999	-9999	-9999	-9999
0031421012	2012	12	31	366	-9999	-9999	-9999	-9999	-9999
