stationID	Y	M	D	DOY	depth_5	depth_10
0070670111	2010	1	1	1	-9999	-9999
0070670111	2010	1	2	2	-9999	-9999
0070670111	2010	1	3	3	-9999	-9999
0070670111	2010	1	4	4	-9999	-9999
0070670111	2010	1	5	5	-9999	-9999
0070670111	2010	1	6	6	-9999	-9999
0070670111	2010	1	7	7	-9999	-9999
0070670111	2010	1	8	8	-9999	-9999
0070670111	2010	1	9	9	-9999	-9999
0070670111	2010	1	10	10	-9999	-9999
0070670111	2010	1	11	11	-9999	-9999
0070670111	2010	1	12	12	-9999	-9999
0070670111	2010	1	13	13	-9999	-9999
0070670111	2010	1	14	14	-9999	-9999
0070670111	2010	1	15	15	-9999	-9999
0070670111	2010	1	16	16	-9999	-9999
0070670111	2010	1	17	17	-9999	-9999
0070670111	2010	1	18	18	-9999	-9999
0070670111	2010	1	19	19	-9999	-9999
0070670111	2010	1	20	20	-9999	-9999
0070670111	2010	1	21	21	-9999	-9999
0070670111	2010	1	22	22	-9999	-9999
0070670111	2010	1	23	23	-9999	-9999
0070670111	2010	1	24	24	-9999	-9999
0070670111	2010	1	25	25	-9999	-9999
0070670111	2010	1	26	26	-9999	-9999
0070670111	2010	1	27	27	-9999	-9999
0070670111	2010	1	28	28	-9999	-9999
0070670111	2010	1	29	29	-9999	-9999
0070670111	2010	1	30	30	-9999	-9999
0070670111	2010	1	31	31	-9999	-9999
0070670111	2010	2	1	32	-9999	-9999
0070670111	2010	2	2	33	-9999	-9999
0070670111	2010	2	3	34	-9999	-9999
0070670111	2010	2	4	35	-9999	-9999
0070670111	2010	2	5	36	-9999	-9999
0070670111	2010	2	6	37	-9999	-9999
0070670111	2010	2	7	38	-9999	-9999
0070670111	2010	2	8	39	-9999	-9999
0070670111	2010	2	9	40	-9999	-9999
0070670111	2010	2	10	41	-9999	-9999
0070670111	2010	2	11	42	-9999	-9999
0070670111	2010	2	12	43	-9999	-9999
0070670111	2010	2	13	44	-9999	-9999
0070670111	2010	2	14	45	-9999	-9999
0070670111	2010	2	15	46	-9999	-9999
0070670111	2010	2	16	47	-9999	-9999
0070670111	2010	2	17	48	-9999	-9999
0070670111	2010	2	18	49	-9999	-9999
0070670111	2010	2	19	50	-9999	-9999
0070670111	2010	2	20	51	-9999	-9999
0070670111	2010	2	21	52	-9999	-9999
0070670111	2010	2	22	53	-9999	-9999
0070670111	2010	2	23	54	-9999	-9999
0070670111	2010	2	24	55	-9999	-9999
0070670111	2010	2	25	56	-9999	-9999
0070670111	2010	2	26	57	-9999	-9999
0070670111	2010	2	27	58	-9999	-9999
0070670111	2010	2	28	59	-9999	-9999
0070670111	2010	3	1	60	-9999	-9999
0070670111	2010	3	2	61	-9999	-9999
0070670111	2010	3	3	62	-9999	-9999
0070670111	2010	3	4	63	-9999	-9999
0070670111	2010	3	5	64	-9999	-9999
0070670111	2010	3	6	65	-9999	-9999
0070670111	2010	3	7	66	-9999	-9999
0070670111	2010	3	8	67	-9999	-9999
0070670111	2010	3	9	68	-9999	-9999
0070670111	2010	3	10	69	-9999	-9999
0070670111	2010	3	11	70	-9999	-9999
0070670111	2010	3	12	71	-9999	-9999
0070670111	2010	3	13	72	-9999	-9999
0070670111	2010	3	14	73	-9999	-9999
0070670111	2010	3	15	74	-9999	-9999
0070670111	2010	3	16	75	-9999	-9999
0070670111	2010	3	17	76	-9999	-9999
0070670111	2010	3	18	77	-9999	-9999
0070670111	2010	3	19	78	-9999	-9999
0070670111	2010	3	20	79	-9999	-9999
0070670111	2010	3	21	80	-9999	-9999
0070670111	2010	3	22	81	-9999	-9999
0070670111	2010	3	23	82	-9999	-9999
0070670111	2010	3	24	83	-9999	-9999
0070670111	2010	3	25	84	-9999	-9999
0070670111	2010	3	26	85	-9999	-9999
0070670111	2010	3	27	86	-9999	-9999
0070670111	2010	3	28	87	-9999	-9999
0070670111	2010	3	29	88	-9999	-9999
0070670111	2010	3	30	89	-9999	-9999
0070670111	2010	3	31	90	-9999	-9999
0070670111	2010	4	1	91	-9999	-9999
0070670111	2010	4	2	92	-9999	-9999
0070670111	2010	4	3	93	-9999	-9999
0070670111	2010	4	4	94	-9999	-9999
0070670111	2010	4	5	95	-9999	-9999
0070670111	2010	4	6	96	-9999	-9999
0070670111	2010	4	7	97	-9999	-9999
0070670111	2010	4	8	98	-9999	-9999
0070670111	2010	4	9	99	-9999	-9999
0070670111	2010	4	10	100	-9999	-9999
0070670111	2010	4	11	101	-9999	-9999
0070670111	2010	4	12	102	-9999	-9999
0070670111	2010	4	13	103	-9999	-9999
0070670111	2010	4	14	104	-9999	-9999
0070670111	2010	4	15	105	-9999	-9999
0070670111	2010	4	16	106	-9999	-9999
0070670111	2010	4	17	107	-9999	-9999
0070670111	2010	4	18	108	-9999	-9999
0070670111	2010	4	19	109	-9999	-9999
0070670111	2010	4	20	110	-9999	-9999
0070670111	2010	4	21	111	-9999	-9999
0070670111	2010	4	22	112	-9999	-9999
0070670111	2010	4	23	113	-9999	-9999
0070670111	2010	4	24	114	-9999	-9999
0070670111	2010	4	25	115	-9999	-9999
0070670111	2010	4	26	116	-9999	-9999
0070670111	2010	4	27	117	-9999	-9999
0070670111	2010	4	28	118	-9999	-9999
0070670111	2010	4	29	119	-9999	-9999
0070670111	2010	4	30	120	-9999	-9999
0070670111	2010	5	1	121	-9999	-9999
0070670111	2010	5	2	122	-9999	-9999
0070670111	2010	5	3	123	-9999	-9999
0070670111	2010	5	4	124	-9999	-9999
0070670111	2010	5	5	125	-9999	-9999
0070670111	2010	5	6	126	-9999	-9999
0070670111	2010	5	7	127	-9999	-9999
0070670111	2010	5	8	128	-9999	-9999
0070670111	2010	5	9	129	-9999	-9999
0070670111	2010	5	10	130	-9999	-9999
0070670111	2010	5	11	131	-9999	-9999
0070670111	2010	5	12	132	-9999	-9999
0070670111	2010	5	13	133	-9999	-9999
0070670111	2010	5	14	134	-9999	-9999
0070670111	2010	5	15	135	-9999	-9999
0070670111	2010	5	16	136	-9999	-9999
0070670111	2010	5	17	137	-9999	-9999
0070670111	2010	5	18	138	-9999	-9999
0070670111	2010	5	19	139	-9999	-9999
0070670111	2010	5	20	140	-9999	-9999
0070670111	2010	5	21	141	-9999	-9999
0070670111	2010	5	22	142	-9999	-9999
0070670111	2010	5	23	143	-9999	-9999
0070670111	2010	5	24	144	-9999	-9999
0070670111	2010	5	25	145	-9999	-9999
0070670111	2010	5	26	146	-9999	-9999
0070670111	2010	5	27	147	-9999	-9999
0070670111	2010	5	28	148	-9999	-9999
0070670111	2010	5	29	149	-9999	-9999
0070670111	2010	5	30	150	-9999	-9999
0070670111	2010	5	31	151	-9999	-9999
0070670111	2010	6	1	152	-9999	-9999
0070670111	2010	6	2	153	-9999	-9999
0070670111	2010	6	3	154	-9999	-9999
0070670111	2010	6	4	155	-9999	-9999
0070670111	2010	6	5	156	-9999	-9999
0070670111	2010	6	6	157	-9999	-9999
0070670111	2010	6	7	158	-9999	-9999
0070670111	2010	6	8	159	-9999	-9999
0070670111	2010	6	9	160	-9999	-9999
0070670111	2010	6	10	161	-9999	-9999
0070670111	2010	6	11	162	-9999	-9999
0070670111	2010	6	12	163	-9999	-9999
0070670111	2010	6	13	164	-9999	-9999
0070670111	2010	6	14	165	-9999	-9999
0070670111	2010	6	15	166	-9999	-9999
0070670111	2010	6	16	167	-9999	-9999
0070670111	2010	6	17	168	-9999	-9999
0070670111	2010	6	18	169	-9999	-9999
0070670111	2010	6	19	170	-9999	-9999
0070670111	2010	6	20	171	-9999	-9999
0070670111	2010	6	21	172	-9999	-9999
0070670111	2010	6	22	173	-9999	-9999
0070670111	2010	6	23	174	-9999	-9999
0070670111	2010	6	24	175	-9999	-9999
0070670111	2010	6	25	176	-9999	-9999
0070670111	2010	6	26	177	-9999	-9999
0070670111	2010	6	27	178	-9999	-9999
0070670111	2010	6	28	179	-9999	-9999
0070670111	2010	6	29	180	-9999	-9999
0070670111	2010	6	30	181	-9999	-9999
0070670111	2010	7	1	182	-9999	-9999
0070670111	2010	7	2	183	-9999	-9999
0070670111	2010	7	3	184	-9999	-9999
0070670111	2010	7	4	185	-9999	-9999
0070670111	2010	7	5	186	-9999	-9999
0070670111	2010	7	6	187	-9999	-9999
0070670111	2010	7	7	188	-9999	-9999
0070670111	2010	7	8	189	-9999	-9999
0070670111	2010	7	9	190	-9999	-9999
0070670111	2010	7	10	191	-9999	-9999
0070670111	2010	7	11	192	-9999	-9999
0070670111	2010	7	12	193	-9999	-9999
0070670111	2010	7	13	194	-9999	-9999
0070670111	2010	7	14	195	-9999	-9999
0070670111	2010	7	15	196	-9999	-9999
0070670111	2010	7	16	197	-9999	-9999
0070670111	2010	7	17	198	-9999	-9999
0070670111	2010	7	18	199	-9999	-9999
0070670111	2010	7	19	200	-9999	-9999
0070670111	2010	7	20	201	-9999	-9999
0070670111	2010	7	21	202	-9999	-9999
0070670111	2010	7	22	203	-9999	-9999
0070670111	2010	7	23	204	-9999	-9999
0070670111	2010	7	24	205	-9999	-9999
0070670111	2010	7	25	206	0.10125	0.0785
0070670111	2010	7	26	207	0.10125	0.0785
0070670111	2010	7	27	208	0.10125	0.0785
0070670111	2010	7	28	209	0.10125	0.0785
0070670111	2010	7	29	210	0.10125	0.0785
0070670111	2010	7	30	211	0.10125	0.0785
0070670111	2010	7	31	212	0.10125	0.0785
0070670111	2010	8	1	213	0.10125	0.0785
0070670111	2010	8	2	214	0.10125	0.0785
0070670111	2010	8	3	215	0.10125	0.0785
0070670111	2010	8	4	216	0.1113333333	0.076916667
0070670111	2010	8	5	217	0.1154583333	0.077291667
0070670111	2010	8	6	218	0.1516666667	0.078083333
0070670111	2010	8	7	219	0.1315833333	0.0675
0070670111	2010	8	8	220	0.0905	0.051208333
0070670111	2010	8	9	221	0.1170625	0.050416667
0070670111	2010	8	10	222	0.143625	0.085958333
0070670111	2010	8	11	223	0.11575	0.077833333
0070670111	2010	8	12	224	0.132875	0.070458333
0070670111	2010	8	13	225	0.1265833333	0.059916667
0070670111	2010	8	14	226	0.1192916667	0.047958333
0070670111	2010	8	15	227	0.1131666667	0.068291667
0070670111	2010	8	16	228	0.1015	0.071375
0070670111	2010	8	17	229	0.08879166667	0.069875
0070670111	2010	8	18	230	0.10025	0.06525
0070670111	2010	8	19	231	0.09879166667	0.051708333
0070670111	2010	8	20	232	0.089375	0.055458333
0070670111	2010	8	21	233	0.07854166667	0.043916667
0070670111	2010	8	22	234	0.1107083333	0.049625
0070670111	2010	8	23	235	0.1337916667	0.051833333
0070670111	2010	8	24	236	0.1678333334	0.081625
0070670111	2010	8	25	237	0.201875	0.111416667
0070670111	2010	8	26	238	0.240375	0.167833333
0070670111	2010	8	27	239	0.206125	0.144583333
0070670111	2010	8	28	240	0.1902083333	0.129958333
0070670111	2010	8	29	241	0.1797083333	0.119708333
0070670111	2010	8	30	242	0.1703333333	0.110708333
0070670111	2010	8	31	243	0.158625	0.102791667
0070670111	2010	9	1	244	0.1455833333	0.097166667
0070670111	2010	9	2	245	0.132	0.091625
0070670111	2010	9	3	246	0.118	0.08675
0070670111	2010	9	4	247	0.1317916667	0.083541667
0070670111	2010	9	5	248	0.1502916667	0.079041667
0070670111	2010	9	6	249	0.1434166667	0.07375
0070670111	2010	9	7	250	0.1393333333	0.068208333
0070670111	2010	9	8	251	0.1248333333	0.069833333
0070670111	2010	9	9	252	0.1422083333	0.068541667
0070670111	2010	9	10	253	0.1382916667	0.064041667
0070670111	2010	9	11	254	0.1337083333	0.058125
0070670111	2010	9	12	255	0.1284583333	0.067208333
0070670111	2010	9	13	256	0.1260833333	0.062833333
0070670111	2010	9	14	257	0.1307916667	0.061416667
0070670111	2010	9	15	258	0.128	0.073083333
0070670111	2010	9	16	259	0.1063333333	0.068916667
0070670111	2010	9	17	260	0.175375	0.099916667
0070670111	2010	9	18	261	0.18725	0.107625
0070670111	2010	9	19	262	0.1712916667	0.099541667
0070670111	2010	9	20	263	0.161875	0.093416667
0070670111	2010	9	21	264	0.14725	0.088041667
0070670111	2010	9	22	265	0.133625	0.084
0070670111	2010	9	23	266	0.1204583333	0.079458333
0070670111	2010	9	24	267	0.1113333333	0.076166667
0070670111	2010	9	25	268	0.1409583333	0.071708333
0070670111	2010	9	26	269	0.134625	0.060958333
0070670111	2010	9	27	270	0.1312916667	0.055458333
0070670111	2010	9	28	271	0.1336666667	0.055041667
0070670111	2010	9	29	272	0.1854583333	0.088208333
0070670111	2010	9	30	273	0.1688333333	0.089583333
0070670111	2010	10	1	274	0.1918333333	0.097583333
0070670111	2010	10	2	275	0.2854583333	0.169791667
0070670111	2010	10	3	276	0.228625	0.141833333
0070670111	2010	10	4	277	0.2069583333	0.1295
0070670111	2010	10	5	278	0.1932916667	0.120041667
0070670111	2010	10	6	279	0.2122083333	0.127916667
0070670111	2010	10	7	280	0.2897083333	0.1915
0070670111	2010	10	8	281	0.2515416667	0.171041667
0070670111	2010	10	9	282	0.2260833333	0.153791667
0070670111	2010	10	10	283	0.2077916667	0.140458333
0070670111	2010	10	11	284	0.2029583333	0.131
0070670111	2010	10	12	285	0.196375	0.124583333
0070670111	2010	10	13	286	0.19325	0.118958333
0070670111	2010	10	14	287	0.1901666667	0.114375
0070670111	2010	10	15	288	0.2794583333	0.190833333
0070670111	2010	10	16	289	0.3034583333	0.221708333
0070670111	2010	10	17	290	0.2739166667	0.196958333
0070670111	2010	10	18	291	0.2583333333	0.181666667
0070670111	2010	10	19	292	0.251375	0.170083333
0070670111	2010	10	20	293	0.2434166667	0.162208333
0070670111	2010	10	21	294	0.2391666667	0.156375
0070670111	2010	10	22	295	0.245173913	0.158869565
0070670111	2010	10	23	296	0.2389166667	0.15425
0070670111	2010	10	24	297	0.233875	0.149041667
0070670111	2010	10	25	298	0.2334166667	0.146583333
0070670111	2010	10	26	299	0.233	0.145458333
0070670111	2010	10	27	300	0.2438333333	0.150875
0070670111	2010	10	28	301	0.2807083333	0.186291667
0070670111	2010	10	29	302	0.2632083333	0.175291667
0070670111	2010	10	30	303	0.256375	0.169833333
0070670111	2010	10	31	304	0.248125	0.1625
0070670111	2010	11	1	305	0.2393333333	0.154416667
0070670111	2010	11	2	306	0.233625	0.148208333
0070670111	2010	11	3	307	0.2295833333	0.143458333
0070670111	2010	11	4	308	0.2549166667	0.159291667
0070670111	2010	11	5	309	0.3277916667	0.230375
0070670111	2010	11	6	310	0.303375	0.21175
0070670111	2010	11	7	311	0.2905833333	0.20175
0070670111	2010	11	8	312	0.32275	0.227833333
0070670111	2010	11	9	313	0.3060833333	0.214125
0070670111	2010	11	10	314	0.3043333333	0.212625
0070670111	2010	11	11	315	0.2912916667	0.202083333
0070670111	2010	11	12	316	0.2813333333	0.192416667
0070670111	2010	11	13	317	0.2745416667	0.1855
0070670111	2010	11	14	318	0.267625	0.180333333
0070670111	2010	11	15	319	0.2630833333	0.176958333
0070670111	2010	11	16	320	0.2607083333	0.177791667
0070670111	2010	11	17	321	0.3080416667	0.215958333
0070670111	2010	11	18	322	0.2980416667	0.205625
0070670111	2010	11	19	323	0.2869166667	0.194416667
0070670111	2010	11	20	324	0.2900416667	0.1875
0070670111	2010	11	21	325	0.285125	0.180458333
0070670111	2010	11	22	326	0.2821666667	0.177916667
0070670111	2010	11	23	327	0.284625	0.177125
0070670111	2010	11	24	328	0.2877916667	0.175958333
0070670111	2010	11	25	329	0.280375	0.17
0070670111	2010	11	26	330	0.3104583333	0.192625
0070670111	2010	11	27	331	0.3306666667	0.215
0070670111	2010	11	28	332	0.3126190477	0.199
0070670111	2010	11	29	333	0.2945714286	0.183
0070670111	2010	11	30	334	0.2959166667	0.183041667
0070670111	2010	12	1	335	0.3025416667	0.186666667
0070670111	2010	12	2	336	0.3455416667	0.225208333
0070670111	2010	12	3	337	0.3185416667	0.199875
0070670111	2010	12	4	338	0.3099166667	0.192208333
0070670111	2010	12	5	339	0.3030416667	0.1905
0070670111	2010	12	6	340	0.2979166667	0.1895
0070670111	2010	12	7	341	0.2912083333	0.185458333
0070670111	2010	12	8	342	0.284625	0.180833333
0070670111	2010	12	9	343	0.2850833333	0.175916667
0070670111	2010	12	10	344	0.298	0.167416667
0070670111	2010	12	11	345	0.3182916666	0.163708333
0070670111	2010	12	12	346	0.3385833333	0.183583333
0070670111	2010	12	13	347	0.3385833333	0.203729167
0070670111	2010	12	14	348	0.3385833333	0.223875
0070670111	2010	12	15	349	0.30875	0.207083333
0070670111	2010	12	16	350	0.2819090909	0.190875
0070670111	2010	12	17	351	0.2819090909	0.180875
0070670111	2010	12	18	352	-9999	0.178545455
0070670111	2010	12	19	353	-9999	0.170558442
0070670111	2010	12	20	354	-9999	0.162571429
0070670111	2010	12	21	355	-9999	0.162571429
0070670111	2010	12	22	356	-9999	0.162571429
0070670111	2010	12	23	357	-9999	0.162571429
0070670111	2010	12	24	358	-9999	0.170625
0070670111	2010	12	25	359	-9999	0.164277778
0070670111	2010	12	26	360	-9999	0.145388889
0070670111	2010	12	27	361	-9999	0.1265
0070670111	2010	12	28	362	-9999	0.1265
0070670111	2010	12	29	363	-9999	0.1265
0070670111	2010	12	30	364	-9999	0.1265
0070670111	2010	12	31	365	-9999	0.153
0070670111	2011	1	1	1	-9999	0.144666667
0070670111	2011	1	2	2	-9999	0.18275
0070670111	2011	1	3	3	-9999	0.209625
0070670111	2011	1	4	4	-9999	0.202375
0070670111	2011	1	5	5	0.2937142857	0.192416667
0070670111	2011	1	6	6	0.2937142857	0.18475
0070670111	2011	1	7	7	0.2937142857	0.176875
0070670111	2011	1	8	8	0.2937142857	0.184375
0070670111	2011	1	9	9	0.2937142857	0.187541667
0070670111	2011	1	10	10	0.2937142857	0.184791667
0070670111	2011	1	11	11	0.2937142857	0.198333333
0070670111	2011	1	12	12	0.2937142857	0.201375
0070670111	2011	1	13	13	0.2937142857	0.201791667
0070670111	2011	1	14	14	0.2937142857	0.191791667
0070670111	2011	1	15	15	0.2942083333	0.189291667
0070670111	2011	1	16	16	0.2937916667	0.191333333
0070670111	2011	1	17	17	0.2936666667	0.17475
0070670111	2011	1	18	18	0.2903333333	0.17025
0070670111	2011	1	19	19	0.31325	0.174875
0070670111	2011	1	20	20	0.3221666666	0.197541667
0070670111	2011	1	21	21	0.3310833333	0.195333333
0070670111	2011	1	22	22	0.326875	0.194833333
0070670111	2011	1	23	23	0.3222916667	0.193625
0070670111	2011	1	24	24	0.2848333333	0.191833333
0070670111	2011	1	25	25	0.2816666667	0.189583333
0070670111	2011	1	26	26	0.278875	0.186458333
0070670111	2011	1	27	27	0.27725	0.185416667
0070670111	2011	1	28	28	0.2774583333	0.185291667
0070670111	2011	1	29	29	0.2780833333	0.185916667
0070670111	2011	1	30	30	0.2784166667	0.185833333
0070670111	2011	1	31	31	0.2785833333	0.185958333
0070670111	2011	2	1	32	0.2770833333	0.185208333
0070670111	2011	2	2	33	0.2755416667	0.184291667
0070670111	2011	2	3	34	0.2757083333	0.184166667
0070670111	2011	2	4	35	0.2765833333	0.1845
0070670111	2011	2	5	36	0.277625	0.185791667
0070670111	2011	2	6	37	0.278375	0.186541667
0070670111	2011	2	7	38	0.2801666667	0.187916667
0070670111	2011	2	8	39	0.2837083333	0.190666667
0070670111	2011	2	9	40	0.2873333333	0.193291667
0070670111	2011	2	10	41	0.2885	0.193875
0070670111	2011	2	11	42	0.2854583333	0.191875
0070670111	2011	2	12	43	0.2812083333	0.188583333
0070670111	2011	2	13	44	0.277125	0.185666667
0070670111	2011	2	14	45	0.275625	0.184
0070670111	2011	2	15	46	0.281875	0.189916667
0070670111	2011	2	16	47	0.2853333333	0.204708333
0070670111	2011	2	17	48	0.2857916667	0.209458333
0070670111	2011	2	18	49	0.3054583333	0.22375
0070670111	2011	2	19	50	0.3319166667	0.227041667
0070670111	2011	2	20	51	0.3124583333	0.230333333
0070670111	2011	2	21	52	0.3029166667	0.221958333
0070670111	2011	2	22	53	0.2944583333	0.214333333
0070670111	2011	2	23	54	0.2889583333	0.204916667
0070670111	2011	2	24	55	0.2969583333	0.188
0070670111	2011	2	25	56	0.311875	0.185916667
0070670111	2011	2	26	57	0.313625	0.2155
0070670111	2011	2	27	58	0.299375	0.217916667
0070670111	2011	2	28	59	0.3124166667	0.224916667
0070670111	2011	3	1	60	0.319625	0.231166667
0070670111	2011	3	2	61	0.3066666667	0.220708333
0070670111	2011	3	3	62	0.3018695652	0.215956522
0070670111	2011	3	4	63	0.2931666667	0.210083333
0070670111	2011	3	5	64	0.2922916667	0.206583333
0070670111	2011	3	6	65	0.3141041667	0.25475
0070670111	2011	3	7	66	0.3359166667	0.243639706
0070670111	2011	3	8	67	0.3359166667	0.232529412
0070670111	2011	3	9	68	0.328375	0.240222222
0070670111	2011	3	10	69	0.3208333333	0.2565
0070670111	2011	3	11	70	0.3208333333	0.243666667
0070670111	2011	3	12	71	0.3208333333	0.232125
0070670111	2011	3	13	72	0.3036666667	0.216458333
0070670111	2011	3	14	73	0.2968333333	0.2105
0070670111	2011	3	15	74	0.2857083333	0.202291667
0070670111	2011	3	16	75	0.305125	0.217333333
0070670111	2011	3	17	76	0.314	0.227208333
0070670111	2011	3	18	77	0.295125	0.210416667
0070670111	2011	3	19	78	0.283625	0.200083333
0070670111	2011	3	20	79	0.27825	0.195916667
0070670111	2011	3	21	80	0.2797083333	0.1945
0070670111	2011	3	22	81	0.317375	0.228875
0070670111	2011	3	23	82	0.3076666667	0.224333333
0070670111	2011	3	24	83	0.2945	0.211083333
0070670111	2011	3	25	84	0.2887916667	0.205833333
0070670111	2011	3	26	85	0.2753333333	0.195708333
0070670111	2011	3	27	86	0.2650416667	0.188208333
0070670111	2011	3	28	87	0.2577083333	0.18225
0070670111	2011	3	29	88	0.2536666667	0.177916667
0070670111	2011	3	30	89	0.24975	0.174083333
0070670111	2011	3	31	90	0.2470416667	0.170666667
0070670111	2011	4	1	91	0.260375	0.178833333
0070670111	2011	4	2	92	0.3084166667	0.228041667
0070670111	2011	4	3	93	0.3023333333	0.214208333
0070670111	2011	4	4	94	0.28925	0.200708333
0070670111	2011	4	5	95	0.3109166667	0.225875
0070670111	2011	4	6	96	0.304125	0.222958333
0070670111	2011	4	7	97	0.285	0.210916667
0070670111	2011	4	8	98	0.2745833333	0.202208333
0070670111	2011	4	9	99	0.2652083333	0.193791667
0070670111	2011	4	10	100	0.2567083333	0.185416667
0070670111	2011	4	11	101	0.3121666667	0.225833333
0070670111	2011	4	12	102	0.2974166667	0.217208333
0070670111	2011	4	13	103	0.3149166667	0.2285
0070670111	2011	4	14	104	0.32	0.233083333
0070670111	2011	4	15	105	0.2890416667	0.205583333
0070670111	2011	4	16	106	0.275125	0.190958333
0070670111	2011	4	17	107	0.3319166667	0.233083333
0070670111	2011	4	18	108	0.298	0.209833333
0070670111	2011	4	19	109	0.2838333333	0.196666667
0070670111	2011	4	20	110	0.2849166667	0.195916667
0070670111	2011	4	21	111	0.2799583333	0.192375
0070670111	2011	4	22	112	0.2649166667	0.181958333
0070670111	2011	4	23	113	0.2932083333	0.199458333
0070670111	2011	4	24	114	0.3137916667	0.223166667
0070670111	2011	4	25	115	0.2908333333	0.203791667
0070670111	2011	4	26	116	0.2971666667	0.205833333
0070670111	2011	4	27	117	0.2903333333	0.202458333
0070670111	2011	4	28	118	0.2781666667	0.190916667
0070670111	2011	4	29	119	0.2774166667	0.190291667
0070670111	2011	4	30	120	0.26	0.175666667
0070670111	2011	5	1	121	0.2464583333	0.163333333
0070670111	2011	5	2	122	0.23175	0.150833333
0070670111	2011	5	3	123	0.2202083333	0.140625
0070670111	2011	5	4	124	0.22975	0.139
0070670111	2011	5	5	125	0.3182916667	0.200958333
0070670111	2011	5	6	126	0.2782916667	0.198
0070670111	2011	5	7	127	0.2552916667	0.17525
0070670111	2011	5	8	128	0.249875	0.170708333
0070670111	2011	5	9	129	0.2345416667	0.161333333
0070670111	2011	5	10	130	0.2185833333	0.146916667
0070670111	2011	5	11	131	0.2151666667	0.142291667
0070670111	2011	5	12	132	0.2085833333	0.136291667
0070670111	2011	5	13	133	0.1995416667	0.129416667
0070670111	2011	5	14	134	0.181875	0.122458333
0070670111	2011	5	15	135	0.2213333333	0.138125
0070670111	2011	5	16	136	0.3060416667	0.206583333
0070670111	2011	5	17	137	0.3045	0.211666667
0070670111	2011	5	18	138	0.313125	0.2205
0070670111	2011	5	19	139	0.3199583333	0.223208333
0070670111	2011	5	20	140	0.2924583333	0.203583333
0070670111	2011	5	21	141	0.2832916667	0.196708333
0070670111	2011	5	22	142	0.2766666667	0.185083333
0070670111	2011	5	23	143	0.287875	0.1925
0070670111	2011	5	24	144	0.30725	0.214583333
0070670111	2011	5	25	145	0.2971666667	0.213333333
0070670111	2011	5	26	146	0.271875	0.192333333
0070670111	2011	5	27	147	0.2545217391	0.177130435
0070670111	2011	5	28	148	0.2389166667	0.164375
0070670111	2011	5	29	149	0.2325	0.158625
0070670111	2011	5	30	150	0.2165416667	0.144958333
0070670111	2011	5	31	151	0.2008333333	0.132583333
0070670111	2011	6	1	152	0.198875	0.125041667
0070670111	2011	6	2	153	0.1957916667	0.124916667
0070670111	2011	6	3	154	0.166	0.114708333
0070670111	2011	6	4	155	0.14425	0.104875
0070670111	2011	6	5	156	0.165125	0.095583333
0070670111	2011	6	6	157	0.1535833333	0.085708333
0070670111	2011	6	7	158	0.141875	0.080625
0070670111	2011	6	8	159	0.1197916667	0.089791667
0070670111	2011	6	9	160	0.1257083333	0.067541667
0070670111	2011	6	10	161	0.17025	0.074333333
0070670111	2011	6	11	162	0.1709583333	0.087375
0070670111	2011	6	12	163	0.2589166667	0.149625
0070670111	2011	6	13	164	0.2369583333	0.158208333
0070670111	2011	6	14	165	0.2205416667	0.149041667
0070670111	2011	6	15	166	0.20775	0.141291667
0070670111	2011	6	16	167	0.1864583333	0.128
0070670111	2011	6	17	168	0.1576818182	0.116272727
0070670111	2011	6	18	169	0.1361	0.11095
0070670111	2011	6	19	170	0.1342083333	0.109125
0070670111	2011	6	20	171	0.126625	0.106791667
0070670111	2011	6	21	172	0.131125	0.103333333
0070670111	2011	6	22	173	0.1676956522	0.099869565
0070670111	2011	6	23	174	0.2046666667	0.114291667
0070670111	2011	6	24	175	0.22775	0.145125
0070670111	2011	6	25	176	0.2675833333	0.202583333
0070670111	2011	6	26	177	0.2572916667	0.199958333
0070670111	2011	6	27	178	0.2404583333	0.183125
0070670111	2011	6	28	179	0.2245416667	0.168666667
0070670111	2011	6	29	180	0.2190416667	0.162625
0070670111	2011	6	30	181	0.2091666667	0.155083333
0070670111	2011	7	1	182	0.1992916667	0.149166667
0070670111	2011	7	2	183	0.190125	0.141625
0070670111	2011	7	3	184	0.1775833333	0.1325
0070670111	2011	7	4	185	0.1730416667	0.128416667
0070670111	2011	7	5	186	0.1565	0.12175
0070670111	2011	7	6	187	0.14325	0.113041667
0070670111	2011	7	7	188	0.174	0.104791667
0070670111	2011	7	8	189	0.1642916667	0.098041667
0070670111	2011	7	9	190	0.1575833333	0.0925
0070670111	2011	7	10	191	0.1467083333	0.084625
0070670111	2011	7	11	192	0.137375	0.072833333
0070670111	2011	7	12	193	0.09745833333	0.080708333
0070670111	2011	7	13	194	0.10725	0.065791667
0070670111	2011	7	14	195	0.1584583333	0.106916667
0070670111	2011	7	15	196	0.1379166667	0.098208333
0070670111	2011	7	16	197	0.1254583333	0.08225
0070670111	2011	7	17	198	0.1188333333	0.048708333
0070670111	2011	7	18	199	0.1100833333	0.064375
0070670111	2011	7	19	200	0.1110416667	0.065291667
0070670111	2011	7	20	201	0.1048333333	0.071625
0070670111	2011	7	21	202	0.09883333333	0.066666667
0070670111	2011	7	22	203	0.1246666667	0.061541667
0070670111	2011	7	23	204	0.1505	0.04925
0070670111	2011	7	24	205	0.1589166667	0.051708333
0070670111	2011	7	25	206	0.1542083333	0.048416667
0070670111	2011	7	26	207	0.1262083333	0.045583333
0070670111	2011	7	27	208	0.1117916667	0.044041667
0070670111	2011	7	28	209	0.09891666667	0.041
0070670111	2011	7	29	210	0.085375	0.0385
0070670111	2011	7	30	211	0.1187916667	0.040458333
0070670111	2011	7	31	212	0.1159166667	0.039166667
0070670111	2011	8	1	213	0.1012916667	0.037208333
0070670111	2011	8	2	214	0.08970833333	0.037083333
0070670111	2011	8	3	215	0.08404166667	0.028625
0070670111	2011	8	4	216	0.093	0.024333333
0070670111	2011	8	5	217	0.1405	0.02075
0070670111	2011	8	6	218	0.148375	0.017583333
0070670111	2011	8	7	219	0.1482083333	0.039608696
0070670111	2011	8	8	220	0.125375	0.05225
0070670111	2011	8	9	221	0.1452083333	0.055625
0070670111	2011	8	10	222	0.1626666667	0.085416667
0070670111	2011	8	11	223	0.16775	0.086916667
0070670111	2011	8	12	224	0.1522083333	0.079583333
0070670111	2011	8	13	225	0.134125	0.073666667
0070670111	2011	8	14	226	0.133875	0.06825
0070670111	2011	8	15	227	0.1695416667	0.090416667
0070670111	2011	8	16	228	0.2394166667	0.167583333
0070670111	2011	8	17	229	0.2003333333	0.151
0070670111	2011	8	18	230	0.1658333333	0.133125
0070670111	2011	8	19	231	0.1514166667	0.120125
0070670111	2011	8	20	232	0.1847083333	0.111083333
0070670111	2011	8	21	233	0.1738333333	0.102583333
0070670111	2011	8	22	234	0.178625	0.098708333
0070670111	2011	8	23	235	0.1697916667	0.094083333
0070670111	2011	8	24	236	0.158875	0.0855
0070670111	2011	8	25	237	0.1541666667	0.077291667
0070670111	2011	8	26	238	0.1662916667	0.08425
0070670111	2011	8	27	239	0.157875	0.1065
0070670111	2011	8	28	240	0.237875	0.157166667
0070670111	2011	8	29	241	0.2330833333	0.183
0070670111	2011	8	30	242	0.2033333333	0.163708333
0070670111	2011	8	31	243	0.1787083333	0.146416667
0070670111	2011	9	1	244	0.1567916667	0.132375
0070670111	2011	9	2	245	0.15675	0.122958333
0070670111	2011	9	3	246	0.18425	0.114291667
0070670111	2011	9	4	247	0.1808333333	0.107208333
0070670111	2011	9	5	248	0.1728333333	0.100541667
0070670111	2011	9	6	249	0.157	0.095458333
0070670111	2011	9	7	250	0.2149583333	0.139875
0070670111	2011	9	8	251	0.2915	0.209125
0070670111	2011	9	9	252	0.2637083333	0.195333333
0070670111	2011	9	10	253	0.243375	0.179125
0070670111	2011	9	11	254	0.2242916667	0.16375
0070670111	2011	9	12	255	0.2176666667	0.150458333
0070670111	2011	9	13	256	0.2049583333	0.143
0070670111	2011	9	14	257	0.1815	0.135958333
0070670111	2011	9	15	258	0.1737916667	0.128083333
0070670111	2011	9	16	259	0.191375	0.125458333
0070670111	2011	9	17	260	0.1765833333	0.118833333
0070670111	2011	9	18	261	0.16075	0.112833333
0070670111	2011	9	19	262	0.1693333333	0.107166667
0070670111	2011	9	20	263	0.1810416667	0.102708333
0070670111	2011	9	21	264	0.1487083333	0.102208333
0070670111	2011	9	22	265	0.2137916667	0.106
0070670111	2011	9	23	266	0.2483333333	0.139333333
0070670111	2011	9	24	267	0.308875	0.197583333
0070670111	2011	9	25	268	0.2784166667	0.193666667
0070670111	2011	9	26	269	0.25925	0.178625
0070670111	2011	9	27	270	0.2418333333	0.164333333
0070670111	2011	9	28	271	0.2298333333	0.153041667
0070670111	2011	9	29	272	0.22675	0.148625
0070670111	2011	9	30	273	0.2979166667	0.204291667
0070670111	2011	10	1	274	0.271	0.187916667
0070670111	2011	10	2	275	0.2973333333	0.205291667
0070670111	2011	10	3	276	0.298125	0.219833333
0070670111	2011	10	4	277	0.306625	0.228208333
0070670111	2011	10	5	278	0.2993333333	0.22075
0070670111	2011	10	6	279	0.2790833333	0.203333333
0070670111	2011	10	7	280	0.2717083333	0.191875
0070670111	2011	10	8	281	0.2689166667	0.182833333
0070670111	2011	10	9	282	0.2594583333	0.173416667
0070670111	2011	10	10	283	0.2477083333	0.16375
0070670111	2011	10	11	284	0.2431666667	0.155708333
0070670111	2011	10	12	285	0.2394166667	0.15025
0070670111	2011	10	13	286	0.2771666667	0.174333333
0070670111	2011	10	14	287	0.3176666667	0.220541667
0070670111	2011	10	15	288	0.3135833333	0.228541667
0070670111	2011	10	16	289	0.2881666667	0.207458333
0070670111	2011	10	17	290	0.277125	0.195583333
0070670111	2011	10	18	291	0.2699166667	0.185583333
0070670111	2011	10	19	292	0.2800833333	0.187875
0070670111	2011	10	20	293	0.333875	0.24375
0070670111	2011	10	21	294	0.3060833333	0.2185
0070670111	2011	10	22	295	0.293875	0.20925
0070670111	2011	10	23	296	0.2867083333	0.203791667
0070670111	2011	10	24	297	0.2807083333	0.197958333
0070670111	2011	10	25	298	0.272125	0.194875
0070670111	2011	10	26	299	0.2562916667	0.188125
0070670111	2011	10	27	300	0.29175	0.213
0070670111	2011	10	28	301	0.3132916667	0.2435
0070670111	2011	10	29	302	0.29275	0.223083333
0070670111	2011	10	30	303	0.3045833333	0.225791667
0070670111	2011	10	31	304	0.3123333333	0.233666667
0070670111	2011	11	1	305	0.3143333333	0.233791667
0070670111	2011	11	2	306	0.3131666667	0.231791667
0070670111	2011	11	3	307	0.3047083333	0.225416667
0070670111	2011	11	4	308	0.293375	0.216541667
0070670111	2011	11	5	309	0.2835416667	0.207083333
0070670111	2011	11	6	310	0.2774166667	0.205708333
0070670111	2011	11	7	311	0.2735	0.201958333
0070670111	2011	11	8	312	0.2700416667	0.196958333
0070670111	2011	11	9	313	0.2649166667	0.192333333
0070670111	2011	11	10	314	0.2727916667	0.197833333
0070670111	2011	11	11	315	0.3112916667	0.241416667
0070670111	2011	11	12	316	0.2928333333	0.223375
0070670111	2011	11	13	317	0.2856086957	0.214695652
0070670111	2011	11	14	318	0.2802916667	0.208583333
0070670111	2011	11	15	319	0.27925	0.205833333
0070670111	2011	11	16	320	0.2765833333	0.204083333
0070670111	2011	11	17	321	0.30525	0.227541667
0070670111	2011	11	18	322	0.2917916667	0.218833333
0070670111	2011	11	19	323	0.2888333333	0.211125
0070670111	2011	11	20	324	0.2831666667	0.204416667
0070670111	2011	11	21	325	0.2786666667	0.198666667
0070670111	2011	11	22	326	0.2754583333	0.194458333
0070670111	2011	11	23	327	0.3184166667	0.238625
0070670111	2011	11	24	328	0.30875	0.233833333
0070670111	2011	11	25	329	0.2975833333	0.223666667
0070670111	2011	11	26	330	0.2914166667	0.216041667
0070670111	2011	11	27	331	0.286375	0.209833333
0070670111	2011	11	28	332	0.2850416667	0.203833333
0070670111	2011	11	29	333	0.284125	0.200208333
0070670111	2011	11	30	334	0.312	0.22875
0070670111	2011	12	1	335	0.303625	0.222208333
0070670111	2011	12	2	336	0.2947916667	0.213708333
0070670111	2011	12	3	337	0.2901666667	0.208875
0070670111	2011	12	4	338	0.2850833333	0.203666667
0070670111	2011	12	5	339	0.2838333333	0.202041667
0070670111	2011	12	6	340	0.284875	0.202208333
0070670111	2011	12	7	341	0.3115833333	0.231166667
0070670111	2011	12	8	342	0.3094791666	0.230708333
0070670111	2011	12	9	343	0.307375	0.23025
0070670111	2011	12	10	344	0.2992083333	0.222041667
0070670111	2011	12	11	345	0.2890416667	0.214791667
0070670111	2011	12	12	346	0.284875	0.210333333
0070670111	2011	12	13	347	0.281375	0.206875
0070670111	2011	12	14	348	0.2850416667	0.207541667
0070670111	2011	12	15	349	0.2855833333	0.208041667
0070670111	2011	12	16	350	0.2980833333	0.220875
0070670111	2011	12	17	351	0.290625	0.214958333
0070670111	2011	12	18	352	0.2799166667	0.207166667
0070670111	2011	12	19	353	0.2683846154	0.19475
0070670111	2011	12	20	354	0.266	0.193791667
0070670111	2011	12	21	355	0.274	0.193333333
0070670111	2011	12	22	356	0.3108	0.22325
0070670111	2011	12	23	357	0.3330833333	0.229375
0070670111	2011	12	24	358	0.3075416667	0.2355
0070670111	2011	12	25	359	0.2940416667	0.218041667
0070670111	2011	12	26	360	0.303826087	0.213791667
0070670111	2011	12	27	361	0.2975714286	0.21025
0070670111	2011	12	28	362	0.32825	0.251625
0070670111	2011	12	29	363	0.2956666667	0.229916667
0070670111	2011	12	30	364	0.2972727273	0.214375
0070670111	2011	12	31	365	0.309344697	0.217625
0070670111	2012	1	1	1	0.3214166667	0.229791667
0070670111	2012	1	2	2	0.3214166667	0.2309375
0070670111	2012	1	3	3	0.2984166667	0.232083333
0070670111	2012	1	4	4	0.2967142857	0.214041667
0070670111	2012	1	5	5	0.2967142857	0.202583333
0070670111	2012	1	6	6	-9999	0.198666667
0070670111	2012	1	7	7	-9999	0.197904762
0070670111	2012	1	8	8	-9999	0.199823529
0070670111	2012	1	9	9	-9999	0.200714286
0070670111	2012	1	10	10	-9999	0.1964
0070670111	2012	1	11	11	-9999	0.193333333
0070670111	2012	1	12	12	-9999	0.195
0070670111	2012	1	13	13	-9999	0.2016
0070670111	2012	1	14	14	-9999	0.211857143
0070670111	2012	1	15	15	-9999	0.210083333
0070670111	2012	1	16	16	-9999	0.2031
0070670111	2012	1	17	17	-9999	0.197571429
0070670111	2012	1	18	18	-9999	0.22
0070670111	2012	1	19	19	-9999	0.233631579
0070670111	2012	1	20	20	0.3357916667	0.221
0070670111	2012	1	21	21	0.3357916667	0.2182
0070670111	2012	1	22	22	0.3357916667	0.2141
0070670111	2012	1	23	23	0.3357916667	0.21
0070670111	2012	1	24	24	0.3357916667	0.21
0070670111	2012	1	25	25	0.3357916667	0.231020833
0070670111	2012	1	26	26	0.3357916667	0.252041667
0070670111	2012	1	27	27	0.3357916667	0.245666667
0070670111	2012	1	28	28	0.3357916667	0.239291667
0070670111	2012	1	29	29	0.3357916667	0.239291667
0070670111	2012	1	30	30	0.2704705882	0.218041667
0070670111	2012	1	31	31	0.2455	0.207708333
0070670111	2012	2	1	32	0.2455	0.213875
0070670111	2012	2	2	33	-9999	0.223375
0070670111	2012	2	3	34	-9999	0.2145
0070670111	2012	2	4	35	-9999	0.208125
0070670111	2012	2	5	36	-9999	0.211125
0070670111	2012	2	6	37	-9999	0.2053125
0070670111	2012	2	7	38	-9999	0.1995
0070670111	2012	2	8	39	-9999	0.1995
0070670111	2012	2	9	40	0.224	0.1995
0070670111	2012	2	10	41	0.224	0.1995
0070670111	2012	2	11	42	0.224	0.1995
0070670111	2012	2	12	43	0.224	0.200692308
0070670111	2012	2	13	44	0.224	0.200546154
0070670111	2012	2	14	45	0.224	0.2004
0070670111	2012	2	15	46	0.224	0.2004
0070670111	2012	2	16	47	0.224	0.2004
0070670111	2012	2	17	48	0.224	0.2004
0070670111	2012	2	18	49	0.224	0.2004
0070670111	2012	2	19	50	0.2275333333	0.192708333
0070670111	2012	2	20	51	0.2246470588	0.180291667
0070670111	2012	2	21	52	0.19275	0.18155
0070670111	2012	2	22	53	0.2251111111	0.177625
0070670111	2012	2	23	54	0.2463333333	0.183958333
0070670111	2012	2	24	55	0.2442083333	0.183458333
0070670111	2012	2	25	56	0.3115	0.2021875
0070670111	2012	2	26	57	0.266375	0.220916667
0070670111	2012	2	27	58	0.2617777778	0.20075
0070670111	2012	2	28	59	0.266	0.199291667
0070670111	2012	2	29	60	0.2552083333	0.198875
0070670111	2012	3	1	61	0.2576666667	0.200208333
0070670111	2012	3	2	62	0.245625	0.211041667
0070670111	2012	3	3	63	0.2545416667	0.224958333
0070670111	2012	3	4	64	0.2709166667	0.241791667
0070670111	2012	3	5	65	0.2665714286	0.235857143
0070670111	2012	3	6	66	0.2665714286	0.235857143
0070670111	2012	3	7	67	-9999	-9999
0070670111	2012	3	8	68	-9999	-9999
0070670111	2012	3	9	69	-9999	-9999
0070670111	2012	3	10	70	-9999	-9999
0070670111	2012	3	11	71	-9999	-9999
0070670111	2012	3	12	72	-9999	-9999
0070670111	2012	3	13	73	-9999	-9999
0070670111	2012	3	14	74	-9999	-9999
0070670111	2012	3	15	75	-9999	-9999
0070670111	2012	3	16	76	-9999	-9999
0070670111	2012	3	17	77	-9999	-9999
0070670111	2012	3	18	78	-9999	-9999
0070670111	2012	3	19	79	-9999	-9999
0070670111	2012	3	20	80	-9999	-9999
0070670111	2012	3	21	81	-9999	-9999
0070670111	2012	3	22	82	-9999	-9999
0070670111	2012	3	23	83	-9999	-9999
0070670111	2012	3	24	84	-9999	-9999
0070670111	2012	3	25	85	-9999	-9999
0070670111	2012	3	26	86	-9999	-9999
0070670111	2012	3	27	87	-9999	-9999
0070670111	2012	3	28	88	-9999	-9999
0070670111	2012	3	29	89	-9999	-9999
0070670111	2012	3	30	90	-9999	-9999
0070670111	2012	3	31	91	-9999	-9999
0070670111	2012	4	1	92	-9999	-9999
0070670111	2012	4	2	93	-9999	-9999
0070670111	2012	4	3	94	-9999	-9999
0070670111	2012	4	4	95	-9999	-9999
0070670111	2012	4	5	96	-9999	-9999
0070670111	2012	4	6	97	-9999	-9999
0070670111	2012	4	7	98	-9999	-9999
0070670111	2012	4	8	99	-9999	-9999
0070670111	2012	4	9	100	-9999	-9999
0070670111	2012	4	10	101	-9999	-9999
0070670111	2012	4	11	102	-9999	-9999
0070670111	2012	4	12	103	-9999	-9999
0070670111	2012	4	13	104	-9999	-9999
0070670111	2012	4	14	105	-9999	-9999
0070670111	2012	4	15	106	-9999	-9999
0070670111	2012	4	16	107	-9999	-9999
0070670111	2012	4	17	108	-9999	-9999
0070670111	2012	4	18	109	-9999	-9999
0070670111	2012	4	19	110	-9999	-9999
0070670111	2012	4	20	111	-9999	-9999
0070670111	2012	4	21	112	-9999	-9999
0070670111	2012	4	22	113	-9999	-9999
0070670111	2012	4	23	114	-9999	-9999
0070670111	2012	4	24	115	-9999	-9999
0070670111	2012	4	25	116	-9999	-9999
0070670111	2012	4	26	117	-9999	-9999
0070670111	2012	4	27	118	-9999	-9999
0070670111	2012	4	28	119	-9999	-9999
0070670111	2012	4	29	120	-9999	-9999
0070670111	2012	4	30	121	-9999	-9999
0070670111	2012	5	1	122	-9999	-9999
0070670111	2012	5	2	123	-9999	-9999
0070670111	2012	5	3	124	-9999	-9999
0070670111	2012	5	4	125	-9999	-9999
0070670111	2012	5	5	126	-9999	-9999
0070670111	2012	5	6	127	-9999	-9999
0070670111	2012	5	7	128	-9999	-9999
0070670111	2012	5	8	129	-9999	-9999
0070670111	2012	5	9	130	-9999	-9999
0070670111	2012	5	10	131	-9999	-9999
0070670111	2012	5	11	132	-9999	-9999
0070670111	2012	5	12	133	-9999	-9999
0070670111	2012	5	13	134	-9999	-9999
0070670111	2012	5	14	135	-9999	-9999
0070670111	2012	5	15	136	-9999	-9999
0070670111	2012	5	16	137	-9999	-9999
0070670111	2012	5	17	138	-9999	-9999
0070670111	2012	5	18	139	-9999	-9999
0070670111	2012	5	19	140	-9999	-9999
0070670111	2012	5	20	141	-9999	-9999
0070670111	2012	5	21	142	-9999	-9999
0070670111	2012	5	22	143	-9999	-9999
0070670111	2012	5	23	144	-9999	-9999
0070670111	2012	5	24	145	-9999	-9999
0070670111	2012	5	25	146	-9999	-9999
0070670111	2012	5	26	147	-9999	-9999
0070670111	2012	5	27	148	-9999	-9999
0070670111	2012	5	28	149	-9999	-9999
0070670111	2012	5	29	150	-9999	-9999
0070670111	2012	5	30	151	-9999	-9999
0070670111	2012	5	31	152	-9999	-9999
0070670111	2012	6	1	153	-9999	-9999
0070670111	2012	6	2	154	-9999	-9999
0070670111	2012	6	3	155	-9999	-9999
0070670111	2012	6	4	156	-9999	-9999
0070670111	2012	6	5	157	-9999	-9999
0070670111	2012	6	6	158	-9999	-9999
0070670111	2012	6	7	159	-9999	-9999
0070670111	2012	6	8	160	-9999	-9999
0070670111	2012	6	9	161	-9999	-9999
0070670111	2012	6	10	162	-9999	-9999
0070670111	2012	6	11	163	-9999	-9999
0070670111	2012	6	12	164	-9999	-9999
0070670111	2012	6	13	165	-9999	-9999
0070670111	2012	6	14	166	-9999	-9999
0070670111	2012	6	15	167	-9999	-9999
0070670111	2012	6	16	168	-9999	-9999
0070670111	2012	6	17	169	-9999	-9999
0070670111	2012	6	18	170	-9999	-9999
0070670111	2012	6	19	171	-9999	-9999
0070670111	2012	6	20	172	-9999	-9999
0070670111	2012	6	21	173	-9999	-9999
0070670111	2012	6	22	174	-9999	-9999
0070670111	2012	6	23	175	-9999	-9999
0070670111	2012	6	24	176	-9999	-9999
0070670111	2012	6	25	177	-9999	-9999
0070670111	2012	6	26	178	-9999	-9999
0070670111	2012	6	27	179	-9999	-9999
0070670111	2012	6	28	180	-9999	-9999
0070670111	2012	6	29	181	-9999	-9999
0070670111	2012	6	30	182	-9999	-9999
0070670111	2012	7	1	183	-9999	-9999
0070670111	2012	7	2	184	-9999	-9999
0070670111	2012	7	3	185	-9999	-9999
0070670111	2012	7	4	186	-9999	-9999
0070670111	2012	7	5	187	-9999	-9999
0070670111	2012	7	6	188	-9999	-9999
0070670111	2012	7	7	189	-9999	-9999
0070670111	2012	7	8	190	-9999	-9999
0070670111	2012	7	9	191	-9999	-9999
0070670111	2012	7	10	192	-9999	-9999
0070670111	2012	7	11	193	-9999	-9999
0070670111	2012	7	12	194	-9999	-9999
0070670111	2012	7	13	195	-9999	-9999
0070670111	2012	7	14	196	-9999	-9999
0070670111	2012	7	15	197	-9999	-9999
0070670111	2012	7	16	198	-9999	-9999
0070670111	2012	7	17	199	-9999	-9999
0070670111	2012	7	18	200	-9999	-9999
0070670111	2012	7	19	201	-9999	-9999
0070670111	2012	7	20	202	-9999	-9999
0070670111	2012	7	21	203	-9999	-9999
0070670111	2012	7	22	204	-9999	-9999
0070670111	2012	7	23	205	-9999	-9999
0070670111	2012	7	24	206	-9999	-9999
0070670111	2012	7	25	207	-9999	-9999
0070670111	2012	7	26	208	-9999	-9999
0070670111	2012	7	27	209	-9999	-9999
0070670111	2012	7	28	210	-9999	-9999
0070670111	2012	7	29	211	-9999	-9999
0070670111	2012	7	30	212	-9999	-9999
0070670111	2012	7	31	213	-9999	-9999
0070670111	2012	8	1	214	-9999	-9999
0070670111	2012	8	2	215	-9999	-9999
0070670111	2012	8	3	216	-9999	-9999
0070670111	2012	8	4	217	-9999	-9999
0070670111	2012	8	5	218	-9999	-9999
0070670111	2012	8	6	219	-9999	-9999
0070670111	2012	8	7	220	-9999	-9999
0070670111	2012	8	8	221	-9999	-9999
0070670111	2012	8	9	222	-9999	-9999
0070670111	2012	8	10	223	-9999	-9999
0070670111	2012	8	11	224	-9999	-9999
0070670111	2012	8	12	225	-9999	-9999
0070670111	2012	8	13	226	-9999	-9999
0070670111	2012	8	14	227	-9999	-9999
0070670111	2012	8	15	228	-9999	-9999
0070670111	2012	8	16	229	-9999	-9999
0070670111	2012	8	17	230	-9999	-9999
0070670111	2012	8	18	231	-9999	-9999
0070670111	2012	8	19	232	-9999	-9999
0070670111	2012	8	20	233	-9999	-9999
0070670111	2012	8	21	234	-9999	-9999
0070670111	2012	8	22	235	-9999	-9999
0070670111	2012	8	23	236	-9999	-9999
0070670111	2012	8	24	237	-9999	-9999
0070670111	2012	8	25	238	-9999	-9999
0070670111	2012	8	26	239	-9999	-9999
0070670111	2012	8	27	240	-9999	-9999
0070670111	2012	8	28	241	-9999	-9999
0070670111	2012	8	29	242	-9999	-9999
0070670111	2012	8	30	243	-9999	-9999
0070670111	2012	8	31	244	-9999	-9999
0070670111	2012	9	1	245	-9999	-9999
0070670111	2012	9	2	246	-9999	-9999
0070670111	2012	9	3	247	-9999	-9999
0070670111	2012	9	4	248	-9999	-9999
0070670111	2012	9	5	249	-9999	-9999
0070670111	2012	9	6	250	-9999	-9999
0070670111	2012	9	7	251	-9999	-9999
0070670111	2012	9	8	252	-9999	-9999
0070670111	2012	9	9	253	-9999	-9999
0070670111	2012	9	10	254	-9999	-9999
0070670111	2012	9	11	255	-9999	-9999
0070670111	2012	9	12	256	-9999	-9999
0070670111	2012	9	13	257	-9999	-9999
0070670111	2012	9	14	258	-9999	-9999
0070670111	2012	9	15	259	-9999	-9999
0070670111	2012	9	16	260	-9999	-9999
0070670111	2012	9	17	261	-9999	-9999
0070670111	2012	9	18	262	-9999	-9999
0070670111	2012	9	19	263	-9999	-9999
0070670111	2012	9	20	264	-9999	-9999
0070670111	2012	9	21	265	-9999	-9999
0070670111	2012	9	22	266	-9999	-9999
0070670111	2012	9	23	267	-9999	-9999
0070670111	2012	9	24	268	-9999	-9999
0070670111	2012	9	25	269	-9999	-9999
0070670111	2012	9	26	270	-9999	-9999
0070670111	2012	9	27	271	-9999	-9999
0070670111	2012	9	28	272	-9999	-9999
0070670111	2012	9	29	273	-9999	-9999
0070670111	2012	9	30	274	-9999	-9999
0070670111	2012	10	1	275	-9999	-9999
0070670111	2012	10	2	276	-9999	-9999
0070670111	2012	10	3	277	-9999	-9999
0070670111	2012	10	4	278	-9999	-9999
0070670111	2012	10	5	279	-9999	-9999
0070670111	2012	10	6	280	-9999	-9999
0070670111	2012	10	7	281	-9999	-9999
0070670111	2012	10	8	282	-9999	-9999
0070670111	2012	10	9	283	-9999	-9999
0070670111	2012	10	10	284	-9999	-9999
0070670111	2012	10	11	285	-9999	-9999
0070670111	2012	10	12	286	-9999	-9999
0070670111	2012	10	13	287	-9999	-9999
0070670111	2012	10	14	288	-9999	-9999
0070670111	2012	10	15	289	-9999	-9999
0070670111	2012	10	16	290	-9999	-9999
0070670111	2012	10	17	291	-9999	-9999
0070670111	2012	10	18	292	-9999	-9999
0070670111	2012	10	19	293	-9999	-9999
0070670111	2012	10	20	294	-9999	-9999
0070670111	2012	10	21	295	-9999	-9999
0070670111	2012	10	22	296	-9999	-9999
0070670111	2012	10	23	297	-9999	-9999
0070670111	2012	10	24	298	-9999	-9999
0070670111	2012	10	25	299	-9999	-9999
0070670111	2012	10	26	300	-9999	-9999
0070670111	2012	10	27	301	-9999	-9999
0070670111	2012	10	28	302	-9999	-9999
0070670111	2012	10	29	303	-9999	-9999
0070670111	2012	10	30	304	-9999	-9999
0070670111	2012	10	31	305	-9999	-9999
0070670111	2012	11	1	306	-9999	-9999
0070670111	2012	11	2	307	-9999	-9999
0070670111	2012	11	3	308	-9999	-9999
0070670111	2012	11	4	309	-9999	-9999
0070670111	2012	11	5	310	-9999	-9999
0070670111	2012	11	6	311	-9999	-9999
0070670111	2012	11	7	312	-9999	-9999
0070670111	2012	11	8	313	-9999	-9999
0070670111	2012	11	9	314	-9999	-9999
0070670111	2012	11	10	315	-9999	-9999
0070670111	2012	11	11	316	-9999	-9999
0070670111	2012	11	12	317	-9999	-9999
0070670111	2012	11	13	318	-9999	-9999
0070670111	2012	11	14	319	-9999	-9999
0070670111	2012	11	15	320	-9999	-9999
0070670111	2012	11	16	321	-9999	-9999
0070670111	2012	11	17	322	-9999	-9999
0070670111	2012	11	18	323	-9999	-9999
0070670111	2012	11	19	324	-9999	-9999
0070670111	2012	11	20	325	-9999	-9999
0070670111	2012	11	21	326	-9999	-9999
0070670111	2012	11	22	327	-9999	-9999
0070670111	2012	11	23	328	-9999	-9999
0070670111	2012	11	24	329	-9999	-9999
0070670111	2012	11	25	330	-9999	-9999
0070670111	2012	11	26	331	-9999	-9999
0070670111	2012	11	27	332	-9999	-9999
0070670111	2012	11	28	333	-9999	-9999
0070670111	2012	11	29	334	-9999	-9999
0070670111	2012	11	30	335	-9999	-9999
0070670111	2012	12	1	336	-9999	-9999
0070670111	2012	12	2	337	-9999	-9999
0070670111	2012	12	3	338	-9999	-9999
0070670111	2012	12	4	339	-9999	-9999
0070670111	2012	12	5	340	-9999	-9999
0070670111	2012	12	6	341	-9999	-9999
0070670111	2012	12	7	342	-9999	-9999
0070670111	2012	12	8	343	-9999	-9999
0070670111	2012	12	9	344	-9999	-9999
0070670111	2012	12	10	345	-9999	-9999
0070670111	2012	12	11	346	-9999	-9999
0070670111	2012	12	12	347	-9999	-9999
0070670111	2012	12	13	348	-9999	-9999
0070670111	2012	12	14	349	-9999	-9999
0070670111	2012	12	15	350	-9999	-9999
0070670111	2012	12	16	351	-9999	-9999
0070670111	2012	12	17	352	-9999	-9999
0070670111	2012	12	18	353	-9999	-9999
0070670111	2012	12	19	354	-9999	-9999
0070670111	2012	12	20	355	-9999	-9999
0070670111	2012	12	21	356	-9999	-9999
0070670111	2012	12	22	357	-9999	-9999
0070670111	2012	12	23	358	-9999	-9999
0070670111	2012	12	24	359	-9999	-9999
0070670111	2012	12	25	360	-9999	-9999
0070670111	2012	12	26	361	-9999	-9999
0070670111	2012	12	27	362	-9999	-9999
0070670111	2012	12	28	363	-9999	-9999
0070670111	2012	12	29	364	-9999	-9999
0070670111	2012	12	30	365	-9999	-9999
0070670111	2012	12	31	366	-9999	-9999
