stationID	Y	M	D	DOY	depth_5	depth_10	depth_20	depth_25	depth_30
0070700411	2010	1	1	1	-9999	-9999	-9999	-9999	-9999
0070700411	2010	1	2	2	-9999	-9999	-9999	-9999	-9999
0070700411	2010	1	3	3	-9999	-9999	-9999	-9999	0.246173913
0070700411	2010	1	4	4	-9999	-9999	-9999	-9999	0.246173913
0070700411	2010	1	5	5	-9999	-9999	-9999	-9999	0.246173913
0070700411	2010	1	6	6	-9999	-9999	-9999	-9999	0.246173913
0070700411	2010	1	7	7	-9999	-9999	-9999	-9999	0.246173913
0070700411	2010	1	8	8	-9999	-9999	-9999	-9999	0.246173913
0070700411	2010	1	9	9	-9999	-9999	-9999	-9999	0.246173913
0070700411	2010	1	10	10	-9999	-9999	-9999	-9999	0.246173913
0070700411	2010	1	11	11	-9999	-9999	-9999	-9999	0.246173913
0070700411	2010	1	12	12	-9999	-9999	-9999	-9999	0.246173913
0070700411	2010	1	13	13	-9999	-9999	-9999	-9999	0.245875
0070700411	2010	1	14	14	-9999	-9999	-9999	-9999	0.245458333
0070700411	2010	1	15	15	-9999	-9999	-9999	-9999	0.245083333
0070700411	2010	1	16	16	-9999	-9999	-9999	-9999	0.244666667
0070700411	2010	1	17	17	-9999	-9999	-9999	-9999	0.24475
0070700411	2010	1	18	18	-9999	-9999	-9999	-9999	0.244166667
0070700411	2010	1	19	19	-9999	-9999	-9999	-9999	0.243625
0070700411	2010	1	20	20	-9999	-9999	-9999	-9999	0.243583333
0070700411	2010	1	21	21	-9999	-9999	-9999	-9999	0.243291667
0070700411	2010	1	22	22	-9999	-9999	-9999	-9999	0.24325
0070700411	2010	1	23	23	-9999	-9999	-9999	-9999	0.243708333
0070700411	2010	1	24	24	-9999	-9999	-9999	-9999	0.243833333
0070700411	2010	1	25	25	-9999	-9999	-9999	-9999	0.2435
0070700411	2010	1	26	26	-9999	-9999	-9999	0.28	0.2435
0070700411	2010	1	27	27	-9999	-9999	-9999	0.28	0.24375
0070700411	2010	1	28	28	-9999	-9999	-9999	0.28	0.243625
0070700411	2010	1	29	29	-9999	-9999	-9999	0.28	0.243916667
0070700411	2010	1	30	30	-9999	-9999	-9999	0.28	0.244416667
0070700411	2010	1	31	31	-9999	-9999	-9999	0.28	0.244708333
0070700411	2010	2	1	32	-9999	-9999	-9999	0.28	0.245541667
0070700411	2010	2	2	33	-9999	-9999	0.334	0.28	0.245875
0070700411	2010	2	3	34	-9999	-9999	0.334	0.28	0.246625
0070700411	2010	2	4	35	-9999	-9999	0.334	0.28	0.247458333
0070700411	2010	2	5	36	-9999	-9999	0.334	0.28025	0.247875
0070700411	2010	2	6	37	-9999	-9999	0.334	0.2805	0.248541667
0070700411	2010	2	7	38	-9999	-9999	0.334	0.282142857	0.24875
0070700411	2010	2	8	39	-9999	-9999	0.334	0.282571429	0.248875
0070700411	2010	2	9	40	-9999	-9999	0.334	0.283	0.249625
0070700411	2010	2	10	41	-9999	-9999	0.334	0.28375	0.249875
0070700411	2010	2	11	42	-9999	-9999	0.334	0.284142857	0.250333333
0070700411	2010	2	12	43	-9999	-9999	0.336	0.285125	0.250458333
0070700411	2010	2	13	44	-9999	-9999	0.3346666667	0.285375	0.251
0070700411	2010	2	14	45	-9999	-9999	0.3363076923	0.286411765	0.251583333
0070700411	2010	2	15	46	-9999	-9999	0.3368947368	0.286857143	0.252125
0070700411	2010	2	16	47	-9999	-9999	0.3371363636	0.287304348	0.252291667
0070700411	2010	2	17	48	-9999	-9999	0.3372631579	0.287916667	0.252708333
0070700411	2010	2	18	49	-9999	-9999	0.3375714286	0.288083333	0.253458333
0070700411	2010	2	19	50	-9999	-9999	0.338	0.288625	0.253916667
0070700411	2010	2	20	51	-9999	-9999	0.3382380952	0.288375	0.25375
0070700411	2010	2	21	52	-9999	-9999	0.338375	0.288458333	0.254
0070700411	2010	2	22	53	-9999	-9999	0.338625	0.28875	0.254625
0070700411	2010	2	23	54	-9999	-9999	0.33925	0.289	0.255083333
0070700411	2010	2	24	55	-9999	-9999	0.3391666667	0.2895	0.25475
0070700411	2010	2	25	56	-9999	-9999	0.3389166667	0.289833333	0.255416667
0070700411	2010	2	26	57	-9999	-9999	0.3395	0.289791667	0.256083333
0070700411	2010	2	27	58	-9999	-9999	0.3399166667	0.289708333	0.256416667
0070700411	2010	2	28	59	-9999	-9999	0.3402083333	0.290208333	0.256375
0070700411	2010	3	1	60	-9999	-9999	0.3408333333	0.29075	0.257166667
0070700411	2010	3	2	61	-9999	-9999	0.3415	0.287708333	0.257541667
0070700411	2010	3	3	62	-9999	-9999	0.341625	0.291458333	0.257916667
0070700411	2010	3	4	63	-9999	-9999	0.341625	0.289583333	0.258
0070700411	2010	3	5	64	-9999	-9999	0.341875	0.291166667	0.258625
0070700411	2010	3	6	65	-9999	-9999	0.3432916667	0.291333333	0.258875
0070700411	2010	3	7	66	-9999	-9999	0.3437083333	0.286291667	0.259208333
0070700411	2010	3	8	67	-9999	-9999	0.34425	0.271541667	0.2595
0070700411	2010	3	9	68	-9999	-9999	0.3454583333	0.26425	0.260208333
0070700411	2010	3	10	69	-9999	-9999	0.342875	0.25525	0.260958333
0070700411	2010	3	11	70	-9999	-9999	0.3389166667	0.255208333	0.261583333
0070700411	2010	3	12	71	-9999	0.370263158	0.3364583333	0.255833333	0.262375
0070700411	2010	3	13	72	-9999	0.370263158	0.3377916667	0.255833333	0.262416667
0070700411	2010	3	14	73	-9999	0.370263158	0.3374166667	0.256416667	0.262916667
0070700411	2010	3	15	74	-9999	0.370263158	0.3395416667	0.257166667	0.263458333
0070700411	2010	3	16	75	-9999	0.370263158	0.3382083333	0.257208333	0.264041667
0070700411	2010	3	17	76	-9999	0.370263158	0.3390833333	0.2585	0.264625
0070700411	2010	3	18	77	-9999	0.370263158	0.349625	0.275208333	0.268291667
0070700411	2010	3	19	78	-9999	0.370263158	0.35025	0.278708333	0.272958333
0070700411	2010	3	20	79	0.3583333333	0.370263158	0.348375	0.274333333	0.273583333
0070700411	2010	3	21	80	0.3583333333	0.370263158	0.34825	0.273208333	0.274166667
0070700411	2010	3	22	81	0.3583333333	0.369791667	0.3479166667	0.271833333	0.274625
0070700411	2010	3	23	82	0.3583333333	0.369791667	0.3479166667	0.27225	0.275125
0070700411	2010	3	24	83	0.3583333333	0.369958333	0.34775	0.272041667	0.275625
0070700411	2010	3	25	84	0.3583333333	0.37	0.347375	0.271583333	0.276291667
0070700411	2010	3	26	85	0.3583333333	0.370041667	0.347625	0.27175	0.276916667
0070700411	2010	3	27	86	0.3583333333	0.370083333	0.3475833333	0.272333333	0.277291667
0070700411	2010	3	28	87	0.3583333333	0.370375	0.347875	0.272416667	0.27725
0070700411	2010	3	29	88	0.3583333333	0.372583333	0.3497083333	0.275333333	0.278333333
0070700411	2010	3	30	89	0.3649090909	0.378583333	0.3554166667	0.283416667	0.283958333
0070700411	2010	3	31	90	0.3698888889	0.38525	0.3562083333	0.284458333	0.292541667
0070700411	2010	4	1	91	0.373	0.38775	0.3564583333	0.287625	0.297166667
0070700411	2010	4	2	92	0.366	0.385083333	0.3593333333	0.293333333	0.295375
0070700411	2010	4	3	93	0.3640909091	0.383416667	0.3584583333	0.310458333	0.294458333
0070700411	2010	4	4	94	0.367	0.385583333	0.3610833333	0.313083333	0.2955
0070700411	2010	4	5	95	0.3756666667	0.393291667	0.367125	0.320791667	0.300458333
0070700411	2010	4	6	96	0.3784583333	0.399083333	0.3718333333	0.326875	0.308375
0070700411	2010	4	7	97	0.3750416667	0.396041667	0.371875	0.326333333	0.312458333
0070700411	2010	4	8	98	0.37625	0.39575	0.3737916667	0.329	0.317208333
0070700411	2010	4	9	99	0.3825	0.394458333	0.3808333333	0.341625	0.329791667
0070700411	2010	4	10	100	0.3889130435	0.394083333	0.390375	0.3615	0.329791667
0070700411	2010	4	11	101	0.3956440218	0.407458333	0.390375	0.3615	-9999
0070700411	2010	4	12	102	0.402375	0.418666667	-9999	-9999	-9999
0070700411	2010	4	13	103	0.402375	0.429875	-9999	-9999	-9999
0070700411	2010	4	14	104	0.402375	0.429875	-9999	-9999	-9999
0070700411	2010	4	15	105	0.402375	0.429875	0.4150833333	-9999	-9999
0070700411	2010	4	16	106	0.402375	0.429875	0.4150833333	-9999	-9999
0070700411	2010	4	17	107	0.402375	0.429875	0.4150833333	0.3795	-9999
0070700411	2010	4	18	108	0.402375	0.429875	0.4150833333	0.3795	0.37525
0070700411	2010	4	19	109	0.402375	0.429875	0.4150833333	0.3795	0.37525
0070700411	2010	4	20	110	0.402375	0.429875	0.4150833333	0.3795	0.37525
0070700411	2010	4	21	111	0.3936666667	0.429875	0.4150833333	0.3795	0.37525
0070700411	2010	4	22	112	0.388	0.424833333	0.4150833333	0.3795	0.37525
0070700411	2010	4	23	113	0.3861666667	0.422833333	0.4150833333	0.3795	0.37525
0070700411	2010	4	24	114	0.3829583333	0.420291667	0.4150833333	0.3795	0.37525
0070700411	2010	4	25	115	0.3785	0.415875	0.4115833333	0.3795	0.37525
0070700411	2010	4	26	116	0.37475	0.412416667	0.40825	0.3795	0.37525
0070700411	2010	4	27	117	0.3700416667	0.409375	0.4057083333	0.375375	0.37525
0070700411	2010	4	28	118	0.3675416667	0.406416667	0.4018333333	0.372125	0.371666667
0070700411	2010	4	29	119	0.3656666667	0.403833333	0.396875	0.36875	0.368375
0070700411	2010	4	30	120	0.3640833333	0.401583333	0.3945416667	0.367291667	0.365666667
0070700411	2010	5	1	121	0.36225	0.400416667	0.3935416667	0.365208333	0.363416667
0070700411	2010	5	2	122	0.361875	0.39975	0.3917916667	0.364166667	0.362416667
0070700411	2010	5	3	123	0.365375	0.403208333	0.3939166667	0.367208333	0.364125
0070700411	2010	5	4	124	0.3654166667	0.401333333	0.3935	0.365875	0.362916667
0070700411	2010	5	5	125	0.3631666667	0.398541667	0.39125	0.362541667	0.361458333
0070700411	2010	5	6	126	0.360375	0.3965	0.3902083333	0.361208333	0.359416667
0070700411	2010	5	7	127	0.3586666667	0.394416667	0.3879166667	0.358541667	0.358291667
0070700411	2010	5	8	128	0.357125	0.39275	0.3865	0.356916667	0.356291667
0070700411	2010	5	9	129	0.3565	0.391375	0.385	0.354958333	0.355458333
0070700411	2010	5	10	130	0.3551666667	0.389416667	0.384	0.353916667	0.354166667
0070700411	2010	5	11	131	0.3534166667	0.387	0.3824583333	0.35175	0.35275
0070700411	2010	5	12	132	0.3514166667	0.384791667	0.3807083333	0.349958333	0.350875
0070700411	2010	5	13	133	0.35	0.383333333	0.379	0.347625	0.349458333
0070700411	2010	5	14	134	0.349	0.381916667	0.3775833333	0.346083333	0.348083333
0070700411	2010	5	15	135	0.3590833333	0.391708333	0.3857083333	0.356125	0.353208333
0070700411	2010	5	16	136	0.3554166667	0.389333333	0.3831666667	0.353125	0.351875
0070700411	2010	5	17	137	0.3527083333	0.386458333	0.380125	0.349875	0.34925
0070700411	2010	5	18	138	0.3505	0.383458333	0.3675	0.34675	0.347708333
0070700411	2010	5	19	139	0.3494166667	0.38075	0.3355416667	0.3445	0.345583333
0070700411	2010	5	20	140	0.3481666667	0.377416667	0.3333333333	0.341625	0.343583333
0070700411	2010	5	21	141	0.3438333333	0.373416667	0.3312083333	0.337916667	0.340916667
0070700411	2010	5	22	142	0.3374583333	0.367208333	0.3285416667	0.332875	0.337666667
0070700411	2010	5	23	143	0.3286666667	0.359625	0.3275416667	0.326833333	0.333583333
0070700411	2010	5	24	144	0.3197916667	0.350833333	0.3212083333	0.3205	0.329583333
0070700411	2010	5	25	145	0.314125	0.343291667	0.317625	0.314875	0.325416667
0070700411	2010	5	26	146	0.3048333333	0.336416667	0.3144166667	0.31	0.321708333
0070700411	2010	5	27	147	0.2931666667	0.328375	0.3109583333	0.304958333	0.31825
0070700411	2010	5	28	148	0.28225	0.320541667	0.3084166667	0.300041667	0.315625
0070700411	2010	5	29	149	0.2672083333	0.310791667	0.304625	0.294708333	0.312416667
0070700411	2010	5	30	150	0.2482916667	0.298166667	0.3030833333	0.288875	0.308791667
0070700411	2010	5	31	151	0.2308333333	0.287	0.303875	0.283291667	0.305166667
0070700411	2010	6	1	152	0.2129166667	0.274458333	0.2990416667	0.277958333	0.301916667
0070700411	2010	6	2	153	0.1954583333	0.26075	0.29325	0.272	0.298458333
0070700411	2010	6	3	154	0.1797083333	0.248083333	0.2884166667	0.26625	0.294833333
0070700411	2010	6	4	155	0.1640833333	0.235416667	0.281875	0.260166667	0.291208333
0070700411	2010	6	5	156	0.1485416667	0.220833333	0.2759166667	0.253333333	0.287458333
0070700411	2010	6	6	157	0.1349166667	0.207	0.2670416667	0.24525	0.282833333
0070700411	2010	6	7	158	0.1300833333	0.198333333	0.2662083333	0.239	0.280333333
0070700411	2010	6	8	159	0.125125	0.1905	0.2602083333	0.232625	0.276791667
0070700411	2010	6	9	160	0.120625	0.179916667	0.252	0.223791667	0.272166667
0070700411	2010	6	10	161	0.1147083333	0.168166667	0.2434166667	0.214041667	0.266416667
0070700411	2010	6	11	162	0.108375	0.157583333	0.2345416667	0.200791667	0.26025
0070700411	2010	6	12	163	0.1024583333	0.148083333	0.2252916667	0.18875	0.253125
0070700411	2010	6	13	164	0.096625	0.140041667	0.2164166667	0.177333333	0.245791667
0070700411	2010	6	14	165	0.09204166667	0.133458333	0.2080416667	0.167291667	0.2385
0070700411	2010	6	15	166	0.0885	0.127875	0.1998333333	0.157625	0.231125
0070700411	2010	6	16	167	0.08595833333	0.123458333	0.1909166667	0.148416667	0.223666667
0070700411	2010	6	17	168	0.08225	0.119041667	0.1815416667	0.140208333	0.216
0070700411	2010	6	18	169	0.07866666667	0.114875	0.1730416667	0.13225	0.208375
0070700411	2010	6	19	170	0.07554166667	0.1115	0.1645	0.125958333	0.201958333
0070700411	2010	6	20	171	0.07329166667	0.1085	0.15725	0.120458333	0.194583333
0070700411	2010	6	21	172	0.07133333333	0.105625	0.1506666667	0.116291667	0.188375
0070700411	2010	6	22	173	0.069625	0.103083333	0.1458333333	0.11225	0.182666667
0070700411	2010	6	23	174	0.06804166667	0.100666667	0.141625	0.109	0.176958333
0070700411	2010	6	24	175	0.06741666667	0.099416667	0.1382083333	0.107041667	0.171333333
0070700411	2010	6	25	176	0.09324999998	0.097708333	0.1355416667	0.104208333	0.166166667
0070700411	2010	6	26	177	0.1190833333	0.096125	0.1353333333	0.102666667	0.162875
0070700411	2010	6	27	178	0.1347083333	0.097	0.1349583333	0.102333333	0.160416667
0070700411	2010	6	28	179	0.1515	0.097291667	0.134125	0.10125	0.158583333
0070700411	2010	6	29	180	0.1475416667	0.098166667	0.1337916667	0.101333333	0.158
0070700411	2010	6	30	181	0.132625	0.102083333	0.1350833333	0.10175	0.156375
0070700411	2010	7	1	182	0.1170416667	0.103916667	0.135625	0.102208333	0.15575
0070700411	2010	7	2	183	0.105375	0.1045	0.1355833333	0.102375	0.153791667
0070700411	2010	7	3	184	0.137375	0.136333333	0.1357916667	0.102666667	0.153541667
0070700411	2010	7	4	185	0.1600833333	0.151583333	0.1365	0.103583333	0.154583333
0070700411	2010	7	5	186	0.1392083333	0.144666667	0.1366666667	0.104	0.152791667
0070700411	2010	7	6	187	0.1195	0.136375	0.1365416667	0.103958333	0.151583333
0070700411	2010	7	7	188	0.1054583333	0.127916667	0.136375	0.103583333	0.148666667
0070700411	2010	7	8	189	0.1038333333	0.12175	0.1360416667	0.103083333	0.146166667
0070700411	2010	7	9	190	0.1092916667	0.124541667	0.1365416667	0.1035	0.144625
0070700411	2010	7	10	191	0.1304583333	0.1495	0.1375416667	0.103625	0.144708333
0070700411	2010	7	11	192	0.1249166667	0.139583333	0.1382083333	0.104416667	0.143791667
0070700411	2010	7	12	193	0.116375	0.131583333	0.1381666667	0.104083333	0.14325
0070700411	2010	7	13	194	0.107	0.123958333	0.13775	0.103875	0.141083333
0070700411	2010	7	14	195	0.101875	0.117958333	0.1366666667	0.103416667	0.138833333
0070700411	2010	7	15	196	0.1333333333	0.133583333	0.1370833333	0.1035	0.137708333
0070700411	2010	7	16	197	0.1273333333	0.12875	0.1383333333	0.104083333	0.137333333
0070700411	2010	7	17	198	0.1169583333	0.122708333	0.1375	0.103708333	0.1365
0070700411	2010	7	18	199	0.1105833333	0.127	0.1375833333	0.104208333	0.135708333
0070700411	2010	7	19	200	0.1455416667	0.163041667	0.1371666667	0.144958333	0.142333333
0070700411	2010	7	20	201	0.171625	0.165375	0.153	0.161375	0.155
0070700411	2010	7	21	202	0.1996666667	0.185375	0.1695416667	0.163666667	0.153166667
0070700411	2010	7	22	203	0.1755416667	0.19525	0.1770833333	0.160833333	0.152
0070700411	2010	7	23	204	0.2059166667	0.226083333	0.1835416667	0.163958333	0.150541667
0070700411	2010	7	24	205	0.21075	0.2555	0.1905416667	0.167291667	0.149791667
0070700411	2010	7	25	206	0.1955416667	0.2545	0.1944583333	0.167041667	0.149541667
0070700411	2010	7	26	207	0.205125	0.252791667	0.1987916667	0.166125	0.14925
0070700411	2010	7	27	208	0.215125	0.256875	0.20625	0.167041667	0.149291667
0070700411	2010	7	28	209	0.218125	0.256291667	0.2074166667	0.169583333	0.1495
0070700411	2010	7	29	210	0.2614583333	0.310416667	0.2367916667	0.213416667	0.162208333
0070700411	2010	7	30	211	0.2559583333	0.297	0.2402083333	0.210208333	0.176583333
0070700411	2010	7	31	212	0.282625	0.317833333	0.253625	0.231416667	0.189083333
0070700411	2010	8	1	213	0.2877083333	0.326875	0.2807083333	0.256458333	0.211708333
0070700411	2010	8	2	214	0.2749166667	0.316625	0.299625	0.257458333	0.21625
0070700411	2010	8	3	215	0.2575833333	0.301	0.2924583333	0.247625	0.21475
0070700411	2010	8	4	216	0.25975	0.300208333	0.289625	0.243375	0.214083333
0070700411	2010	8	5	217	0.2540416667	0.292458333	0.2869166667	0.240375	0.213208333
0070700411	2010	8	6	218	0.239125	0.281083333	0.2799166667	0.23325	0.210458333
0070700411	2010	8	7	219	0.228875	0.271833333	0.273375	0.226625	0.207708333
0070700411	2010	8	8	220	0.2091666667	0.25925	0.2651666667	0.217833333	0.203375
0070700411	2010	8	9	221	0.1927083333	0.248041667	0.25725	0.208791667	0.200041667
0070700411	2010	8	10	222	0.1748333333	0.235541667	0.2478333333	0.198166667	0.195875
0070700411	2010	8	11	223	0.1575	0.221125	0.2363333333	0.186125	0.191
0070700411	2010	8	12	224	0.143	0.206291667	0.2242083333	0.173375	0.185583333
0070700411	2010	8	13	225	0.169875	0.221	0.2155	0.167625	0.183458333
0070700411	2010	8	14	226	0.1645	0.206166667	0.2095416667	0.172708333	0.180583333
0070700411	2010	8	15	227	0.1465833333	0.194791667	0.2015	0.166041667	0.176291667
0070700411	2010	8	16	228	0.2017916667	0.2545	0.2141666667	0.180791667	0.175458333
0070700411	2010	8	17	229	0.2139166667	0.2785	0.228125	0.189916667	0.1775
0070700411	2010	8	18	230	0.198	0.270833333	0.226	0.190375	0.1795
0070700411	2010	8	19	231	0.1819583333	0.254875	0.21925	0.187291667	0.178791667
0070700411	2010	8	20	232	0.1659583333	0.2385	0.2112916667	0.179416667	0.176458333
0070700411	2010	8	21	233	0.1469166667	0.215958333	0.200625	0.167291667	0.173166667
0070700411	2010	8	22	234	0.1328333333	0.194791667	0.1902083333	0.154916667	0.169083333
0070700411	2010	8	23	235	0.1235833333	0.1795	0.1814166667	0.144333333	0.165333333
0070700411	2010	8	24	236	0.11775	0.170333333	0.17475	0.13625	0.161833333
0070700411	2010	8	25	237	0.1122083333	0.163083333	0.1680833333	0.129833333	0.158875
0070700411	2010	8	26	238	0.106875	0.156125	0.160125	0.122625	0.153875
0070700411	2010	8	27	239	0.1015	0.150083333	0.1529166667	0.11625	0.149541667
0070700411	2010	8	28	240	0.097125	0.144708333	0.1474583333	0.110833333	0.144875
0070700411	2010	8	29	241	0.1238333333	0.175833333	0.1451666667	0.109333333	0.143125
0070700411	2010	8	30	242	0.15575	0.179291667	0.1449166667	0.108958333	0.142333333
0070700411	2010	8	31	243	0.1572083333	0.173166667	0.144375	0.10775	0.141791667
0070700411	2010	9	1	244	0.1357916667	0.159041667	0.1435416667	0.106875	0.141166667
0070700411	2010	9	2	245	0.116375	0.145208333	0.1416666667	0.10475	0.13975
0070700411	2010	9	3	246	0.1029166667	0.135583333	0.1396666667	0.10275	0.137708333
0070700411	2010	9	4	247	0.09516666667	0.128375	0.136875	0.10075	0.134791667
0070700411	2010	9	5	248	0.09066666667	0.12175	0.1342083333	0.098708333	0.132916667
0070700411	2010	9	6	249	0.08808333333	0.116125	0.132125	0.096416667	0.1305
0070700411	2010	9	7	250	0.0835	0.109666667	0.1297083333	0.094625	0.128416667
0070700411	2010	9	8	251	0.08141666667	0.105875	0.1282083333	0.093333333	0.126
0070700411	2010	9	9	252	0.08070833333	0.10375	0.1274166667	0.09275	0.124708333
0070700411	2010	9	10	253	0.08045833333	0.101791667	0.1266666667	0.092041667	0.123458333
0070700411	2010	9	11	254	0.07866666667	0.099125	0.1249583333	0.090333333	0.120791667
0070700411	2010	9	12	255	0.0775	0.096958333	0.1236666667	0.089166667	0.118291667
0070700411	2010	9	13	256	0.07554166667	0.09525	0.1225	0.088416667	0.116458333
0070700411	2010	9	14	257	0.074	0.093708333	0.1215	0.087416667	0.114708333
0070700411	2010	9	15	258	0.073375	0.092791667	0.12075	0.086625	0.112791667
0070700411	2010	9	16	259	0.071875	0.091666667	0.1197083333	0.085708333	0.111458333
0070700411	2010	9	17	260	0.07020833333	0.090375	0.118875	0.084958333	0.1095
0070700411	2010	9	18	261	0.0695	0.08925	0.1183333333	0.084541667	0.107958333
0070700411	2010	9	19	262	0.06891666667	0.088958333	0.1180416667	0.083833333	0.105666667
0070700411	2010	9	20	263	0.06895833333	0.088833333	0.1174583333	0.083541667	0.10375
0070700411	2010	9	21	264	0.06820833333	0.088041667	0.1177083333	0.083416667	0.102541667
0070700411	2010	9	22	265	0.075375	0.0985	0.1169166667	0.082833333	0.101375
0070700411	2010	9	23	266	0.2017083333	0.2095	0.1342083333	0.133291667	0.106416667
0070700411	2010	9	24	267	0.1776666667	0.203166667	0.1595	0.142291667	0.109291667
0070700411	2010	9	25	268	0.1655416667	0.193833333	0.1589166667	0.139083333	0.110833333
0070700411	2010	9	26	269	0.1569166667	0.18675	0.1575416667	0.136333333	0.11225
0070700411	2010	9	27	270	0.1496666667	0.180333333	0.1557916667	0.133666667	0.112791667
0070700411	2010	9	28	271	0.1417083333	0.173083333	0.1540416667	0.130041667	0.113208333
0070700411	2010	9	29	272	0.1325833333	0.165583333	0.151875	0.125666667	0.113833333
0070700411	2010	9	30	273	0.1237916667	0.157916667	0.1495	0.120708333	0.113458333
0070700411	2010	10	1	274	0.11525	0.149833333	0.147125	0.115916667	0.113791667
0070700411	2010	10	2	275	0.1085	0.141416667	0.144125	0.111125	0.113541667
0070700411	2010	10	3	276	0.102375	0.133375	0.1416666667	0.107208333	0.112916667
0070700411	2010	10	4	277	0.1248333333	0.128625	0.1392916667	0.105125	0.112708333
0070700411	2010	10	5	278	0.13025	0.126958333	0.1387916667	0.104333333	0.111125
0070700411	2010	10	6	279	0.1266666667	0.126	0.1376666667	0.10375	0.11175
0070700411	2010	10	7	280	0.12225	0.124875	0.137125	0.103125	0.111708333
0070700411	2010	10	8	281	0.1160833333	0.122791667	0.1362083333	0.102125	0.111041667
0070700411	2010	10	9	282	0.1082083333	0.119625	0.1348333333	0.100916667	0.111
0070700411	2010	10	10	283	0.1030416667	0.116916667	0.1335	0.099791667	0.110333333
0070700411	2010	10	11	284	0.09926086957	0.114347826	0.1319565217	0.098869565	0.10926087
0070700411	2010	10	12	285	0.09591666667	0.112583333	0.1312083333	0.098208333	0.109041667
0070700411	2010	10	13	286	0.094875	0.111291667	0.1306666667	0.097416667	0.10875
0070700411	2010	10	14	287	0.09295833333	0.110458333	0.1300416667	0.097166667	0.108875
0070700411	2010	10	15	288	0.091	0.108166667	0.129	0.096458333	0.107958333
0070700411	2010	10	16	289	0.08933333333	0.106791667	0.1279583333	0.095833333	0.107291667
0070700411	2010	10	17	290	0.08758333333	0.105291667	0.1273333333	0.095375	0.10675
0070700411	2010	10	18	291	0.086	0.103958333	0.1264583333	0.094708333	0.10675
0070700411	2010	10	19	292	0.08558333333	0.103208333	0.1262083333	0.094875	0.106666667
0070700411	2010	10	20	293	0.08508333333	0.102458333	0.1260416667	0.094541667	0.106458333
0070700411	2010	10	21	294	0.1474166667	0.1965	0.1665	0.172833333	0.17
0070700411	2010	10	22	295	0.2431666667	0.278833333	0.273	0.239666667	0.216708333
0070700411	2010	10	23	296	0.2525833333	0.279583333	0.2765	0.240875	0.231583333
0070700411	2010	10	24	297	0.254625	0.283125	0.2792083333	0.242291667	0.237708333
0070700411	2010	10	25	298	0.2452083333	0.278791667	0.2790416667	0.240666667	0.238291667
0070700411	2010	10	26	299	0.2445833333	0.27625	0.2783333333	0.238958333	0.237083333
0070700411	2010	10	27	300	0.2412916667	0.274625	0.2774166667	0.23775	0.23575
0070700411	2010	10	28	301	0.2347083333	0.270791667	0.2759583333	0.235625	0.234791667
0070700411	2010	10	29	302	0.2304583333	0.267	0.2743333333	0.233125	0.233208333
0070700411	2010	10	30	303	0.2285416667	0.264416667	0.2729583333	0.231541667	0.231833333
0070700411	2010	10	31	304	0.2264583333	0.262	0.272375	0.23	0.230333333
0070700411	2010	11	1	305	0.2225416667	0.258583333	0.27075	0.2285	0.232166667
0070700411	2010	11	2	306	0.2198333333	0.255583333	0.2690416667	0.226416667	0.231625
0070700411	2010	11	3	307	0.2179583333	0.253	0.2675	0.225041667	0.229791667
0070700411	2010	11	4	308	0.2161666667	0.250666667	0.2664166667	0.223041667	0.230125
0070700411	2010	11	5	309	0.2140833333	0.248625	0.2652916667	0.221708333	0.230083333
0070700411	2010	11	6	310	0.2122083333	0.246208333	0.2643333333	0.220125	0.230333333
0070700411	2010	11	7	311	0.21025	0.244375	0.2630416667	0.218833333	0.229666667
0070700411	2010	11	8	312	0.2080416667	0.241875	0.2614583333	0.2175	0.227166667
0070700411	2010	11	9	313	0.206625	0.240166667	0.2604583333	0.216125	0.225916667
0070700411	2010	11	10	314	0.2102916667	0.237833333	0.2592083333	0.215291667	0.22475
0070700411	2010	11	11	315	0.2139166667	0.235208333	0.2577083333	0.21375	0.223625
0070700411	2010	11	12	316	0.220625	0.233333333	0.256125	0.212375	0.22225
0070700411	2010	11	13	317	0.2285833333	0.230166667	0.255	0.211291667	0.221083333
0070700411	2010	11	14	318	0.2519166667	0.227875	0.253875	0.209708333	0.219791667
0070700411	2010	11	15	319	0.2354583333	0.226041667	0.2530833333	0.208541667	0.219333333
0070700411	2010	11	16	320	0.22315	0.230708333	0.251875	0.207791667	0.218291667
0070700411	2010	11	17	321	0.250625	0.236916667	0.250875	0.206625	0.217708333
0070700411	2010	11	18	322	0.2191578947	0.232541667	0.25	0.206041667	0.216833333
0070700411	2010	11	19	323	0.240125	0.235958333	0.2490833333	0.204625	0.215875
0070700411	2010	11	20	324	0.2406875	0.234708333	0.2477916667	0.204041667	0.215166667
0070700411	2010	11	21	325	0.2095416667	0.234625	0.2471666667	0.203125	0.214125
0070700411	2010	11	22	326	0.2051666667	0.225666667	0.2471666667	0.202958333	0.21375
0070700411	2010	11	23	327	0.2036923077	0.225333333	0.2477916667	0.202791667	0.212708333
0070700411	2010	11	24	328	0.2153461539	0.230708333	0.2467916667	0.20175	0.212166667
0070700411	2010	11	25	329	0.227	0.230583333	0.2457916667	0.20125	0.211708333
0070700411	2010	11	26	330	0.2201666667	0.2252	0.245	0.200541667	0.210958333
0070700411	2010	11	27	331	0.2201666667	0.210888889	0.2499166667	0.199375	0.210708333
0070700411	2010	11	28	332	0.1565	0.210888889	0.264625	0.19825	0.209625
0070700411	2010	11	29	333	0.1565	-9999	0.2638333333	0.196208333	0.208666667
0070700411	2010	11	30	334	0.1565	-9999	0.261625	0.187375	0.208125
0070700411	2010	12	1	335	0.1565	0.2275	0.2595	0.183958333	0.207041667
0070700411	2010	12	2	336	0.1565	0.2275	0.256875	0.18175	0.20625
0070700411	2010	12	3	337	0.1565	0.2275	0.2558333333	0.1805	0.205333333
0070700411	2010	12	4	338	0.1565	0.2275	0.2547916667	0.179208333	0.204125
0070700411	2010	12	5	339	0.1565	0.2275	0.2546666667	0.178708333	0.203583333
0070700411	2010	12	6	340	0.1565	0.2275	0.2547916667	0.178166667	0.20275
0070700411	2010	12	7	341	0.1565	0.2275	0.2545	0.178	0.202041667
0070700411	2010	12	8	342	0.15325	0.2275	0.2544583333	0.177958333	0.200833333
0070700411	2010	12	9	343	0.15	0.2275	0.2540416667	0.176791667	0.200375
0070700411	2010	12	10	344	0.1956666667	0.2275	0.2534166667	0.176541667	0.199583333
0070700411	2010	12	11	345	0.2205	0.229	0.2528333333	0.17625	0.198666667
0070700411	2010	12	12	346	0.2124285714	0.229583333	0.2533333333	0.176083333	0.198583333
0070700411	2010	12	13	347	0.1863333333	0.228428571	0.25375	0.176166667	0.197666667
0070700411	2010	12	14	348	0.1503333333	0.227	0.2537916667	0.17625	0.196666667
0070700411	2010	12	15	349	0.2328	0.227333333	0.253375	0.176083333	0.196625
0070700411	2010	12	16	350	0.2335	0.2269	0.2535833333	0.175875	0.196166667
0070700411	2010	12	17	351	0.2635833334	0.226333333	0.2535	0.1755	0.195916667
0070700411	2010	12	18	352	0.2936666667	0.22675	0.2540416667	0.176	0.195166667
0070700411	2010	12	19	353	0.2936666667	0.226791667	0.2539583333	0.176291667	0.195
0070700411	2010	12	20	354	0.2936666667	0.226583333	0.2715833333	0.1975	0.196291667
0070700411	2010	12	21	355	0.2936666667	0.226708333	0.2805	0.214541667	0.207583333
0070700411	2010	12	22	356	0.2936666667	0.226583333	0.2817083333	0.220958333	0.214875
0070700411	2010	12	23	357	0.2995	0.231875	0.2862916667	0.238791667	0.226625
0070700411	2010	12	24	358	0.29775	0.239041667	0.2803333333	0.237458333	0.232125
0070700411	2010	12	25	359	0.2973333333	0.245583333	0.2770416667	0.235625	0.233125
0070700411	2010	12	26	360	0.2973333333	0.252083333	0.2757916667	0.233625	0.23275
0070700411	2010	12	27	361	-9999	0.25375	0.2744583333	0.231625	0.232
0070700411	2010	12	28	362	-9999	0.252458333	0.273375	0.230125	0.2315
0070700411	2010	12	29	363	-9999	0.248916667	0.2717083333	0.228333333	0.230708333
0070700411	2010	12	30	364	-9999	0.237954546	0.2703333333	0.226625	0.229458333
0070700411	2010	12	31	365	-9999	0.240666667	0.2690833333	0.225625	0.22875
0070700411	2011	1	1	1	-9999	0.238571429	0.26875	0.224791667	0.227791667
0070700411	2011	1	2	2	-9999	0.23765	0.26875	0.223916667	0.227041667
0070700411	2011	1	3	3	-9999	0.2345	0.2678333333	0.223041667	0.227083333
0070700411	2011	1	4	4	-9999	0.23175	0.267	0.2225	0.22625
0070700411	2011	1	5	5	-9999	0.23175	0.2663333333	0.221041667	0.22575
0070700411	2011	1	6	6	-9999	-9999	0.2653333333	0.219791667	0.22525
0070700411	2011	1	7	7	-9999	-9999	0.265	0.219416667	0.22425
0070700411	2011	1	8	8	-9999	-9999	0.2636666667	0.2185	0.22425
0070700411	2011	1	9	9	-9999	-9999	0.26275	0.217625	0.223333333
0070700411	2011	1	10	10	-9999	-9999	0.2621666667	0.217208333	0.22275
0070700411	2011	1	11	11	-9999	-9999	0.2620416667	0.21625	0.221958333
0070700411	2011	1	12	12	-9999	-9999	0.2610833333	0.21625	0.221416667
0070700411	2011	1	13	13	-9999	-9999	0.2604583333	0.215333333	0.221041667
0070700411	2011	1	14	14	-9999	-9999	0.2595833333	0.214541667	0.22025
0070700411	2011	1	15	15	-9999	-9999	0.2585833333	0.214083333	0.220291667
0070700411	2011	1	16	16	-9999	-9999	0.2587083333	0.213416667	0.219791667
0070700411	2011	1	17	17	-9999	-9999	0.25825	0.213125	0.219125
0070700411	2011	1	18	18	-9999	-9999	0.2625416667	0.216791667	0.218375
0070700411	2011	1	19	19	-9999	-9999	0.2667083333	0.221291667	0.218916667
0070700411	2011	1	20	20	-9999	-9999	0.267625	0.221875	0.220166667
0070700411	2011	1	21	21	-9999	-9999	0.267375	0.222083333	0.220375
0070700411	2011	1	22	22	-9999	-9999	0.2672916667	0.221583333	0.221333333
0070700411	2011	1	23	23	-9999	-9999	0.26675	0.221291667	0.221708333
0070700411	2011	1	24	24	-9999	-9999	0.2661666667	0.220166667	0.221625
0070700411	2011	1	25	25	-9999	-9999	0.26525	0.219125	0.221708333
0070700411	2011	1	26	26	-9999	-9999	0.26425	0.217833333	0.220875
0070700411	2011	1	27	27	-9999	-9999	0.2624583333	0.217125	0.220166667
0070700411	2011	1	28	28	-9999	-9999	0.2607083333	0.215583333	0.219333333
0070700411	2011	1	29	29	-9999	-9999	0.2593333333	0.214416667	0.219041667
0070700411	2011	1	30	30	-9999	-9999	0.258625	0.213125	0.218625
0070700411	2011	1	31	31	-9999	-9999	0.2575	0.2125	0.217833333
0070700411	2011	2	1	32	-9999	-9999	0.2613333333	0.211458333	0.217458333
0070700411	2011	2	2	33	-9999	-9999	0.2605	0.210416667	0.216916667
0070700411	2011	2	3	34	-9999	-9999	0.2649583333	0.21	0.215875
0070700411	2011	2	4	35	-9999	-9999	0.2654166667	0.209375	0.215458333
0070700411	2011	2	5	36	-9999	-9999	0.2672083333	0.209291667	0.215083333
0070700411	2011	2	6	37	-9999	-9999	0.269375	0.208333333	0.215125
0070700411	2011	2	7	38	-9999	-9999	0.270625	0.207416667	0.214333333
0070700411	2011	2	8	39	-9999	-9999	0.2680416667	0.206916667	0.213625
0070700411	2011	2	9	40	-9999	-9999	0.268125	0.2065	0.213583333
0070700411	2011	2	10	41	-9999	-9999	0.2692083333	0.205958333	0.213166667
0070700411	2011	2	11	42	-9999	-9999	0.2692916667	0.205416667	0.212833333
0070700411	2011	2	12	43	-9999	-9999	0.2685	0.204666667	0.212
0070700411	2011	2	13	44	-9999	-9999	0.26825	0.203458333	0.21175
0070700411	2011	2	14	45	-9999	-9999	0.2675	0.203708333	0.211291667
0070700411	2011	2	15	46	-9999	-9999	0.2675833333	0.203333333	0.211041667
0070700411	2011	2	16	47	-9999	-9999	0.268125	0.203	0.210625
0070700411	2011	2	17	48	-9999	-9999	0.2685416667	0.203416667	0.210083333
0070700411	2011	2	18	49	-9999	-9999	0.2691666667	0.204458333	0.209708333
0070700411	2011	2	19	50	-9999	-9999	0.27	0.205125	0.20925
0070700411	2011	2	20	51	-9999	-9999	0.273375	0.2125	0.209041667
0070700411	2011	2	21	52	-9999	-9999	0.277125	0.22075	0.210583333
0070700411	2011	2	22	53	-9999	-9999	0.278125	0.222166667	0.213541667
0070700411	2011	2	23	54	-9999	-9999	0.2779583333	0.2225	0.216458333
0070700411	2011	2	24	55	-9999	-9999	0.2770416667	0.2225	0.219
0070700411	2011	2	25	56	-9999	0.334	0.2749166667	0.222416667	0.220583333
0070700411	2011	2	26	57	-9999	0.334	0.27225	0.222041667	0.221375
0070700411	2011	2	27	58	-9999	0.334	0.270125	0.222208333	0.222083333
0070700411	2011	2	28	59	-9999	0.334	0.26975	0.221875	0.222625
0070700411	2011	3	1	60	-9999	0.334	0.2695833333	0.221708333	0.2225
0070700411	2011	3	2	61	-9999	0.334	0.26925	0.221458333	0.222708333
0070700411	2011	3	3	62	-9999	0.334	0.27325	0.225375	0.223458333
0070700411	2011	3	4	63	-9999	0.334	0.28575	0.236833333	0.235375
0070700411	2011	3	5	64	-9999	0.334	0.2911666667	0.239125	0.244083333
0070700411	2011	3	6	65	-9999	0.334	0.2930416667	0.242666667	0.2465
0070700411	2011	3	7	66	-9999	0.294666667	0.2937916667	0.244958333	0.248958333
0070700411	2011	3	8	67	0.329	0.264625	0.29325	0.244875	0.250583333
0070700411	2011	3	9	68	0.329	0.308333333	0.2929583333	0.245041667	0.252375
0070700411	2011	3	10	69	0.329	0.283565217	0.2940416667	0.246583333	0.253208333
0070700411	2011	3	11	70	0.329	0.267681818	0.300875	0.2505	0.256
0070700411	2011	3	12	71	0.329	0.303933333	0.3176666667	0.266875	0.275041667
0070700411	2011	3	13	72	0.329	0.325117647	0.328375	0.280791667	0.295833333
0070700411	2011	3	14	73	0.329	0.3321875	0.3356666667	0.2875	0.300875
0070700411	2011	3	15	74	0.329	0.327857143	0.3377916667	0.289416667	0.302208333
0070700411	2011	3	16	75	0.329	0.330388889	0.3394583333	0.291458333	0.305458333
0070700411	2011	3	17	76	0.329	0.348294118	0.3410416667	0.292708333	0.308541667
0070700411	2011	3	18	77	0.2995833333	0.344833333	0.3377916667	0.288041667	0.304083333
0070700411	2011	3	19	78	0.3041666667	0.334125	0.3337083333	0.282166667	0.298041667
0070700411	2011	3	20	79	0.2950416667	0.326	0.3304583333	0.277208333	0.294
0070700411	2011	3	21	80	0.2912916667	0.321458333	0.327375	0.274166667	0.290666667
0070700411	2011	3	22	81	0.288125	0.317916667	0.325625	0.271666667	0.288125
0070700411	2011	3	23	82	0.2885	0.318708333	0.3262083333	0.27275	0.288375
0070700411	2011	3	24	83	0.2861666667	0.315666667	0.3245833333	0.271041667	0.286958333
0070700411	2011	3	25	84	0.2847916667	0.312291667	0.3229166667	0.269083333	0.285
0070700411	2011	3	26	85	0.2856666667	0.309541667	0.3211666667	0.267333333	0.28425
0070700411	2011	3	27	86	0.2859166667	0.308291667	0.3206666667	0.266208333	0.2825
0070700411	2011	3	28	87	0.2839166667	0.306125	0.319625	0.26475	0.281666667
0070700411	2011	3	29	88	0.2819583333	0.303958333	0.3180833333	0.262958333	0.279875
0070700411	2011	3	30	89	0.2794583333	0.300958333	0.3159166667	0.2615	0.278958333
0070700411	2011	3	31	90	0.27725	0.298583333	0.3149583333	0.260125	0.277583333
0070700411	2011	4	1	91	0.27525	0.296416667	0.3135833333	0.258875	0.276125
0070700411	2011	4	2	92	0.2715	0.2935	0.3114166667	0.257125	0.275375
0070700411	2011	4	3	93	0.2685833333	0.290458333	0.3102083333	0.255541667	0.273708333
0070700411	2011	4	4	94	0.2650833333	0.286833333	0.307875	0.253625	0.272833333
0070700411	2011	4	5	95	0.2623333333	0.284	0.3059166667	0.2515	0.270625
0070700411	2011	4	6	96	0.2599166667	0.281166667	0.3040833333	0.249666667	0.269583333
0070700411	2011	4	7	97	0.26625	0.28125	0.303625	0.250291667	0.268625
0070700411	2011	4	8	98	0.2955416667	0.306416667	0.31725	0.266916667	0.279208333
0070700411	2011	4	9	99	0.2871666667	0.306375	0.3188333333	0.267083333	0.280125
0070700411	2011	4	10	100	0.2847916667	0.303208333	0.3174166667	0.2655	0.2795
0070700411	2011	4	11	101	0.2824583333	0.301458333	0.3161666667	0.264125	0.278583333
0070700411	2011	4	12	102	0.2800416667	0.299375	0.3154166667	0.262666667	0.277166667
0070700411	2011	4	13	103	0.2771666667	0.296666667	0.31425	0.260833333	0.275875
0070700411	2011	4	14	104	0.274	0.293916667	0.3124583333	0.258916667	0.274916667
0070700411	2011	4	15	105	0.26975	0.290291667	0.310875	0.257083333	0.273333333
0070700411	2011	4	16	106	0.265125	0.286791667	0.3086666667	0.254583333	0.272208333
0070700411	2011	4	17	107	0.2614166667	0.282833333	0.3069583333	0.252875	0.270958333
0070700411	2011	4	18	108	0.2561666667	0.278458333	0.3045416667	0.250833333	0.269583333
0070700411	2011	4	19	109	0.2524166667	0.273666667	0.3022916667	0.249125	0.267916667
0070700411	2011	4	20	110	0.2532916667	0.271208333	0.3022916667	0.249375	0.267708333
0070700411	2011	4	21	111	0.2476666667	0.266375	0.300125	0.247416667	0.266708333
0070700411	2011	4	22	112	0.2393333333	0.259875	0.29725	0.244875	0.264625
0070700411	2011	4	23	113	0.2306666667	0.253541667	0.2942083333	0.242291667	0.263375
0070700411	2011	4	24	114	0.229875	0.251666667	0.292375	0.240833333	0.2615
0070700411	2011	4	25	115	0.2685833333	0.271625	0.2968333333	0.245583333	0.263375
0070700411	2011	4	26	116	0.2831363636	0.288227273	0.3105454545	0.260045455	0.274909091
0070700411	2011	4	27	117	0.2932631579	0.307	0.3240526316	0.270157895	0.282
0070700411	2011	4	28	118	0.2850833333	0.302708333	0.3266666667	0.268166667	0.281166667
0070700411	2011	4	29	119	0.2780416667	0.297583333	0.3186666667	0.26575	0.279666667
0070700411	2011	4	30	120	0.2689583333	0.291083333	0.3142916667	0.262375	0.277416667
0070700411	2011	5	1	121	0.2627083333	0.285625	0.31175	0.259125	0.275208333
0070700411	2011	5	2	122	0.267	0.287333333	0.3112916667	0.259875	0.277708333
0070700411	2011	5	3	123	0.2885	0.309166667	0.3204583333	0.274625	0.292
0070700411	2011	5	4	124	0.2839583333	0.307291667	0.3210833333	0.272958333	0.288583333
0070700411	2011	5	5	125	0.2764583333	0.30125	0.31875	0.269541667	0.285666667
0070700411	2011	5	6	126	0.2691666667	0.294958333	0.3163333333	0.265458333	0.28225
0070700411	2011	5	7	127	0.2605416667	0.28725	0.312625	0.261541667	0.2795
0070700411	2011	5	8	128	0.2489583333	0.278833333	0.3086666667	0.257583333	0.277
0070700411	2011	5	9	129	0.2359583333	0.2685	0.3035833333	0.253458333	0.274375
0070700411	2011	5	10	130	0.228625	0.259666667	0.2996666667	0.248916667	0.271333333
0070700411	2011	5	11	131	0.2207916667	0.253708333	0.2959166667	0.245875	0.269083333
0070700411	2011	5	12	132	0.2174583333	0.253208333	0.2934166667	0.243375	0.266916667
0070700411	2011	5	13	133	0.209875	0.243416667	0.2901666667	0.240875	0.265291667
0070700411	2011	5	14	134	0.1980833333	0.230791667	0.2862916667	0.237333333	0.263041667
0070700411	2011	5	15	135	0.187375	0.2165	0.2809583333	0.233333333	0.260833333
0070700411	2011	5	16	136	0.1764166667	0.200958333	0.2749166667	0.229291667	0.258208333
0070700411	2011	5	17	137	0.1640833333	0.186041667	0.2684166667	0.224666667	0.255291667
0070700411	2011	5	18	138	0.155	0.175125	0.2623333333	0.220458333	0.252416667
0070700411	2011	5	19	139	0.1494583333	0.169791667	0.2584583333	0.217916667	0.2505
0070700411	2011	5	20	140	0.1477916667	0.168208333	0.2570416667	0.217625	0.249125
0070700411	2011	5	21	141	0.1466666667	0.165708333	0.2537916667	0.2155	0.247833333
0070700411	2011	5	22	142	0.1423333333	0.16025	0.2490833333	0.211958333	0.245666667
0070700411	2011	5	23	143	0.1369583333	0.154625	0.244625	0.208458333	0.244583333
0070700411	2011	5	24	144	0.1315416667	0.149125	0.2385416667	0.203791667	0.241958333
0070700411	2011	5	25	145	0.127	0.143708333	0.233	0.199416667	0.240083333
0070700411	2011	5	26	146	0.1222916667	0.137	0.2250833333	0.192916667	0.237375
0070700411	2011	5	27	147	0.1168333333	0.130458333	0.2165	0.184125	0.2335
0070700411	2011	5	28	148	0.1108333333	0.124	0.2077083333	0.173375	0.227875
0070700411	2011	5	29	149	0.104625	0.118	0.199625	0.163208333	0.223166667
0070700411	2011	5	30	150	0.09933333333	0.112416667	0.1900416667	0.153958333	0.218
0070700411	2011	5	31	151	0.09454166667	0.108541667	0.1817083333	0.145916667	0.213458333
0070700411	2011	6	1	152	0.09225	0.106291667	0.1734583333	0.138333333	0.207833333
0070700411	2011	6	2	153	0.08995833333	0.10425	0.166125	0.1325	0.203416667
0070700411	2011	6	3	154	0.08725	0.101791667	0.1590833333	0.126833333	0.197833333
0070700411	2011	6	4	155	0.08529166667	0.099958333	0.15275	0.122	0.191958333
0070700411	2011	6	5	156	0.08366666667	0.098291667	0.1479166667	0.117	0.185791667
0070700411	2011	6	6	157	0.08158333333	0.096625	0.1447916667	0.112708333	0.17975
0070700411	2011	6	7	158	0.07904166667	0.094458333	0.1408333333	0.108833333	0.174
0070700411	2011	6	8	159	0.07670833333	0.092958333	0.1373333333	0.105041667	0.167166667
0070700411	2011	6	9	160	0.07454166667	0.091208333	0.1346666667	0.101708333	0.160833333
0070700411	2011	6	10	161	0.07195833333	0.089416667	0.132	0.098625	0.155375
0070700411	2011	6	11	162	0.07083333333	0.088208333	0.1299583333	0.096708333	0.150333333
0070700411	2011	6	12	163	0.06883333333	0.087416667	0.1282916667	0.094458333	0.145541667
0070700411	2011	6	13	164	0.06729166667	0.08575	0.1264166667	0.092541667	0.140583333
0070700411	2011	6	14	165	0.066	0.084791667	0.1255	0.091333333	0.136708333
0070700411	2011	6	15	166	0.06533333333	0.083583333	0.124125	0.089958333	0.131916667
0070700411	2011	6	16	167	0.06454166667	0.082583333	0.122875	0.088708333	0.12825
0070700411	2011	6	17	168	0.06816666667	0.081666667	0.121875	0.08725	0.124458333
0070700411	2011	6	18	169	0.06991666667	0.080166667	0.1208333333	0.086333333	0.120958333
0070700411	2011	6	19	170	0.07358333333	0.079083333	0.1197916667	0.08525	0.117958333
0070700411	2011	6	20	171	0.07429166667	0.078166667	0.1189583333	0.084291667	0.114791667
0070700411	2011	6	21	172	0.07183333333	0.077333333	0.117875	0.083291667	0.112
0070700411	2011	6	22	173	0.072125	0.076458333	0.11725	0.082375	0.109416667
0070700411	2011	6	23	174	0.072125	0.075583333	0.1166666667	0.081583333	0.106875
0070700411	2011	6	24	175	0.07575	0.075666667	0.1162083333	0.080833333	0.104458333
0070700411	2011	6	25	176	0.07483333333	0.074916667	0.1153333333	0.080208333	0.103083333
0070700411	2011	6	26	177	0.07716666667	0.073875	0.1145416667	0.079791667	0.101958333
0070700411	2011	6	27	178	0.07554166667	0.073083333	0.1135833333	0.078666667	0.100291667
0070700411	2011	6	28	179	0.07429166667	0.072083333	0.1129583333	0.077916667	0.098916667
0070700411	2011	6	29	180	0.071875	0.071708333	0.112625	0.077416667	0.097416667
0070700411	2011	6	30	181	0.07333333333	0.071625	0.1120833333	0.077208333	0.096875
0070700411	2011	7	1	182	0.06875	0.070375	0.1115833333	0.076583333	0.095
0070700411	2011	7	2	183	0.064	0.070541667	0.1109583333	0.076625	0.093958333
0070700411	2011	7	3	184	0.07233333333	0.074	0.1105416667	0.076208333	0.092875
0070700411	2011	7	4	185	0.1535416667	0.10275	0.1101666667	0.076291667	0.092125
0070700411	2011	7	5	186	0.142875	0.10525	0.1114166667	0.078458333	0.092125
0070700411	2011	7	6	187	0.133125	0.105583333	0.112875	0.08	0.093541667
0070700411	2011	7	7	188	0.1245	0.104458333	0.1134166667	0.081	0.093458333
0070700411	2011	7	8	189	0.1175416667	0.103208333	0.1142083333	0.081125	0.093708333
0070700411	2011	7	9	190	0.1101666667	0.100708333	0.115	0.081541667	0.095125
0070700411	2011	7	10	191	0.10025	0.096666667	0.11575	0.081666667	0.095875
0070700411	2011	7	11	192	0.09054166667	0.09275	0.1157916667	0.081583333	0.096041667
0070700411	2011	7	12	193	0.085875	0.0905	0.115	0.080708333	0.095041667
0070700411	2011	7	13	194	0.08566666667	0.089916667	0.1153333333	0.080791667	0.094458333
0070700411	2011	7	14	195	0.08333333333	0.088625	0.1156666667	0.081	0.095
0070700411	2011	7	15	196	0.07816666667	0.085708333	0.115125	0.081	0.095125
0070700411	2011	7	16	197	0.07525	0.084083333	0.1147916667	0.080208333	0.094791667
0070700411	2011	7	17	198	0.07058333333	0.08275	0.1147083333	0.079833333	0.094666667
0070700411	2011	7	18	199	0.06554166667	0.080416667	0.1139166667	0.079458333	0.09425
0070700411	2011	7	19	200	0.06216666667	0.078916667	0.1132083333	0.078333333	0.093458333
0070700411	2011	7	20	201	0.060375	0.077958333	0.1127083333	0.077625	0.092583333
0070700411	2011	7	21	202	0.059625	0.076666667	0.11225	0.077416667	0.093083333
0070700411	2011	7	22	203	0.07870833333	0.077208333	0.1129166667	0.077458333	0.092625
0070700411	2011	7	23	204	0.1410833333	0.097916667	0.1136666667	0.084916667	0.092958333
0070700411	2011	7	24	205	0.1777083333	0.204	0.11475	0.141291667	0.107583333
0070700411	2011	7	25	206	0.1851666667	0.211041667	0.1172083333	0.149416667	0.110958333
0070700411	2011	7	26	207	0.196125	0.27	0.1608333333	0.167291667	0.126458333
0070700411	2011	7	27	208	0.2084583333	0.291541667	0.1736666667	0.202125	0.141541667
0070700411	2011	7	28	209	0.207875	0.272458333	0.1755	0.209708333	0.147375
0070700411	2011	7	29	210	0.2065	0.257708333	0.1774583333	0.202708333	0.147708333
0070700411	2011	7	30	211	0.2477083333	0.287625	0.1923333333	0.2065	0.1515
0070700411	2011	7	31	212	0.2665833333	0.300458333	0.223	0.218458333	0.171708333
0070700411	2011	8	1	213	0.249125	0.285166667	0.2567916667	0.221208333	0.180208333
0070700411	2011	8	2	214	0.2325	0.268083333	0.2583333333	0.215291667	0.176458333
0070700411	2011	8	3	215	0.2405	0.275791667	0.263625	0.22125	0.190041667
0070700411	2011	8	4	216	0.3070416667	0.34675	0.332	0.284833333	0.293833333
0070700411	2011	8	5	217	0.3000416667	0.333708333	0.3301666667	0.2785	0.286416667
0070700411	2011	8	6	218	0.312875	0.349125	0.3399583333	0.289166667	0.298625
0070700411	2011	8	7	219	0.3080833333	0.344375	0.34125	0.288708333	0.3
0070700411	2011	8	8	220	0.287	0.324041667	0.3320833333	0.277333333	0.289125
0070700411	2011	8	9	221	0.2695416667	0.305541667	0.3236666667	0.266041667	0.280541667
0070700411	2011	8	10	222	0.2542083333	0.288541667	0.3146666667	0.25625	0.272416667
0070700411	2011	8	11	223	0.2443333333	0.276541667	0.3075833333	0.249416667	0.266541667
0070700411	2011	8	12	224	0.249625	0.272875	0.3044583333	0.245625	0.263333333
0070700411	2011	8	13	225	0.2504583333	0.271083333	0.3015416667	0.243125	0.260833333
0070700411	2011	8	14	226	0.283625	0.309833333	0.3147083333	0.256041667	0.270333333
0070700411	2011	8	15	227	0.2692916667	0.298333333	0.3156666667	0.257375	0.269708333
0070700411	2011	8	16	228	0.2589166667	0.287916667	0.311125	0.252208333	0.265875
0070700411	2011	8	17	229	0.25725	0.285708333	0.3065	0.249375	0.263208333
0070700411	2011	8	18	230	0.293625	0.324958333	0.3260833333	0.267916667	0.279083333
0070700411	2011	8	19	231	0.2854166667	0.312791667	0.3246666667	0.265791667	0.276
0070700411	2011	8	20	232	0.298875	0.321958333	0.329375	0.271166667	0.2795
0070700411	2011	8	21	233	0.30425	0.328583333	0.33425	0.276791667	0.28525
0070700411	2011	8	22	234	0.3220416667	0.356666667	0.350625	0.297375	0.311125
0070700411	2011	8	23	235	0.309	0.341541667	0.3457083333	0.2895	0.301708333
0070700411	2011	8	24	236	0.29725	0.329333333	0.3395416667	0.281583333	0.294625
0070700411	2011	8	25	237	0.2943333333	0.323625	0.3365833333	0.27725	0.291083333
0070700411	2011	8	26	238	0.289	0.318875	0.3340833333	0.274166667	0.287958333
0070700411	2011	8	27	239	0.2862916667	0.313875	0.3315833333	0.27075	0.285333333
0070700411	2011	8	28	240	0.2803333333	0.307791667	0.3280416667	0.267	0.282041667
0070700411	2011	8	29	241	0.2765833333	0.301833333	0.3239166667	0.262625	0.278708333
0070700411	2011	8	30	242	0.2605	0.288166667	0.31675	0.255666667	0.2745
0070700411	2011	8	31	243	0.24325	0.272291667	0.3072916667	0.247541667	0.268416667
0070700411	2011	9	1	244	0.2237916667	0.253875	0.2977083333	0.238958333	0.262583333
0070700411	2011	9	2	245	0.2069166667	0.238	0.2895	0.231458333	0.257
0070700411	2011	9	3	246	0.1994583333	0.229	0.2840833333	0.226541667	0.254041667
0070700411	2011	9	4	247	0.214	0.2275	0.2804166667	0.223791667	0.251416667
0070700411	2011	9	5	248	0.2562083333	0.293291667	0.2966666667	0.239416667	0.263666667
0070700411	2011	9	6	249	0.2384166667	0.283583333	0.2974583333	0.2405	0.265125
0070700411	2011	9	7	250	0.2279583333	0.27075	0.2936666667	0.236	0.261333333
0070700411	2011	9	8	251	0.217625	0.25825	0.2883333333	0.2315	0.25775
0070700411	2011	9	9	252	0.209625	0.248833333	0.283625	0.227	0.253791667
0070700411	2011	9	10	253	0.2542916667	0.2925	0.2948333333	0.237416667	0.262666667
0070700411	2011	9	11	254	0.2608333333	0.3025	0.302875	0.245	0.270125
0070700411	2011	9	12	255	0.2767916667	0.303	0.3075833333	0.247166667	0.270458333
0070700411	2011	9	13	256	0.2708333333	0.297166667	0.312	0.251875	0.269916667
0070700411	2011	9	14	257	0.2727916667	0.292541667	0.3109583333	0.251208333	0.267875
0070700411	2011	9	15	258	0.2957083333	0.3095	0.3206666667	0.262291667	0.273208333
0070700411	2011	9	16	259	0.3181666667	0.336791667	0.3365416667	0.280791667	0.286916667
0070700411	2011	9	17	260	0.3095	0.332	0.3375833333	0.281375	0.289041667
0070700411	2011	9	18	261	0.2983333333	0.322875	0.3342083333	0.276333333	0.28625
0070700411	2011	9	19	262	0.2884583333	0.313208333	0.3295833333	0.27075	0.281958333
0070700411	2011	9	20	263	0.2775	0.302083333	0.324	0.264333333	0.277541667
0070700411	2011	9	21	264	0.2675416667	0.291666667	0.318125	0.258291667	0.27325
0070700411	2011	9	22	265	0.255625	0.279833333	0.31175	0.252375	0.268875
0070700411	2011	9	23	266	0.2435833333	0.267708333	0.30475	0.245458333	0.264541667
0070700411	2011	9	24	267	0.2305	0.255	0.29775	0.239375	0.260375
0070700411	2011	9	25	268	0.215875	0.2405	0.2907916667	0.232333333	0.256333333
0070700411	2011	9	26	269	0.2010434783	0.22573913	0.2838695652	0.226086957	0.25226087
0070700411	2011	9	27	270	0.1891666667	0.214291667	0.2780833333	0.219833333	0.248791667
0070700411	2011	9	28	271	0.18	0.205416667	0.2726666667	0.215541667	0.246125
0070700411	2011	9	29	272	0.1690833333	0.195541667	0.2664583333	0.210541667	0.242875
0070700411	2011	9	30	273	0.1595833333	0.185958333	0.26075	0.204833333	0.240041667
0070700411	2011	10	1	274	0.1492916667	0.176041667	0.2540416667	0.199416667	0.237416667
0070700411	2011	10	2	275	0.1403333333	0.166375	0.2475833333	0.193375	0.233666667
0070700411	2011	10	3	276	0.1425833333	0.219083333	0.2417916667	0.194666667	0.234
0070700411	2011	10	4	277	0.158375	0.224833333	0.2398333333	0.201125	0.235625
0070700411	2011	10	5	278	0.3017083333	0.334208333	0.3167083333	0.269625	0.2835
0070700411	2011	10	6	279	0.2984583333	0.326458333	0.3337083333	0.281541667	0.291541667
0070700411	2011	10	7	280	0.293875	0.319375	0.3316666667	0.277333333	0.287541667
0070700411	2011	10	8	281	0.3105	0.331166667	0.3365416667	0.283541667	0.291541667
0070700411	2011	10	9	282	0.307875	0.3335	0.3384166667	0.285916667	0.295958333
0070700411	2011	10	10	283	0.2998333333	0.326416667	0.3362083333	0.281666667	0.293
0070700411	2011	10	11	284	0.2938333333	0.320791667	0.3339166667	0.27825	0.29
0070700411	2011	10	12	285	0.2875833333	0.315041667	0.3316666667	0.275208333	0.287333333
0070700411	2011	10	13	286	0.2815833333	0.309041667	0.3298333333	0.272125	0.284708333
0070700411	2011	10	14	287	0.2764166667	0.303333333	0.3267083333	0.268833333	0.282041667
0070700411	2011	10	15	288	0.271375	0.297833333	0.3247083333	0.266125	0.2795
0070700411	2011	10	16	289	0.266625	0.2925	0.322125	0.263	0.276875
0070700411	2011	10	17	290	0.2611666667	0.286791667	0.3194166667	0.260208333	0.275041667
0070700411	2011	10	18	291	0.2553333333	0.280583333	0.3165416667	0.25725	0.272541667
0070700411	2011	10	19	292	0.2513333333	0.275958333	0.3142916667	0.25525	0.270458333
0070700411	2011	10	20	293	0.2482083333	0.271833333	0.3119583333	0.2535	0.26825
0070700411	2011	10	21	294	0.245125	0.267458333	0.3099583333	0.251375	0.26675
0070700411	2011	10	22	295	0.2423333333	0.264291667	0.308125	0.249291667	0.265166667
0070700411	2011	10	23	296	0.2395	0.260791667	0.3060416667	0.247541667	0.263291667
0070700411	2011	10	24	297	0.2364166667	0.257125	0.3043333333	0.245875	0.262416667
0070700411	2011	10	25	298	0.2341666667	0.254291667	0.3029583333	0.2445	0.260833333
0070700411	2011	10	26	299	0.2475	0.265875	0.303625	0.244583333	0.260375
0070700411	2011	10	27	300	0.3207916667	0.346416667	0.3389583333	0.284583333	0.290125
0070700411	2011	10	28	301	0.307875	0.336833333	0.3415416667	0.2865	0.295
0070700411	2011	10	29	302	0.2999166667	0.328208333	0.338625	0.282166667	0.291875
0070700411	2011	10	30	303	0.2962916667	0.323083333	0.3375833333	0.279666667	0.289375
0070700411	2011	10	31	304	0.2916666667	0.319	0.3360833333	0.277625	0.287708333
0070700411	2011	11	1	305	0.2889166667	0.315708333	0.3365833333	0.275416667	0.285958333
0070700411	2011	11	2	306	0.2870416667	0.313166667	0.3370833333	0.273708333	0.284875
0070700411	2011	11	3	307	0.2834583333	0.310333333	0.3356666667	0.271666667	0.283
0070700411	2011	11	4	308	0.2816666667	0.307958333	0.3345833333	0.270458333	0.2815
0070700411	2011	11	5	309	0.2832916667	0.307458333	0.333875	0.269291667	0.281125
0070700411	2011	11	6	310	0.283625	0.307291667	0.3336666667	0.269125	0.279875
0070700411	2011	11	7	311	0.2985416667	0.316583333	0.3362916667	0.273	0.282375
0070700411	2011	11	8	312	0.30525	0.321625	0.33925	0.276416667	0.284791667
0070700411	2011	11	9	313	0.3047083333	0.325541667	0.341625	0.279375	0.288
0070700411	2011	11	10	314	0.297875	0.321875	0.3406666667	0.277916667	0.287458333
0070700411	2011	11	11	315	0.2919583333	0.318041667	0.3388333333	0.275791667	0.285875
0070700411	2011	11	12	316	0.29125	0.315791667	0.3378333333	0.274625	0.285125
0070700411	2011	11	13	317	0.2941666667	0.317625	0.3386666667	0.275458333	0.285
0070700411	2011	11	14	318	0.329	0.361208333	0.3555416667	0.301041667	0.313916667
0070700411	2011	11	15	319	0.3225833333	0.349333333	0.35475	0.297291667	0.3105
0070700411	2011	11	16	320	0.315625	0.339583333	0.3507916667	0.290833333	0.3035
0070700411	2011	11	17	321	0.305875	0.331333333	0.3470416667	0.285833333	0.298041667
0070700411	2011	11	18	322	0.2988333333	0.325875	0.344375	0.28225	0.294416667
0070700411	2011	11	19	323	0.297125	0.323	0.3435416667	0.280541667	0.292208333
0070700411	2011	11	20	324	0.2977916667	0.3215	0.3429166667	0.279708333	0.290916667
0070700411	2011	11	21	325	0.3	0.321333333	0.3430833333	0.279083333	0.290583333
0070700411	2011	11	22	326	0.2990833333	0.320541667	0.3419583333	0.278375	0.289666667
0070700411	2011	11	23	327	0.2961666667	0.319041667	0.3410416667	0.27725	0.28875
0070700411	2011	11	24	328	0.29275	0.31625	0.33925	0.2755	0.287541667
0070700411	2011	11	25	329	0.3088333333	0.330583333	0.3445	0.282416667	0.290541667
0070700411	2011	11	26	330	0.317625	0.342375	0.3522916667	0.292833333	0.301625
0070700411	2011	11	27	331	0.3163333333	0.331583333	0.3475416667	0.286208333	0.296875
0070700411	2011	11	28	332	0.3310416667	0.325416667	0.3443333333	0.282	0.2935
0070700411	2011	11	29	333	0.3299166667	0.323208333	0.3433333333	0.280333333	0.291458333
0070700411	2011	11	30	334	0.329125	0.32125	0.3425833333	0.279	0.290291667
0070700411	2011	12	1	335	0.3267727273	0.317625	0.3405833333	0.276708333	0.288375
0070700411	2011	12	2	336	0.3246923077	0.313291667	0.339125	0.275	0.287041667
0070700411	2011	12	3	337	0.3246923077	0.311333333	0.3382083333	0.273333333	0.285416667
0070700411	2011	12	4	338	-9999	0.310875	0.3379166667	0.273583333	0.285583333
0070700411	2011	12	5	339	-9999	0.312291667	0.3380416667	0.273375	0.284916667
0070700411	2011	12	6	340	-9999	0.313541667	0.3379166667	0.27375	0.284791667
0070700411	2011	12	7	341	-9999	0.313875	0.3379166667	0.273333333	0.284166667
0070700411	2011	12	8	342	-9999	0.312833333	0.337625	0.272625	0.284041667
0070700411	2011	12	9	343	-9999	0.3125	0.3372916667	0.272208333	0.283916667
0070700411	2011	12	10	344	-9999	0.311333333	0.3365416667	0.271416667	0.282708333
0070700411	2011	12	11	345	-9999	0.308166667	0.3355833333	0.270416667	0.281791667
0070700411	2011	12	12	346	-9999	0.304666667	0.3347083333	0.268916667	0.281
0070700411	2011	12	13	347	-9999	0.302416667	0.3337916667	0.2685	0.280166667
0070700411	2011	12	14	348	-9999	0.304458333	0.3337916667	0.268625	0.279666667
0070700411	2011	12	15	349	-9999	0.306666667	0.334875	0.269083333	0.280166667
0070700411	2011	12	16	350	-9999	0.308166667	0.334875	0.2695	0.280333333
0070700411	2011	12	17	351	-9999	0.308208333	0.334625	0.269583333	0.280375
0070700411	2011	12	18	352	-9999	0.307875	0.33425	0.269125	0.280208333
0070700411	2011	12	19	353	-9999	0.307625	0.3339583333	0.268666667	0.279541667
0070700411	2011	12	20	354	-9999	0.307875	0.3343333333	0.26875	0.279666667
0070700411	2011	12	21	355	-9999	0.308208333	0.3345833333	0.26925	0.279791667
0070700411	2011	12	22	356	-9999	0.30825	0.3345833333	0.269583333	0.279958333
0070700411	2011	12	23	357	-9999	0.308416667	0.3344166667	0.269583333	0.280041667
0070700411	2011	12	24	358	-9999	0.308333333	0.3348333333	0.269333333	0.279625
0070700411	2011	12	25	359	-9999	0.3085	0.3350416667	0.269625	0.279666667
0070700411	2011	12	26	360	-9999	0.30825	0.33525	0.269625	0.279666667
0070700411	2011	12	27	361	-9999	0.308416667	0.335	0.269125	0.279541667
0070700411	2011	12	28	362	-9999	0.30825	0.3346666667	0.268791667	0.279333333
0070700411	2011	12	29	363	-9999	0.307875	0.334375	0.268708333	0.278875
0070700411	2011	12	30	364	-9999	0.3085	0.33525	0.269416667	0.279166667
0070700411	2011	12	31	365	-9999	0.3105	0.3361666667	0.271125	0.280208333
0070700411	2012	1	1	1	-9999	0.311625	0.3367916667	0.271875	0.281
0070700411	2012	1	2	2	-9999	0.311833333	0.3371666667	0.271791667	0.280958333
0070700411	2012	1	3	3	-9999	0.31125	0.336875	0.271	0.280791667
0070700411	2012	1	4	4	-9999	0.310583333	0.3359583333	0.270416667	0.28075
0070700411	2012	1	5	5	-9999	0.30975	0.3357083333	0.269833333	0.280375
0070700411	2012	1	6	6	-9999	0.309	0.3350833333	0.269375	0.280041667
0070700411	2012	1	7	7	-9999	0.308708333	0.3346666667	0.268625	0.279416667
0070700411	2012	1	8	8	-9999	0.307958333	0.3345	0.268375	0.279166667
0070700411	2012	1	9	9	-9999	0.307625	0.3339583333	0.267875	0.278916667
0070700411	2012	1	10	10	-9999	0.307041667	0.3335416667	0.267541667	0.27825
0070700411	2012	1	11	11	-9999	0.30575	0.333	0.26675	0.277916667
0070700411	2012	1	12	12	-9999	0.305416667	0.332625	0.265916667	0.277041667
0070700411	2012	1	13	13	-9999	0.30575	0.3319166667	0.265625	0.276625
0070700411	2012	1	14	14	-9999	0.315625	0.330625	0.264208333	0.276041667
0070700411	2012	1	15	15	-9999	0.318166667	0.32975	0.26325	0.2755
0070700411	2012	1	16	16	-9999	0.324125	0.328125	0.261875	0.275291667
0070700411	2012	1	17	17	-9999	0.320916667	0.3285	0.261333333	0.274
0070700411	2012	1	18	18	-9999	0.316875	0.328625	0.261583333	0.274083333
0070700411	2012	1	19	19	-9999	0.321043478	0.329173913	0.262217391	0.274
0070700411	2012	1	20	20	-9999	0.317541667	0.329625	0.26325	0.274541667
0070700411	2012	1	21	21	-9999	0.326208333	0.330625	0.264583333	0.276375
0070700411	2012	1	22	22	-9999	0.325333333	0.3317916667	0.266041667	0.277041667
0070700411	2012	1	23	23	-9999	0.325041667	0.3321666667	0.266833333	0.277083333
0070700411	2012	1	24	24	-9999	0.329291667	0.3327083333	0.26725	0.276791667
0070700411	2012	1	25	25	-9999	0.328458333	0.3328333333	0.267375	0.276833333
0070700411	2012	1	26	26	-9999	0.326125	0.3330416667	0.267583333	0.27725
0070700411	2012	1	27	27	-9999	0.324608696	0.3333913043	0.267695652	0.277478261
0070700411	2012	1	28	28	-9999	0.319875	0.33325	0.268125	0.277708333
0070700411	2012	1	29	29	-9999	0.323708333	0.3333333333	0.268125	0.27775
0070700411	2012	1	30	30	-9999	0.32525	0.3332083333	0.26775	0.277791667
0070700411	2012	1	31	31	-9999	0.322791667	0.332875	0.267416667	0.277541667
0070700411	2012	2	1	32	-9999	0.325958333	0.3328333333	0.267125	0.2775
0070700411	2012	2	2	33	-9999	0.32625	0.33275	0.26675	0.27725
0070700411	2012	2	3	34	-9999	0.323416667	0.3323333333	0.266625	0.277041667
0070700411	2012	2	4	35	-9999	0.320791667	0.3325833333	0.266541667	0.276791667
0070700411	2012	2	5	36	-9999	0.323458333	0.332625	0.266708333	0.276666667
0070700411	2012	2	6	37	-9999	0.318583333	0.332875	0.267	0.276541667
0070700411	2012	2	7	38	-9999	0.318791667	0.333	0.267541667	0.276666667
0070700411	2012	2	8	39	-9999	0.313125	0.3330416667	0.267375	0.276875
0070700411	2012	2	9	40	-9999	0.315875	0.333125	0.268	0.276916667
0070700411	2012	2	10	41	-9999	0.315375	0.3332083333	0.268291667	0.277458333
0070700411	2012	2	11	42	-9999	0.317125	0.3335416667	0.268375	0.277833333
0070700411	2012	2	12	43	-9999	0.314875	0.333625	0.268583333	0.277458333
0070700411	2012	2	13	44	-9999	0.318416667	0.333375	0.268541667	0.277666667
0070700411	2012	2	14	45	0.3234	0.314541667	0.333625	0.268416667	0.277416667
0070700411	2012	2	15	46	0.3234	0.31475	0.3336666667	0.268166667	0.277583333
0070700411	2012	2	16	47	0.3234	0.312916667	0.334125	0.268416667	0.277958333
0070700411	2012	2	17	48	0.3234	0.313375	0.3342083333	0.268541667	0.278291667
0070700411	2012	2	18	49	0.3234	0.311875	0.3345416667	0.268833333	0.278541667
0070700411	2012	2	19	50	0.3234	0.310375	0.3348333333	0.269166667	0.278625
0070700411	2012	2	20	51	0.3234	0.309958333	0.3347916667	0.269041667	0.27875
0070700411	2012	2	21	52	0.3234	0.308625	0.3346666667	0.268708333	0.27875
0070700411	2012	2	22	53	0.3234	0.308666667	0.3343333333	0.268583333	0.278833333
0070700411	2012	2	23	54	0.3234	0.308666667	0.3349166667	0.268666667	0.278791667
0070700411	2012	2	24	55	0.3391428571	0.310666667	0.338125	0.272958333	0.279333333
0070700411	2012	2	25	56	0.3382608696	0.312375	0.338625	0.273166667	0.279583333
0070700411	2012	2	26	57	0.33625	0.312958333	0.3383333333	0.27225	0.279708333
0070700411	2012	2	27	58	0.33475	0.312916667	0.3385833333	0.272041667	0.280166667
0070700411	2012	2	28	59	0.3335833333	0.313	0.3387916667	0.272416667	0.280375
0070700411	2012	2	29	60	0.333	0.312416667	0.3385	0.27275	0.28125
0070700411	2012	3	1	61	0.3322916667	0.31275	0.33875	0.272958333	0.281208333
0070700411	2012	3	2	62	0.331875	0.313041667	0.339	0.273375	0.281166667
0070700411	2012	3	3	63	0.3319583333	0.312791667	0.3386666667	0.273375	0.281458333
0070700411	2012	3	4	64	0.331125	0.312791667	0.33875	0.273416667	0.281208333
0070700411	2012	3	5	65	0.3364285714	0.312857143	0.3391428571	0.273714286	0.281142857
0070700411	2012	3	6	66	0.3364285714	0.312857143	0.3391428571	0.273714286	0.281142857
0070700411	2012	3	7	67	-9999	-9999	-9999	-9999	-9999
0070700411	2012	3	8	68	-9999	-9999	-9999	-9999	-9999
0070700411	2012	3	9	69	-9999	-9999	-9999	-9999	-9999
0070700411	2012	3	10	70	-9999	-9999	-9999	-9999	-9999
0070700411	2012	3	11	71	-9999	-9999	-9999	-9999	-9999
0070700411	2012	3	12	72	-9999	-9999	-9999	-9999	-9999
0070700411	2012	3	13	73	-9999	-9999	-9999	-9999	-9999
0070700411	2012	3	14	74	-9999	-9999	-9999	-9999	-9999
0070700411	2012	3	15	75	-9999	-9999	-9999	-9999	-9999
0070700411	2012	3	16	76	-9999	-9999	-9999	-9999	-9999
0070700411	2012	3	17	77	-9999	-9999	-9999	-9999	-9999
0070700411	2012	3	18	78	-9999	-9999	-9999	-9999	-9999
0070700411	2012	3	19	79	-9999	-9999	-9999	-9999	-9999
0070700411	2012	3	20	80	-9999	-9999	-9999	-9999	-9999
0070700411	2012	3	21	81	-9999	-9999	-9999	-9999	-9999
0070700411	2012	3	22	82	-9999	-9999	-9999	-9999	-9999
0070700411	2012	3	23	83	-9999	-9999	-9999	-9999	-9999
0070700411	2012	3	24	84	-9999	-9999	-9999	-9999	-9999
0070700411	2012	3	25	85	-9999	-9999	-9999	-9999	-9999
0070700411	2012	3	26	86	-9999	-9999	-9999	-9999	-9999
0070700411	2012	3	27	87	-9999	-9999	-9999	-9999	-9999
0070700411	2012	3	28	88	-9999	-9999	-9999	-9999	-9999
0070700411	2012	3	29	89	-9999	-9999	-9999	-9999	-9999
0070700411	2012	3	30	90	-9999	-9999	-9999	-9999	-9999
0070700411	2012	3	31	91	-9999	-9999	-9999	-9999	-9999
0070700411	2012	4	1	92	-9999	-9999	-9999	-9999	-9999
0070700411	2012	4	2	93	-9999	-9999	-9999	-9999	-9999
0070700411	2012	4	3	94	-9999	-9999	-9999	-9999	-9999
0070700411	2012	4	4	95	-9999	-9999	-9999	-9999	-9999
0070700411	2012	4	5	96	-9999	-9999	-9999	-9999	-9999
0070700411	2012	4	6	97	-9999	-9999	-9999	-9999	-9999
0070700411	2012	4	7	98	-9999	-9999	-9999	-9999	-9999
0070700411	2012	4	8	99	-9999	-9999	-9999	-9999	-9999
0070700411	2012	4	9	100	-9999	-9999	-9999	-9999	-9999
0070700411	2012	4	10	101	-9999	-9999	-9999	-9999	-9999
0070700411	2012	4	11	102	-9999	-9999	-9999	-9999	-9999
0070700411	2012	4	12	103	-9999	-9999	-9999	-9999	-9999
0070700411	2012	4	13	104	-9999	-9999	-9999	-9999	-9999
0070700411	2012	4	14	105	-9999	-9999	-9999	-9999	-9999
0070700411	2012	4	15	106	-9999	-9999	-9999	-9999	-9999
0070700411	2012	4	16	107	-9999	-9999	-9999	-9999	-9999
0070700411	2012	4	17	108	-9999	-9999	-9999	-9999	-9999
0070700411	2012	4	18	109	-9999	-9999	-9999	-9999	-9999
0070700411	2012	4	19	110	-9999	-9999	-9999	-9999	-9999
0070700411	2012	4	20	111	-9999	-9999	-9999	-9999	-9999
0070700411	2012	4	21	112	-9999	-9999	-9999	-9999	-9999
0070700411	2012	4	22	113	-9999	-9999	-9999	-9999	-9999
0070700411	2012	4	23	114	-9999	-9999	-9999	-9999	-9999
0070700411	2012	4	24	115	-9999	-9999	-9999	-9999	-9999
0070700411	2012	4	25	116	-9999	-9999	-9999	-9999	-9999
0070700411	2012	4	26	117	-9999	-9999	-9999	-9999	-9999
0070700411	2012	4	27	118	-9999	-9999	-9999	-9999	-9999
0070700411	2012	4	28	119	-9999	-9999	-9999	-9999	-9999
0070700411	2012	4	29	120	-9999	-9999	-9999	-9999	-9999
0070700411	2012	4	30	121	-9999	-9999	-9999	-9999	-9999
0070700411	2012	5	1	122	-9999	-9999	-9999	-9999	-9999
0070700411	2012	5	2	123	-9999	-9999	-9999	-9999	-9999
0070700411	2012	5	3	124	-9999	-9999	-9999	-9999	-9999
0070700411	2012	5	4	125	-9999	-9999	-9999	-9999	-9999
0070700411	2012	5	5	126	-9999	-9999	-9999	-9999	-9999
0070700411	2012	5	6	127	-9999	-9999	-9999	-9999	-9999
0070700411	2012	5	7	128	-9999	-9999	-9999	-9999	-9999
0070700411	2012	5	8	129	-9999	-9999	-9999	-9999	-9999
0070700411	2012	5	9	130	-9999	-9999	-9999	-9999	-9999
0070700411	2012	5	10	131	-9999	-9999	-9999	-9999	-9999
0070700411	2012	5	11	132	-9999	-9999	-9999	-9999	-9999
0070700411	2012	5	12	133	-9999	-9999	-9999	-9999	-9999
0070700411	2012	5	13	134	-9999	-9999	-9999	-9999	-9999
0070700411	2012	5	14	135	-9999	-9999	-9999	-9999	-9999
0070700411	2012	5	15	136	-9999	-9999	-9999	-9999	-9999
0070700411	2012	5	16	137	-9999	-9999	-9999	-9999	-9999
0070700411	2012	5	17	138	-9999	-9999	-9999	-9999	-9999
0070700411	2012	5	18	139	-9999	-9999	-9999	-9999	-9999
0070700411	2012	5	19	140	-9999	-9999	-9999	-9999	-9999
0070700411	2012	5	20	141	-9999	-9999	-9999	-9999	-9999
0070700411	2012	5	21	142	-9999	-9999	-9999	-9999	-9999
0070700411	2012	5	22	143	-9999	-9999	-9999	-9999	-9999
0070700411	2012	5	23	144	-9999	-9999	-9999	-9999	-9999
0070700411	2012	5	24	145	-9999	-9999	-9999	-9999	-9999
0070700411	2012	5	25	146	-9999	-9999	-9999	-9999	-9999
0070700411	2012	5	26	147	-9999	-9999	-9999	-9999	-9999
0070700411	2012	5	27	148	-9999	-9999	-9999	-9999	-9999
0070700411	2012	5	28	149	-9999	-9999	-9999	-9999	-9999
0070700411	2012	5	29	150	-9999	-9999	-9999	-9999	-9999
0070700411	2012	5	30	151	-9999	-9999	-9999	-9999	-9999
0070700411	2012	5	31	152	-9999	-9999	-9999	-9999	-9999
0070700411	2012	6	1	153	-9999	-9999	-9999	-9999	-9999
0070700411	2012	6	2	154	-9999	-9999	-9999	-9999	-9999
0070700411	2012	6	3	155	-9999	-9999	-9999	-9999	-9999
0070700411	2012	6	4	156	-9999	-9999	-9999	-9999	-9999
0070700411	2012	6	5	157	-9999	-9999	-9999	-9999	-9999
0070700411	2012	6	6	158	-9999	-9999	-9999	-9999	-9999
0070700411	2012	6	7	159	-9999	-9999	-9999	-9999	-9999
0070700411	2012	6	8	160	-9999	-9999	-9999	-9999	-9999
0070700411	2012	6	9	161	-9999	-9999	-9999	-9999	-9999
0070700411	2012	6	10	162	-9999	-9999	-9999	-9999	-9999
0070700411	2012	6	11	163	-9999	-9999	-9999	-9999	-9999
0070700411	2012	6	12	164	-9999	-9999	-9999	-9999	-9999
0070700411	2012	6	13	165	-9999	-9999	-9999	-9999	-9999
0070700411	2012	6	14	166	-9999	-9999	-9999	-9999	-9999
0070700411	2012	6	15	167	-9999	-9999	-9999	-9999	-9999
0070700411	2012	6	16	168	-9999	-9999	-9999	-9999	-9999
0070700411	2012	6	17	169	-9999	-9999	-9999	-9999	-9999
0070700411	2012	6	18	170	-9999	-9999	-9999	-9999	-9999
0070700411	2012	6	19	171	-9999	-9999	-9999	-9999	-9999
0070700411	2012	6	20	172	-9999	-9999	-9999	-9999	-9999
0070700411	2012	6	21	173	-9999	-9999	-9999	-9999	-9999
0070700411	2012	6	22	174	-9999	-9999	-9999	-9999	-9999
0070700411	2012	6	23	175	-9999	-9999	-9999	-9999	-9999
0070700411	2012	6	24	176	-9999	-9999	-9999	-9999	-9999
0070700411	2012	6	25	177	-9999	-9999	-9999	-9999	-9999
0070700411	2012	6	26	178	-9999	-9999	-9999	-9999	-9999
0070700411	2012	6	27	179	-9999	-9999	-9999	-9999	-9999
0070700411	2012	6	28	180	-9999	-9999	-9999	-9999	-9999
0070700411	2012	6	29	181	-9999	-9999	-9999	-9999	-9999
0070700411	2012	6	30	182	-9999	-9999	-9999	-9999	-9999
0070700411	2012	7	1	183	-9999	-9999	-9999	-9999	-9999
0070700411	2012	7	2	184	-9999	-9999	-9999	-9999	-9999
0070700411	2012	7	3	185	-9999	-9999	-9999	-9999	-9999
0070700411	2012	7	4	186	-9999	-9999	-9999	-9999	-9999
0070700411	2012	7	5	187	-9999	-9999	-9999	-9999	-9999
0070700411	2012	7	6	188	-9999	-9999	-9999	-9999	-9999
0070700411	2012	7	7	189	-9999	-9999	-9999	-9999	-9999
0070700411	2012	7	8	190	-9999	-9999	-9999	-9999	-9999
0070700411	2012	7	9	191	-9999	-9999	-9999	-9999	-9999
0070700411	2012	7	10	192	-9999	-9999	-9999	-9999	-9999
0070700411	2012	7	11	193	-9999	-9999	-9999	-9999	-9999
0070700411	2012	7	12	194	-9999	-9999	-9999	-9999	-9999
0070700411	2012	7	13	195	-9999	-9999	-9999	-9999	-9999
0070700411	2012	7	14	196	-9999	-9999	-9999	-9999	-9999
0070700411	2012	7	15	197	-9999	-9999	-9999	-9999	-9999
0070700411	2012	7	16	198	-9999	-9999	-9999	-9999	-9999
0070700411	2012	7	17	199	-9999	-9999	-9999	-9999	-9999
0070700411	2012	7	18	200	-9999	-9999	-9999	-9999	-9999
0070700411	2012	7	19	201	-9999	-9999	-9999	-9999	-9999
0070700411	2012	7	20	202	-9999	-9999	-9999	-9999	-9999
0070700411	2012	7	21	203	-9999	-9999	-9999	-9999	-9999
0070700411	2012	7	22	204	-9999	-9999	-9999	-9999	-9999
0070700411	2012	7	23	205	-9999	-9999	-9999	-9999	-9999
0070700411	2012	7	24	206	-9999	-9999	-9999	-9999	-9999
0070700411	2012	7	25	207	-9999	-9999	-9999	-9999	-9999
0070700411	2012	7	26	208	-9999	-9999	-9999	-9999	-9999
0070700411	2012	7	27	209	-9999	-9999	-9999	-9999	-9999
0070700411	2012	7	28	210	-9999	-9999	-9999	-9999	-9999
0070700411	2012	7	29	211	-9999	-9999	-9999	-9999	-9999
0070700411	2012	7	30	212	-9999	-9999	-9999	-9999	-9999
0070700411	2012	7	31	213	-9999	-9999	-9999	-9999	-9999
0070700411	2012	8	1	214	-9999	-9999	-9999	-9999	-9999
0070700411	2012	8	2	215	-9999	-9999	-9999	-9999	-9999
0070700411	2012	8	3	216	-9999	-9999	-9999	-9999	-9999
0070700411	2012	8	4	217	-9999	-9999	-9999	-9999	-9999
0070700411	2012	8	5	218	-9999	-9999	-9999	-9999	-9999
0070700411	2012	8	6	219	-9999	-9999	-9999	-9999	-9999
0070700411	2012	8	7	220	-9999	-9999	-9999	-9999	-9999
0070700411	2012	8	8	221	-9999	-9999	-9999	-9999	-9999
0070700411	2012	8	9	222	-9999	-9999	-9999	-9999	-9999
0070700411	2012	8	10	223	-9999	-9999	-9999	-9999	-9999
0070700411	2012	8	11	224	-9999	-9999	-9999	-9999	-9999
0070700411	2012	8	12	225	-9999	-9999	-9999	-9999	-9999
0070700411	2012	8	13	226	-9999	-9999	-9999	-9999	-9999
0070700411	2012	8	14	227	-9999	-9999	-9999	-9999	-9999
0070700411	2012	8	15	228	-9999	-9999	-9999	-9999	-9999
0070700411	2012	8	16	229	-9999	-9999	-9999	-9999	-9999
0070700411	2012	8	17	230	-9999	-9999	-9999	-9999	-9999
0070700411	2012	8	18	231	-9999	-9999	-9999	-9999	-9999
0070700411	2012	8	19	232	-9999	-9999	-9999	-9999	-9999
0070700411	2012	8	20	233	-9999	-9999	-9999	-9999	-9999
0070700411	2012	8	21	234	-9999	-9999	-9999	-9999	-9999
0070700411	2012	8	22	235	-9999	-9999	-9999	-9999	-9999
0070700411	2012	8	23	236	-9999	-9999	-9999	-9999	-9999
0070700411	2012	8	24	237	-9999	-9999	-9999	-9999	-9999
0070700411	2012	8	25	238	-9999	-9999	-9999	-9999	-9999
0070700411	2012	8	26	239	-9999	-9999	-9999	-9999	-9999
0070700411	2012	8	27	240	-9999	-9999	-9999	-9999	-9999
0070700411	2012	8	28	241	-9999	-9999	-9999	-9999	-9999
0070700411	2012	8	29	242	-9999	-9999	-9999	-9999	-9999
0070700411	2012	8	30	243	-9999	-9999	-9999	-9999	-9999
0070700411	2012	8	31	244	-9999	-9999	-9999	-9999	-9999
0070700411	2012	9	1	245	-9999	-9999	-9999	-9999	-9999
0070700411	2012	9	2	246	-9999	-9999	-9999	-9999	-9999
0070700411	2012	9	3	247	-9999	-9999	-9999	-9999	-9999
0070700411	2012	9	4	248	-9999	-9999	-9999	-9999	-9999
0070700411	2012	9	5	249	-9999	-9999	-9999	-9999	-9999
0070700411	2012	9	6	250	-9999	-9999	-9999	-9999	-9999
0070700411	2012	9	7	251	-9999	-9999	-9999	-9999	-9999
0070700411	2012	9	8	252	-9999	-9999	-9999	-9999	-9999
0070700411	2012	9	9	253	-9999	-9999	-9999	-9999	-9999
0070700411	2012	9	10	254	-9999	-9999	-9999	-9999	-9999
0070700411	2012	9	11	255	-9999	-9999	-9999	-9999	-9999
0070700411	2012	9	12	256	-9999	-9999	-9999	-9999	-9999
0070700411	2012	9	13	257	-9999	-9999	-9999	-9999	-9999
0070700411	2012	9	14	258	-9999	-9999	-9999	-9999	-9999
0070700411	2012	9	15	259	-9999	-9999	-9999	-9999	-9999
0070700411	2012	9	16	260	-9999	-9999	-9999	-9999	-9999
0070700411	2012	9	17	261	-9999	-9999	-9999	-9999	-9999
0070700411	2012	9	18	262	-9999	-9999	-9999	-9999	-9999
0070700411	2012	9	19	263	-9999	-9999	-9999	-9999	-9999
0070700411	2012	9	20	264	-9999	-9999	-9999	-9999	-9999
0070700411	2012	9	21	265	-9999	-9999	-9999	-9999	-9999
0070700411	2012	9	22	266	-9999	-9999	-9999	-9999	-9999
0070700411	2012	9	23	267	-9999	-9999	-9999	-9999	-9999
0070700411	2012	9	24	268	-9999	-9999	-9999	-9999	-9999
0070700411	2012	9	25	269	-9999	-9999	-9999	-9999	-9999
0070700411	2012	9	26	270	-9999	-9999	-9999	-9999	-9999
0070700411	2012	9	27	271	-9999	-9999	-9999	-9999	-9999
0070700411	2012	9	28	272	-9999	-9999	-9999	-9999	-9999
0070700411	2012	9	29	273	-9999	-9999	-9999	-9999	-9999
0070700411	2012	9	30	274	-9999	-9999	-9999	-9999	-9999
0070700411	2012	10	1	275	-9999	-9999	-9999	-9999	-9999
0070700411	2012	10	2	276	-9999	-9999	-9999	-9999	-9999
0070700411	2012	10	3	277	-9999	-9999	-9999	-9999	-9999
0070700411	2012	10	4	278	-9999	-9999	-9999	-9999	-9999
0070700411	2012	10	5	279	-9999	-9999	-9999	-9999	-9999
0070700411	2012	10	6	280	-9999	-9999	-9999	-9999	-9999
0070700411	2012	10	7	281	-9999	-9999	-9999	-9999	-9999
0070700411	2012	10	8	282	-9999	-9999	-9999	-9999	-9999
0070700411	2012	10	9	283	-9999	-9999	-9999	-9999	-9999
0070700411	2012	10	10	284	-9999	-9999	-9999	-9999	-9999
0070700411	2012	10	11	285	-9999	-9999	-9999	-9999	-9999
0070700411	2012	10	12	286	-9999	-9999	-9999	-9999	-9999
0070700411	2012	10	13	287	-9999	-9999	-9999	-9999	-9999
0070700411	2012	10	14	288	-9999	-9999	-9999	-9999	-9999
0070700411	2012	10	15	289	-9999	-9999	-9999	-9999	-9999
0070700411	2012	10	16	290	-9999	-9999	-9999	-9999	-9999
0070700411	2012	10	17	291	-9999	-9999	-9999	-9999	-9999
0070700411	2012	10	18	292	-9999	-9999	-9999	-9999	-9999
0070700411	2012	10	19	293	-9999	-9999	-9999	-9999	-9999
0070700411	2012	10	20	294	-9999	-9999	-9999	-9999	-9999
0070700411	2012	10	21	295	-9999	-9999	-9999	-9999	-9999
0070700411	2012	10	22	296	-9999	-9999	-9999	-9999	-9999
0070700411	2012	10	23	297	-9999	-9999	-9999	-9999	-9999
0070700411	2012	10	24	298	-9999	-9999	-9999	-9999	-9999
0070700411	2012	10	25	299	-9999	-9999	-9999	-9999	-9999
0070700411	2012	10	26	300	-9999	-9999	-9999	-9999	-9999
0070700411	2012	10	27	301	-9999	-9999	-9999	-9999	-9999
0070700411	2012	10	28	302	-9999	-9999	-9999	-9999	-9999
0070700411	2012	10	29	303	-9999	-9999	-9999	-9999	-9999
0070700411	2012	10	30	304	-9999	-9999	-9999	-9999	-9999
0070700411	2012	10	31	305	-9999	-9999	-9999	-9999	-9999
0070700411	2012	11	1	306	-9999	-9999	-9999	-9999	-9999
0070700411	2012	11	2	307	-9999	-9999	-9999	-9999	-9999
0070700411	2012	11	3	308	-9999	-9999	-9999	-9999	-9999
0070700411	2012	11	4	309	-9999	-9999	-9999	-9999	-9999
0070700411	2012	11	5	310	-9999	-9999	-9999	-9999	-9999
0070700411	2012	11	6	311	-9999	-9999	-9999	-9999	-9999
0070700411	2012	11	7	312	-9999	-9999	-9999	-9999	-9999
0070700411	2012	11	8	313	-9999	-9999	-9999	-9999	-9999
0070700411	2012	11	9	314	-9999	-9999	-9999	-9999	-9999
0070700411	2012	11	10	315	-9999	-9999	-9999	-9999	-9999
0070700411	2012	11	11	316	-9999	-9999	-9999	-9999	-9999
0070700411	2012	11	12	317	-9999	-9999	-9999	-9999	-9999
0070700411	2012	11	13	318	-9999	-9999	-9999	-9999	-9999
0070700411	2012	11	14	319	-9999	-9999	-9999	-9999	-9999
0070700411	2012	11	15	320	-9999	-9999	-9999	-9999	-9999
0070700411	2012	11	16	321	-9999	-9999	-9999	-9999	-9999
0070700411	2012	11	17	322	-9999	-9999	-9999	-9999	-9999
0070700411	2012	11	18	323	-9999	-9999	-9999	-9999	-9999
0070700411	2012	11	19	324	-9999	-9999	-9999	-9999	-9999
0070700411	2012	11	20	325	-9999	-9999	-9999	-9999	-9999
0070700411	2012	11	21	326	-9999	-9999	-9999	-9999	-9999
0070700411	2012	11	22	327	-9999	-9999	-9999	-9999	-9999
0070700411	2012	11	23	328	-9999	-9999	-9999	-9999	-9999
0070700411	2012	11	24	329	-9999	-9999	-9999	-9999	-9999
0070700411	2012	11	25	330	-9999	-9999	-9999	-9999	-9999
0070700411	2012	11	26	331	-9999	-9999	-9999	-9999	-9999
0070700411	2012	11	27	332	-9999	-9999	-9999	-9999	-9999
0070700411	2012	11	28	333	-9999	-9999	-9999	-9999	-9999
0070700411	2012	11	29	334	-9999	-9999	-9999	-9999	-9999
0070700411	2012	11	30	335	-9999	-9999	-9999	-9999	-9999
0070700411	2012	12	1	336	-9999	-9999	-9999	-9999	-9999
0070700411	2012	12	2	337	-9999	-9999	-9999	-9999	-9999
0070700411	2012	12	3	338	-9999	-9999	-9999	-9999	-9999
0070700411	2012	12	4	339	-9999	-9999	-9999	-9999	-9999
0070700411	2012	12	5	340	-9999	-9999	-9999	-9999	-9999
0070700411	2012	12	6	341	-9999	-9999	-9999	-9999	-9999
0070700411	2012	12	7	342	-9999	-9999	-9999	-9999	-9999
0070700411	2012	12	8	343	-9999	-9999	-9999	-9999	-9999
0070700411	2012	12	9	344	-9999	-9999	-9999	-9999	-9999
0070700411	2012	12	10	345	-9999	-9999	-9999	-9999	-9999
0070700411	2012	12	11	346	-9999	-9999	-9999	-9999	-9999
0070700411	2012	12	12	347	-9999	-9999	-9999	-9999	-9999
0070700411	2012	12	13	348	-9999	-9999	-9999	-9999	-9999
0070700411	2012	12	14	349	-9999	-9999	-9999	-9999	-9999
0070700411	2012	12	15	350	-9999	-9999	-9999	-9999	-9999
0070700411	2012	12	16	351	-9999	-9999	-9999	-9999	-9999
0070700411	2012	12	17	352	-9999	-9999	-9999	-9999	-9999
0070700411	2012	12	18	353	-9999	-9999	-9999	-9999	-9999
0070700411	2012	12	19	354	-9999	-9999	-9999	-9999	-9999
0070700411	2012	12	20	355	-9999	-9999	-9999	-9999	-9999
0070700411	2012	12	21	356	-9999	-9999	-9999	-9999	-9999
0070700411	2012	12	22	357	-9999	-9999	-9999	-9999	-9999
0070700411	2012	12	23	358	-9999	-9999	-9999	-9999	-9999
0070700411	2012	12	24	359	-9999	-9999	-9999	-9999	-9999
0070700411	2012	12	25	360	-9999	-9999	-9999	-9999	-9999
0070700411	2012	12	26	361	-9999	-9999	-9999	-9999	-9999
0070700411	2012	12	27	362	-9999	-9999	-9999	-9999	-9999
0070700411	2012	12	28	363	-9999	-9999	-9999	-9999	-9999
0070700411	2012	12	29	364	-9999	-9999	-9999	-9999	-9999
0070700411	2012	12	30	365	-9999	-9999	-9999	-9999	-9999
0070700411	2012	12	31	366	-9999	-9999	-9999	-9999	-9999
