stationID	Y	M	D	DOY	depth_5	depth_10
0070600811	2010	1	1	1	-9999	-9999
0070600811	2010	1	2	2	-9999	-9999
0070600811	2010	1	3	3	-9999	-9999
0070600811	2010	1	4	4	-9999	-9999
0070600811	2010	1	5	5	-9999	-9999
0070600811	2010	1	6	6	-9999	-9999
0070600811	2010	1	7	7	-9999	-9999
0070600811	2010	1	8	8	-9999	-9999
0070600811	2010	1	9	9	-9999	-9999
0070600811	2010	1	10	10	-9999	-9999
0070600811	2010	1	11	11	-9999	-9999
0070600811	2010	1	12	12	-9999	-9999
0070600811	2010	1	13	13	-9999	-9999
0070600811	2010	1	14	14	-9999	-9999
0070600811	2010	1	15	15	-9999	-9999
0070600811	2010	1	16	16	-9999	-9999
0070600811	2010	1	17	17	-9999	-9999
0070600811	2010	1	18	18	-9999	-9999
0070600811	2010	1	19	19	-9999	-9999
0070600811	2010	1	20	20	-9999	-9999
0070600811	2010	1	21	21	-9999	-9999
0070600811	2010	1	22	22	-9999	-9999
0070600811	2010	1	23	23	-9999	-9999
0070600811	2010	1	24	24	-9999	-9999
0070600811	2010	1	25	25	-9999	-9999
0070600811	2010	1	26	26	-9999	-9999
0070600811	2010	1	27	27	-9999	-9999
0070600811	2010	1	28	28	-9999	-9999
0070600811	2010	1	29	29	-9999	-9999
0070600811	2010	1	30	30	-9999	-9999
0070600811	2010	1	31	31	-9999	-9999
0070600811	2010	2	1	32	-9999	-9999
0070600811	2010	2	2	33	-9999	-9999
0070600811	2010	2	3	34	-9999	-9999
0070600811	2010	2	4	35	-9999	-9999
0070600811	2010	2	5	36	-9999	-9999
0070600811	2010	2	6	37	-9999	-9999
0070600811	2010	2	7	38	-9999	-9999
0070600811	2010	2	8	39	-9999	-9999
0070600811	2010	2	9	40	-9999	-9999
0070600811	2010	2	10	41	-9999	-9999
0070600811	2010	2	11	42	-9999	-9999
0070600811	2010	2	12	43	-9999	-9999
0070600811	2010	2	13	44	-9999	-9999
0070600811	2010	2	14	45	-9999	-9999
0070600811	2010	2	15	46	-9999	-9999
0070600811	2010	2	16	47	-9999	-9999
0070600811	2010	2	17	48	-9999	-9999
0070600811	2010	2	18	49	-9999	-9999
0070600811	2010	2	19	50	-9999	-9999
0070600811	2010	2	20	51	-9999	-9999
0070600811	2010	2	21	52	-9999	-9999
0070600811	2010	2	22	53	-9999	-9999
0070600811	2010	2	23	54	-9999	-9999
0070600811	2010	2	24	55	-9999	-9999
0070600811	2010	2	25	56	-9999	-9999
0070600811	2010	2	26	57	-9999	-9999
0070600811	2010	2	27	58	-9999	-9999
0070600811	2010	2	28	59	-9999	-9999
0070600811	2010	3	1	60	-9999	-9999
0070600811	2010	3	2	61	-9999	-9999
0070600811	2010	3	3	62	-9999	-9999
0070600811	2010	3	4	63	-9999	-9999
0070600811	2010	3	5	64	-9999	-9999
0070600811	2010	3	6	65	-9999	-9999
0070600811	2010	3	7	66	-9999	-9999
0070600811	2010	3	8	67	-9999	-9999
0070600811	2010	3	9	68	-9999	-9999
0070600811	2010	3	10	69	-9999	-9999
0070600811	2010	3	11	70	-9999	-9999
0070600811	2010	3	12	71	-9999	-9999
0070600811	2010	3	13	72	-9999	-9999
0070600811	2010	3	14	73	-9999	-9999
0070600811	2010	3	15	74	-9999	-9999
0070600811	2010	3	16	75	-9999	-9999
0070600811	2010	3	17	76	-9999	-9999
0070600811	2010	3	18	77	-9999	-9999
0070600811	2010	3	19	78	-9999	-9999
0070600811	2010	3	20	79	-9999	-9999
0070600811	2010	3	21	80	-9999	-9999
0070600811	2010	3	22	81	-9999	-9999
0070600811	2010	3	23	82	-9999	-9999
0070600811	2010	3	24	83	-9999	-9999
0070600811	2010	3	25	84	-9999	-9999
0070600811	2010	3	26	85	-9999	-9999
0070600811	2010	3	27	86	-9999	-9999
0070600811	2010	3	28	87	-9999	-9999
0070600811	2010	3	29	88	-9999	-9999
0070600811	2010	3	30	89	-9999	-9999
0070600811	2010	3	31	90	-9999	-9999
0070600811	2010	4	1	91	-9999	-9999
0070600811	2010	4	2	92	-9999	-9999
0070600811	2010	4	3	93	-9999	-9999
0070600811	2010	4	4	94	-9999	-9999
0070600811	2010	4	5	95	-9999	-9999
0070600811	2010	4	6	96	-9999	-9999
0070600811	2010	4	7	97	-9999	-9999
0070600811	2010	4	8	98	-9999	-9999
0070600811	2010	4	9	99	-9999	-9999
0070600811	2010	4	10	100	-9999	-9999
0070600811	2010	4	11	101	-9999	-9999
0070600811	2010	4	12	102	-9999	-9999
0070600811	2010	4	13	103	-9999	-9999
0070600811	2010	4	14	104	-9999	-9999
0070600811	2010	4	15	105	-9999	-9999
0070600811	2010	4	16	106	-9999	-9999
0070600811	2010	4	17	107	-9999	-9999
0070600811	2010	4	18	108	-9999	-9999
0070600811	2010	4	19	109	-9999	-9999
0070600811	2010	4	20	110	-9999	-9999
0070600811	2010	4	21	111	-9999	-9999
0070600811	2010	4	22	112	-9999	-9999
0070600811	2010	4	23	113	-9999	-9999
0070600811	2010	4	24	114	-9999	-9999
0070600811	2010	4	25	115	-9999	-9999
0070600811	2010	4	26	116	-9999	-9999
0070600811	2010	4	27	117	-9999	-9999
0070600811	2010	4	28	118	-9999	-9999
0070600811	2010	4	29	119	-9999	-9999
0070600811	2010	4	30	120	-9999	-9999
0070600811	2010	5	1	121	-9999	-9999
0070600811	2010	5	2	122	-9999	-9999
0070600811	2010	5	3	123	-9999	-9999
0070600811	2010	5	4	124	-9999	-9999
0070600811	2010	5	5	125	-9999	-9999
0070600811	2010	5	6	126	-9999	-9999
0070600811	2010	5	7	127	-9999	-9999
0070600811	2010	5	8	128	-9999	-9999
0070600811	2010	5	9	129	-9999	-9999
0070600811	2010	5	10	130	-9999	-9999
0070600811	2010	5	11	131	-9999	-9999
0070600811	2010	5	12	132	-9999	-9999
0070600811	2010	5	13	133	-9999	-9999
0070600811	2010	5	14	134	-9999	-9999
0070600811	2010	5	15	135	-9999	-9999
0070600811	2010	5	16	136	-9999	-9999
0070600811	2010	5	17	137	-9999	-9999
0070600811	2010	5	18	138	-9999	-9999
0070600811	2010	5	19	139	-9999	-9999
0070600811	2010	5	20	140	-9999	-9999
0070600811	2010	5	21	141	-9999	-9999
0070600811	2010	5	22	142	-9999	-9999
0070600811	2010	5	23	143	-9999	-9999
0070600811	2010	5	24	144	-9999	-9999
0070600811	2010	5	25	145	-9999	-9999
0070600811	2010	5	26	146	-9999	-9999
0070600811	2010	5	27	147	-9999	-9999
0070600811	2010	5	28	148	-9999	-9999
0070600811	2010	5	29	149	-9999	-9999
0070600811	2010	5	30	150	-9999	-9999
0070600811	2010	5	31	151	-9999	-9999
0070600811	2010	6	1	152	-9999	-9999
0070600811	2010	6	2	153	-9999	-9999
0070600811	2010	6	3	154	-9999	-9999
0070600811	2010	6	4	155	-9999	-9999
0070600811	2010	6	5	156	-9999	-9999
0070600811	2010	6	6	157	-9999	-9999
0070600811	2010	6	7	158	-9999	-9999
0070600811	2010	6	8	159	-9999	-9999
0070600811	2010	6	9	160	-9999	-9999
0070600811	2010	6	10	161	-9999	-9999
0070600811	2010	6	11	162	-9999	-9999
0070600811	2010	6	12	163	-9999	-9999
0070600811	2010	6	13	164	-9999	-9999
0070600811	2010	6	14	165	-9999	-9999
0070600811	2010	6	15	166	-9999	-9999
0070600811	2010	6	16	167	-9999	-9999
0070600811	2010	6	17	168	-9999	-9999
0070600811	2010	6	18	169	-9999	-9999
0070600811	2010	6	19	170	-9999	-9999
0070600811	2010	6	20	171	-9999	-9999
0070600811	2010	6	21	172	-9999	-9999
0070600811	2010	6	22	173	-9999	-9999
0070600811	2010	6	23	174	-9999	-9999
0070600811	2010	6	24	175	-9999	-9999
0070600811	2010	6	25	176	-9999	-9999
0070600811	2010	6	26	177	-9999	-9999
0070600811	2010	6	27	178	-9999	-9999
0070600811	2010	6	28	179	-9999	-9999
0070600811	2010	6	29	180	-9999	-9999
0070600811	2010	6	30	181	-9999	-9999
0070600811	2010	7	1	182	-9999	-9999
0070600811	2010	7	2	183	-9999	-9999
0070600811	2010	7	3	184	-9999	-9999
0070600811	2010	7	4	185	-9999	-9999
0070600811	2010	7	5	186	-9999	-9999
0070600811	2010	7	6	187	-9999	-9999
0070600811	2010	7	7	188	-9999	-9999
0070600811	2010	7	8	189	-9999	-9999
0070600811	2010	7	9	190	-9999	-9999
0070600811	2010	7	10	191	-9999	-9999
0070600811	2010	7	11	192	-9999	-9999
0070600811	2010	7	12	193	-9999	-9999
0070600811	2010	7	13	194	-9999	-9999
0070600811	2010	7	14	195	-9999	-9999
0070600811	2010	7	15	196	-9999	-9999
0070600811	2010	7	16	197	-9999	-9999
0070600811	2010	7	17	198	-9999	-9999
0070600811	2010	7	18	199	-9999	-9999
0070600811	2010	7	19	200	-9999	-9999
0070600811	2010	7	20	201	-9999	-9999
0070600811	2010	7	21	202	-9999	-9999
0070600811	2010	7	22	203	-9999	-9999
0070600811	2010	7	23	204	-9999	-9999
0070600811	2010	7	24	205	-9999	-9999
0070600811	2010	7	25	206	-9999	-9999
0070600811	2010	7	26	207	-9999	-9999
0070600811	2010	7	27	208	-9999	-9999
0070600811	2010	7	28	209	-9999	-9999
0070600811	2010	7	29	210	-9999	-9999
0070600811	2010	7	30	211	-9999	-9999
0070600811	2010	7	31	212	-9999	-9999
0070600811	2010	8	1	213	-9999	-9999
0070600811	2010	8	2	214	-9999	-9999
0070600811	2010	8	3	215	-9999	-9999
0070600811	2010	8	4	216	-9999	-9999
0070600811	2010	8	5	217	-9999	-9999
0070600811	2010	8	6	218	-9999	-9999
0070600811	2010	8	7	219	-9999	-9999
0070600811	2010	8	8	220	-9999	-9999
0070600811	2010	8	9	221	-9999	-9999
0070600811	2010	8	10	222	0.10925	0.142
0070600811	2010	8	11	223	0.10925	0.142
0070600811	2010	8	12	224	0.10925	0.142
0070600811	2010	8	13	225	0.10925	0.142
0070600811	2010	8	14	226	0.10925	0.142
0070600811	2010	8	15	227	0.10925	0.142
0070600811	2010	8	16	228	0.10925	0.142
0070600811	2010	8	17	229	0.10925	0.142
0070600811	2010	8	18	230	0.10925	0.142
0070600811	2010	8	19	231	0.10925	0.142
0070600811	2010	8	20	232	0.108625	0.139041667
0070600811	2010	8	21	233	0.1025833333	0.130375
0070600811	2010	8	22	234	0.097125	0.121583333
0070600811	2010	8	23	235	0.09166666667	0.112708333
0070600811	2010	8	24	236	0.086	0.106
0070600811	2010	8	25	237	0.08179166667	0.100375
0070600811	2010	8	26	238	0.07945833333	0.096416667
0070600811	2010	8	27	239	0.077375	0.092666667
0070600811	2010	8	28	240	0.07583333333	0.090291667
0070600811	2010	8	29	241	0.073875	0.086916667
0070600811	2010	8	30	242	0.07216666667	0.085458333
0070600811	2010	8	31	243	0.070375	0.0825
0070600811	2010	9	1	244	0.06875	0.080416667
0070600811	2010	9	2	245	0.068	0.119833333
0070600811	2010	9	3	246	0.06754166667	0.116708333
0070600811	2010	9	4	247	0.06858333333	0.10825
0070600811	2010	9	5	248	0.06970833333	0.101
0070600811	2010	9	6	249	0.07641666667	0.104208333
0070600811	2010	9	7	250	0.2176666667	0.264416667
0070600811	2010	9	8	251	0.192625	0.245458333
0070600811	2010	9	9	252	0.2084583333	0.253958333
0070600811	2010	9	10	253	0.207375	0.257375
0070600811	2010	9	11	254	0.1980416667	0.250708333
0070600811	2010	9	12	255	0.189625	0.24325
0070600811	2010	9	13	256	0.1832083333	0.236833333
0070600811	2010	9	14	257	0.178625	0.231708333
0070600811	2010	9	15	258	0.1755	0.227416667
0070600811	2010	9	16	259	0.177125	0.229625
0070600811	2010	9	17	260	0.1852916667	0.240041667
0070600811	2010	9	18	261	0.1898333333	0.243
0070600811	2010	9	19	262	0.1855	0.239208333
0070600811	2010	9	20	263	0.1815833333	0.235916667
0070600811	2010	9	21	264	0.1797916667	0.233916667
0070600811	2010	9	22	265	0.1769166667	0.23
0070600811	2010	9	23	266	0.178	0.232583333
0070600811	2010	9	24	267	0.1995	0.251708333
0070600811	2010	9	25	268	0.1918333333	0.245375
0070600811	2010	9	26	269	0.18625	0.240666667
0070600811	2010	9	27	270	0.181625	0.23575
0070600811	2010	9	28	271	0.177625	0.230625
0070600811	2010	9	29	272	0.1744583333	0.22575
0070600811	2010	9	30	273	0.170875	0.21975
0070600811	2010	10	1	274	0.1675416667	0.2145
0070600811	2010	10	2	275	0.1640416667	0.209
0070600811	2010	10	3	276	0.1613333333	0.2045
0070600811	2010	10	4	277	0.157625	0.197916667
0070600811	2010	10	5	278	0.1541666667	0.189916667
0070600811	2010	10	6	279	0.1490833333	0.18125
0070600811	2010	10	7	280	0.1434166667	0.173666667
0070600811	2010	10	8	281	0.1385	0.168
0070600811	2010	10	9	282	0.1344166667	0.163458333
0070600811	2010	10	10	283	0.1301666667	0.159375
0070600811	2010	10	11	284	0.1252083333	0.154875
0070600811	2010	10	12	285	0.12125	0.151041667
0070600811	2010	10	13	286	0.1167916667	0.145625
0070600811	2010	10	14	287	0.1127083333	0.141583333
0070600811	2010	10	15	288	0.1090833333	0.138208333
0070600811	2010	10	16	289	0.106	0.135791667
0070600811	2010	10	17	290	0.1026666667	0.13225
0070600811	2010	10	18	291	0.1014583333	0.13075
0070600811	2010	10	19	292	0.1005833333	0.129791667
0070600811	2010	10	20	293	0.09875	0.127916667
0070600811	2010	10	21	294	0.096	0.125291667
0070600811	2010	10	22	295	0.09433333333	0.123916667
0070600811	2010	10	23	296	0.09345833333	0.123041667
0070600811	2010	10	24	297	0.09270833333	0.122125
0070600811	2010	10	25	298	0.09270833333	0.122083333
0070600811	2010	10	26	299	0.09220833333	0.124625
0070600811	2010	10	27	300	0.08979166667	0.148458333
0070600811	2010	10	28	301	0.09108333333	0.157583333
0070600811	2010	10	29	302	0.09441666667	0.161375
0070600811	2010	10	30	303	0.1345833333	0.185208333
0070600811	2010	10	31	304	0.1452916667	0.188708333
0070600811	2010	11	1	305	0.1480833333	0.1905
0070600811	2010	11	2	306	0.1458333333	0.197541667
0070600811	2010	11	3	307	0.1442083333	0.198333333
0070600811	2010	11	4	308	0.143375	0.195875
0070600811	2010	11	5	309	0.1420416667	0.193208333
0070600811	2010	11	6	310	0.1412083333	0.191958333
0070600811	2010	11	7	311	0.1412916667	0.191291667
0070600811	2010	11	8	312	0.1410416667	0.18975
0070600811	2010	11	9	313	0.1403333333	0.18875
0070600811	2010	11	10	314	0.1400833333	0.187041667
0070600811	2010	11	11	315	0.1387083333	0.184916667
0070600811	2010	11	12	316	0.138	0.182666667
0070600811	2010	11	13	317	0.1372916667	0.181416667
0070600811	2010	11	14	318	0.13775	0.180875
0070600811	2010	11	15	319	0.136875	0.179083333
0070600811	2010	11	16	320	0.13675	0.179208333
0070600811	2010	11	17	321	0.1372916667	0.178916667
0070600811	2010	11	18	322	0.136125	0.176791667
0070600811	2010	11	19	323	0.1165	0.175583333
0070600811	2010	11	20	324	0.0775	0.145708333
0070600811	2010	11	21	325	0.07629166667	0.141833333
0070600811	2010	11	22	326	0.07608333333	0.141208333
0070600811	2010	11	23	327	0.07658333333	0.140333333
0070600811	2010	11	24	328	0.07583333333	0.141291667
0070600811	2010	11	25	329	0.07991666667	0.141875
0070600811	2010	11	26	330	0.107	0.140416667
0070600811	2010	11	27	331	0.08666666667	0.140041667
0070600811	2010	11	28	332	0.076125	0.14
0070600811	2010	11	29	333	0.075625	0.14
0070600811	2010	11	30	334	0.075875	0.139625
0070600811	2010	12	1	335	0.1027916667	0.141
0070600811	2010	12	2	336	0.1067916667	0.1591
0070600811	2010	12	3	337	0.1062083333	0.1772
0070600811	2010	12	4	338	0.1051666667	0.1772
0070600811	2010	12	5	339	0.1049583333	0.1772
0070600811	2010	12	6	340	0.10425	0.1772
0070600811	2010	12	7	341	0.1051666667	0.177916667
0070600811	2010	12	8	342	0.098875	0.177458333
0070600811	2010	12	9	343	0.0765	0.177083333
0070600811	2010	12	10	344	0.07645833333	0.176791667
0070600811	2010	12	11	345	0.1023333333	0.176294118
0070600811	2010	12	12	346	0.1055833333	0.174989164
0070600811	2010	12	13	347	0.1059583333	0.173684211
0070600811	2010	12	14	348	0.10725	0.173684211
0070600811	2010	12	15	349	0.1069583333	0.173684211
0070600811	2010	12	16	350	0.1059583333	0.174625
0070600811	2010	12	17	351	0.1054583333	0.174416667
0070600811	2010	12	18	352	0.10525	0.174458333
0070600811	2010	12	19	353	0.1055416667	0.174708333
0070600811	2010	12	20	354	0.106	0.173958333
0070600811	2010	12	21	355	0.1076666667	0.173625
0070600811	2010	12	22	356	0.107125	0.173208333
0070600811	2010	12	23	357	0.1072083333	0.173416667
0070600811	2010	12	24	358	0.1066666667	0.173
0070600811	2010	12	25	359	0.1070416667	0.173041667
0070600811	2010	12	26	360	0.107125	0.173666667
0070600811	2010	12	27	361	0.1058333333	0.173166667
0070600811	2010	12	28	362	0.1052083333	0.17275
0070600811	2010	12	29	363	0.105	0.172583333
0070600811	2010	12	30	364	0.104375	0.171958333
0070600811	2010	12	31	365	0.1044166667	0.172916667
0070600811	2011	1	1	1	0.1057916667	0.172083333
0070600811	2011	1	2	2	0.1054583333	0.171894737
0070600811	2011	1	3	3	0.1045416667	0.171894737
0070600811	2011	1	4	4	0.1035	-9999
0070600811	2011	1	5	5	0.1039583333	-9999
0070600811	2011	1	6	6	0.1047083333	-9999
0070600811	2011	1	7	7	0.10525	-9999
0070600811	2011	1	8	8	0.1052916667	-9999
0070600811	2011	1	9	9	0.1055416667	-9999
0070600811	2011	1	10	10	0.1058695652	-9999
0070600811	2011	1	11	11	0.1065	-9999
0070600811	2011	1	12	12	0.1065	-9999
0070600811	2011	1	13	13	-9999	-9999
0070600811	2011	1	14	14	-9999	-9999
0070600811	2011	1	15	15	-9999	-9999
0070600811	2011	1	16	16	-9999	-9999
0070600811	2011	1	17	17	-9999	-9999
0070600811	2011	1	18	18	-9999	-9999
0070600811	2011	1	19	19	-9999	-9999
0070600811	2011	1	20	20	-9999	-9999
0070600811	2011	1	21	21	-9999	-9999
0070600811	2011	1	22	22	-9999	-9999
0070600811	2011	1	23	23	-9999	-9999
0070600811	2011	1	24	24	-9999	-9999
0070600811	2011	1	25	25	-9999	-9999
0070600811	2011	1	26	26	-9999	-9999
0070600811	2011	1	27	27	-9999	-9999
0070600811	2011	1	28	28	-9999	-9999
0070600811	2011	1	29	29	-9999	-9999
0070600811	2011	1	30	30	-9999	-9999
0070600811	2011	1	31	31	-9999	-9999
0070600811	2011	2	1	32	-9999	-9999
0070600811	2011	2	2	33	-9999	-9999
0070600811	2011	2	3	34	-9999	-9999
0070600811	2011	2	4	35	-9999	-9999
0070600811	2011	2	5	36	-9999	-9999
0070600811	2011	2	6	37	-9999	-9999
0070600811	2011	2	7	38	-9999	-9999
0070600811	2011	2	8	39	-9999	-9999
0070600811	2011	2	9	40	-9999	-9999
0070600811	2011	2	10	41	-9999	-9999
0070600811	2011	2	11	42	-9999	-9999
0070600811	2011	2	12	43	-9999	-9999
0070600811	2011	2	13	44	-9999	-9999
0070600811	2011	2	14	45	-9999	-9999
0070600811	2011	2	15	46	-9999	-9999
0070600811	2011	2	16	47	-9999	-9999
0070600811	2011	2	17	48	-9999	-9999
0070600811	2011	2	18	49	-9999	-9999
0070600811	2011	2	19	50	-9999	-9999
0070600811	2011	2	20	51	-9999	-9999
0070600811	2011	2	21	52	-9999	-9999
0070600811	2011	2	22	53	-9999	-9999
0070600811	2011	2	23	54	-9999	-9999
0070600811	2011	2	24	55	-9999	-9999
0070600811	2011	2	25	56	-9999	-9999
0070600811	2011	2	26	57	-9999	-9999
0070600811	2011	2	27	58	-9999	-9999
0070600811	2011	2	28	59	-9999	-9999
0070600811	2011	3	1	60	-9999	-9999
0070600811	2011	3	2	61	-9999	-9999
0070600811	2011	3	3	62	-9999	-9999
0070600811	2011	3	4	63	-9999	-9999
0070600811	2011	3	5	64	-9999	-9999
0070600811	2011	3	6	65	-9999	-9999
0070600811	2011	3	7	66	-9999	-9999
0070600811	2011	3	8	67	-9999	-9999
0070600811	2011	3	9	68	-9999	-9999
0070600811	2011	3	10	69	-9999	-9999
0070600811	2011	3	11	70	-9999	-9999
0070600811	2011	3	12	71	-9999	-9999
0070600811	2011	3	13	72	-9999	-9999
0070600811	2011	3	14	73	-9999	-9999
0070600811	2011	3	15	74	-9999	-9999
0070600811	2011	3	16	75	-9999	-9999
0070600811	2011	3	17	76	-9999	-9999
0070600811	2011	3	18	77	-9999	-9999
0070600811	2011	3	19	78	-9999	-9999
0070600811	2011	3	20	79	-9999	-9999
0070600811	2011	3	21	80	-9999	-9999
0070600811	2011	3	22	81	-9999	-9999
0070600811	2011	3	23	82	-9999	-9999
0070600811	2011	3	24	83	-9999	-9999
0070600811	2011	3	25	84	-9999	-9999
0070600811	2011	3	26	85	-9999	-9999
0070600811	2011	3	27	86	-9999	-9999
0070600811	2011	3	28	87	-9999	-9999
0070600811	2011	3	29	88	-9999	-9999
0070600811	2011	3	30	89	-9999	-9999
0070600811	2011	3	31	90	-9999	-9999
0070600811	2011	4	1	91	-9999	-9999
0070600811	2011	4	2	92	0.2054583333	-9999
0070600811	2011	4	3	93	0.2054583333	0.26725
0070600811	2011	4	4	94	0.2054583333	0.26725
0070600811	2011	4	5	95	0.2054583333	0.26725
0070600811	2011	4	6	96	0.2054583333	0.26725
0070600811	2011	4	7	97	0.2054583333	0.26725
0070600811	2011	4	8	98	0.2054583333	0.26725
0070600811	2011	4	9	99	0.2054583333	0.26725
0070600811	2011	4	10	100	0.2054583333	0.26725
0070600811	2011	4	11	101	0.2054583333	0.26725
0070600811	2011	4	12	102	0.213625	0.26725
0070600811	2011	4	13	103	0.2079166667	0.261166667
0070600811	2011	4	14	104	0.19125	0.255125
0070600811	2011	4	15	105	0.191125	0.25175
0070600811	2011	4	16	106	0.1277916667	0.2505
0070600811	2011	4	17	107	0.128	0.249
0070600811	2011	4	18	108	0.1286666667	0.24925
0070600811	2011	4	19	109	0.136	0.261333333
0070600811	2011	4	20	110	0.136875	0.272333333
0070600811	2011	4	21	111	0.1517083333	0.269333333
0070600811	2011	4	22	112	0.1828333333	0.287833333
0070600811	2011	4	23	113	0.2284583333	0.276666667
0070600811	2011	4	24	114	0.2125833333	0.263791667
0070600811	2011	4	25	115	0.205625	0.257916667
0070600811	2011	4	26	116	0.201625	0.253833333
0070600811	2011	4	27	117	0.1996666667	0.252041667
0070600811	2011	4	28	118	0.1985416667	0.250708333
0070600811	2011	4	29	119	0.196625	0.248
0070600811	2011	4	30	120	0.2034166667	0.255333333
0070600811	2011	5	1	121	0.205	0.255916667
0070600811	2011	5	2	122	0.20225	0.253125
0070600811	2011	5	3	123	0.1986666667	0.249125
0070600811	2011	5	4	124	0.19475	0.245291667
0070600811	2011	5	5	125	0.19175	0.241833333
0070600811	2011	5	6	126	0.1881666667	0.236625
0070600811	2011	5	7	127	0.1853333333	0.231958333
0070600811	2011	5	8	128	0.183125	0.227666667
0070600811	2011	5	9	129	0.1934583333	0.2425
0070600811	2011	5	10	130	0.2041666667	0.253375
0070600811	2011	5	11	131	0.2035833333	0.252708333
0070600811	2011	5	12	132	0.1979166667	0.247333333
0070600811	2011	5	13	133	0.194375	0.2435
0070600811	2011	5	14	134	0.1985	0.246708333
0070600811	2011	5	15	135	0.209125	0.256625
0070600811	2011	5	16	136	0.2012083333	0.249291667
0070600811	2011	5	17	137	0.194	0.241458333
0070600811	2011	5	18	138	0.1878333333	0.232875
0070600811	2011	5	19	139	0.1826666667	0.225222222
0070600811	2011	5	20	140	0.1771304348	0.218130435
0070600811	2011	5	21	141	0.1922916667	0.238166667
0070600811	2011	5	22	142	0.1985	0.246625
0070600811	2011	5	23	143	0.1934583333	0.241666667
0070600811	2011	5	24	144	0.1889166667	0.235791667
0070600811	2011	5	25	145	0.1842083333	0.2295
0070600811	2011	5	26	146	0.1781666667	0.220541667
0070600811	2011	5	27	147	0.172125	0.210708333
0070600811	2011	5	28	148	0.1655833333	0.196833333
0070600811	2011	5	29	149	0.1599583333	0.186083333
0070600811	2011	5	30	150	0.159875	0.193041667
0070600811	2011	5	31	151	0.17075	0.21475
0070600811	2011	6	1	152	0.1692916667	0.20875
0070600811	2011	6	2	153	0.163125	0.189875
0070600811	2011	6	3	154	0.1562083333	0.186
0070600811	2011	6	4	155	0.1464583333	0.171875
0070600811	2011	6	5	156	0.137125	0.158291667
0070600811	2011	6	6	157	0.1235	0.146208333
0070600811	2011	6	7	158	0.1070833333	0.134083333
0070600811	2011	6	8	159	0.09825	0.126708333
0070600811	2011	6	9	160	0.09208333333	0.121083333
0070600811	2011	6	10	161	0.089125	0.117166667
0070600811	2011	6	11	162	0.08770833333	0.115
0070600811	2011	6	12	163	0.09741666667	0.131791667
0070600811	2011	6	13	164	0.1272916667	0.174125
0070600811	2011	6	14	165	0.149625	0.215083333
0070600811	2011	6	15	166	0.2355	0.285208333
0070600811	2011	6	16	167	0.2315416667	0.264583333
0070600811	2011	6	17	168	0.2311666667	0.264291667
0070600811	2011	6	18	169	0.233125	0.266958333
0070600811	2011	6	19	170	0.2225833333	0.255291667
0070600811	2011	6	20	171	0.2149583333	0.247041667
0070600811	2011	6	21	172	0.2153333333	0.247041667
0070600811	2011	6	22	173	0.222125	0.286666667
0070600811	2011	6	23	174	0.2289166667	0.274708333
0070600811	2011	6	24	175	0.2289166667	0.262208333
0070600811	2011	6	25	176	0.2215833333	0.254666667
0070600811	2011	6	26	177	0.2186666667	0.251125
0070600811	2011	6	27	178	0.2259583334	0.276375
0070600811	2011	6	28	179	0.23325	0.26675
0070600811	2011	6	29	180	0.2223333333	0.25475
0070600811	2011	6	30	181	0.212375	0.242416667
0070600811	2011	7	1	182	0.202375	0.23075
0070600811	2011	7	2	183	0.1981666667	0.227666667
0070600811	2011	7	3	184	0.1880416667	0.21425
0070600811	2011	7	4	185	0.1705833333	0.192041667
0070600811	2011	7	5	186	0.1534166667	0.171083333
0070600811	2011	7	6	187	0.1334166667	0.154708333
0070600811	2011	7	7	188	0.123375	0.146875
0070600811	2011	7	8	189	0.1103333333	0.13675
0070600811	2011	7	9	190	0.2164166667	0.262666667
0070600811	2011	7	10	191	0.205625	0.259083333
0070600811	2011	7	11	192	0.1973333333	0.251541667
0070600811	2011	7	12	193	0.18775	0.240333333
0070600811	2011	7	13	194	0.177375	0.228125
0070600811	2011	7	14	195	0.171	0.220333333
0070600811	2011	7	15	196	0.1665416667	0.215458333
0070600811	2011	7	16	197	0.1534166667	0.19875
0070600811	2011	7	17	198	0.139125	0.181375
0070600811	2011	7	18	199	0.125375	0.165
0070600811	2011	7	19	200	0.1189166667	0.157625
0070600811	2011	7	20	201	0.1072083333	0.142625
0070600811	2011	7	21	202	0.09675	0.129291667
0070600811	2011	7	22	203	0.09091666667	0.119375
0070600811	2011	7	23	204	0.1708333333	0.224291667
0070600811	2011	7	24	205	0.1852916667	0.241416667
0070600811	2011	7	25	206	0.1809166667	0.234208333
0070600811	2011	7	26	207	0.1685	0.220208333
0070600811	2011	7	27	208	0.1598333333	0.211958333
0070600811	2011	7	28	209	0.1470416667	0.198583333
0070600811	2011	7	29	210	0.1365	0.188125
0070600811	2011	7	30	211	0.1314583333	0.19075
0070600811	2011	7	31	212	0.1350833333	0.198666667
0070600811	2011	8	1	213	0.1289166667	0.188041667
0070600811	2011	8	2	214	0.1281666667	0.1855
0070600811	2011	8	3	215	0.11925	0.167791667
0070600811	2011	8	4	216	0.112125	0.154041667
0070600811	2011	8	5	217	0.1022083333	0.138375
0070600811	2011	8	6	218	0.096	0.127625
0070600811	2011	8	7	219	0.09358333333	0.123583333
0070600811	2011	8	8	220	0.089375	0.117333333
0070600811	2011	8	9	221	0.084375	0.110375
0070600811	2011	8	10	222	0.081	0.104916667
0070600811	2011	8	11	223	0.07720833333	0.099208333
0070600811	2011	8	12	224	0.075	0.095958333
0070600811	2011	8	13	225	0.07379166667	0.09475
0070600811	2011	8	14	226	0.07291666667	0.09225
0070600811	2011	8	15	227	0.07154166667	0.090583333
0070600811	2011	8	16	228	0.1492083333	0.187041667
0070600811	2011	8	17	229	0.1760416667	0.218875
0070600811	2011	8	18	230	0.1617083333	0.202708333
0070600811	2011	8	19	231	0.1486666667	0.188125
0070600811	2011	8	20	232	0.1367083333	0.176458333
0070600811	2011	8	21	233	0.1240416667	0.162208333
0070600811	2011	8	22	234	0.1096666667	0.145041667
0070600811	2011	8	23	235	0.1054583333	0.160958333
0070600811	2011	8	24	236	0.1047083333	0.153166667
0070600811	2011	8	25	237	0.09858333333	0.136333333
0070600811	2011	8	26	238	0.09345833333	0.121833333
0070600811	2011	8	27	239	0.08641666667	0.117083333
0070600811	2011	8	28	240	0.09429166667	0.14775
0070600811	2011	8	29	241	0.1185	0.165666667
0070600811	2011	8	30	242	0.1150416667	0.155625
0070600811	2011	8	31	243	0.1144166667	0.153166667
0070600811	2011	9	1	244	0.1085416667	0.142583333
0070600811	2011	9	2	245	0.1024583333	0.132666667
0070600811	2011	9	3	246	0.094125	0.119916667
0070600811	2011	9	4	247	0.0875	0.111541667
0070600811	2011	9	5	248	0.082625	0.104541667
0070600811	2011	9	6	249	0.079	0.099416667
0070600811	2011	9	7	250	0.07620833333	0.095375
0070600811	2011	9	8	251	0.07379166667	0.092125
0070600811	2011	9	9	252	0.07133333333	0.088666667
0070600811	2011	9	10	253	0.06958333333	0.085666667
0070600811	2011	9	11	254	0.06791666667	0.083541667
0070600811	2011	9	12	255	0.06620833333	0.081
0070600811	2011	9	13	256	0.064375	0.078666667
0070600811	2011	9	14	257	0.06225	0.076625
0070600811	2011	9	15	258	0.06070833333	0.074208333
0070600811	2011	9	16	259	0.05925	0.073791667
0070600811	2011	9	17	260	0.05820833333	0.073083333
0070600811	2011	9	18	261	0.05920833333	0.074208333
0070600811	2011	9	19	262	0.05904166667	0.073875
0070600811	2011	9	20	263	0.05858333333	0.075833333
0070600811	2011	9	21	264	0.071125	0.169291667
0070600811	2011	9	22	265	0.08666666667	0.159875
0070600811	2011	9	23	266	0.09045833333	0.151166667
0070600811	2011	9	24	267	0.09029166667	0.140625
0070600811	2011	9	25	268	0.08795833333	0.1305
0070600811	2011	9	26	269	0.08366666667	0.120458333
0070600811	2011	9	27	270	0.08125	0.112833333
0070600811	2011	9	28	271	0.078875	0.1055
0070600811	2011	9	29	272	0.07575	0.098958333
0070600811	2011	9	30	273	0.07354166667	0.093958333
0070600811	2011	10	1	274	0.07091666667	0.090833333
0070600811	2011	10	2	275	0.06979166667	0.0875
0070600811	2011	10	3	276	0.06808333333	0.085291667
0070600811	2011	10	4	277	0.06645833333	0.083208333
0070600811	2011	10	5	278	0.066	0.081708333
0070600811	2011	10	6	279	0.06433333333	0.079083333
0070600811	2011	10	7	280	0.06425	0.09025
0070600811	2011	10	8	281	0.064125	0.095541667
0070600811	2011	10	9	282	0.06304166667	0.094583333
0070600811	2011	10	10	283	0.08020833333	0.157333333
0070600811	2011	10	11	284	0.1097916667	0.162041667
0070600811	2011	10	12	285	0.1158333333	0.158541667
0070600811	2011	10	13	286	0.1160416667	0.153125
0070600811	2011	10	14	287	0.1155833333	0.149
0070600811	2011	10	15	288	0.11275	0.145458333
0070600811	2011	10	16	289	0.1114166667	0.142833333
0070600811	2011	10	17	290	0.1096666667	0.138958333
0070600811	2011	10	18	291	0.1077083333	0.135541667
0070600811	2011	10	19	292	0.1054583333	0.131916667
0070600811	2011	10	20	293	0.1034583333	0.129375
0070600811	2011	10	21	294	0.1012916667	0.127416667
0070600811	2011	10	22	295	0.1001666667	0.125541667
0070600811	2011	10	23	296	0.09729166667	0.1235
0070600811	2011	10	24	297	0.09541666667	0.121166667
0070600811	2011	10	25	298	0.09479166667	0.120916667
0070600811	2011	10	26	299	0.09445833333	0.121833333
0070600811	2011	10	27	300	0.09254166667	0.121541667
0070600811	2011	10	28	301	0.09120833333	0.120791667
0070600811	2011	10	29	302	0.090625	0.119416667
0070600811	2011	10	30	303	0.09016666667	0.119
0070600811	2011	10	31	304	0.08929166667	0.118333333
0070600811	2011	11	1	305	0.08770833333	0.118791667
0070600811	2011	11	2	306	0.08720833333	0.117208333
0070600811	2011	11	3	307	0.08595833333	0.115333333
0070600811	2011	11	4	308	0.085625	0.114916667
0070600811	2011	11	5	309	0.08470833333	0.114375
0070600811	2011	11	6	310	0.08358333333	0.113875
0070600811	2011	11	7	311	0.082375	0.112083333
0070600811	2011	11	8	312	0.0815	0.110125
0070600811	2011	11	9	313	0.08075	0.109
0070600811	2011	11	10	314	0.07966666667	0.10775
0070600811	2011	11	11	315	0.079625	0.108208333
0070600811	2011	11	12	316	0.07870833333	0.10725
0070600811	2011	11	13	317	0.07866666667	0.106875
0070600811	2011	11	14	318	0.07833333333	0.105916667
0070600811	2011	11	15	319	0.077125	0.1055
0070600811	2011	11	16	320	0.05958333333	0.103583333
0070600811	2011	11	17	321	0.04991666667	0.054
0070600811	2011	11	18	322	0.05041666667	0.050625
0070600811	2011	11	19	323	0.04983333333	0.056375
0070600811	2011	11	20	324	0.06404347826	0.039
0070600811	2011	11	21	325	0.0795	0.0704375
0070600811	2011	11	22	326	0.06767105263	0.101875
0070600811	2011	11	23	327	0.05584210526	0.101875
0070600811	2011	11	24	328	0.05584210526	0.101875
0070600811	2011	11	25	329	0.07304166667	0.101875
0070600811	2011	11	26	330	0.0735	0.101916667
0070600811	2011	11	27	331	0.05279166667	0.057041667
0070600811	2011	11	28	332	0.05354166667	0.0505
0070600811	2011	11	29	333	0.05529166667	0.058708333
0070600811	2011	11	30	334	0.05029166667	0.043
0070600811	2011	12	1	335	0.05191666667	0.052958333
0070600811	2011	12	2	336	0.061625	0.038111111
0070600811	2011	12	3	337	0.04779166667	0.038692308
0070600811	2011	12	4	338	0.0754	0.038692308
0070600811	2011	12	5	339	0.0754	-9999
0070600811	2011	12	6	340	-9999	-9999
0070600811	2011	12	7	341	-9999	-9999
0070600811	2011	12	8	342	-9999	-9999
0070600811	2011	12	9	343	-9999	-9999
0070600811	2011	12	10	344	-9999	-9999
0070600811	2011	12	11	345	-9999	-9999
0070600811	2011	12	12	346	-9999	-9999
0070600811	2011	12	13	347	-9999	-9999
0070600811	2011	12	14	348	-9999	-9999
0070600811	2011	12	15	349	-9999	-9999
0070600811	2011	12	16	350	-9999	-9999
0070600811	2011	12	17	351	-9999	-9999
0070600811	2011	12	18	352	-9999	-9999
0070600811	2011	12	19	353	-9999	-9999
0070600811	2011	12	20	354	-9999	-9999
0070600811	2011	12	21	355	-9999	-9999
0070600811	2011	12	22	356	-9999	-9999
0070600811	2011	12	23	357	-9999	-9999
0070600811	2011	12	24	358	-9999	-9999
0070600811	2011	12	25	359	-9999	-9999
0070600811	2011	12	26	360	-9999	-9999
0070600811	2011	12	27	361	-9999	-9999
0070600811	2011	12	28	362	-9999	-9999
0070600811	2011	12	29	363	-9999	-9999
0070600811	2011	12	30	364	-9999	-9999
0070600811	2011	12	31	365	-9999	-9999
0070600811	2012	1	1	1	-9999	-9999
0070600811	2012	1	2	2	-9999	-9999
0070600811	2012	1	3	3	-9999	-9999
0070600811	2012	1	4	4	-9999	-9999
0070600811	2012	1	5	5	-9999	-9999
0070600811	2012	1	6	6	-9999	-9999
0070600811	2012	1	7	7	-9999	-9999
0070600811	2012	1	8	8	-9999	-9999
0070600811	2012	1	9	9	-9999	-9999
0070600811	2012	1	10	10	-9999	-9999
0070600811	2012	1	11	11	-9999	-9999
0070600811	2012	1	12	12	-9999	-9999
0070600811	2012	1	13	13	-9999	-9999
0070600811	2012	1	14	14	-9999	-9999
0070600811	2012	1	15	15	-9999	-9999
0070600811	2012	1	16	16	-9999	-9999
0070600811	2012	1	17	17	-9999	-9999
0070600811	2012	1	18	18	-9999	-9999
0070600811	2012	1	19	19	-9999	-9999
0070600811	2012	1	20	20	-9999	-9999
0070600811	2012	1	21	21	-9999	-9999
0070600811	2012	1	22	22	-9999	-9999
0070600811	2012	1	23	23	-9999	-9999
0070600811	2012	1	24	24	-9999	-9999
0070600811	2012	1	25	25	-9999	-9999
0070600811	2012	1	26	26	-9999	-9999
0070600811	2012	1	27	27	-9999	-9999
0070600811	2012	1	28	28	-9999	-9999
0070600811	2012	1	29	29	-9999	-9999
0070600811	2012	1	30	30	-9999	-9999
0070600811	2012	1	31	31	-9999	-9999
0070600811	2012	2	1	32	-9999	-9999
0070600811	2012	2	2	33	-9999	-9999
0070600811	2012	2	3	34	-9999	-9999
0070600811	2012	2	4	35	-9999	-9999
0070600811	2012	2	5	36	-9999	-9999
0070600811	2012	2	6	37	-9999	-9999
0070600811	2012	2	7	38	-9999	-9999
0070600811	2012	2	8	39	-9999	-9999
0070600811	2012	2	9	40	-9999	-9999
0070600811	2012	2	10	41	-9999	-9999
0070600811	2012	2	11	42	-9999	-9999
0070600811	2012	2	12	43	-9999	-9999
0070600811	2012	2	13	44	-9999	-9999
0070600811	2012	2	14	45	-9999	-9999
0070600811	2012	2	15	46	-9999	-9999
0070600811	2012	2	16	47	-9999	-9999
0070600811	2012	2	17	48	-9999	-9999
0070600811	2012	2	18	49	-9999	-9999
0070600811	2012	2	19	50	-9999	-9999
0070600811	2012	2	20	51	-9999	-9999
0070600811	2012	2	21	52	-9999	-9999
0070600811	2012	2	22	53	-9999	-9999
0070600811	2012	2	23	54	-9999	-9999
0070600811	2012	2	24	55	-9999	-9999
0070600811	2012	2	25	56	-9999	-9999
0070600811	2012	2	26	57	-9999	-9999
0070600811	2012	2	27	58	-9999	-9999
0070600811	2012	2	28	59	-9999	-9999
0070600811	2012	2	29	60	-9999	-9999
0070600811	2012	3	1	61	-9999	-9999
0070600811	2012	3	2	62	-9999	-9999
0070600811	2012	3	3	63	-9999	-9999
0070600811	2012	3	4	64	-9999	-9999
0070600811	2012	3	5	65	-9999	-9999
0070600811	2012	3	6	66	-9999	-9999
0070600811	2012	3	7	67	-9999	-9999
0070600811	2012	3	8	68	-9999	-9999
0070600811	2012	3	9	69	-9999	-9999
0070600811	2012	3	10	70	-9999	-9999
0070600811	2012	3	11	71	-9999	-9999
0070600811	2012	3	12	72	-9999	-9999
0070600811	2012	3	13	73	-9999	-9999
0070600811	2012	3	14	74	-9999	-9999
0070600811	2012	3	15	75	-9999	-9999
0070600811	2012	3	16	76	-9999	-9999
0070600811	2012	3	17	77	-9999	-9999
0070600811	2012	3	18	78	-9999	-9999
0070600811	2012	3	19	79	-9999	-9999
0070600811	2012	3	20	80	-9999	-9999
0070600811	2012	3	21	81	-9999	-9999
0070600811	2012	3	22	82	-9999	-9999
0070600811	2012	3	23	83	-9999	-9999
0070600811	2012	3	24	84	-9999	-9999
0070600811	2012	3	25	85	-9999	-9999
0070600811	2012	3	26	86	-9999	-9999
0070600811	2012	3	27	87	-9999	-9999
0070600811	2012	3	28	88	-9999	-9999
0070600811	2012	3	29	89	-9999	-9999
0070600811	2012	3	30	90	-9999	-9999
0070600811	2012	3	31	91	-9999	-9999
0070600811	2012	4	1	92	-9999	-9999
0070600811	2012	4	2	93	-9999	-9999
0070600811	2012	4	3	94	-9999	-9999
0070600811	2012	4	4	95	-9999	-9999
0070600811	2012	4	5	96	-9999	-9999
0070600811	2012	4	6	97	-9999	-9999
0070600811	2012	4	7	98	-9999	-9999
0070600811	2012	4	8	99	-9999	-9999
0070600811	2012	4	9	100	-9999	-9999
0070600811	2012	4	10	101	-9999	-9999
0070600811	2012	4	11	102	-9999	-9999
0070600811	2012	4	12	103	-9999	-9999
0070600811	2012	4	13	104	-9999	-9999
0070600811	2012	4	14	105	-9999	-9999
0070600811	2012	4	15	106	-9999	-9999
0070600811	2012	4	16	107	-9999	-9999
0070600811	2012	4	17	108	-9999	-9999
0070600811	2012	4	18	109	-9999	-9999
0070600811	2012	4	19	110	-9999	-9999
0070600811	2012	4	20	111	-9999	-9999
0070600811	2012	4	21	112	-9999	-9999
0070600811	2012	4	22	113	-9999	-9999
0070600811	2012	4	23	114	-9999	-9999
0070600811	2012	4	24	115	-9999	-9999
0070600811	2012	4	25	116	-9999	-9999
0070600811	2012	4	26	117	-9999	-9999
0070600811	2012	4	27	118	-9999	-9999
0070600811	2012	4	28	119	-9999	-9999
0070600811	2012	4	29	120	-9999	-9999
0070600811	2012	4	30	121	-9999	-9999
0070600811	2012	5	1	122	-9999	-9999
0070600811	2012	5	2	123	-9999	-9999
0070600811	2012	5	3	124	-9999	-9999
0070600811	2012	5	4	125	-9999	-9999
0070600811	2012	5	5	126	-9999	-9999
0070600811	2012	5	6	127	-9999	-9999
0070600811	2012	5	7	128	-9999	-9999
0070600811	2012	5	8	129	-9999	-9999
0070600811	2012	5	9	130	-9999	-9999
0070600811	2012	5	10	131	-9999	-9999
0070600811	2012	5	11	132	-9999	-9999
0070600811	2012	5	12	133	-9999	-9999
0070600811	2012	5	13	134	-9999	-9999
0070600811	2012	5	14	135	-9999	-9999
0070600811	2012	5	15	136	-9999	-9999
0070600811	2012	5	16	137	-9999	-9999
0070600811	2012	5	17	138	-9999	-9999
0070600811	2012	5	18	139	-9999	-9999
0070600811	2012	5	19	140	-9999	-9999
0070600811	2012	5	20	141	-9999	-9999
0070600811	2012	5	21	142	-9999	-9999
0070600811	2012	5	22	143	-9999	-9999
0070600811	2012	5	23	144	-9999	-9999
0070600811	2012	5	24	145	-9999	-9999
0070600811	2012	5	25	146	-9999	-9999
0070600811	2012	5	26	147	-9999	-9999
0070600811	2012	5	27	148	-9999	-9999
0070600811	2012	5	28	149	-9999	-9999
0070600811	2012	5	29	150	-9999	-9999
0070600811	2012	5	30	151	-9999	-9999
0070600811	2012	5	31	152	-9999	-9999
0070600811	2012	6	1	153	-9999	-9999
0070600811	2012	6	2	154	-9999	-9999
0070600811	2012	6	3	155	-9999	-9999
0070600811	2012	6	4	156	-9999	-9999
0070600811	2012	6	5	157	-9999	-9999
0070600811	2012	6	6	158	-9999	-9999
0070600811	2012	6	7	159	-9999	-9999
0070600811	2012	6	8	160	-9999	-9999
0070600811	2012	6	9	161	-9999	-9999
0070600811	2012	6	10	162	-9999	-9999
0070600811	2012	6	11	163	-9999	-9999
0070600811	2012	6	12	164	-9999	-9999
0070600811	2012	6	13	165	-9999	-9999
0070600811	2012	6	14	166	-9999	-9999
0070600811	2012	6	15	167	-9999	-9999
0070600811	2012	6	16	168	-9999	-9999
0070600811	2012	6	17	169	-9999	-9999
0070600811	2012	6	18	170	-9999	-9999
0070600811	2012	6	19	171	-9999	-9999
0070600811	2012	6	20	172	-9999	-9999
0070600811	2012	6	21	173	-9999	-9999
0070600811	2012	6	22	174	-9999	-9999
0070600811	2012	6	23	175	-9999	-9999
0070600811	2012	6	24	176	-9999	-9999
0070600811	2012	6	25	177	-9999	-9999
0070600811	2012	6	26	178	-9999	-9999
0070600811	2012	6	27	179	-9999	-9999
0070600811	2012	6	28	180	-9999	-9999
0070600811	2012	6	29	181	-9999	-9999
0070600811	2012	6	30	182	-9999	-9999
0070600811	2012	7	1	183	-9999	-9999
0070600811	2012	7	2	184	-9999	-9999
0070600811	2012	7	3	185	-9999	-9999
0070600811	2012	7	4	186	-9999	-9999
0070600811	2012	7	5	187	-9999	-9999
0070600811	2012	7	6	188	-9999	-9999
0070600811	2012	7	7	189	-9999	-9999
0070600811	2012	7	8	190	-9999	-9999
0070600811	2012	7	9	191	-9999	-9999
0070600811	2012	7	10	192	-9999	-9999
0070600811	2012	7	11	193	-9999	-9999
0070600811	2012	7	12	194	-9999	-9999
0070600811	2012	7	13	195	-9999	-9999
0070600811	2012	7	14	196	-9999	-9999
0070600811	2012	7	15	197	-9999	-9999
0070600811	2012	7	16	198	-9999	-9999
0070600811	2012	7	17	199	-9999	-9999
0070600811	2012	7	18	200	-9999	-9999
0070600811	2012	7	19	201	-9999	-9999
0070600811	2012	7	20	202	-9999	-9999
0070600811	2012	7	21	203	-9999	-9999
0070600811	2012	7	22	204	-9999	-9999
0070600811	2012	7	23	205	-9999	-9999
0070600811	2012	7	24	206	-9999	-9999
0070600811	2012	7	25	207	-9999	-9999
0070600811	2012	7	26	208	-9999	-9999
0070600811	2012	7	27	209	-9999	-9999
0070600811	2012	7	28	210	-9999	-9999
0070600811	2012	7	29	211	-9999	-9999
0070600811	2012	7	30	212	-9999	-9999
0070600811	2012	7	31	213	-9999	-9999
0070600811	2012	8	1	214	-9999	-9999
0070600811	2012	8	2	215	-9999	-9999
0070600811	2012	8	3	216	-9999	-9999
0070600811	2012	8	4	217	-9999	-9999
0070600811	2012	8	5	218	-9999	-9999
0070600811	2012	8	6	219	-9999	-9999
0070600811	2012	8	7	220	-9999	-9999
0070600811	2012	8	8	221	-9999	-9999
0070600811	2012	8	9	222	-9999	-9999
0070600811	2012	8	10	223	-9999	-9999
0070600811	2012	8	11	224	-9999	-9999
0070600811	2012	8	12	225	-9999	-9999
0070600811	2012	8	13	226	-9999	-9999
0070600811	2012	8	14	227	-9999	-9999
0070600811	2012	8	15	228	-9999	-9999
0070600811	2012	8	16	229	-9999	-9999
0070600811	2012	8	17	230	-9999	-9999
0070600811	2012	8	18	231	-9999	-9999
0070600811	2012	8	19	232	-9999	-9999
0070600811	2012	8	20	233	-9999	-9999
0070600811	2012	8	21	234	-9999	-9999
0070600811	2012	8	22	235	-9999	-9999
0070600811	2012	8	23	236	-9999	-9999
0070600811	2012	8	24	237	-9999	-9999
0070600811	2012	8	25	238	-9999	-9999
0070600811	2012	8	26	239	-9999	-9999
0070600811	2012	8	27	240	-9999	-9999
0070600811	2012	8	28	241	-9999	-9999
0070600811	2012	8	29	242	-9999	-9999
0070600811	2012	8	30	243	-9999	-9999
0070600811	2012	8	31	244	-9999	-9999
0070600811	2012	9	1	245	-9999	-9999
0070600811	2012	9	2	246	-9999	-9999
0070600811	2012	9	3	247	-9999	-9999
0070600811	2012	9	4	248	-9999	-9999
0070600811	2012	9	5	249	-9999	-9999
0070600811	2012	9	6	250	-9999	-9999
0070600811	2012	9	7	251	-9999	-9999
0070600811	2012	9	8	252	-9999	-9999
0070600811	2012	9	9	253	-9999	-9999
0070600811	2012	9	10	254	-9999	-9999
0070600811	2012	9	11	255	-9999	-9999
0070600811	2012	9	12	256	-9999	-9999
0070600811	2012	9	13	257	-9999	-9999
0070600811	2012	9	14	258	-9999	-9999
0070600811	2012	9	15	259	-9999	-9999
0070600811	2012	9	16	260	-9999	-9999
0070600811	2012	9	17	261	-9999	-9999
0070600811	2012	9	18	262	-9999	-9999
0070600811	2012	9	19	263	-9999	-9999
0070600811	2012	9	20	264	-9999	-9999
0070600811	2012	9	21	265	-9999	-9999
0070600811	2012	9	22	266	-9999	-9999
0070600811	2012	9	23	267	-9999	-9999
0070600811	2012	9	24	268	-9999	-9999
0070600811	2012	9	25	269	-9999	-9999
0070600811	2012	9	26	270	-9999	-9999
0070600811	2012	9	27	271	-9999	-9999
0070600811	2012	9	28	272	-9999	-9999
0070600811	2012	9	29	273	-9999	-9999
0070600811	2012	9	30	274	-9999	-9999
0070600811	2012	10	1	275	-9999	-9999
0070600811	2012	10	2	276	-9999	-9999
0070600811	2012	10	3	277	-9999	-9999
0070600811	2012	10	4	278	-9999	-9999
0070600811	2012	10	5	279	-9999	-9999
0070600811	2012	10	6	280	-9999	-9999
0070600811	2012	10	7	281	-9999	-9999
0070600811	2012	10	8	282	-9999	-9999
0070600811	2012	10	9	283	-9999	-9999
0070600811	2012	10	10	284	-9999	-9999
0070600811	2012	10	11	285	-9999	-9999
0070600811	2012	10	12	286	-9999	-9999
0070600811	2012	10	13	287	-9999	-9999
0070600811	2012	10	14	288	-9999	-9999
0070600811	2012	10	15	289	-9999	-9999
0070600811	2012	10	16	290	-9999	-9999
0070600811	2012	10	17	291	-9999	-9999
0070600811	2012	10	18	292	-9999	-9999
0070600811	2012	10	19	293	-9999	-9999
0070600811	2012	10	20	294	-9999	-9999
0070600811	2012	10	21	295	-9999	-9999
0070600811	2012	10	22	296	-9999	-9999
0070600811	2012	10	23	297	-9999	-9999
0070600811	2012	10	24	298	-9999	-9999
0070600811	2012	10	25	299	-9999	-9999
0070600811	2012	10	26	300	-9999	-9999
0070600811	2012	10	27	301	-9999	-9999
0070600811	2012	10	28	302	-9999	-9999
0070600811	2012	10	29	303	-9999	-9999
0070600811	2012	10	30	304	-9999	-9999
0070600811	2012	10	31	305	-9999	-9999
0070600811	2012	11	1	306	-9999	-9999
0070600811	2012	11	2	307	-9999	-9999
0070600811	2012	11	3	308	-9999	-9999
0070600811	2012	11	4	309	-9999	-9999
0070600811	2012	11	5	310	-9999	-9999
0070600811	2012	11	6	311	-9999	-9999
0070600811	2012	11	7	312	-9999	-9999
0070600811	2012	11	8	313	-9999	-9999
0070600811	2012	11	9	314	-9999	-9999
0070600811	2012	11	10	315	-9999	-9999
0070600811	2012	11	11	316	-9999	-9999
0070600811	2012	11	12	317	-9999	-9999
0070600811	2012	11	13	318	-9999	-9999
0070600811	2012	11	14	319	-9999	-9999
0070600811	2012	11	15	320	-9999	-9999
0070600811	2012	11	16	321	-9999	-9999
0070600811	2012	11	17	322	-9999	-9999
0070600811	2012	11	18	323	-9999	-9999
0070600811	2012	11	19	324	-9999	-9999
0070600811	2012	11	20	325	-9999	-9999
0070600811	2012	11	21	326	-9999	-9999
0070600811	2012	11	22	327	-9999	-9999
0070600811	2012	11	23	328	-9999	-9999
0070600811	2012	11	24	329	-9999	-9999
0070600811	2012	11	25	330	-9999	-9999
0070600811	2012	11	26	331	-9999	-9999
0070600811	2012	11	27	332	-9999	-9999
0070600811	2012	11	28	333	-9999	-9999
0070600811	2012	11	29	334	-9999	-9999
0070600811	2012	11	30	335	-9999	-9999
0070600811	2012	12	1	336	-9999	-9999
0070600811	2012	12	2	337	-9999	-9999
0070600811	2012	12	3	338	-9999	-9999
0070600811	2012	12	4	339	-9999	-9999
0070600811	2012	12	5	340	-9999	-9999
0070600811	2012	12	6	341	-9999	-9999
0070600811	2012	12	7	342	-9999	-9999
0070600811	2012	12	8	343	-9999	-9999
0070600811	2012	12	9	344	-9999	-9999
0070600811	2012	12	10	345	-9999	-9999
0070600811	2012	12	11	346	-9999	-9999
0070600811	2012	12	12	347	-9999	-9999
0070600811	2012	12	13	348	-9999	-9999
0070600811	2012	12	14	349	-9999	-9999
0070600811	2012	12	15	350	-9999	-9999
0070600811	2012	12	16	351	-9999	-9999
0070600811	2012	12	17	352	-9999	-9999
0070600811	2012	12	18	353	-9999	-9999
0070600811	2012	12	19	354	-9999	-9999
0070600811	2012	12	20	355	-9999	-9999
0070600811	2012	12	21	356	-9999	-9999
0070600811	2012	12	22	357	-9999	-9999
0070600811	2012	12	23	358	-9999	-9999
0070600811	2012	12	24	359	-9999	-9999
0070600811	2012	12	25	360	-9999	-9999
0070600811	2012	12	26	361	-9999	-9999
0070600811	2012	12	27	362	-9999	-9999
0070600811	2012	12	28	363	-9999	-9999
0070600811	2012	12	29	364	-9999	-9999
0070600811	2012	12	30	365	-9999	-9999
0070600811	2012	12	31	366	-9999	-9999
