stationID	Y	M	D	DOY	depth_5	depth_10	depth_20	depth_50	depth_100
0070580012	2010	1	1	1	-9999	-9999	-9999	-9999	-9999
0070580012	2010	1	2	2	-9999	-9999	-9999	-9999	-9999
0070580012	2010	1	3	3	-9999	-9999	-9999	-9999	-9999
0070580012	2010	1	4	4	-9999	-9999	-9999	-9999	-9999
0070580012	2010	1	5	5	-9999	-9999	-9999	-9999	-9999
0070580012	2010	1	6	6	-9999	-9999	-9999	-9999	-9999
0070580012	2010	1	7	7	-9999	-9999	-9999	-9999	-9999
0070580012	2010	1	8	8	-9999	-9999	-9999	-9999	-9999
0070580012	2010	1	9	9	-9999	-9999	-9999	-9999	-9999
0070580012	2010	1	10	10	0.362	0.253820833	0.327	0.415333333	0.401291667
0070580012	2010	1	11	11	0.362	0.26165	0.327	0.415333333	0.401291667
0070580012	2010	1	12	12	0.362	0.269479167	0.327	0.415333333	0.401291667
0070580012	2010	1	13	13	0.362	0.277308333	0.327	0.415333333	0.401291667
0070580012	2010	1	14	14	0.362	0.2851375	0.327	0.415333333	0.401291667
0070580012	2010	1	15	15	0.362	0.292966667	0.327	0.415333333	0.401291667
0070580012	2010	1	16	16	0.362	0.300795833	0.327	0.415333333	0.401291667
0070580012	2010	1	17	17	0.362	0.308625	0.327	0.415333333	0.401291667
0070580012	2010	1	18	18	0.362	0.316454167	0.327	0.415333333	0.401291667
0070580012	2010	1	19	19	0.362	0.324283333	0.327	0.415333333	0.401291667
0070580012	2010	1	20	20	0.35525	0.330416667	0.3242083333	0.415333333	0.401291667
0070580012	2010	1	21	21	0.367625	0.346	0.3349583333	0.415333333	0.401291667
0070580012	2010	1	22	22	0.3956666667	0.3464375	0.33275	0.415333333	0.401291667
0070580012	2010	1	23	23	0.3679166667	0.346875	0.3305416667	0.415333333	0.401291667
0070580012	2010	1	24	24	0.3939583333	0.369125	0.3413333333	0.415333333	0.401291667
0070580012	2010	1	25	25	0.4350833333	0.366916667	0.358125	0.416333333	0.402541667
0070580012	2010	1	26	26	0.3862083333	0.364708333	0.339	0.41625	0.402416667
0070580012	2010	1	27	27	0.3639166667	0.337166667	0.3305416667	0.415083333	0.402791667
0070580012	2010	1	28	28	0.3555217391	0.329608696	0.3283043478	0.41326087	0.401956522
0070580012	2010	1	29	29	0.3499583333	0.32525	0.327375	0.412291667	0.40175
0070580012	2010	1	30	30	0.3545833333	0.329875	0.327875	0.411833333	0.401
0070580012	2010	1	31	31	0.3595833333	0.334583333	0.330875	0.412166667	0.400875
0070580012	2010	2	1	32	0.360875	0.335875	0.3324166667	0.412625	0.394166667
0070580012	2010	2	2	33	0.3791666667	0.3595	0.3395	0.415166667	0.391833333
0070580012	2010	2	3	34	0.4113333333	0.352375	0.3534791667	0.41925	0.398916667
0070580012	2010	2	4	35	0.41025	0.34525	0.3674583333	0.419958333	0.399916667
0070580012	2010	2	5	36	0.4345833333	0.34525	0.3674583333	0.420041667	0.400125
0070580012	2010	2	6	37	0.4540416667	0.34525	0.363625	0.42	0.400208333
0070580012	2010	2	7	38	0.4279166667	0.34525	0.3597916667	0.420791667	0.401125
0070580012	2010	2	8	39	0.410125	0.34525	0.3597916667	0.420916667	0.401125
0070580012	2010	2	9	40	0.41125	0.34525	0.3597916667	0.421125	0.400333333
0070580012	2010	2	10	41	0.3975416667	0.34525	0.3597916667	0.421375	0.40125
0070580012	2010	2	11	42	0.3664166667	0.34525	0.3400416667	0.421125	0.401125
0070580012	2010	2	12	43	0.357875	0.337208333	0.33675	0.417958333	0.400708333
0070580012	2010	2	13	44	0.357625	0.335541667	0.3350833333	0.415833333	0.399958333
0070580012	2010	2	14	45	0.3613333333	0.339708333	0.336875	0.416083333	0.399541667
0070580012	2010	2	15	46	0.3723333333	0.353583333	0.3413333333	0.417291667	0.4
0070580012	2010	2	16	47	0.3567083333	0.336208333	0.3369166667	0.417208333	0.39975
0070580012	2010	2	17	48	0.3488333333	0.327583333	0.3350833333	0.416	0.399583333
0070580012	2010	2	18	49	0.3440416667	0.323083333	0.3343333333	0.416	0.39875
0070580012	2010	2	19	50	0.3395416667	0.319208333	0.333875	0.414291667	0.389083333
0070580012	2010	2	20	51	0.3361666667	0.315125	0.330875	0.412416667	0.387
0070580012	2010	2	21	52	0.331125	0.311833333	0.3265	0.411166667	0.38625
0070580012	2010	2	22	53	0.3432916667	0.322833333	0.3291666667	0.411583333	0.386166667
0070580012	2010	2	23	54	0.346625	0.323958333	0.3305	0.414	0.385875
0070580012	2010	2	24	55	0.3414583333	0.319875	0.329375	0.413666667	0.38575
0070580012	2010	2	25	56	0.3370416667	0.31675	0.3289583333	0.412166667	0.38575
0070580012	2010	2	26	57	0.3289166667	0.310708333	0.3269583333	0.411625	0.385708333
0070580012	2010	2	27	58	0.3236666667	0.306375	0.32475	0.410541667	0.386
0070580012	2010	2	28	59	0.3211666667	0.304083333	0.3232916667	0.409958333	0.38525
0070580012	2010	3	1	60	0.319375	0.300666667	0.3219583333	0.410166667	0.385291667
0070580012	2010	3	2	61	0.3169583333	0.298833333	0.3202916667	0.409791667	0.385291667
0070580012	2010	3	3	62	0.3290416667	0.310375	0.3212083333	0.409208333	0.385041667
0070580012	2010	3	4	63	0.345875	0.326458333	0.3264166667	0.409208333	0.384958333
0070580012	2010	3	5	64	0.3434583333	0.322458333	0.33	0.414541667	0.385041667
0070580012	2010	3	6	65	0.3344166667	0.315833333	0.3280833333	0.414583333	0.385083333
0070580012	2010	3	7	66	0.32725	0.31075	0.3265833333	0.412875	0.384958333
0070580012	2010	3	8	67	0.3225416667	0.306583333	0.3256666667	0.41175	0.384708333
0070580012	2010	3	9	68	0.3173333333	0.302291667	0.32375	0.410791667	0.38475
0070580012	2010	3	10	69	0.31225	0.297666667	0.32025	0.410541667	0.384333333
0070580012	2010	3	11	70	0.314875	0.300041667	0.3189583333	0.410125	0.38425
0070580012	2010	3	12	71	0.3507916667	0.330916667	0.3262083333	0.410208333	0.384375
0070580012	2010	3	13	72	0.4133333333	0.341208333	0.3311041666	0.420333333	0.387375
0070580012	2010	3	14	73	0.40675	0.3515	0.336	0.421416667	0.388583333
0070580012	2010	3	15	74	0.371375	0.3515	0.336	0.421666667	0.388916667
0070580012	2010	3	16	75	0.349125	0.329416667	0.3313333333	0.4205	0.389958333
0070580012	2010	3	17	76	0.342	0.322782609	0.3304347826	0.417869565	0.38973913
0070580012	2010	3	18	77	0.3379166667	0.319666667	0.3309166667	0.417333333	0.389916667
0070580012	2010	3	19	78	0.3303333333	0.314666667	0.3277916667	0.416666667	0.390333333
0070580012	2010	3	20	79	0.3198333333	0.306833333	0.3244583333	0.413291667	0.390041667
0070580012	2010	3	21	80	0.3160416667	0.304583333	0.3209583333	0.412375	0.38625
0070580012	2010	3	22	81	0.40025	0.333520833	0.3615833333	0.421083333	0.389875
0070580012	2010	3	23	82	0.3813333333	0.362458333	0.33975	0.422916667	0.390875
0070580012	2010	3	24	83	0.3510833333	0.332291667	0.3330416667	0.422416667	0.391791667
0070580012	2010	3	25	84	0.3375833333	0.320791667	0.3301666667	0.41925	0.391875
0070580012	2010	3	26	85	0.3359583333	0.319708333	0.3295416667	0.418083333	0.392791667
0070580012	2010	3	27	86	0.3305	0.315958333	0.3254166667	0.416583333	0.3935
0070580012	2010	3	28	87	0.3505833333	0.334583333	0.3370833333	0.416291667	0.390583333
0070580012	2010	3	29	88	0.389875	0.372208333	0.3366666667	0.423875	0.3925
0070580012	2010	3	30	89	0.355125	0.336625	0.33625	0.423583333	0.392875
0070580012	2010	3	31	90	0.3395	0.322541667	0.3324166667	0.420541667	0.392958333
0070580012	2010	4	1	91	0.324	0.312333333	0.3305416667	0.419041667	0.393208333
0070580012	2010	4	2	92	0.3059583333	0.300291667	0.325375	0.415958333	0.393166667
0070580012	2010	4	3	93	0.2862083333	0.288291667	0.3180833333	0.414166667	0.389708333
0070580012	2010	4	4	94	0.270375	0.278416667	0.3145416667	0.413583333	0.387041667
0070580012	2010	4	5	95	0.2497083333	0.265833333	0.3097916667	0.412625	0.3865
0070580012	2010	4	6	96	0.2352083333	0.255708333	0.3052083333	0.412708333	0.38625
0070580012	2010	4	7	97	0.2124583333	0.242958333	0.3004166667	0.412208333	0.386208333
0070580012	2010	4	8	98	0.2039583333	0.236291667	0.2958333333	0.411583333	0.386
0070580012	2010	4	9	99	0.2902083333	0.284916667	0.301125	0.411375	0.385833333
0070580012	2010	4	10	100	0.2753333333	0.274708333	0.3017916667	0.41075	0.3855
0070580012	2010	4	11	101	0.2569166667	0.263541667	0.3005833333	0.4105	0.385333333
0070580012	2010	4	12	102	0.2377916667	0.252166667	0.2980416667	0.410041667	0.385333333
0070580012	2010	4	13	103	0.2142083333	0.24075	0.2946666667	0.4095	0.385083333
0070580012	2010	4	14	104	0.1932083333	0.228666667	0.2895833333	0.408958333	0.384791667
0070580012	2010	4	15	105	0.177875	0.216208333	0.28375	0.408291667	0.384625
0070580012	2010	4	16	106	0.1634583333	0.203458333	0.277875	0.405875	0.384291667
0070580012	2010	4	17	107	0.1521666667	0.19225	0.27175	0.394625	0.383625
0070580012	2010	4	18	108	0.14075	0.180041667	0.2648333333	0.389416667	0.383541667
0070580012	2010	4	19	109	0.1298333333	0.167125	0.2574166667	0.389125	0.383541667
0070580012	2010	4	20	110	0.1229583333	0.158375	0.251875	0.389375	0.383125
0070580012	2010	4	21	111	0.1232916667	0.15875	0.2505416667	0.389958333	0.382833333
0070580012	2010	4	22	112	0.1216666667	0.156958333	0.2485416667	0.389416667	0.382125
0070580012	2010	4	23	113	0.1186666667	0.152458333	0.2455416667	0.388125	0.38175
0070580012	2010	4	24	114	0.115125	0.147291667	0.2417916667	0.386791667	0.381958333
0070580012	2010	4	25	115	0.1845416667	0.197625	0.2462083333	0.387708333	0.381541667
0070580012	2010	4	26	116	0.2175833333	0.217083333	0.2505	0.386916667	0.381625
0070580012	2010	4	27	117	0.2095	0.211791667	0.2527083333	0.387791667	0.3815
0070580012	2010	4	28	118	0.2205833333	0.219208333	0.2542916667	0.389125	0.381291667
0070580012	2010	4	29	119	0.2117916667	0.213958333	0.2551666667	0.388	0.38225
0070580012	2010	4	30	120	0.1970416667	0.203958333	0.2546666667	0.387708333	0.383875
0070580012	2010	5	1	121	0.18025	0.19175	0.2528333333	0.386791667	0.383875
0070580012	2010	5	2	122	0.1677083333	0.183166667	0.251	0.386375	0.384
0070580012	2010	5	3	123	0.2055833333	0.227916667	0.2565	0.386041667	0.383583333
0070580012	2010	5	4	124	0.2615833333	0.266625	0.2665833333	0.386833333	0.383333333
0070580012	2010	5	5	125	0.2402083333	0.247083333	0.2680833333	0.386833333	0.383666667
0070580012	2010	5	6	126	0.2205833333	0.231208333	0.266875	0.386916667	0.383833333
0070580012	2010	5	7	127	0.1989583333	0.21525	0.2635416667	0.386666667	0.383791667
0070580012	2010	5	8	128	0.176875	0.197791667	0.2588333333	0.385916667	0.383791667
0070580012	2010	5	9	129	0.15525	0.178708333	0.2525	0.384416667	0.384
0070580012	2010	5	10	130	0.138375	0.165083333	0.246625	0.382833333	0.384291667
0070580012	2010	5	11	131	0.1327916667	0.159916667	0.243	0.381416667	0.384416667
0070580012	2010	5	12	132	0.1324166667	0.15925	0.2421666667	0.380041667	0.38475
0070580012	2010	5	13	133	0.1310833333	0.156583333	0.2397916667	0.374916667	0.385
0070580012	2010	5	14	134	0.122625	0.147791667	0.2342083333	0.367625	0.384541667
0070580012	2010	5	15	135	0.1165833333	0.141541667	0.2279583333	0.36475	0.384166667
0070580012	2010	5	16	136	0.116	0.139875	0.2247916667	0.362958333	0.38425
0070580012	2010	5	17	137	0.1344166667	0.168541667	0.229125	0.361166667	0.384125
0070580012	2010	5	18	138	0.21175	0.229916667	0.2413333333	0.360416667	0.384041667
0070580012	2010	5	19	139	0.2059583333	0.215	0.241625	0.360458333	0.384
0070580012	2010	5	20	140	0.1948333333	0.200583333	0.24	0.359666667	0.384
0070580012	2010	5	21	141	0.1848333333	0.190041667	0.2382916667	0.359208333	0.383916667
0070580012	2010	5	22	142	0.1999166667	0.200708333	0.2390416667	0.362875	0.383875
0070580012	2010	5	23	143	0.196625	0.196333333	0.238875	0.365708333	0.383083333
0070580012	2010	5	24	144	0.1860416667	0.185833333	0.2377083333	0.366333333	0.383291667
0070580012	2010	5	25	145	0.2159583333	0.228833333	0.2425416667	0.382416667	0.383541667
0070580012	2010	5	26	146	0.2314166667	0.234041667	0.2544583333	0.388291667	0.383916667
0070580012	2010	5	27	147	0.2210869565	0.221	0.2589565217	0.388347826	0.384565217
0070580012	2010	5	28	148	0.2090416667	0.208958333	0.2597083333	0.388458333	0.384958333
0070580012	2010	5	29	149	0.1965416667	0.197375	0.259	0.388625	0.384875
0070580012	2010	5	30	150	0.1831666667	0.186166667	0.2562083333	0.389041667	0.384958333
0070580012	2010	5	31	151	0.2042083333	0.210375	0.259625	0.390291667	0.385291667
0070580012	2010	6	1	152	0.30975	0.305708333	0.2982916667	0.394541667	0.385458333
0070580012	2010	6	2	153	0.2865833333	0.285125	0.2982916667	0.393583333	0.385833333
0070580012	2010	6	3	154	0.281125	0.280875	0.2992916667	0.394	0.385958333
0070580012	2010	6	4	155	0.26175	0.265916667	0.2978333333	0.394166667	0.386
0070580012	2010	6	5	156	0.2472083333	0.254166667	0.29375	0.394583333	0.386166667
0070580012	2010	6	6	157	0.22975	0.239666667	0.2858333333	0.391916667	0.386416667
0070580012	2010	6	7	158	0.2155416667	0.227583333	0.2805	0.391416667	0.386833333
0070580012	2010	6	8	159	0.1989166667	0.214041667	0.2743333333	0.391208333	0.386916667
0070580012	2010	6	9	160	0.1857083333	0.203375	0.2692916667	0.391291667	0.387
0070580012	2010	6	10	161	0.1834583333	0.206916667	0.2665	0.39325	0.387
0070580012	2010	6	11	162	0.20825	0.230666667	0.2725833333	0.399166667	0.387083333
0070580012	2010	6	12	163	0.2227916667	0.238208333	0.2745	0.400083333	0.387166667
0070580012	2010	6	13	164	0.2221666667	0.236958333	0.273	0.399916667	0.387
0070580012	2010	6	14	165	0.23575	0.250291667	0.2737916667	0.400291667	0.387125
0070580012	2010	6	15	166	0.2283333333	0.241125	0.2732916667	0.397916667	0.387125
0070580012	2010	6	16	167	0.299	0.305875	0.297375	0.403291667	0.387083333
0070580012	2010	6	17	168	0.3015416667	0.301416667	0.306625	0.404041667	0.387291667
0070580012	2010	6	18	169	0.274	0.280708333	0.3047083333	0.402291667	0.387208333
0070580012	2010	6	19	170	0.2525	0.265583333	0.3020416667	0.399	0.387375
0070580012	2010	6	20	171	0.23425	0.251958333	0.2916666667	0.398625	0.387375
0070580012	2010	6	21	172	0.211	0.234416667	0.2858333333	0.397208333	0.387166667
0070580012	2010	6	22	173	0.1915416667	0.218541667	0.2782083333	0.395041667	0.386458333
0070580012	2010	6	23	174	0.1815833333	0.208875	0.2722916667	0.3945	0.386166667
0070580012	2010	6	24	175	0.1677083333	0.196458333	0.2650833333	0.39325	0.38575
0070580012	2010	6	25	176	0.1588333333	0.18875	0.2584166667	0.392583333	0.385666667
0070580012	2010	6	26	177	0.161875	0.188875	0.2565416667	0.392041667	0.385625
0070580012	2010	6	27	178	0.1585416667	0.185166667	0.2535833333	0.392	0.385666667
0070580012	2010	6	28	179	0.1512916667	0.177791667	0.2495	0.391375	0.385791667
0070580012	2010	6	29	180	0.139	0.1675	0.2438888889	0.390166667	0.385722222
0070580012	2010	6	30	181	0.1675416667	0.194833333	0.2446666667	0.38875	0.385333333
0070580012	2010	7	1	182	0.174	0.192875	0.245125	0.386916667	0.385125
0070580012	2010	7	2	183	0.161125	0.182791667	0.2433333333	0.380791667	0.385
0070580012	2010	7	3	184	0.1468333333	0.172541667	0.2400833333	0.377791667	0.384625
0070580012	2010	7	4	185	0.133125	0.161333333	0.234625	0.375833333	0.384333333
0070580012	2010	7	5	186	0.1190833333	0.148875	0.22625	0.373625	0.383833333
0070580012	2010	7	6	187	0.1075416667	0.135833333	0.2165416667	0.371125	0.383916667
0070580012	2010	7	7	188	0.09775	0.124083333	0.2064583333	0.367708333	0.383291667
0070580012	2010	7	8	189	0.08991666667	0.114416667	0.1958333333	0.362375	0.382625
0070580012	2010	7	9	190	0.08770833333	0.111125	0.1905833333	0.356916667	0.382
0070580012	2010	7	10	191	0.08979166667	0.112833333	0.191	0.354791667	0.381791667
0070580012	2010	7	11	192	0.1119583333	0.131583333	0.1976666667	0.356333333	0.384875
0070580012	2010	7	12	193	0.259	0.25	0.265625	0.392166667	0.409291667
0070580012	2010	7	13	194	0.2705416667	0.265333333	0.2807916667	0.395125	0.404333333
0070580012	2010	7	14	195	0.2511666667	0.252458333	0.2801666667	0.395916667	0.388041667
0070580012	2010	7	15	196	0.228875	0.236166667	0.275	0.391708333	0.386416667
0070580012	2010	7	16	197	0.2236666667	0.233916667	0.2743333333	0.389375	0.387083333
0070580012	2010	7	17	198	0.292	0.296708333	0.3058333333	0.405083333	0.406458333
0070580012	2010	7	18	199	0.28625	0.290958333	0.3116666667	0.405833333	0.407583333
0070580012	2010	7	19	200	0.3182083333	0.321291667	0.3188333333	0.411416667	0.408291667
0070580012	2010	7	20	201	0.2927916667	0.299166667	0.314625	0.409	0.408583333
0070580012	2010	7	21	202	0.306	0.31025	0.317375	0.409208333	0.408208333
0070580012	2010	7	22	203	0.3237083333	0.327458333	0.3247083333	0.414291667	0.408583333
0070580012	2010	7	23	204	0.3154166667	0.319416667	0.3245416667	0.414	0.40875
0070580012	2010	7	24	205	0.2914166667	0.29925	0.319375	0.411458333	0.408291667
0070580012	2010	7	25	206	0.273375	0.284625	0.3097916667	0.409083333	0.407833333
0070580012	2010	7	26	207	0.2738333333	0.279416667	0.294	0.401458333	0.400208333
0070580012	2010	7	27	208	0.345125	0.313291667	0.2567083333	0.389916667	0.399875
0070580012	2010	7	28	209	0.3399166667	0.311041667	0.2660833333	0.391166667	0.402666667
0070580012	2010	7	29	210	0.3724166667	0.333125	0.2759166667	0.3985	0.39625
0070580012	2010	7	30	211	0.33325	0.304083333	0.259875	0.39325	0.3955
0070580012	2010	7	31	212	0.3199583333	0.297041667	0.2548333333	0.392291667	0.394791667
0070580012	2010	8	1	213	0.3422083333	0.313333333	0.2624583333	0.392625	0.388833333
0070580012	2010	8	2	214	0.3240416667	0.300208333	0.259375	0.392916667	0.381
0070580012	2010	8	3	215	0.3084583333	0.290083333	0.255125	0.392458333	0.380708333
0070580012	2010	8	4	216	0.2880416667	0.276333333	0.2482916667	0.392541667	0.379958333
0070580012	2010	8	5	217	0.27025	0.264	0.24125	0.392125	0.379416667
0070580012	2010	8	6	218	0.2536666667	0.25325	0.2332916667	0.390541667	0.379208333
0070580012	2010	8	7	219	0.24325	0.245541667	0.2269583333	0.38575	0.37925
0070580012	2010	8	8	220	0.2252083333	0.232458333	0.2185416667	0.3795	0.378833333
0070580012	2010	8	9	221	0.2052083333	0.218166667	0.20875	0.378375	0.377958333
0070580012	2010	8	10	222	0.1870833333	0.204125	0.1970416667	0.377208333	0.377458333
0070580012	2010	8	11	223	0.1714583333	0.190958333	0.186375	0.376125	0.377
0070580012	2010	8	12	224	0.1611666667	0.18075	0.1775	0.374208333	0.37725
0070580012	2010	8	13	225	0.1528333333	0.171625	0.1693333333	0.372333333	0.37625
0070580012	2010	8	14	226	0.1453333333	0.163	0.161	0.370166667	0.375416667
0070580012	2010	8	15	227	0.1462083333	0.162708333	0.1558333333	0.3685	0.375083333
0070580012	2010	8	16	228	0.224	0.211041667	0.165625	0.367791667	0.375125
0070580012	2010	8	17	229	0.2078333333	0.202541667	0.1683333333	0.366958333	0.37425
0070580012	2010	8	18	230	0.2009166667	0.204375	0.1691666667	0.365333333	0.373916667
0070580012	2010	8	19	231	0.2362916667	0.240708333	0.1735833333	0.365375	0.373375
0070580012	2010	8	20	232	0.2385416667	0.233875	0.177125	0.364208333	0.373416667
0070580012	2010	8	21	233	0.25475	0.247208333	0.1895	0.365083333	0.375416667
0070580012	2010	8	22	234	0.34175	0.313458333	0.2421666667	0.382666667	0.39575
0070580012	2010	8	23	235	0.3067916667	0.285625	0.236625	0.381291667	0.396458333
0070580012	2010	8	24	236	0.284125	0.2695	0.23325	0.381583333	0.394375
0070580012	2010	8	25	237	0.27375	0.262166667	0.2300416667	0.380583333	0.379125
0070580012	2010	8	26	238	0.2685	0.257916667	0.22725	0.380291667	0.376875
0070580012	2010	8	27	239	0.2591666667	0.251541667	0.2235	0.379875	0.376333333
0070580012	2010	8	28	240	0.249625	0.244625	0.2191666667	0.378583333	0.376291667
0070580012	2010	8	29	241	0.2400416667	0.237375	0.21425	0.377208333	0.375833333
0070580012	2010	8	30	242	0.2300833333	0.229958333	0.2088333333	0.376666667	0.375416667
0070580012	2010	8	31	243	0.21925	0.221375	0.2029166667	0.375166667	0.374833333
0070580012	2010	9	1	244	0.2078333333	0.212833333	0.1963333333	0.37375	0.374416667
0070580012	2010	9	2	245	0.1968333333	0.203791667	0.18975	0.373041667	0.37425
0070580012	2010	9	3	246	0.1867083333	0.195083333	0.1832083333	0.370875	0.374041667
0070580012	2010	9	4	247	0.17875	0.186416667	0.17675	0.368458333	0.374083333
0070580012	2010	9	5	248	0.1705833333	0.177708333	0.1700416667	0.36725	0.373333333
0070580012	2010	9	6	249	0.1632083333	0.169875	0.1640416667	0.365291667	0.373125
0070580012	2010	9	7	250	0.1563333333	0.162083333	0.1580416667	0.36375	0.372958333
0070580012	2010	9	8	251	0.1515833333	0.156958333	0.1539583333	0.362083333	0.372708333
0070580012	2010	9	9	252	0.1525416667	0.157958333	0.1540416667	0.360875	0.372416667
0070580012	2010	9	10	253	0.1535	0.15675	0.1522083333	0.359291667	0.372083333
0070580012	2010	9	11	254	0.1835	0.181375	0.1716666666	0.358083333	0.371791667
0070580012	2010	9	12	255	0.2879583333	0.279041667	0.191125	0.35725	0.371583333
0070580012	2010	9	13	256	0.27425	0.261958333	0.192875	0.356625	0.371375
0070580012	2010	9	14	257	0.2571666667	0.245666667	0.191125	0.356125	0.371583333
0070580012	2010	9	15	258	0.2458333333	0.235916667	0.1890416667	0.356125	0.371791667
0070580012	2010	9	16	259	0.235375	0.226416667	0.1863333333	0.355875	0.371625
0070580012	2010	9	17	260	0.2274166667	0.21975	0.18375	0.355958333	0.371458333
0070580012	2010	9	18	261	0.221875	0.214083333	0.180875	0.356125	0.371
0070580012	2010	9	19	262	0.2125833333	0.207083333	0.177125	0.355791667	0.370958333
0070580012	2010	9	20	263	0.2022083333	0.198791667	0.1730833333	0.3555	0.370916667
0070580012	2010	9	21	264	0.1917083333	0.189708333	0.1684166667	0.354625	0.370583333
0070580012	2010	9	22	265	0.182	0.18175	0.1638333333	0.353916667	0.370666667
0070580012	2010	9	23	266	0.1750833333	0.175791667	0.160625	0.352875	0.370083333
0070580012	2010	9	24	267	0.1675833333	0.167791667	0.1559166667	0.351666667	0.369791667
0070580012	2010	9	25	268	0.160125	0.16075	0.15125	0.349916667	0.3695
0070580012	2010	9	26	269	0.2184583333	0.192166667	0.18	0.351125	0.369416667
0070580012	2010	9	27	270	0.305375	0.289166667	0.20875	0.353916667	0.369541667
0070580012	2010	9	28	271	0.3087916667	0.298125	0.245125	0.367166667	0.370166667
0070580012	2010	9	29	272	0.2944583333	0.28675	0.2410833333	0.372708333	0.37075
0070580012	2010	9	30	273	0.3134583333	0.303583333	0.254125	0.376375	0.371416667
0070580012	2010	10	1	274	0.297875	0.290416667	0.2471666667	0.378416667	0.372208333
0070580012	2010	10	2	275	0.2832916667	0.278458333	0.242875	0.378958333	0.372875
0070580012	2010	10	3	276	0.2722083333	0.26925	0.2388333333	0.378625	0.373083333
0070580012	2010	10	4	277	0.26425	0.263291667	0.2360833333	0.375791667	0.373541667
0070580012	2010	10	5	278	0.25475	0.255375	0.2325833333	0.375041667	0.374
0070580012	2010	10	6	279	0.2459166667	0.247333333	0.229125	0.374041667	0.373583333
0070580012	2010	10	7	280	0.235875	0.239291667	0.22475	0.374291667	0.373416667
0070580012	2010	10	8	281	0.2228333333	0.231333333	0.2190833333	0.373291667	0.37325
0070580012	2010	10	9	282	0.213125	0.223458333	0.21425	0.372375	0.373083333
0070580012	2010	10	10	283	0.203	0.215791667	0.2089166667	0.370958333	0.373458333
0070580012	2010	10	11	284	0.1932916667	0.208166667	0.2040833333	0.371	0.373083333
0070580012	2010	10	12	285	0.1846666667	0.20125	0.1992083333	0.37025	0.37275
0070580012	2010	10	13	286	0.1820416667	0.197583333	0.1960416667	0.369041667	0.372625
0070580012	2010	10	14	287	0.1805416667	0.1955	0.1929583333	0.368458333	0.372291667
0070580012	2010	10	15	288	0.1770416667	0.191416667	0.1896666667	0.366916667	0.372
0070580012	2010	10	16	289	0.1720833333	0.18675	0.186375	0.365125	0.37175
0070580012	2010	10	17	290	0.1667916667	0.181333333	0.1824583333	0.364166667	0.371875
0070580012	2010	10	18	291	0.1603333333	0.176625	0.1793333333	0.362666667	0.371791667
0070580012	2010	10	19	292	0.1568333333	0.173666667	0.1764166667	0.361833333	0.3715
0070580012	2010	10	20	293	0.153	0.16975	0.1741666667	0.360625	0.371083333
0070580012	2010	10	21	294	0.150125	0.167791667	0.172125	0.359416667	0.371041667
0070580012	2010	10	22	295	0.1462083333	0.163625	0.1693333333	0.358291667	0.370708333
0070580012	2010	10	23	296	0.1423333333	0.159291667	0.165875	0.356916667	0.37075
0070580012	2010	10	24	297	0.13975	0.156291667	0.1632083333	0.355791667	0.370666667
0070580012	2010	10	25	298	0.151125	0.168541667	0.163875	0.354541667	0.370875
0070580012	2010	10	26	299	0.1750416667	0.188333333	0.1689166667	0.35475	0.370708333
0070580012	2010	10	27	300	0.2631666667	0.252416667	0.1859166667	0.354833333	0.371083333
0070580012	2010	10	28	301	0.3006666667	0.286791667	0.2175	0.354333333	0.370708333
0070580012	2010	10	29	302	0.2865	0.274666667	0.2217916667	0.354458333	0.370625
0070580012	2010	10	30	303	0.2741666667	0.265291667	0.2215833333	0.353791667	0.370541667
0070580012	2010	10	31	304	0.2634166667	0.257416667	0.2209166667	0.353833333	0.370125
0070580012	2010	11	1	305	0.2536666667	0.249791667	0.2195	0.3535	0.369666667
0070580012	2010	11	2	306	0.246	0.243363636	0.2182272727	0.353681818	0.369045455
0070580012	2010	11	3	307	0.2385833333	0.237916667	0.215875	0.35375	0.368458333
0070580012	2010	11	4	308	0.2574166667	0.249166667	0.21475	0.353583333	0.36825
0070580012	2010	11	5	309	0.2814583333	0.268083333	0.2204166667	0.353208333	0.368125
0070580012	2010	11	6	310	0.276375	0.265083333	0.222375	0.389791667	0.368208333
0070580012	2010	11	7	311	0.27	0.261409091	0.2229090909	0.443863636	0.368409091
0070580012	2010	11	8	312	0.2627916667	0.25625	0.2217916667	0.476833333	0.368
0070580012	2010	11	9	313	0.2550416667	0.250541667	0.2205	0.475833333	0.368
0070580012	2010	11	10	314	0.2476666667	0.244833333	0.2187083333	0.475583333	0.368291667
0070580012	2010	11	11	315	0.2403333333	0.239291667	0.217	0.475125	0.368458333
0070580012	2010	11	12	316	0.23375	0.23445	0.2152	0.47485	0.3684
0070580012	2010	11	13	317	0.2265833333	0.229375	0.2127083333	0.475041667	0.368333333
0070580012	2010	11	14	318	0.2197083333	0.223125	0.21	0.474916667	0.368208333
0070580012	2010	11	15	319	0.214375	0.220916667	0.208	0.47475	0.368083333
0070580012	2010	11	16	320	0.2542916667	0.245291667	0.2083333333	0.47475	0.367958333
0070580012	2010	11	17	321	0.293125	0.281083333	0.21975	0.475375	0.367875
0070580012	2010	11	18	322	0.2813333333	0.274541667	0.2224583333	0.475041667	0.367541667
0070580012	2010	11	19	323	0.274	0.26875	0.22275	0.474041667	0.367458333
0070580012	2010	11	20	324	0.2680416667	0.26375	0.2221666667	0.473166667	0.367458333
0070580012	2010	11	21	325	0.2613333333	0.258625	0.2209583333	0.472625	0.367166667
0070580012	2010	11	22	326	0.25575	0.254125	0.219875	0.472583333	0.367333333
0070580012	2010	11	23	327	0.2505416667	0.249708333	0.2185833333	0.472833333	0.367041667
0070580012	2010	11	24	328	0.2476666667	0.247333333	0.2174583333	0.473291667	0.367333333
0070580012	2010	11	25	329	0.2436666667	0.244791667	0.2162083333	0.473625	0.367375
0070580012	2010	11	26	330	0.2422916667	0.243416667	0.2147083333	0.4745	0.36725
0070580012	2010	11	27	331	0.251625	0.247166667	0.2152916667	0.475125	0.3675
0070580012	2010	11	28	332	0.2485416667	0.24525	0.214875	0.473708333	0.367666667
0070580012	2010	11	29	333	0.2458333333	0.242708333	0.2138333333	0.472166667	0.367583333
0070580012	2010	11	30	334	0.3414166667	0.314	0.257875	0.472875	0.374875
0070580012	2010	12	1	335	0.43075	0.3259375	0.2625416667	0.479041667	0.396416667
0070580012	2010	12	2	336	0.36925	0.337875	0.2672083333	0.480833333	0.397375
0070580012	2010	12	3	337	0.3421666667	0.314791667	0.254875	0.472416667	0.39825
0070580012	2010	12	4	338	0.3300416667	0.306625	0.2511666667	0.468833333	0.398875
0070580012	2010	12	5	339	0.335875	0.312666667	0.2545	0.464833333	0.398958333
0070580012	2010	12	6	340	0.3262173913	0.305347826	0.253	0.463347826	0.398869565
0070580012	2010	12	7	341	0.3180833333	0.300166667	0.2513333333	0.463375	0.398916667
0070580012	2010	12	8	342	0.311375	0.296041667	0.2505	0.459875	0.396875
0070580012	2010	12	9	343	0.3064583333	0.293625	0.2490833333	0.460125	0.382791667
0070580012	2010	12	10	344	0.30425	0.29175	0.2479583333	0.463083333	0.378458333
0070580012	2010	12	11	345	0.302	0.288041667	0.2469583333	0.464125	0.378083333
0070580012	2010	12	12	346	0.299875	0.286333333	0.2457083333	0.464916667	0.37775
0070580012	2010	12	13	347	0.304875	0.292375	0.246	0.46475	0.377375
0070580012	2010	12	14	348	0.303375	0.29075	0.2461666667	0.46525	0.377041667
0070580012	2010	12	15	349	0.302	0.286708333	0.2461666667	0.462791667	0.376875
0070580012	2010	12	16	350	0.3030833333	0.28775	0.2451666667	0.462708333	0.376916667
0070580012	2010	12	17	351	0.3360833333	0.315708333	0.2608333333	0.460041667	0.376541667
0070580012	2010	12	18	352	0.3256666667	0.310708333	0.2592916667	0.455416667	0.376625
0070580012	2010	12	19	353	0.318875	0.305541667	0.2554583333	0.455958333	0.3765
0070580012	2010	12	20	354	0.3127916667	0.300791667	0.2537083333	0.45475	0.376916667
0070580012	2010	12	21	355	0.3090833333	0.298666667	0.2524583333	0.452875	0.376958333
0070580012	2010	12	22	356	0.3063478261	0.296347826	0.2507826087	0.456434783	0.376869565
0070580012	2010	12	23	357	0.3043333333	0.294333333	0.24975	0.461958333	0.376833333
0070580012	2010	12	24	358	0.2996666667	0.290833333	0.2487083333	0.462625	0.376833333
0070580012	2010	12	25	359	0.296625	0.288375	0.2475	0.463083333	0.376875
0070580012	2010	12	26	360	0.301375	0.292166667	0.2473333333	0.462	0.376916667
0070580012	2010	12	27	361	0.3123333333	0.299541667	0.249875	0.46275	0.376708333
0070580012	2010	12	28	362	0.316625	0.303208333	0.2535416667	0.462416667	0.3765
0070580012	2010	12	29	363	0.3143809524	0.302190476	0.2537619048	0.462047619	0.376428571
0070580012	2010	12	30	364	0.3137916667	0.302458333	0.2539166667	0.461208333	0.376083333
0070580012	2010	12	31	365	0.3298333333	0.316	0.261875	0.460375	0.376041667
0070580012	2011	1	1	1	0.34875	0.331166667	0.2695416667	0.4565	0.393416667
0070580012	2011	1	2	2	0.3681666667	0.340666667	0.268875	0.460291667	0.395583333
0070580012	2011	1	3	3	0.3420416667	0.3165	0.261125	0.456541667	0.3955
0070580012	2011	1	4	4	0.3307083333	0.309083333	0.2577916667	0.453083333	0.395958333
0070580012	2011	1	5	5	0.3229166667	0.304125	0.2563333333	0.451083333	0.396083333
0070580012	2011	1	6	6	0.3215416667	0.303416667	0.2555833333	0.448	0.396333333
0070580012	2011	1	7	7	0.319125	0.301625	0.2544583333	0.44675	0.395541667
0070580012	2011	1	8	8	0.3189166667	0.301958333	0.2545416667	0.446458333	0.384041667
0070580012	2011	1	9	9	0.3177916667	0.3015	0.2545	0.449958333	0.3795
0070580012	2011	1	10	10	0.3185833333	0.302458333	0.255375	0.455625	0.379083333
0070580012	2011	1	11	11	0.3199583333	0.303916667	0.256125	0.457041667	0.378625
0070580012	2011	1	12	12	0.324125	0.307708333	0.2585416667	0.457916667	0.378375
0070580012	2011	1	13	13	0.3222083333	0.30625	0.2582916667	0.459208333	0.378083333
0070580012	2011	1	14	14	0.31975	0.30425	0.257375	0.45975	0.378166667
0070580012	2011	1	15	15	0.317375	0.302625	0.2567083333	0.460875	0.378166667
0070580012	2011	1	16	16	0.3280833333	0.311125	0.2597916667	0.460208333	0.378166667
0070580012	2011	1	17	17	0.3379166667	0.319416667	0.268875	0.452375	0.378208333
0070580012	2011	1	18	18	0.3395833333	0.323541667	0.2685833333	0.449166667	0.379166667
0070580012	2011	1	19	19	0.3365833333	0.321583333	0.2646666667	0.449791667	0.387458333
0070580012	2011	1	20	20	0.3291666667	0.312125	0.261	0.448958333	0.389458333
0070580012	2011	1	21	21	0.3230833333	0.306583333	0.2582916667	0.450041667	0.3855
0070580012	2011	1	22	22	0.3179166667	0.302333333	0.2567083333	0.449541667	0.381333333
0070580012	2011	1	23	23	0.3120833333	0.298375	0.2549166667	0.447666667	0.380208333
0070580012	2011	1	24	24	0.3084166667	0.296	0.2539166667	0.450041667	0.3805
0070580012	2011	1	25	25	0.30725	0.294625	0.25275	0.453208333	0.380666667
0070580012	2011	1	26	26	0.3545833333	0.331958333	0.26875	0.4495	0.382458333
0070580012	2011	1	27	27	0.3620416667	0.333541667	0.267125	0.449083333	0.39525
0070580012	2011	1	28	28	0.3414166667	0.315625	0.2614166667	0.444541667	0.395958333
0070580012	2011	1	29	29	0.3307083333	0.309541667	0.2588333333	0.443416667	0.396625
0070580012	2011	1	30	30	0.3225833333	0.304541667	0.2572916667	0.442833333	0.39675
0070580012	2011	1	31	31	0.3158333333	0.299833333	0.2553333333	0.443375	0.394125
0070580012	2011	2	1	32	0.3114583333	0.297125	0.2535416667	0.444833333	0.383666667
0070580012	2011	2	2	33	0.3705	0.342791667	0.3035416667	0.453333333	0.392833333
0070580012	2011	2	3	34	0.3592916667	0.329708333	0.2703333333	0.454791667	0.396208333
0070580012	2011	2	4	35	0.3528333333	0.325916667	0.2667083333	0.450416667	0.396458333
0070580012	2011	2	5	36	0.3783333333	0.34675	0.2691041667	0.452125	0.396833333
0070580012	2011	2	6	37	0.3594583333	0.330541667	0.2715	0.453041667	0.397125
0070580012	2011	2	7	38	0.3415416667	0.317291667	0.2633333333	0.449041667	0.397833333
0070580012	2011	2	8	39	0.332875	0.311583333	0.2613333333	0.446583333	0.398166667
0070580012	2011	2	9	40	0.3249583333	0.306375	0.259375	0.444166667	0.398166667
0070580012	2011	2	10	41	0.3215	0.305208333	0.2579583333	0.443958333	0.398375
0070580012	2011	2	11	42	0.3199583333	0.305375	0.2568333333	0.45225	0.3885
0070580012	2011	2	12	43	0.3150833333	0.301916667	0.255625	0.452625	0.382916667
0070580012	2011	2	13	44	0.3095833333	0.298541667	0.2536666667	0.456333333	0.382333333
0070580012	2011	2	14	45	0.3046666667	0.295166667	0.2517916667	0.458041667	0.381708333
0070580012	2011	2	15	46	0.29775	0.290375	0.2496666667	0.4605	0.381
0070580012	2011	2	16	47	0.29025	0.286083333	0.2478333333	0.460208333	0.380958333
0070580012	2011	2	17	48	0.2815416667	0.281208333	0.2455	0.462875	0.38025
0070580012	2011	2	18	49	0.2732083333	0.276583333	0.2431666667	0.465166667	0.38
0070580012	2011	2	19	50	0.2647083333	0.271958333	0.2406666667	0.465708333	0.380041667
0070580012	2011	2	20	51	0.255625	0.266916667	0.2377083333	0.467041667	0.37975
0070580012	2011	2	21	52	0.2473333333	0.26275	0.235875	0.467583333	0.379208333
0070580012	2011	2	22	53	0.238875	0.25725	0.2330833333	0.469291667	0.379166667
0070580012	2011	2	23	54	0.2324583333	0.253041667	0.2307916667	0.4715	0.37875
0070580012	2011	2	24	55	0.2265833333	0.248958333	0.2282916667	0.470625	0.378291667
0070580012	2011	2	25	56	0.230875	0.25225	0.2262916667	0.469791667	0.377708333
0070580012	2011	2	26	57	0.24625	0.260833333	0.2268333333	0.471583333	0.377125
0070580012	2011	2	27	58	0.245875	0.259666667	0.2275416667	0.471416667	0.377541667
0070580012	2011	2	28	59	0.249375	0.262791667	0.228	0.473208333	0.377041667
0070580012	2011	3	1	60	0.32925	0.318458333	0.25725	0.475666667	0.377083333
0070580012	2011	3	2	61	0.3184166667	0.306708333	0.2519166667	0.476541667	0.377541667
0070580012	2011	3	3	62	0.308875	0.298166667	0.2496666667	0.478041667	0.377708333
0070580012	2011	3	4	63	0.2987083333	0.290083333	0.2477916667	0.478625	0.377625
0070580012	2011	3	5	64	0.2957916667	0.289375	0.246125	0.478166667	0.377416667
0070580012	2011	3	6	65	0.4173333333	0.328	0.3213333333	0.48175	0.388541667
0070580012	2011	3	7	66	0.410375	0.366625	0.3039583333	0.479875	0.394666667
0070580012	2011	3	8	67	0.37125	0.334291667	0.26625	0.477875	0.395333333
0070580012	2011	3	9	68	0.3840416667	0.340375	0.2876666667	0.473375	0.3955
0070580012	2011	3	10	69	0.4335416667	0.351354167	0.34975	0.477625	0.396166667
0070580012	2011	3	11	70	0.4021666667	0.362333333	0.3117916667	0.478666667	0.397416667
0070580012	2011	3	12	71	0.3704166667	0.337625	0.2703333333	0.475375	0.397333333
0070580012	2011	3	13	72	0.349375	0.322458333	0.262625	0.470625	0.397291667
0070580012	2011	3	14	73	0.334875	0.313041667	0.25925	0.470041667	0.396708333
0070580012	2011	3	15	74	0.354125	0.326041667	0.2667083333	0.472083333	0.39675
0070580012	2011	3	16	75	0.3806666667	0.344583333	0.2725833333	0.477625	0.398166667
0070580012	2011	3	17	76	0.3569444444	0.327388889	0.2768333333	0.472166667	0.398166667
0070580012	2011	3	18	77	0.3348333333	0.314541667	0.3148333333	0.471875	0.397583333
0070580012	2011	3	19	78	0.3209166667	0.303333333	0.3127083333	0.472958333	0.39675
0070580012	2011	3	20	79	0.3087916667	0.294791667	0.310625	0.479416667	0.396041667
0070580012	2011	3	21	80	0.2976666667	0.286708333	0.3090833333	0.4795	0.385708333
0070580012	2011	3	22	81	0.2795416667	0.275875	0.3062083333	0.482333333	0.381791667
0070580012	2011	3	23	82	0.2599583333	0.2645	0.3032083333	0.485416667	0.381291667
0070580012	2011	3	24	83	0.2692083333	0.26625	0.301875	0.486333333	0.380791667
0070580012	2011	3	25	84	0.272625	0.270166667	0.3032916667	0.487708333	0.38075
0070580012	2011	3	26	85	0.2646666667	0.266291667	0.3024583333	0.486833333	0.380458333
0070580012	2011	3	27	86	0.3415416667	0.31875	0.3206666667	0.485875	0.380041667
0070580012	2011	3	28	87	0.351375	0.325541667	0.3248333333	0.485791667	0.379958333
0070580012	2011	3	29	88	0.347625	0.322333333	0.325	0.483375	0.379791667
0070580012	2011	3	30	89	0.3585833333	0.336041667	0.3290833333	0.482166667	0.385625
0070580012	2011	3	31	90	0.35825	0.332125	0.3283333333	0.482958333	0.394333333
0070580012	2011	4	1	91	0.359625	0.333583333	0.3302083333	0.479625	0.394958333
0070580012	2011	4	2	92	0.3499583333	0.324541667	0.3275	0.478416667	0.395708333
0070580012	2011	4	3	93	0.33725	0.314958333	0.325625	0.477458333	0.395708333
0070580012	2011	4	4	94	0.31175	0.298666667	0.3218333333	0.47825	0.395708333
0070580012	2011	4	5	95	0.3601666667	0.328416667	0.331625	0.486541667	0.393666667
0070580012	2011	4	6	96	0.3528095238	0.323666667	0.3297619048	0.486238095	0.396238095
0070580012	2011	4	7	97	0.324	0.307041667	0.325	0.483875	0.397
0070580012	2011	4	8	98	0.3010833333	0.29325	0.3210416667	0.483416667	0.397625
0070580012	2011	4	9	99	0.2840833333	0.281625	0.3182916667	0.489	0.395125
0070580012	2011	4	10	100	0.2715416667	0.27375	0.3144166667	0.492166667	0.384708333
0070580012	2011	4	11	101	0.257	0.265875	0.310875	0.478375	0.381666667
0070580012	2011	4	12	102	0.2487916667	0.258375	0.3069166667	0.460791667	0.381375
0070580012	2011	4	13	103	0.2599583333	0.2625	0.305625	0.436041667	0.380916667
0070580012	2011	4	14	104	0.24775	0.257458333	0.3035416667	0.439958333	0.380666667
0070580012	2011	4	15	105	0.2342083333	0.249041667	0.300625	0.443875	0.380875
0070580012	2011	4	16	106	0.4121666667	0.294333333	0.3166458333	0.465458333	0.392291667
0070580012	2011	4	17	107	0.3730416667	0.339625	0.3326666667	0.500708333	0.395875
0070580012	2011	4	18	108	0.3356666667	0.312625	0.3245416667	0.496333333	0.395666667
0070580012	2011	4	19	109	0.3111666667	0.296666667	0.3211666667	0.494041667	0.395625
0070580012	2011	4	20	110	0.3124166667	0.3045	0.319625	0.492625	0.396166667
0070580012	2011	4	21	111	0.3298333333	0.3145	0.319	0.493291667	0.393125
0070580012	2011	4	22	112	0.3440416667	0.320125	0.31725	0.494958333	0.383666667
0070580012	2011	4	23	113	0.3615833333	0.330666667	0.3195416667	0.494916667	0.382583333
0070580012	2011	4	24	114	0.3389166667	0.318541667	0.3185833333	0.495916667	0.382708333
0070580012	2011	4	25	115	0.3175	0.3025	0.3161666667	0.496375	0.382625
0070580012	2011	4	26	116	0.3066666667	0.297833333	0.3129166667	0.496666667	0.382291667
0070580012	2011	4	27	117	0.30375	0.293875	0.30975	0.489583333	0.382
0070580012	2011	4	28	118	0.3760416667	0.333083333	0.342875	0.463791667	0.391791667
0070580012	2011	4	29	119	0.377	0.333083333	0.3289583333	0.452291667	0.395875
0070580012	2011	4	30	120	0.35475	0.321083333	0.3255	0.466	0.396958333
0070580012	2011	5	1	121	0.3371666667	0.309625	0.3234583333	0.475166667	0.397333333
0070580012	2011	5	2	122	0.3263333333	0.303875	0.3210416667	0.447125	0.396791667
0070580012	2011	5	3	123	0.3145833333	0.298583333	0.319375	0.428333333	0.387791667
0070580012	2011	5	4	124	0.4150416667	0.318708333	0.32625	0.4055	0.396583333
0070580012	2011	5	5	125	0.3725833333	0.338833333	0.333125	0.432166667	0.397208333
0070580012	2011	5	6	126	0.349375	0.320416667	0.3295	0.431583333	0.397625
0070580012	2011	5	7	127	0.3364166667	0.312791667	0.3271666667	0.467875	0.398125
0070580012	2011	5	8	128	0.3222916667	0.304916667	0.3238333333	0.486375	0.39775
0070580012	2011	5	9	129	0.307125	0.29675	0.3205	0.460666667	0.38725
0070580012	2011	5	10	130	0.2925	0.287541667	0.3165416667	0.428166667	0.383458333
0070580012	2011	5	11	131	0.3020833333	0.293583333	0.312625	0.383875	0.383333333
0070580012	2011	5	12	132	0.3146666667	0.28075	0.3037083333	0.376875	0.383333333
0070580012	2011	5	13	133	0.3697142857	0.228190476	0.261952381	0.362857143	0.387
0070580012	2011	5	14	134	0.445375	0.282916667	0.2779166667	0.362583333	0.386958333
0070580012	2011	5	15	135	0.4219583333	0.275041667	0.2759166667	0.362208333	0.386708333
0070580012	2011	5	16	136	0.408625	0.265708333	0.2722916667	0.362166667	0.386916667
0070580012	2011	5	17	137	0.438125	0.276125	0.268	0.361833333	0.386708333
0070580012	2011	5	18	138	0.43575	0.292541667	0.2615416667	0.369875	0.386291667
0070580012	2011	5	19	139	0.439875	0.281333333	0.25775	0.372	0.386333333
0070580012	2011	5	20	140	0.4317083333	0.271125	0.2535416667	0.373208333	0.386625
0070580012	2011	5	21	141	0.37575	0.26325	0.257	0.373166667	0.386583333
0070580012	2011	5	22	142	0.2723333333	0.250916667	0.2660833333	0.370583333	0.386583333
0070580012	2011	5	23	143	0.2514583333	0.239166667	0.2680416667	0.364333333	0.386791667
0070580012	2011	5	24	144	0.2377916667	0.229875	0.2665416667	0.363166667	0.3865
0070580012	2011	5	25	145	0.2219166667	0.219958333	0.266125	0.362333333	0.386333333
0070580012	2011	5	26	146	0.21225	0.21175	0.263375	0.36125	0.386208333
0070580012	2011	5	27	147	0.2066666667	0.206791667	0.262375	0.360541667	0.386666667
0070580012	2011	5	28	148	0.2133333333	0.211458333	0.2609583333	0.360625	0.386625
0070580012	2011	5	29	149	0.2119583333	0.210208333	0.2619166667	0.358625	0.38625
0070580012	2011	5	30	150	0.2054166667	0.204583333	0.2624166667	0.357375	0.386416667
0070580012	2011	5	31	151	0.193375	0.195291667	0.2616666667	0.356208333	0.386291667
0070580012	2011	6	1	152	0.1773333333	0.183541667	0.2595833333	0.35425	0.386291667
0070580012	2011	6	2	153	0.1615416667	0.172958333	0.2564583333	0.35275	0.385958333
0070580012	2011	6	3	154	0.1508333333	0.164708333	0.2510416667	0.351541667	0.386125
0070580012	2011	6	4	155	0.14025	0.156416667	0.2449583333	0.348916667	0.38575
0070580012	2011	6	5	156	0.1290833333	0.146708333	0.2399166667	0.346166667	0.385458333
0070580012	2011	6	6	157	0.1199583333	0.137458333	0.2354166667	0.34375	0.385333333
0070580012	2011	6	7	158	0.1125416667	0.129041667	0.2297916667	0.340333333	0.384833333
0070580012	2011	6	8	159	0.10625	0.121833333	0.2251666667	0.337416667	0.384916667
0070580012	2011	6	9	160	0.102	0.116791667	0.2207083333	0.334666667	0.384791667
0070580012	2011	6	10	161	0.09933333333	0.112708333	0.2166666667	0.332125	0.384541667
0070580012	2011	6	11	162	0.09658333333	0.108791667	0.2212916667	0.32875	0.384541667
0070580012	2011	6	12	163	0.10375	0.129125	0.2253333333	0.327958333	0.386083333
0070580012	2011	6	13	164	0.168125	0.221416667	0.2554166667	0.339333333	0.40125
0070580012	2011	6	14	165	0.1635416667	0.205416667	0.2590416667	0.339958333	0.390666667
0070580012	2011	6	15	166	0.1567083333	0.197833333	0.25675	0.339125	0.383083333
0070580012	2011	6	16	167	0.2953809524	0.270761905	0.287	0.35752381	0.395857143
0070580012	2011	6	17	168	0.2325	0.2475	0.288625	0.355208333	0.396416667
0070580012	2011	6	18	169	0.23125	0.245416667	0.2872083333	0.356416667	0.397208333
0070580012	2011	6	19	170	0.2747916667	0.28175	0.29275	0.35625	0.391416667
0070580012	2011	6	20	171	0.2810416667	0.281708333	0.3019166667	0.363666667	0.385875
0070580012	2011	6	21	172	0.271875	0.27425	0.2954166667	0.363	0.38575
0070580012	2011	6	22	173	0.3013333333	0.284166667	0.28	0.362375	0.38475
0070580012	2011	6	23	174	0.3357083333	0.285291667	0.2855	0.36375	0.384791667
0070580012	2011	6	24	175	0.3301666667	0.286833333	0.2833333333	0.364833333	0.384458333
0070580012	2011	6	25	176	0.276	0.277208333	0.2817083333	0.366291667	0.384416667
0070580012	2011	6	26	177	0.25325	0.261583333	0.2800833333	0.366208333	0.384208333
0070580012	2011	6	27	178	0.2429166667	0.253166667	0.2772916667	0.363416667	0.383458333
0070580012	2011	6	28	179	0.2486666667	0.252	0.2777916667	0.35975	0.383541667
0070580012	2011	6	29	180	0.3202916667	0.28425	0.283875	0.3675	0.398125
0070580012	2011	6	30	181	0.2553333333	0.263416667	0.281	0.366916667	0.399833333
0070580012	2011	7	1	182	0.2275	0.247916667	0.2786666667	0.365666667	0.400375
0070580012	2011	7	2	183	0.200375	0.232875	0.2719583333	0.360375	0.388958333
0070580012	2011	7	3	184	0.1766666667	0.2175	0.2635	0.358541667	0.384375
0070580012	2011	7	4	185	0.1610833333	0.203166667	0.2604166667	0.356916667	0.383958333
0070580012	2011	7	5	186	0.165375	0.200291667	0.2507083333	0.356416667	0.384625
0070580012	2011	7	6	187	0.1635416667	0.199083333	0.2465833333	0.355	0.384041667
0070580012	2011	7	7	188	0.1615	0.194583333	0.2456666667	0.353916667	0.384041667
0070580012	2011	7	8	189	0.1575238095	0.18852381	0.2442857143	0.353	0.383904762
0070580012	2011	7	9	190	0.189375	0.2035	0.2415	0.352125	0.383708333
0070580012	2011	7	10	191	0.186625	0.199875	0.2455	0.350166667	0.383583333
0070580012	2011	7	11	192	0.1800833333	0.195583333	0.2472083333	0.349	0.383
0070580012	2011	7	12	193	0.1660833333	0.184083333	0.2458333333	0.347458333	0.3825
0070580012	2011	7	13	194	0.1587916667	0.177083333	0.2431666667	0.3455	0.382208333
0070580012	2011	7	14	195	0.1695833333	0.183416667	0.2175	0.344208333	0.381333333
0070580012	2011	7	15	196	0.1730416667	0.182416667	0.207625	0.343333333	0.381083333
0070580012	2011	7	16	197	0.1801666667	0.185791667	0.193	0.342	0.380708333
0070580012	2011	7	17	198	0.1778333333	0.184416667	0.1888333333	0.342375	0.380625
0070580012	2011	7	18	199	0.169125	0.176708333	0.1936666667	0.340916667	0.380958333
0070580012	2011	7	19	200	0.156625	0.1665	0.206625	0.3395	0.380708333
0070580012	2011	7	20	201	0.1464583333	0.156916667	0.2140833333	0.338666667	0.380666667
0070580012	2011	7	21	202	0.1329583333	0.146375	0.2212083333	0.336958333	0.380583333
0070580012	2011	7	22	203	0.1248333333	0.139083333	0.2195416667	0.336083333	0.379875
0070580012	2011	7	23	204	0.120375	0.135041667	0.2375	0.3335	0.379125
0070580012	2011	7	24	205	0.114625	0.128208333	0.2395833333	0.332208333	0.379291667
0070580012	2011	7	25	206	0.1166666667	0.128541667	0.2432916667	0.330166667	0.379041667
0070580012	2011	7	26	207	0.16975	0.170125	0.2320416667	0.329208333	0.379
0070580012	2011	7	27	208	0.1492916667	0.154625	0.2314166667	0.327833333	0.379208333
0070580012	2011	7	28	209	0.1309583333	0.141416667	0.235125	0.326291667	0.378833333
0070580012	2011	7	29	210	0.1190833333	0.130708333	0.237125	0.325083333	0.378583333
0070580012	2011	7	30	211	0.1104166667	0.121875	0.2398333333	0.323708333	0.377875
0070580012	2011	7	31	212	0.1120833333	0.117583333	0.2434166667	0.322416667	0.377458333
0070580012	2011	8	1	213	0.1289166667	0.121916667	0.2452916667	0.32	0.377041667
0070580012	2011	8	2	214	0.109875	0.114333333	0.2463333333	0.318458333	0.377291667
0070580012	2011	8	3	215	0.1009166667	0.105791667	0.24825	0.316166667	0.377125
0070580012	2011	8	4	216	0.09620833333	0.099291667	0.2490833333	0.312958333	0.376583333
0070580012	2011	8	5	217	0.094	0.096083333	0.247625	0.309541667	0.37625
0070580012	2011	8	6	218	0.09745833333	0.097083333	0.247625	0.306583333	0.376041667
0070580012	2011	8	7	219	0.11675	0.105208333	0.2476666667	0.303833333	0.375791667
0070580012	2011	8	8	220	0.1089583333	0.1045	0.247625	0.302666667	0.374666667
0070580012	2011	8	9	221	0.1376666667	0.116125	0.2494166667	0.300916667	0.373833333
0070580012	2011	8	10	222	0.1124166667	0.108333333	0.2492083333	0.299041667	0.373583333
0070580012	2011	8	11	223	0.099	0.100166667	0.2472083333	0.296791667	0.37325
0070580012	2011	8	12	224	0.09508333333	0.095791667	0.24525	0.294	0.37175
0070580012	2011	8	13	225	0.095875	0.091291667	0.243625	0.291	0.370958333
0070580012	2011	8	14	226	0.142625	0.12125	0.24525	0.289625	0.370583333
0070580012	2011	8	15	227	0.135625	0.119708333	0.246375	0.287833333	0.370541667
0070580012	2011	8	16	228	0.1141666667	0.114458333	0.2450416667	0.287875	0.370208333
0070580012	2011	8	17	229	0.1000833333	0.104208333	0.2432083333	0.286458333	0.370375
0070580012	2011	8	18	230	0.09433333333	0.095333333	0.2420833333	0.284666667	0.369458333
0070580012	2011	8	19	231	0.09458333333	0.092125	0.2420833333	0.282541667	0.369375
0070580012	2011	8	20	232	0.09195833333	0.088583333	0.2405833333	0.27975	0.369125
0070580012	2011	8	21	233	0.08970833333	0.085375	0.2390416667	0.276833333	0.368666667
0070580012	2011	8	22	234	0.08770833333	0.082	0.237375	0.273166667	0.368083333
0070580012	2011	8	23	235	0.08404166667	0.078541667	0.2345	0.269416667	0.367458333
0070580012	2011	8	24	236	0.080875	0.07475	0.2320833333	0.264291667	0.367
0070580012	2011	8	25	237	0.07895833333	0.071416667	0.2305	0.261625	0.365958333
0070580012	2011	8	26	238	0.07654166667	0.069125	0.2295416667	0.255708333	0.366041667
0070580012	2011	8	27	239	0.075	0.067041667	0.2288333333	0.250916667	0.365375
0070580012	2011	8	28	240	0.07216666667	0.064833333	0.2283333333	0.245916667	0.364458333
0070580012	2011	8	29	241	0.06966666667	0.061958333	0.2268333333	0.240083333	0.363708333
0070580012	2011	8	30	242	0.06720833333	0.060625	0.2252916667	0.236166667	0.363083333
0070580012	2011	8	31	243	0.06616666667	0.05825	0.22575	0.231666667	0.361833333
0070580012	2011	9	1	244	0.064375	0.057375	0.225625	0.230083333	0.360416667
0070580012	2011	9	2	245	0.064375	0.055708333	0.2259166667	0.226208333	0.360333333
0070580012	2011	9	3	246	0.067125	0.055666667	0.2262916667	0.224708333	0.358958333
0070580012	2011	9	4	247	0.06458333333	0.056041667	0.2259166667	0.223166667	0.357916667
0070580012	2011	9	5	248	0.1861458333	0.163395833	0.2262916667	0.2595	0.356791667
0070580012	2011	9	6	249	0.3077083333	0.27075	0.2764166667	0.295833333	0.373791667
0070580012	2011	9	7	250	0.2334583333	0.254125	0.2865833333	0.328041667	0.369395833
0070580012	2011	9	8	251	0.228125	0.249083333	0.2930833333	0.327416667	0.365
0070580012	2011	9	9	252	0.2189583333	0.241541667	0.2947083333	0.326166667	0.364458333
0070580012	2011	9	10	253	0.205875	0.231083333	0.2942083333	0.325375	0.364916667
0070580012	2011	9	11	254	0.1898333333	0.218916667	0.29175	0.323708333	0.365041667
0070580012	2011	9	12	255	0.1752916667	0.208041667	0.2904166667	0.3215	0.364375
0070580012	2011	9	13	256	0.159875	0.198291667	0.2864166667	0.319916667	0.36425
0070580012	2011	9	14	257	0.1433333333	0.188666667	0.285875	0.317583333	0.3645
0070580012	2011	9	15	258	0.1304583333	0.179958333	0.2827916667	0.316583333	0.364583333
0070580012	2011	9	16	259	0.1249583333	0.174541667	0.2804583333	0.314541667	0.364958333
0070580012	2011	9	17	260	0.1202916667	0.169458333	0.275625	0.311916667	0.365041667
0070580012	2011	9	18	261	0.1148333333	0.164416667	0.2745416667	0.309958333	0.364958333
0070580012	2011	9	19	262	0.1115833333	0.160291667	0.271875	0.307875	0.364625
0070580012	2011	9	20	263	0.1089166667	0.156083333	0.271125	0.305791667	0.364583333
0070580012	2011	9	21	264	0.15625	0.180625	0.272125	0.30475	0.364083333
0070580012	2011	9	22	265	0.2017916667	0.218416667	0.2782916667	0.303375	0.364166667
0070580012	2011	9	23	266	0.2498333333	0.2575	0.2907083333	0.310833333	0.364458333
0070580012	2011	9	24	267	0.2412083333	0.254416667	0.2907916667	0.326583333	0.365125
0070580012	2011	9	25	268	0.2245416667	0.242833333	0.2933333333	0.325958333	0.364916667
0070580012	2011	9	26	269	0.208875	0.231916667	0.2947916667	0.32425	0.364875
0070580012	2011	9	27	270	0.22175	0.231791667	0.23625	0.321958333	0.370083333
0070580012	2011	9	28	271	0.2075833333	0.228041667	0.2261666667	0.3215	0.370625
0070580012	2011	9	29	272	0.19	0.219958333	0.2195833333	0.320041667	0.370916667
0070580012	2011	9	30	273	0.1723333333	0.211416667	0.208875	0.319125	0.370916667
0070580012	2011	10	1	274	0.1539583333	0.202833333	0.195	0.31825	0.371
0070580012	2011	10	2	275	0.138625	0.195458333	0.1863333333	0.316791667	0.370833333
0070580012	2011	10	3	276	0.126125	0.188458333	0.1706666667	0.31525	0.370666667
0070580012	2011	10	4	277	0.1169583333	0.181875	0.1604583333	0.313583333	0.370166667
0070580012	2011	10	5	278	0.1108333333	0.175208333	0.15925	0.312041667	0.370125
0070580012	2011	10	6	279	0.1114166667	0.17125	0.1817916667	0.310583333	0.369791667
0070580012	2011	10	7	280	0.1112916667	0.168625	0.1754583333	0.309541667	0.369916667
0070580012	2011	10	8	281	0.109625	0.165	0.1562083333	0.308166667	0.37
0070580012	2011	10	9	282	0.1084583333	0.162291667	0.1342916667	0.305833333	0.370083333
0070580012	2011	10	10	283	0.1093333333	0.161333333	0.1400416667	0.305041667	0.37
0070580012	2011	10	11	284	0.128625	0.160625	0.14525	0.303541667	0.369958333
0070580012	2011	10	12	285	0.241875	0.243541667	0.15925	0.301583333	0.37
0070580012	2011	10	13	286	0.231875	0.244041667	0.1881041667	0.301708333	0.369875
0070580012	2011	10	14	287	0.258	0.266541667	0.2169583333	0.301083333	0.369916667
0070580012	2011	10	15	288	0.2344583333	0.251166667	0.225875	0.303	0.369833333
0070580012	2011	10	16	289	0.217875	0.241	0.220125	0.304791667	0.369625
0070580012	2011	10	17	290	0.2032916667	0.232541667	0.2141666667	0.304541667	0.369041667
0070580012	2011	10	18	291	0.18975	0.225	0.2161666667	0.304583333	0.369041667
0070580012	2011	10	19	292	0.2457916667	0.257875	0.231375	0.311458333	0.368625
0070580012	2011	10	20	293	0.2566666667	0.264541667	0.2584583333	0.332416667	0.369125
0070580012	2011	10	21	294	0.2402916667	0.254291667	0.2545	0.33075	0.369208333
0070580012	2011	10	22	295	0.22775	0.247583333	0.2504583333	0.329833333	0.36975
0070580012	2011	10	23	296	0.2169166667	0.240875	0.2455833333	0.329166667	0.369708333
0070580012	2011	10	24	297	0.207	0.235583333	0.2390833333	0.327541667	0.369625
0070580012	2011	10	25	298	0.1955833333	0.229583333	0.2335	0.326291667	0.369208333
0070580012	2011	10	26	299	0.183	0.223695652	0.2266086957	0.326043478	0.369130435
0070580012	2011	10	27	300	0.1739583333	0.218791667	0.2164166667	0.324041667	0.369166667
0070580012	2011	10	28	301	0.1701666667	0.214541667	0.2131666667	0.323083333	0.369166667
0070580012	2011	10	29	302	0.2030833333	0.230125	0.2137083333	0.322375	0.369416667
0070580012	2011	10	30	303	0.2065416667	0.233583333	0.215	0.321	0.3695
0070580012	2011	10	31	304	0.19675	0.229375	0.2144583333	0.321333333	0.3695
0070580012	2011	11	1	305	0.1901666667	0.225583333	0.2120833333	0.320041667	0.369666667
0070580012	2011	11	2	306	0.1820416667	0.221916667	0.2074583333	0.319083333	0.369416667
0070580012	2011	11	3	307	0.1748333333	0.217541667	0.2063333333	0.319	0.369375
0070580012	2011	11	4	308	0.283	0.275375	0.2655	0.333625	0.37025
0070580012	2011	11	5	309	0.2681666667	0.264416667	0.281375	0.339541667	0.376083333
0070580012	2011	11	6	310	0.255625	0.255291667	0.2707083333	0.338708333	0.374
0070580012	2011	11	7	311	0.2471666667	0.249125	0.2631666667	0.336	0.373625
0070580012	2011	11	8	312	0.2373333333	0.243833333	0.2579166667	0.333416667	0.374041667
0070580012	2011	11	9	313	0.2287083333	0.239291667	0.2548333333	0.3325	0.37375
0070580012	2011	11	10	314	0.2308333333	0.237041667	0.2514583333	0.331083333	0.37375
0070580012	2011	11	11	315	0.2285416667	0.234375	0.249375	0.330583333	0.373625
0070580012	2011	11	12	316	0.222875	0.230583333	0.24725	0.329791667	0.373041667
0070580012	2011	11	13	317	0.2181666667	0.227041667	0.242375	0.329041667	0.372541667
0070580012	2011	11	14	318	0.2151666667	0.224583333	0.2398333333	0.328166667	0.372291667
0070580012	2011	11	15	319	0.2116666667	0.222375	0.23625	0.327	0.37225
0070580012	2011	11	16	320	0.2563333333	0.245708333	0.245	0.325333333	0.372
0070580012	2011	11	17	321	0.292875	0.270666667	0.266875	0.327916667	0.372208333
0070580012	2011	11	18	322	0.282125	0.262375	0.2663333333	0.330875	0.372125
0070580012	2011	11	19	323	0.2722916667	0.255916667	0.2627083333	0.3315	0.372291667
0070580012	2011	11	20	324	0.2632916667	0.251041667	0.2608333333	0.331291667	0.372166667
0070580012	2011	11	21	325	0.2638333333	0.252583333	0.2590416667	0.330625	0.372041667
0070580012	2011	11	22	326	0.2984583333	0.273833333	0.278875	0.334416667	0.372083333
0070580012	2011	11	23	327	0.3745	0.28075	0.290125	0.349416667	0.392
0070580012	2011	11	24	328	0.2885833333	0.266333333	0.2869166667	0.343833333	0.397791667
0070580012	2011	11	25	329	0.2763333333	0.258625	0.2794583333	0.339541667	0.398166667
0070580012	2011	11	26	330	0.2682083333	0.253625	0.273875	0.337708333	0.398875
0070580012	2011	11	27	331	0.2632083333	0.250333333	0.2701666667	0.336333333	0.397583333
0070580012	2011	11	28	332	0.3802916667	0.293916667	0.3025416667	0.345708333	0.387875
0070580012	2011	11	29	333	0.4751666667	0.3325	0.3432083333	0.366458333	0.398166667
0070580012	2011	11	30	334	0.4317083333	0.287083333	0.3008333333	0.365708333	0.398875
0070580012	2011	12	1	335	0.436	0.273583333	0.298375	0.358291667	0.4
0070580012	2011	12	2	336	0.43325	0.266666667	0.2955833333	0.346875	0.399958333
0070580012	2011	12	3	337	0.4109166667	0.261833333	0.285375	0.341875	0.400125
0070580012	2011	12	4	338	0.3840416667	0.258375	0.2806666667	0.340166667	0.400041667
0070580012	2011	12	5	339	0.276625	0.256875	0.276	0.339375	0.390708333
0070580012	2011	12	6	340	0.2990833333	0.271458333	0.2817916667	0.33725	0.379958333
0070580012	2011	12	7	341	0.4332083333	0.311833333	0.323125	0.357291667	0.391333333
0070580012	2011	12	8	342	0.4613333333	0.322875	0.3438333333	0.369875	0.399625
0070580012	2011	12	9	343	0.442375	0.29	0.3094166667	0.371166667	0.400708333
0070580012	2011	12	10	344	0.4374166667	0.276875	0.3035	0.360166667	0.401541667
0070580012	2011	12	11	345	0.434875	0.26975	0.2949166667	0.353375	0.40175
0070580012	2011	12	12	346	0.4349583333	0.265208333	0.287375	0.346041667	0.401833333
0070580012	2011	12	13	347	0.3937916667	0.261333333	0.282875	0.339625	0.401458333
0070580012	2011	12	14	348	0.2859583333	0.258	0.2777083333	0.337541667	0.388041667
0070580012	2011	12	15	349	0.276375	0.254375	0.2748333333	0.336291667	0.381458333
0070580012	2011	12	16	350	0.3017083333	0.25775	0.2737083333	0.334541667	0.380208333
0070580012	2011	12	17	351	0.4544166667	0.286	0.2932916667	0.334333333	0.37925
0070580012	2011	12	18	352	0.4507083333	0.277208333	0.2880833333	0.336125	0.379083333
0070580012	2011	12	19	353	0.4364583333	0.270833333	0.2839583333	0.336	0.379041667
0070580012	2011	12	20	354	0.3929166667	0.266166667	0.28025	0.335833333	0.37925
0070580012	2011	12	21	355	0.2982083333	0.264041667	0.278	0.335041667	0.379083333
0070580012	2011	12	22	356	0.31125	0.269416667	0.276625	0.334333333	0.378916667
0070580012	2011	12	23	357	0.4747916667	0.329	0.3435	0.366958333	0.397416667
0070580012	2011	12	24	358	0.4550416667	0.291791667	0.3052083333	0.368791667	0.399833333
0070580012	2011	12	25	359	0.4558333333	0.280458333	0.3009166667	0.36	0.400708333
0070580012	2011	12	26	360	0.4539583333	0.275416667	0.2967916667	0.35225	0.401166667
0070580012	2011	12	27	361	0.4695	0.306208333	0.3208333333	0.35875	0.401041667
0070580012	2011	12	28	362	0.4657916667	0.30925	0.3295416667	0.372208333	0.402541667
0070580012	2011	12	29	363	0.455875	0.290083333	0.3087083333	0.369458333	0.402958333
0070580012	2011	12	30	364	0.4525416667	0.281083333	0.3030416667	0.357125	0.4025
0070580012	2011	12	31	365	0.4526666667	0.275541667	0.2925833333	0.353541667	0.402666667
0070580012	2012	1	1	1	0.4498333333	0.272458333	0.2876666667	0.34175	0.402916667
0070580012	2012	1	2	2	0.441375	0.267916667	0.284625	0.339791667	0.402791667
0070580012	2012	1	3	3	0.4429166667	0.268166667	0.2812083333	0.338	0.38775
0070580012	2012	1	4	4	0.4395416667	0.267791667	0.280125	0.337625	0.382333333
0070580012	2012	1	5	5	0.4369583333	0.266	0.2800833333	0.3365	0.381291667
0070580012	2012	1	6	6	0.4387916667	0.264208333	0.2772916667	0.335166667	0.380375
0070580012	2012	1	7	7	0.407125	0.262041667	0.2746666667	0.335208333	0.38
0070580012	2012	1	8	8	0.3036666667	0.263208333	0.2733333333	0.333833333	0.379833333
0070580012	2012	1	9	9	0.328125	0.269458333	0.2732916667	0.332833333	0.379333333
0070580012	2012	1	10	10	0.4757916667	0.296916667	0.2950416667	0.332583333	0.379208333
0070580012	2012	1	11	11	0.4883333333	0.320166667	0.3225833333	0.346875	0.385625
0070580012	2012	1	12	12	0.4643043478	0.335956522	0.318375	0.367521739	0.398913044
0070580012	2012	1	13	13	0.4555833333	0.312125	0.3141666667	0.36975	0.399833333
0070580012	2012	1	14	14	0.4567916667	0.299708333	0.3075416667	0.366583333	0.401041667
0070580012	2012	1	15	15	0.4561666667	0.293208333	0.3043333333	0.355583333	0.401583333
0070580012	2012	1	16	16	0.4544583333	0.288041667	0.3004166667	0.352083333	0.402041667
0070580012	2012	1	17	17	0.4523333333	0.284833333	0.292875	0.34925	0.401958333
0070580012	2012	1	18	18	0.467	0.307916667	0.308	0.352291667	0.402791667
0070580012	2012	1	19	19	0.4578333333	0.296333333	0.3057083333	0.354	0.402958333
0070580012	2012	1	20	20	0.4565833333	0.290708333	0.3027083333	0.352	0.402541667
0070580012	2012	1	21	21	0.4536666667	0.301208333	0.3028333333	0.353916667	0.402916667
0070580012	2012	1	22	22	0.45075	0.305291667	0.3085416667	0.369375	0.404541667
0070580012	2012	1	23	23	0.4562916667	0.314708333	0.3294583333	0.364875	0.404791667
0070580012	2012	1	24	24	0.4446666667	0.317291667	0.3287083333	0.374958333	0.405
0070580012	2012	1	25	25	0.4534583333	0.303041667	0.311375	0.3705	0.405666667
0070580012	2012	1	26	26	0.4566666667	0.296291667	0.3071666667	0.359416667	0.406
0070580012	2012	1	27	27	0.4584583333	0.326	0.3438333333	0.373458333	0.405416667
0070580012	2012	1	28	28	0.461625	0.310666667	0.315625	0.374583333	0.405416667
0070580012	2012	1	29	29	0.456625	0.299958333	0.310375	0.361541667	0.405875
0070580012	2012	1	30	30	0.4540416667	0.293833333	0.2975	0.347208333	0.405791667
0070580012	2012	1	31	31	0.4483333333	0.2885	0.2930416667	0.341916667	0.405291667
0070580012	2012	2	1	32	0.4440416667	0.285208333	0.2884583333	0.340041667	0.402208333
0070580012	2012	2	2	33	0.447125	0.300208333	0.2931666667	0.340083333	0.388
0070580012	2012	2	3	34	0.4380833333	0.294416667	0.2917916667	0.339333333	0.384541667
0070580012	2012	2	4	35	0.403125	0.289708333	0.2884166667	0.338625	0.383916667
0070580012	2012	2	5	36	0.428	0.306041667	0.29825	0.33825	0.383041667
0070580012	2012	2	6	37	0.4162083333	0.301125	0.2960833333	0.339416667	0.382625
0070580012	2012	2	7	38	0.3746666667	0.29425	0.2912083333	0.339041667	0.381916667
0070580012	2012	2	8	39	0.3669166667	0.288541667	0.2885416667	0.339541667	0.381541667
0070580012	2012	2	9	40	0.3235	0.284625	0.2842916667	0.339	0.381083333
0070580012	2012	2	10	41	0.3476666667	0.280625	0.2819166667	0.338125	0.380833333
0070580012	2012	2	11	42	0.315875	0.278375	0.280125	0.3375	0.380666667
0070580012	2012	2	12	43	0.3887083333	0.277791667	0.2787083333	0.3365	0.380625
0070580012	2012	2	13	44	0.396	0.274375	0.277875	0.33525	0.380208333
0070580012	2012	2	14	45	0.3082916667	0.271583333	0.2747083333	0.335	0.380166667
0070580012	2012	2	15	46	0.3078333333	0.268791667	0.271375	0.334041667	0.380125
0070580012	2012	2	16	47	0.3037916667	0.266458333	0.2675416667	0.334291667	0.379875
0070580012	2012	2	17	48	0.3017083333	0.263291667	0.2640833333	0.333333333	0.379083333
0070580012	2012	2	18	49	0.2935	0.2585	0.262125	0.332	0.378458333
0070580012	2012	2	19	50	0.3362916667	0.268375	0.2624166667	0.330375	0.378291667
0070580012	2012	2	20	51	0.4580833333	0.30775	0.2954583333	0.330375	0.378
0070580012	2012	2	21	52	0.4100416667	0.297958333	0.2879583333	0.332708333	0.377916667
0070580012	2012	2	22	53	0.357125	0.290041667	0.2822916667	0.33275	0.377625
0070580012	2012	2	23	54	0.4069166667	0.300791667	0.2842083333	0.332833333	0.376958333
0070580012	2012	2	24	55	0.334875	0.297	0.2845	0.334541667	0.375833333
0070580012	2012	2	25	56	0.3277083333	0.291291667	0.2806666667	0.334833333	0.375583333
0070580012	2012	2	26	57	0.31875	0.284666667	0.2783333333	0.33475	0.375166667
0070580012	2012	2	27	58	0.313	0.278166667	0.2793333333	0.334041667	0.375166667
0070580012	2012	2	28	59	0.304375	0.273083333	0.2791666667	0.332833333	0.375125
0070580012	2012	2	29	60	0.2961428571	0.26752381	0.2730952381	0.333047619	0.375428571
0070580012	2012	3	1	61	0.3116111111	0.272444444	0.2687777778	0.336611111	0.375277778
0070580012	2012	3	2	62	0.313625	0.285625	0.2677916667	0.35275	0.375041667
0070580012	2012	3	3	63	0.3526666667	0.307583333	0.2870416667	0.3525	0.375
0070580012	2012	3	4	64	0.356	0.310791667	0.2939583333	0.354833333	0.374875
0070580012	2012	3	5	65	0.3478333333	0.306	0.2906666667	0.355666667	0.375
0070580012	2012	3	6	66	0.3478333333	0.306	0.2906666667	0.355666667	0.375
0070580012	2012	3	7	67	-9999	-9999	-9999	-9999	-9999
0070580012	2012	3	8	68	-9999	-9999	-9999	-9999	-9999
0070580012	2012	3	9	69	-9999	-9999	-9999	-9999	-9999
0070580012	2012	3	10	70	-9999	-9999	-9999	-9999	-9999
0070580012	2012	3	11	71	-9999	-9999	-9999	-9999	-9999
0070580012	2012	3	12	72	-9999	-9999	-9999	-9999	-9999
0070580012	2012	3	13	73	-9999	-9999	-9999	-9999	-9999
0070580012	2012	3	14	74	-9999	-9999	-9999	-9999	-9999
0070580012	2012	3	15	75	-9999	-9999	-9999	-9999	-9999
0070580012	2012	3	16	76	-9999	-9999	-9999	-9999	-9999
0070580012	2012	3	17	77	-9999	-9999	-9999	-9999	-9999
0070580012	2012	3	18	78	-9999	-9999	-9999	-9999	-9999
0070580012	2012	3	19	79	-9999	-9999	-9999	-9999	-9999
0070580012	2012	3	20	80	-9999	-9999	-9999	-9999	-9999
0070580012	2012	3	21	81	-9999	-9999	-9999	-9999	-9999
0070580012	2012	3	22	82	-9999	-9999	-9999	-9999	-9999
0070580012	2012	3	23	83	-9999	-9999	-9999	-9999	-9999
0070580012	2012	3	24	84	-9999	-9999	-9999	-9999	-9999
0070580012	2012	3	25	85	-9999	-9999	-9999	-9999	-9999
0070580012	2012	3	26	86	-9999	-9999	-9999	-9999	-9999
0070580012	2012	3	27	87	-9999	-9999	-9999	-9999	-9999
0070580012	2012	3	28	88	-9999	-9999	-9999	-9999	-9999
0070580012	2012	3	29	89	-9999	-9999	-9999	-9999	-9999
0070580012	2012	3	30	90	-9999	-9999	-9999	-9999	-9999
0070580012	2012	3	31	91	-9999	-9999	-9999	-9999	-9999
0070580012	2012	4	1	92	-9999	-9999	-9999	-9999	-9999
0070580012	2012	4	2	93	-9999	-9999	-9999	-9999	-9999
0070580012	2012	4	3	94	-9999	-9999	-9999	-9999	-9999
0070580012	2012	4	4	95	-9999	-9999	-9999	-9999	-9999
0070580012	2012	4	5	96	-9999	-9999	-9999	-9999	-9999
0070580012	2012	4	6	97	-9999	-9999	-9999	-9999	-9999
0070580012	2012	4	7	98	-9999	-9999	-9999	-9999	-9999
0070580012	2012	4	8	99	-9999	-9999	-9999	-9999	-9999
0070580012	2012	4	9	100	-9999	-9999	-9999	-9999	-9999
0070580012	2012	4	10	101	-9999	-9999	-9999	-9999	-9999
0070580012	2012	4	11	102	-9999	-9999	-9999	-9999	-9999
0070580012	2012	4	12	103	-9999	-9999	-9999	-9999	-9999
0070580012	2012	4	13	104	-9999	-9999	-9999	-9999	-9999
0070580012	2012	4	14	105	-9999	-9999	-9999	-9999	-9999
0070580012	2012	4	15	106	-9999	-9999	-9999	-9999	-9999
0070580012	2012	4	16	107	-9999	-9999	-9999	-9999	-9999
0070580012	2012	4	17	108	-9999	-9999	-9999	-9999	-9999
0070580012	2012	4	18	109	-9999	-9999	-9999	-9999	-9999
0070580012	2012	4	19	110	-9999	-9999	-9999	-9999	-9999
0070580012	2012	4	20	111	-9999	-9999	-9999	-9999	-9999
0070580012	2012	4	21	112	-9999	-9999	-9999	-9999	-9999
0070580012	2012	4	22	113	-9999	-9999	-9999	-9999	-9999
0070580012	2012	4	23	114	-9999	-9999	-9999	-9999	-9999
0070580012	2012	4	24	115	-9999	-9999	-9999	-9999	-9999
0070580012	2012	4	25	116	-9999	-9999	-9999	-9999	-9999
0070580012	2012	4	26	117	-9999	-9999	-9999	-9999	-9999
0070580012	2012	4	27	118	-9999	-9999	-9999	-9999	-9999
0070580012	2012	4	28	119	-9999	-9999	-9999	-9999	-9999
0070580012	2012	4	29	120	-9999	-9999	-9999	-9999	-9999
0070580012	2012	4	30	121	-9999	-9999	-9999	-9999	-9999
0070580012	2012	5	1	122	-9999	-9999	-9999	-9999	-9999
0070580012	2012	5	2	123	-9999	-9999	-9999	-9999	-9999
0070580012	2012	5	3	124	-9999	-9999	-9999	-9999	-9999
0070580012	2012	5	4	125	-9999	-9999	-9999	-9999	-9999
0070580012	2012	5	5	126	-9999	-9999	-9999	-9999	-9999
0070580012	2012	5	6	127	-9999	-9999	-9999	-9999	-9999
0070580012	2012	5	7	128	-9999	-9999	-9999	-9999	-9999
0070580012	2012	5	8	129	-9999	-9999	-9999	-9999	-9999
0070580012	2012	5	9	130	-9999	-9999	-9999	-9999	-9999
0070580012	2012	5	10	131	-9999	-9999	-9999	-9999	-9999
0070580012	2012	5	11	132	-9999	-9999	-9999	-9999	-9999
0070580012	2012	5	12	133	-9999	-9999	-9999	-9999	-9999
0070580012	2012	5	13	134	-9999	-9999	-9999	-9999	-9999
0070580012	2012	5	14	135	-9999	-9999	-9999	-9999	-9999
0070580012	2012	5	15	136	-9999	-9999	-9999	-9999	-9999
0070580012	2012	5	16	137	-9999	-9999	-9999	-9999	-9999
0070580012	2012	5	17	138	-9999	-9999	-9999	-9999	-9999
0070580012	2012	5	18	139	-9999	-9999	-9999	-9999	-9999
0070580012	2012	5	19	140	-9999	-9999	-9999	-9999	-9999
0070580012	2012	5	20	141	-9999	-9999	-9999	-9999	-9999
0070580012	2012	5	21	142	-9999	-9999	-9999	-9999	-9999
0070580012	2012	5	22	143	-9999	-9999	-9999	-9999	-9999
0070580012	2012	5	23	144	-9999	-9999	-9999	-9999	-9999
0070580012	2012	5	24	145	-9999	-9999	-9999	-9999	-9999
0070580012	2012	5	25	146	-9999	-9999	-9999	-9999	-9999
0070580012	2012	5	26	147	-9999	-9999	-9999	-9999	-9999
0070580012	2012	5	27	148	-9999	-9999	-9999	-9999	-9999
0070580012	2012	5	28	149	-9999	-9999	-9999	-9999	-9999
0070580012	2012	5	29	150	-9999	-9999	-9999	-9999	-9999
0070580012	2012	5	30	151	-9999	-9999	-9999	-9999	-9999
0070580012	2012	5	31	152	-9999	-9999	-9999	-9999	-9999
0070580012	2012	6	1	153	-9999	-9999	-9999	-9999	-9999
0070580012	2012	6	2	154	-9999	-9999	-9999	-9999	-9999
0070580012	2012	6	3	155	-9999	-9999	-9999	-9999	-9999
0070580012	2012	6	4	156	-9999	-9999	-9999	-9999	-9999
0070580012	2012	6	5	157	-9999	-9999	-9999	-9999	-9999
0070580012	2012	6	6	158	-9999	-9999	-9999	-9999	-9999
0070580012	2012	6	7	159	-9999	-9999	-9999	-9999	-9999
0070580012	2012	6	8	160	-9999	-9999	-9999	-9999	-9999
0070580012	2012	6	9	161	-9999	-9999	-9999	-9999	-9999
0070580012	2012	6	10	162	-9999	-9999	-9999	-9999	-9999
0070580012	2012	6	11	163	-9999	-9999	-9999	-9999	-9999
0070580012	2012	6	12	164	-9999	-9999	-9999	-9999	-9999
0070580012	2012	6	13	165	-9999	-9999	-9999	-9999	-9999
0070580012	2012	6	14	166	-9999	-9999	-9999	-9999	-9999
0070580012	2012	6	15	167	-9999	-9999	-9999	-9999	-9999
0070580012	2012	6	16	168	-9999	-9999	-9999	-9999	-9999
0070580012	2012	6	17	169	-9999	-9999	-9999	-9999	-9999
0070580012	2012	6	18	170	-9999	-9999	-9999	-9999	-9999
0070580012	2012	6	19	171	-9999	-9999	-9999	-9999	-9999
0070580012	2012	6	20	172	-9999	-9999	-9999	-9999	-9999
0070580012	2012	6	21	173	-9999	-9999	-9999	-9999	-9999
0070580012	2012	6	22	174	-9999	-9999	-9999	-9999	-9999
0070580012	2012	6	23	175	-9999	-9999	-9999	-9999	-9999
0070580012	2012	6	24	176	-9999	-9999	-9999	-9999	-9999
0070580012	2012	6	25	177	-9999	-9999	-9999	-9999	-9999
0070580012	2012	6	26	178	-9999	-9999	-9999	-9999	-9999
0070580012	2012	6	27	179	-9999	-9999	-9999	-9999	-9999
0070580012	2012	6	28	180	-9999	-9999	-9999	-9999	-9999
0070580012	2012	6	29	181	-9999	-9999	-9999	-9999	-9999
0070580012	2012	6	30	182	-9999	-9999	-9999	-9999	-9999
0070580012	2012	7	1	183	-9999	-9999	-9999	-9999	-9999
0070580012	2012	7	2	184	-9999	-9999	-9999	-9999	-9999
0070580012	2012	7	3	185	-9999	-9999	-9999	-9999	-9999
0070580012	2012	7	4	186	-9999	-9999	-9999	-9999	-9999
0070580012	2012	7	5	187	-9999	-9999	-9999	-9999	-9999
0070580012	2012	7	6	188	-9999	-9999	-9999	-9999	-9999
0070580012	2012	7	7	189	-9999	-9999	-9999	-9999	-9999
0070580012	2012	7	8	190	-9999	-9999	-9999	-9999	-9999
0070580012	2012	7	9	191	-9999	-9999	-9999	-9999	-9999
0070580012	2012	7	10	192	-9999	-9999	-9999	-9999	-9999
0070580012	2012	7	11	193	-9999	-9999	-9999	-9999	-9999
0070580012	2012	7	12	194	-9999	-9999	-9999	-9999	-9999
0070580012	2012	7	13	195	-9999	-9999	-9999	-9999	-9999
0070580012	2012	7	14	196	-9999	-9999	-9999	-9999	-9999
0070580012	2012	7	15	197	-9999	-9999	-9999	-9999	-9999
0070580012	2012	7	16	198	-9999	-9999	-9999	-9999	-9999
0070580012	2012	7	17	199	-9999	-9999	-9999	-9999	-9999
0070580012	2012	7	18	200	-9999	-9999	-9999	-9999	-9999
0070580012	2012	7	19	201	-9999	-9999	-9999	-9999	-9999
0070580012	2012	7	20	202	-9999	-9999	-9999	-9999	-9999
0070580012	2012	7	21	203	-9999	-9999	-9999	-9999	-9999
0070580012	2012	7	22	204	-9999	-9999	-9999	-9999	-9999
0070580012	2012	7	23	205	-9999	-9999	-9999	-9999	-9999
0070580012	2012	7	24	206	-9999	-9999	-9999	-9999	-9999
0070580012	2012	7	25	207	-9999	-9999	-9999	-9999	-9999
0070580012	2012	7	26	208	-9999	-9999	-9999	-9999	-9999
0070580012	2012	7	27	209	-9999	-9999	-9999	-9999	-9999
0070580012	2012	7	28	210	-9999	-9999	-9999	-9999	-9999
0070580012	2012	7	29	211	-9999	-9999	-9999	-9999	-9999
0070580012	2012	7	30	212	-9999	-9999	-9999	-9999	-9999
0070580012	2012	7	31	213	-9999	-9999	-9999	-9999	-9999
0070580012	2012	8	1	214	-9999	-9999	-9999	-9999	-9999
0070580012	2012	8	2	215	-9999	-9999	-9999	-9999	-9999
0070580012	2012	8	3	216	-9999	-9999	-9999	-9999	-9999
0070580012	2012	8	4	217	-9999	-9999	-9999	-9999	-9999
0070580012	2012	8	5	218	-9999	-9999	-9999	-9999	-9999
0070580012	2012	8	6	219	-9999	-9999	-9999	-9999	-9999
0070580012	2012	8	7	220	-9999	-9999	-9999	-9999	-9999
0070580012	2012	8	8	221	-9999	-9999	-9999	-9999	-9999
0070580012	2012	8	9	222	-9999	-9999	-9999	-9999	-9999
0070580012	2012	8	10	223	-9999	-9999	-9999	-9999	-9999
0070580012	2012	8	11	224	-9999	-9999	-9999	-9999	-9999
0070580012	2012	8	12	225	-9999	-9999	-9999	-9999	-9999
0070580012	2012	8	13	226	-9999	-9999	-9999	-9999	-9999
0070580012	2012	8	14	227	-9999	-9999	-9999	-9999	-9999
0070580012	2012	8	15	228	-9999	-9999	-9999	-9999	-9999
0070580012	2012	8	16	229	-9999	-9999	-9999	-9999	-9999
0070580012	2012	8	17	230	-9999	-9999	-9999	-9999	-9999
0070580012	2012	8	18	231	-9999	-9999	-9999	-9999	-9999
0070580012	2012	8	19	232	-9999	-9999	-9999	-9999	-9999
0070580012	2012	8	20	233	-9999	-9999	-9999	-9999	-9999
0070580012	2012	8	21	234	-9999	-9999	-9999	-9999	-9999
0070580012	2012	8	22	235	-9999	-9999	-9999	-9999	-9999
0070580012	2012	8	23	236	-9999	-9999	-9999	-9999	-9999
0070580012	2012	8	24	237	-9999	-9999	-9999	-9999	-9999
0070580012	2012	8	25	238	-9999	-9999	-9999	-9999	-9999
0070580012	2012	8	26	239	-9999	-9999	-9999	-9999	-9999
0070580012	2012	8	27	240	-9999	-9999	-9999	-9999	-9999
0070580012	2012	8	28	241	-9999	-9999	-9999	-9999	-9999
0070580012	2012	8	29	242	-9999	-9999	-9999	-9999	-9999
0070580012	2012	8	30	243	-9999	-9999	-9999	-9999	-9999
0070580012	2012	8	31	244	-9999	-9999	-9999	-9999	-9999
0070580012	2012	9	1	245	-9999	-9999	-9999	-9999	-9999
0070580012	2012	9	2	246	-9999	-9999	-9999	-9999	-9999
0070580012	2012	9	3	247	-9999	-9999	-9999	-9999	-9999
0070580012	2012	9	4	248	-9999	-9999	-9999	-9999	-9999
0070580012	2012	9	5	249	-9999	-9999	-9999	-9999	-9999
0070580012	2012	9	6	250	-9999	-9999	-9999	-9999	-9999
0070580012	2012	9	7	251	-9999	-9999	-9999	-9999	-9999
0070580012	2012	9	8	252	-9999	-9999	-9999	-9999	-9999
0070580012	2012	9	9	253	-9999	-9999	-9999	-9999	-9999
0070580012	2012	9	10	254	-9999	-9999	-9999	-9999	-9999
0070580012	2012	9	11	255	-9999	-9999	-9999	-9999	-9999
0070580012	2012	9	12	256	-9999	-9999	-9999	-9999	-9999
0070580012	2012	9	13	257	-9999	-9999	-9999	-9999	-9999
0070580012	2012	9	14	258	-9999	-9999	-9999	-9999	-9999
0070580012	2012	9	15	259	-9999	-9999	-9999	-9999	-9999
0070580012	2012	9	16	260	-9999	-9999	-9999	-9999	-9999
0070580012	2012	9	17	261	-9999	-9999	-9999	-9999	-9999
0070580012	2012	9	18	262	-9999	-9999	-9999	-9999	-9999
0070580012	2012	9	19	263	-9999	-9999	-9999	-9999	-9999
0070580012	2012	9	20	264	-9999	-9999	-9999	-9999	-9999
0070580012	2012	9	21	265	-9999	-9999	-9999	-9999	-9999
0070580012	2012	9	22	266	-9999	-9999	-9999	-9999	-9999
0070580012	2012	9	23	267	-9999	-9999	-9999	-9999	-9999
0070580012	2012	9	24	268	-9999	-9999	-9999	-9999	-9999
0070580012	2012	9	25	269	-9999	-9999	-9999	-9999	-9999
0070580012	2012	9	26	270	-9999	-9999	-9999	-9999	-9999
0070580012	2012	9	27	271	-9999	-9999	-9999	-9999	-9999
0070580012	2012	9	28	272	-9999	-9999	-9999	-9999	-9999
0070580012	2012	9	29	273	-9999	-9999	-9999	-9999	-9999
0070580012	2012	9	30	274	-9999	-9999	-9999	-9999	-9999
0070580012	2012	10	1	275	-9999	-9999	-9999	-9999	-9999
0070580012	2012	10	2	276	-9999	-9999	-9999	-9999	-9999
0070580012	2012	10	3	277	-9999	-9999	-9999	-9999	-9999
0070580012	2012	10	4	278	-9999	-9999	-9999	-9999	-9999
0070580012	2012	10	5	279	-9999	-9999	-9999	-9999	-9999
0070580012	2012	10	6	280	-9999	-9999	-9999	-9999	-9999
0070580012	2012	10	7	281	-9999	-9999	-9999	-9999	-9999
0070580012	2012	10	8	282	-9999	-9999	-9999	-9999	-9999
0070580012	2012	10	9	283	-9999	-9999	-9999	-9999	-9999
0070580012	2012	10	10	284	-9999	-9999	-9999	-9999	-9999
0070580012	2012	10	11	285	-9999	-9999	-9999	-9999	-9999
0070580012	2012	10	12	286	-9999	-9999	-9999	-9999	-9999
0070580012	2012	10	13	287	-9999	-9999	-9999	-9999	-9999
0070580012	2012	10	14	288	-9999	-9999	-9999	-9999	-9999
0070580012	2012	10	15	289	-9999	-9999	-9999	-9999	-9999
0070580012	2012	10	16	290	-9999	-9999	-9999	-9999	-9999
0070580012	2012	10	17	291	-9999	-9999	-9999	-9999	-9999
0070580012	2012	10	18	292	-9999	-9999	-9999	-9999	-9999
0070580012	2012	10	19	293	-9999	-9999	-9999	-9999	-9999
0070580012	2012	10	20	294	-9999	-9999	-9999	-9999	-9999
0070580012	2012	10	21	295	-9999	-9999	-9999	-9999	-9999
0070580012	2012	10	22	296	-9999	-9999	-9999	-9999	-9999
0070580012	2012	10	23	297	-9999	-9999	-9999	-9999	-9999
0070580012	2012	10	24	298	-9999	-9999	-9999	-9999	-9999
0070580012	2012	10	25	299	-9999	-9999	-9999	-9999	-9999
0070580012	2012	10	26	300	-9999	-9999	-9999	-9999	-9999
0070580012	2012	10	27	301	-9999	-9999	-9999	-9999	-9999
0070580012	2012	10	28	302	-9999	-9999	-9999	-9999	-9999
0070580012	2012	10	29	303	-9999	-9999	-9999	-9999	-9999
0070580012	2012	10	30	304	-9999	-9999	-9999	-9999	-9999
0070580012	2012	10	31	305	-9999	-9999	-9999	-9999	-9999
0070580012	2012	11	1	306	-9999	-9999	-9999	-9999	-9999
0070580012	2012	11	2	307	-9999	-9999	-9999	-9999	-9999
0070580012	2012	11	3	308	-9999	-9999	-9999	-9999	-9999
0070580012	2012	11	4	309	-9999	-9999	-9999	-9999	-9999
0070580012	2012	11	5	310	-9999	-9999	-9999	-9999	-9999
0070580012	2012	11	6	311	-9999	-9999	-9999	-9999	-9999
0070580012	2012	11	7	312	-9999	-9999	-9999	-9999	-9999
0070580012	2012	11	8	313	-9999	-9999	-9999	-9999	-9999
0070580012	2012	11	9	314	-9999	-9999	-9999	-9999	-9999
0070580012	2012	11	10	315	-9999	-9999	-9999	-9999	-9999
0070580012	2012	11	11	316	-9999	-9999	-9999	-9999	-9999
0070580012	2012	11	12	317	-9999	-9999	-9999	-9999	-9999
0070580012	2012	11	13	318	-9999	-9999	-9999	-9999	-9999
0070580012	2012	11	14	319	-9999	-9999	-9999	-9999	-9999
0070580012	2012	11	15	320	-9999	-9999	-9999	-9999	-9999
0070580012	2012	11	16	321	-9999	-9999	-9999	-9999	-9999
0070580012	2012	11	17	322	-9999	-9999	-9999	-9999	-9999
0070580012	2012	11	18	323	-9999	-9999	-9999	-9999	-9999
0070580012	2012	11	19	324	-9999	-9999	-9999	-9999	-9999
0070580012	2012	11	20	325	-9999	-9999	-9999	-9999	-9999
0070580012	2012	11	21	326	-9999	-9999	-9999	-9999	-9999
0070580012	2012	11	22	327	-9999	-9999	-9999	-9999	-9999
0070580012	2012	11	23	328	-9999	-9999	-9999	-9999	-9999
0070580012	2012	11	24	329	-9999	-9999	-9999	-9999	-9999
0070580012	2012	11	25	330	-9999	-9999	-9999	-9999	-9999
0070580012	2012	11	26	331	-9999	-9999	-9999	-9999	-9999
0070580012	2012	11	27	332	-9999	-9999	-9999	-9999	-9999
0070580012	2012	11	28	333	-9999	-9999	-9999	-9999	-9999
0070580012	2012	11	29	334	-9999	-9999	-9999	-9999	-9999
0070580012	2012	11	30	335	-9999	-9999	-9999	-9999	-9999
0070580012	2012	12	1	336	-9999	-9999	-9999	-9999	-9999
0070580012	2012	12	2	337	-9999	-9999	-9999	-9999	-9999
0070580012	2012	12	3	338	-9999	-9999	-9999	-9999	-9999
0070580012	2012	12	4	339	-9999	-9999	-9999	-9999	-9999
0070580012	2012	12	5	340	-9999	-9999	-9999	-9999	-9999
0070580012	2012	12	6	341	-9999	-9999	-9999	-9999	-9999
0070580012	2012	12	7	342	-9999	-9999	-9999	-9999	-9999
0070580012	2012	12	8	343	-9999	-9999	-9999	-9999	-9999
0070580012	2012	12	9	344	-9999	-9999	-9999	-9999	-9999
0070580012	2012	12	10	345	-9999	-9999	-9999	-9999	-9999
0070580012	2012	12	11	346	-9999	-9999	-9999	-9999	-9999
0070580012	2012	12	12	347	-9999	-9999	-9999	-9999	-9999
0070580012	2012	12	13	348	-9999	-9999	-9999	-9999	-9999
0070580012	2012	12	14	349	-9999	-9999	-9999	-9999	-9999
0070580012	2012	12	15	350	-9999	-9999	-9999	-9999	-9999
0070580012	2012	12	16	351	-9999	-9999	-9999	-9999	-9999
0070580012	2012	12	17	352	-9999	-9999	-9999	-9999	-9999
0070580012	2012	12	18	353	-9999	-9999	-9999	-9999	-9999
0070580012	2012	12	19	354	-9999	-9999	-9999	-9999	-9999
0070580012	2012	12	20	355	-9999	-9999	-9999	-9999	-9999
0070580012	2012	12	21	356	-9999	-9999	-9999	-9999	-9999
0070580012	2012	12	22	357	-9999	-9999	-9999	-9999	-9999
0070580012	2012	12	23	358	-9999	-9999	-9999	-9999	-9999
0070580012	2012	12	24	359	-9999	-9999	-9999	-9999	-9999
0070580012	2012	12	25	360	-9999	-9999	-9999	-9999	-9999
0070580012	2012	12	26	361	-9999	-9999	-9999	-9999	-9999
0070580012	2012	12	27	362	-9999	-9999	-9999	-9999	-9999
0070580012	2012	12	28	363	-9999	-9999	-9999	-9999	-9999
0070580012	2012	12	29	364	-9999	-9999	-9999	-9999	-9999
0070580012	2012	12	30	365	-9999	-9999	-9999	-9999	-9999
0070580012	2012	12	31	366	-9999	-9999	-9999	-9999	-9999
