stationID	Y	M	D	DOY	depth_5	depth_10	depth_20	depth_50	depth_100
0070570012	2010	1	1	1	-9999	-9999	-9999	-9999	-9999
0070570012	2010	1	2	2	-9999	-9999	-9999	-9999	-9999
0070570012	2010	1	3	3	-9999	-9999	-9999	-9999	-9999
0070570012	2010	1	4	4	-9999	-9999	-9999	-9999	-9999
0070570012	2010	1	5	5	-9999	-9999	-9999	-9999	-9999
0070570012	2010	1	6	6	-9999	-9999	-9999	-9999	-9999
0070570012	2010	1	7	7	-9999	-9999	-9999	-9999	-9999
0070570012	2010	1	8	8	-9999	-9999	-9999	-9999	-9999
0070570012	2010	1	9	9	-9999	0.363	-9999	0.417	0.379
0070570012	2010	1	10	10	0.3648	0.363	0.3286666667	0.417	0.379
0070570012	2010	1	11	11	0.3648	0.363	0.3286666667	0.417	0.379
0070570012	2010	1	12	12	0.3648	0.363	0.3286666667	0.417	0.379
0070570012	2010	1	13	13	0.3648	0.363	0.3286666667	0.417	0.379
0070570012	2010	1	14	14	0.3648	0.363	0.3286666667	0.417	0.379
0070570012	2010	1	15	15	0.3648	0.363	0.3286666667	0.417	0.379
0070570012	2010	1	16	16	0.3648	0.363	0.3286666667	0.417	0.379
0070570012	2010	1	17	17	0.3648	0.363	0.3286666667	0.417	0.379
0070570012	2010	1	18	18	0.3648	0.363	0.3286666667	0.417	0.379
0070570012	2010	1	19	19	0.3648	0.350833333	0.3286666667	0.405083333	0.379375
0070570012	2010	1	20	20	0.3565833333	0.349541667	0.3404166667	0.3795	0.379041667
0070570012	2010	1	21	21	0.3535833333	0.350916667	0.3435416667	0.372833333	0.378875
0070570012	2010	1	22	22	0.3572916667	0.355833333	0.3453333333	0.392708333	0.379375
0070570012	2010	1	23	23	0.3490833333	0.346583333	0.34125	0.373458333	0.379916667
0070570012	2010	1	24	24	0.3556666667	0.364958333	0.3554583333	0.3865	0.380083333
0070570012	2010	1	25	25	0.36225	0.360625	0.3549375	0.3856875	0.381583333
0070570012	2010	1	26	26	0.36225	0.356291667	0.3544166667	0.384875	0.38225
0070570012	2010	1	27	27	0.3507916667	0.346041667	0.3468333333	0.384875	0.382333333
0070570012	2010	1	28	28	0.3436086957	0.340608696	0.3426521739	0.361347826	0.380869565
0070570012	2010	1	29	29	0.3426666667	0.337541667	0.3407916667	0.352375	0.379541667
0070570012	2010	1	30	30	0.343625	0.336916667	0.3396666667	0.347625	0.377083333
0070570012	2010	1	31	31	0.3463333333	0.340166667	0.3436666667	0.344375	0.375833333
0070570012	2010	2	1	32	0.3488333333	0.342625	0.3451666667	0.343291667	0.374125
0070570012	2010	2	2	33	0.356875	0.34975	0.3502916667	0.372791667	0.373208333
0070570012	2010	2	3	34	0.3646666667	0.359375	0.3600833333	0.377645833	0.3775
0070570012	2010	2	4	35	0.3666041667	0.359416667	0.3605833333	0.3825	0.380166667
0070570012	2010	2	5	36	0.3685416667	0.363791667	0.3790833333	0.3825	0.381875
0070570012	2010	2	6	37	0.3685416667	0.368166667	0.3765208333	0.3825	0.382208333
0070570012	2010	2	7	38	0.3685416667	0.368166667	0.3739583333	0.3825	0.382583333
0070570012	2010	2	8	39	0.3685416667	0.36025	0.3606666667	0.3825	0.38225
0070570012	2010	2	9	40	0.371	0.362208333	0.3610833333	0.3825	0.38225
0070570012	2010	2	10	41	0.3777916667	0.365708333	0.365	0.3825	0.382791667
0070570012	2010	2	11	42	0.363375	0.352791667	0.354375	0.3825	0.382916667
0070570012	2010	2	12	43	0.3531666667	0.346375	0.3513333333	0.3825	0.382583333
0070570012	2010	2	13	44	0.3471666667	0.34275	0.349	0.364958333	0.381583333
0070570012	2010	2	14	45	0.3445	0.341041667	0.3479166667	0.355708333	0.380041667
0070570012	2010	2	15	46	0.3484583333	0.3435	0.3492916667	0.351291667	0.377625
0070570012	2010	2	16	47	0.3512916667	0.347083333	0.3552083333	0.382666667	0.376083333
0070570012	2010	2	17	48	0.3473529412	0.356208333	0.3498333333	0.365666667	0.37625
0070570012	2010	2	18	49	0.3044264706	0.3535	0.34725	0.35675	0.375791667
0070570012	2010	2	19	50	0.2615	0.353363636	0.3482916667	0.355041667	0.374958333
0070570012	2010	2	20	51	0.3407916667	0.340083333	0.348375	0.3585	0.37425
0070570012	2010	2	21	52	0.331625	0.33925	0.3476666667	0.354375	0.373375
0070570012	2010	2	22	53	0.3362916667	0.344958333	0.352625	0.353666667	0.373041667
0070570012	2010	2	23	54	0.3353333333	0.34425	0.3523333333	0.365125	0.37275
0070570012	2010	2	24	55	0.3292083333	0.339916667	0.3495833333	0.360041667	0.372458333
0070570012	2010	2	25	56	0.3253333333	0.336833333	0.3478333333	0.351166667	0.37175
0070570012	2010	2	26	57	0.3285833333	0.332875	0.34475	0.346	0.370916667
0070570012	2010	2	27	58	0.3254583333	0.330041667	0.3445	0.344166667	0.370791667
0070570012	2010	2	28	59	0.3055	0.329416667	0.34325	0.342	0.370375
0070570012	2010	3	1	60	0.302125	0.327833333	0.34225	0.340333333	0.369833333
0070570012	2010	3	2	61	0.3010833333	0.326916667	0.3412916667	0.338916667	0.369208333
0070570012	2010	3	3	62	0.30525	0.326291667	0.3401666667	0.337625	0.368666667
0070570012	2010	3	4	63	0.316375	0.330375	0.3409583333	0.336166667	0.36875
0070570012	2010	3	5	64	0.3344583333	0.340958333	0.3476666667	0.336458333	0.368125
0070570012	2010	3	6	65	0.3362083333	0.342666667	0.3542083333	0.353208333	0.367625
0070570012	2010	3	7	66	0.324625	0.338833333	0.351875	0.355916667	0.367666667
0070570012	2010	3	8	67	0.3169583333	0.335791667	0.3490416667	0.351791667	0.368041667
0070570012	2010	3	9	68	0.313875	0.333291667	0.3467916667	0.346708333	0.36725
0070570012	2010	3	10	69	0.3114583333	0.331125	0.3454583333	0.343666667	0.367208333
0070570012	2010	3	11	70	0.3165	0.330291667	0.3439583333	0.341625	0.366875
0070570012	2010	3	12	71	0.3460833333	0.345708333	0.3564166667	0.343333333	0.367
0070570012	2010	3	13	72	0.3520833333	0.3475	0.3597083333	0.370145833	0.372125
0070570012	2010	3	14	73	0.3580833333	0.349291667	0.363	0.396958333	0.378083333
0070570012	2010	3	15	74	0.3457916667	0.349291667	0.356125	0.396958333	0.379291667
0070570012	2010	3	16	75	0.335375	0.342791667	0.3529166667	0.375916667	0.379041667
0070570012	2010	3	17	76	0.3285217391	0.33926087	0.3495217391	0.362347826	0.378043478
0070570012	2010	3	18	77	0.32475	0.3365	0.3484166667	0.353916667	0.376208333
0070570012	2010	3	19	78	0.3189583333	0.332875	0.3463333333	0.34825	0.374333333
0070570012	2010	3	20	79	0.3115416667	0.328041667	0.344375	0.344875	0.372791667
0070570012	2010	3	21	80	0.3043333333	0.323708333	0.3411666667	0.342666667	0.371541667
0070570012	2010	3	22	81	0.351	0.348916667	0.3558333333	0.381041667	0.371291667
0070570012	2010	3	23	82	0.3497083333	0.346458333	0.3569166667	0.376791667	0.372208333
0070570012	2010	3	24	83	0.34225	0.342083333	0.3551666667	0.36625	0.372166667
0070570012	2010	3	25	84	0.333125	0.336708333	0.3518333333	0.359333333	0.371958333
0070570012	2010	3	26	85	0.3288333333	0.333708333	0.3479166667	0.352791667	0.371541667
0070570012	2010	3	27	86	0.3235416667	0.33075	0.3479583333	0.347416667	0.370625
0070570012	2010	3	28	87	0.3365416667	0.337125	0.351125	0.35125	0.370166667
0070570012	2010	3	29	88	0.3542916667	0.349958333	0.3593333333	0.394916667	0.370791667
0070570012	2010	3	30	89	0.339375	0.34125	0.353875	0.371958333	0.371166667
0070570012	2010	3	31	90	0.3287916667	0.335625	0.3512083333	0.360333333	0.372041667
0070570012	2010	4	1	91	0.3154583333	0.329541667	0.3485833333	0.35175	0.371
0070570012	2010	4	2	92	0.2985	0.320958333	0.3460833333	0.346291667	0.370333333
0070570012	2010	4	3	93	0.280625	0.311375	0.343125	0.343916667	0.369708333
0070570012	2010	4	4	94	0.2657083333	0.302	0.33975	0.34225	0.369041667
0070570012	2010	4	5	95	0.24725	0.289625	0.3362916667	0.339958333	0.368625
0070570012	2010	4	6	96	0.2317083333	0.277333333	0.3320416667	0.337916667	0.3685
0070570012	2010	4	7	97	0.2109583333	0.259791667	0.32625	0.33625	0.36775
0070570012	2010	4	8	98	0.19725	0.245416667	0.3188333333	0.334333333	0.366916667
0070570012	2010	4	9	99	0.2452083333	0.252583333	0.31425	0.332333333	0.366416667
0070570012	2010	4	10	100	0.2309583333	0.251625	0.3121666667	0.331041667	0.366375
0070570012	2010	4	11	101	0.2144583333	0.246916667	0.3099166667	0.329458333	0.36575
0070570012	2010	4	12	102	0.20075	0.240041667	0.3048333333	0.327666667	0.365458333
0070570012	2010	4	13	103	0.187375	0.230166667	0.2989583333	0.32675	0.364958333
0070570012	2010	4	14	104	0.175125	0.218541667	0.2910416667	0.325458333	0.364625
0070570012	2010	4	15	105	0.1636666667	0.206458333	0.2805833333	0.323666667	0.364333333
0070570012	2010	4	16	106	0.1525	0.194708333	0.2683333333	0.321541667	0.363916667
0070570012	2010	4	17	107	0.145	0.187	0.256125	0.31975	0.363416667
0070570012	2010	4	18	108	0.1349166667	0.178375	0.2432083333	0.317625	0.362833333
0070570012	2010	4	19	109	0.12575	0.17125	0.23075	0.314958333	0.36275
0070570012	2010	4	20	110	0.1209583333	0.167875	0.22225	0.312625	0.362375
0070570012	2010	4	21	111	0.1220833333	0.168375	0.2209583333	0.310208333	0.361583333
0070570012	2010	4	22	112	0.1189583333	0.165333333	0.21575	0.308041667	0.360958333
0070570012	2010	4	23	113	0.1162916667	0.1625	0.2093333333	0.304875	0.360916667
0070570012	2010	4	24	114	0.1129166667	0.159541667	0.2039583333	0.30125	0.360625
0070570012	2010	4	25	115	0.223375	0.267291667	0.2641666667	0.299916667	0.360166667
0070570012	2010	4	26	116	0.2255416667	0.287791667	0.295125	0.299666667	0.359666667
0070570012	2010	4	27	117	0.2163333333	0.275666667	0.2896666667	0.300125	0.3595
0070570012	2010	4	28	118	0.2105833333	0.266833333	0.286375	0.300291667	0.359083333
0070570012	2010	4	29	119	0.1949583333	0.249791667	0.28	0.299833333	0.3585
0070570012	2010	4	30	120	0.1775833333	0.230541667	0.2719166667	0.299916667	0.35825
0070570012	2010	5	1	121	0.160375	0.210208333	0.261	0.299375	0.35775
0070570012	2010	5	2	122	0.1514583333	0.199291667	0.2524583333	0.299125	0.357166667
0070570012	2010	5	3	123	0.197875	0.246958333	0.2755416667	0.29875	0.357166667
0070570012	2010	5	4	124	0.2462083333	0.294625	0.3092916667	0.299791667	0.357041667
0070570012	2010	5	5	125	0.2229166667	0.274041667	0.2991666667	0.300666667	0.356708333
0070570012	2010	5	6	126	0.2099166667	0.263791667	0.2934583333	0.301458333	0.356791667
0070570012	2010	5	7	127	0.195875	0.254125	0.2878333333	0.302083333	0.356458333
0070570012	2010	5	8	128	0.1818333333	0.243208333	0.281375	0.302041667	0.355833333
0070570012	2010	5	9	129	0.1665	0.230166667	0.274	0.301333333	0.355666667
0070570012	2010	5	10	130	0.1554166667	0.220125	0.2667083333	0.300291667	0.355666667
0070570012	2010	5	11	131	0.152375	0.216458333	0.2620833333	0.30025	0.355416667
0070570012	2010	5	12	132	0.1545	0.215666667	0.2595416667	0.299916667	0.355541667
0070570012	2010	5	13	133	0.15425	0.211625	0.2555416667	0.29975	0.35525
0070570012	2010	5	14	134	0.1498333333	0.2035	0.2491666667	0.299375	0.355125
0070570012	2010	5	15	135	0.1641666667	0.213958333	0.2464583333	0.298708333	0.354875
0070570012	2010	5	16	136	0.1776666667	0.214416667	0.245875	0.298166667	0.354916667
0070570012	2010	5	17	137	0.2392916667	0.268208333	0.25775	0.297833333	0.354333333
0070570012	2010	5	18	138	0.261125	0.306	0.2810833333	0.297916667	0.354166667
0070570012	2010	5	19	139	0.24975	0.294333333	0.283	0.2975	0.353833333
0070570012	2010	5	20	140	0.234875	0.279666667	0.27825	0.297583333	0.353958333
0070570012	2010	5	21	141	0.23625	0.277625	0.2760833333	0.297583333	0.354125
0070570012	2010	5	22	142	0.26075	0.30075	0.2827083333	0.297791667	0.353791667
0070570012	2010	5	23	143	0.2505416667	0.287708333	0.2802083333	0.29775	0.353666667
0070570012	2010	5	24	144	0.2343333333	0.271	0.27575	0.297458333	0.353291667
0070570012	2010	5	25	145	0.2542916667	0.269125	0.272875	0.297833333	0.353041667
0070570012	2010	5	26	146	0.2544166667	0.271041667	0.2725	0.297666667	0.352583333
0070570012	2010	5	27	147	0.2610434783	0.268217391	0.2703043478	0.297521739	0.352695652
0070570012	2010	5	28	148	0.265375	0.271916667	0.269875	0.2975	0.352416667
0070570012	2010	5	29	149	0.2619583333	0.267958333	0.2686666667	0.297541667	0.352208333
0070570012	2010	5	30	150	0.24875	0.261375	0.2660833333	0.297625	0.352083333
0070570012	2010	5	31	151	0.2666666667	0.28425	0.2871666667	0.298541667	0.352208333
0070570012	2010	6	1	152	0.3110416667	0.315958333	0.3259166667	0.351791667	0.353
0070570012	2010	6	2	153	0.29925	0.3055	0.3195416667	0.342083333	0.353708333
0070570012	2010	6	3	154	0.29325	0.299041667	0.3151666667	0.336791667	0.354041667
0070570012	2010	6	4	155	0.277375	0.288125	0.308625	0.333208333	0.3545
0070570012	2010	6	5	156	0.26725	0.281541667	0.30275	0.329541667	0.354916667
0070570012	2010	6	6	157	0.2550416667	0.272416667	0.2967083333	0.327166667	0.354916667
0070570012	2010	6	7	158	0.2492083333	0.261291667	0.2895	0.32475	0.354583333
0070570012	2010	6	8	159	0.2312916667	0.250166667	0.281	0.32175	0.354625
0070570012	2010	6	9	160	0.2135	0.241041667	0.2739583333	0.319083333	0.3545
0070570012	2010	6	10	161	0.205375	0.240041667	0.2695416667	0.31725	0.354375
0070570012	2010	6	11	162	0.2049166667	0.243458333	0.2667916667	0.315708333	0.354208333
0070570012	2010	6	12	163	0.2012916667	0.236375	0.2635416667	0.313833333	0.354291667
0070570012	2010	6	13	164	0.1954583333	0.230583333	0.2595833333	0.312333333	0.353875
0070570012	2010	6	14	165	0.1853333333	0.22275	0.2537083333	0.310041667	0.353916667
0070570012	2010	6	15	166	0.1739166667	0.215083333	0.247625	0.308041667	0.353583333
0070570012	2010	6	16	167	0.2071666667	0.261125	0.2583333333	0.306416667	0.353208333
0070570012	2010	6	17	168	0.2053333333	0.260833333	0.260125	0.305416667	0.353166667
0070570012	2010	6	18	169	0.1958333333	0.250041667	0.2574583333	0.30425	0.353
0070570012	2010	6	19	170	0.1845416667	0.238708333	0.2537083333	0.3035	0.352833333
0070570012	2010	6	20	171	0.175875	0.229291667	0.25	0.302041667	0.352583333
0070570012	2010	6	21	172	0.1620833333	0.217	0.2447083333	0.300958333	0.352458333
0070570012	2010	6	22	173	0.1506666667	0.206208333	0.237875	0.298916667	0.352208333
0070570012	2010	6	23	174	0.142375	0.198416667	0.2311666667	0.296958333	0.352
0070570012	2010	6	24	175	0.13475	0.18975	0.22425	0.294833333	0.35175
0070570012	2010	6	25	176	0.1293333333	0.183041667	0.218375	0.292166667	0.351458333
0070570012	2010	6	26	177	0.1323333333	0.182041667	0.2168333333	0.29075	0.351
0070570012	2010	6	27	178	0.130875	0.17975	0.2145416667	0.288375	0.350666667
0070570012	2010	6	28	179	0.1272083333	0.175916667	0.2107916667	0.285333333	0.350083333
0070570012	2010	6	29	180	0.1219166667	0.181791667	0.2103333333	0.28175	0.349416667
0070570012	2010	6	30	181	0.142	0.2349	0.25585	0.2814	0.34925
0070570012	2010	7	1	182	0.1458695652	0.222913044	0.2489130435	0.281913044	0.348869565
0070570012	2010	7	2	183	0.1409583333	0.211625	0.2412916667	0.281833333	0.348875
0070570012	2010	7	3	184	0.1347916667	0.201583333	0.2340416667	0.281666667	0.348416667
0070570012	2010	7	4	185	0.1273333333	0.191125	0.226	0.28075	0.3475
0070570012	2010	7	5	186	0.12025	0.180208333	0.2169166667	0.279375	0.347
0070570012	2010	7	6	187	0.1135833333	0.170458333	0.2083333333	0.277458333	0.346041667
0070570012	2010	7	7	188	0.108125	0.162583333	0.2013333333	0.274166667	0.34525
0070570012	2010	7	8	189	0.1039166667	0.156625	0.195375	0.269166667	0.345125
0070570012	2010	7	9	190	0.09991666667	0.152125	0.1907083333	0.264791667	0.344291667
0070570012	2010	7	10	191	0.09816666667	0.149375	0.1879583333	0.261666667	0.343375
0070570012	2010	7	11	192	0.09791666667	0.147916667	0.1874166667	0.259	0.3425
0070570012	2010	7	12	193	0.11975	0.167416667	0.2122916667	0.265541667	0.341958333
0070570012	2010	7	13	194	0.1385416667	0.177916667	0.2116666667	0.264666667	0.341791667
0070570012	2010	7	14	195	0.1392916667	0.177083333	0.2103333333	0.26425	0.341875
0070570012	2010	7	15	196	0.1331666667	0.173291667	0.207625	0.263583333	0.341916667
0070570012	2010	7	16	197	0.125875	0.169666667	0.2046666667	0.26325	0.34175
0070570012	2010	7	17	198	0.1189583333	0.16675	0.2025416667	0.263916667	0.3415
0070570012	2010	7	18	199	0.12225	0.177875	0.201625	0.263458333	0.34125
0070570012	2010	7	19	200	0.1545833333	0.19975	0.2102083333	0.263333333	0.341416667
0070570012	2010	7	20	201	0.1524583333	0.194625	0.2121666667	0.26375	0.340958333
0070570012	2010	7	21	202	0.1624583333	0.204791667	0.2240833333	0.264458333	0.340958333
0070570012	2010	7	22	203	0.1544583333	0.200833333	0.221875	0.265708333	0.34075
0070570012	2010	7	23	204	0.1448333333	0.193625	0.2187083333	0.265333333	0.34075
0070570012	2010	7	24	205	0.1334166667	0.18575	0.2147083333	0.265208333	0.3405
0070570012	2010	7	25	206	0.1218333333	0.176041667	0.2091666667	0.2645	0.340125
0070570012	2010	7	26	207	0.1434583333	0.184125	0.208125	0.264791667	0.340291667
0070570012	2010	7	27	208	0.1499583333	0.18275	0.2094583333	0.265166667	0.340208333
0070570012	2010	7	28	209	0.1689166667	0.203416667	0.2304166667	0.265333333	0.340333333
0070570012	2010	7	29	210	0.1737916667	0.220708333	0.2450833333	0.265333333	0.340333333
0070570012	2010	7	30	211	0.1673333333	0.2175	0.241625	0.265958333	0.340083333
0070570012	2010	7	31	212	0.1622916667	0.215666667	0.23975	0.265833333	0.340166667
0070570012	2010	8	1	213	0.1781666667	0.237416667	0.2530416667	0.266625	0.340083333
0070570012	2010	8	2	214	0.17475	0.234333333	0.2510833333	0.267291667	0.340166667
0070570012	2010	8	3	215	0.1715217391	0.230304348	0.2486086957	0.268347826	0.34
0070570012	2010	8	4	216	0.1629166667	0.221416667	0.2444166667	0.268375	0.340083333
0070570012	2010	8	5	217	0.1525416667	0.2125	0.2394583333	0.269	0.34
0070570012	2010	8	6	218	0.1448333333	0.206583333	0.235125	0.269541667	0.340208333
0070570012	2010	8	7	219	0.1407916667	0.20125	0.2307083333	0.269416667	0.340166667
0070570012	2010	8	8	220	0.1310416667	0.190041667	0.2239583333	0.268791667	0.34025
0070570012	2010	8	9	221	0.1217083333	0.178375	0.2151666667	0.268333333	0.339833333
0070570012	2010	8	10	222	0.1139166667	0.168166667	0.2066666667	0.2675	0.339625
0070570012	2010	8	11	223	0.10825	0.159833333	0.1978333333	0.265208333	0.339333333
0070570012	2010	8	12	224	0.1047916667	0.155166667	0.1919166667	0.263541667	0.338958333
0070570012	2010	8	13	225	0.1019166667	0.151333333	0.1882083333	0.261083333	0.3385
0070570012	2010	8	14	226	0.099375	0.148541667	0.1854166667	0.259041667	0.337583333
0070570012	2010	8	15	227	0.10125	0.153875	0.1894166667	0.259041667	0.337666667
0070570012	2010	8	16	228	0.1331666667	0.22	0.254	0.28075	0.337041667
0070570012	2010	8	17	229	0.142	0.222916667	0.254125	0.278833333	0.336958333
0070570012	2010	8	18	230	0.16425	0.249833333	0.274875	0.282125	0.337416667
0070570012	2010	8	19	231	0.1745833333	0.268708333	0.2820416667	0.292541667	0.337333333
0070570012	2010	8	20	232	0.1716666667	0.255875	0.2774166667	0.300041667	0.337666667
0070570012	2010	8	21	233	0.1740416667	0.261041667	0.2774166667	0.303666667	0.338166667
0070570012	2010	8	22	234	0.2049166667	0.297333333	0.3061666667	0.343041667	0.338708333
0070570012	2010	8	23	235	0.193625	0.279958333	0.296625	0.329166667	0.34
0070570012	2010	8	24	236	0.1834583333	0.267541667	0.289	0.3235	0.340625
0070570012	2010	8	25	237	0.1765416667	0.256916667	0.2823333333	0.319083333	0.341083333
0070570012	2010	8	26	238	0.1750416667	0.249166667	0.2767916667	0.315625	0.34175
0070570012	2010	8	27	239	0.1682083333	0.239291667	0.2702083333	0.312458333	0.342041667
0070570012	2010	8	28	240	0.1602083333	0.228875	0.2630833333	0.309833333	0.342375
0070570012	2010	8	29	241	0.1492083333	0.216125	0.255375	0.307125	0.342291667
0070570012	2010	8	30	242	0.1394166667	0.20425	0.2464166667	0.304541667	0.342291667
0070570012	2010	8	31	243	0.1305	0.191875	0.2360833333	0.301541667	0.34225
0070570012	2010	9	1	244	0.1253333333	0.185458333	0.2293333333	0.299416667	0.342083333
0070570012	2010	9	2	245	0.1223333333	0.182208333	0.2255416667	0.297666667	0.341833333
0070570012	2010	9	3	246	0.119	0.178833333	0.221	0.295166667	0.342041667
0070570012	2010	9	4	247	0.1160416667	0.17525	0.217	0.293041667	0.341833333
0070570012	2010	9	5	248	0.1124583333	0.171375	0.2125833333	0.290708333	0.341666667
0070570012	2010	9	6	249	0.1103333333	0.16825	0.2087083333	0.288416667	0.341708333
0070570012	2010	9	7	250	0.1087916667	0.165583333	0.20525	0.286208333	0.3415
0070570012	2010	9	8	251	0.1081666667	0.164166667	0.2031666667	0.283916667	0.3415
0070570012	2010	9	9	252	0.1074583333	0.163625	0.2019166667	0.283083333	0.341291667
0070570012	2010	9	10	253	0.1075	0.162125	0.1999583333	0.280541667	0.340833333
0070570012	2010	9	11	254	0.1067916667	0.162708333	0.1989583333	0.278583333	0.340875
0070570012	2010	9	12	255	0.1164166667	0.206666667	0.209875	0.278416667	0.340541667
0070570012	2010	9	13	256	0.1224583333	0.203958333	0.2117916667	0.277875	0.340083333
0070570012	2010	9	14	257	0.1235416667	0.1995	0.2124583333	0.277333333	0.339958333
0070570012	2010	9	15	258	0.1229166667	0.194041667	0.2114583333	0.276583333	0.339958333
0070570012	2010	9	16	259	0.1215833333	0.187875	0.2098333333	0.276	0.339708333
0070570012	2010	9	17	260	0.1200416667	0.182541667	0.2080416667	0.275416667	0.339458333
0070570012	2010	9	18	261	0.1173333333	0.176541667	0.2056666667	0.274666667	0.339208333
0070570012	2010	9	19	262	0.114125	0.170708333	0.2032083333	0.272708333	0.339
0070570012	2010	9	20	263	0.111375	0.165708333	0.2001666667	0.271041667	0.338791667
0070570012	2010	9	21	264	0.1086666667	0.161	0.19725	0.269791667	0.338958333
0070570012	2010	9	22	265	0.1063333333	0.157791667	0.1949166667	0.267875	0.338458333
0070570012	2010	9	23	266	0.104875	0.155666667	0.1932083333	0.266791667	0.338291667
0070570012	2010	9	24	267	0.1030416667	0.153125	0.1908333333	0.265416667	0.338166667
0070570012	2010	9	25	268	0.1017083333	0.152208333	0.1887916667	0.263708333	0.337458333
0070570012	2010	9	26	269	0.1250416667	0.199541667	0.220625	0.265333333	0.337333333
0070570012	2010	9	27	270	0.1512916667	0.274708333	0.2595	0.273166667	0.337291667
0070570012	2010	9	28	271	0.191375	0.293375	0.2942916667	0.336541667	0.338041667
0070570012	2010	9	29	272	0.187375	0.280583333	0.2904583333	0.330416667	0.340375
0070570012	2010	9	30	273	0.2020416667	0.290458333	0.2956666667	0.326375	0.341916667
0070570012	2010	10	1	274	0.2041666667	0.285791667	0.2957083333	0.325041667	0.342208333
0070570012	2010	10	2	275	0.1985	0.276833333	0.2903333333	0.322458333	0.3425
0070570012	2010	10	3	276	0.1927083333	0.269458333	0.2851666667	0.319875	0.342916667
0070570012	2010	10	4	277	0.1878333333	0.262916667	0.2813333333	0.317416667	0.342958333
0070570012	2010	10	5	278	0.182375	0.256916667	0.2778333333	0.314666667	0.342833333
0070570012	2010	10	6	279	0.1764583333	0.250791667	0.274625	0.31225	0.342833333
0070570012	2010	10	7	280	0.168625	0.243791667	0.2705416667	0.309875	0.34275
0070570012	2010	10	8	281	0.16025	0.236083333	0.2662083333	0.307708333	0.343333333
0070570012	2010	10	9	282	0.1524583333	0.227833333	0.262	0.306	0.342833333
0070570012	2010	10	10	283	0.1462916667	0.218833333	0.257	0.304	0.342875
0070570012	2010	10	11	284	0.13825	0.209833333	0.2520416667	0.302458333	0.342708333
0070570012	2010	10	12	285	0.132375	0.201458333	0.247	0.300625	0.342666667
0070570012	2010	10	13	286	0.1302083333	0.197125	0.24275	0.298916667	0.342291667
0070570012	2010	10	14	287	0.1285	0.192916667	0.2393333333	0.297833333	0.342541667
0070570012	2010	10	15	288	0.1240833333	0.1865	0.2344166667	0.296375	0.342083333
0070570012	2010	10	16	289	0.1192916667	0.1805	0.2297916667	0.29425	0.34225
0070570012	2010	10	17	290	0.1154583333	0.175458333	0.22525	0.293166667	0.341833333
0070570012	2010	10	18	291	0.113125	0.171291667	0.2210833333	0.291458333	0.341541667
0070570012	2010	10	19	292	0.111625	0.168625	0.2171666667	0.289916667	0.341833333
0070570012	2010	10	20	293	0.1105833333	0.16675	0.2140416667	0.288416667	0.34175
0070570012	2010	10	21	294	0.1100833333	0.165791667	0.2117083333	0.28725	0.341333333
0070570012	2010	10	22	295	0.1081666667	0.163833333	0.2087083333	0.285583333	0.34125
0070570012	2010	10	23	296	0.1059583333	0.160833333	0.205125	0.284041667	0.341125
0070570012	2010	10	24	297	0.1047916667	0.158791667	0.2026666667	0.282541667	0.341125
0070570012	2010	10	25	298	0.1054166667	0.161958333	0.2023333333	0.281375	0.34075
0070570012	2010	10	26	299	0.1125833333	0.16675	0.2044166667	0.281041667	0.340708333
0070570012	2010	10	27	300	0.2032083333	0.295708333	0.303625	0.358708333	0.347083333
0070570012	2010	10	28	301	0.2237916667	0.294208333	0.309625	0.358041667	0.357833333
0070570012	2010	10	29	302	0.218875	0.284875	0.302125	0.342791667	0.359333333
0070570012	2010	10	30	303	0.2131666667	0.279083333	0.2975833333	0.33225	0.358541667
0070570012	2010	10	31	304	0.2067083333	0.273625	0.2937083333	0.328041667	0.357333333
0070570012	2010	11	1	305	0.2018333333	0.267625	0.2904583333	0.324291667	0.356708333
0070570012	2010	11	2	306	0.1959565217	0.262217391	0.2876086957	0.321173913	0.356130435
0070570012	2010	11	3	307	0.1914166667	0.257	0.2843333333	0.319166667	0.355458333
0070570012	2010	11	4	308	0.1914166667	0.258	0.2824166667	0.317	0.354916667
0070570012	2010	11	5	309	0.2056666667	0.2705	0.2832083333	0.315333333	0.354791667
0070570012	2010	11	6	310	0.2080416667	0.27125	0.2837083333	0.31375	0.354208333
0070570012	2010	11	7	311	0.207125	0.269583333	0.2834166667	0.31225	0.353958333
0070570012	2010	11	8	312	0.204875	0.26675	0.2825	0.310708333	0.353958333
0070570012	2010	11	9	313	0.2020416667	0.262708333	0.2810833333	0.309333333	0.353458333
0070570012	2010	11	10	314	0.197375	0.257916667	0.2792916667	0.308083333	0.352958333
0070570012	2010	11	11	315	0.191875	0.253541667	0.2771666667	0.306916667	0.35275
0070570012	2010	11	12	316	0.18825	0.249	0.275	0.306041667	0.352541667
0070570012	2010	11	13	317	0.1837083333	0.243875	0.2725416667	0.304958333	0.352375
0070570012	2010	11	14	318	0.1778333333	0.239208333	0.2698333333	0.303958333	0.352
0070570012	2010	11	15	319	0.1743333333	0.234875	0.2680416667	0.302875	0.35175
0070570012	2010	11	16	320	0.1822083333	0.235208333	0.2664166667	0.302416667	0.351375
0070570012	2010	11	17	321	0.197625	0.243791667	0.266	0.301541667	0.351125
0070570012	2010	11	18	322	0.1993333333	0.249083333	0.2670416667	0.3015	0.350958333
0070570012	2010	11	19	323	0.199625	0.250333333	0.2672916667	0.300166667	0.350875
0070570012	2010	11	20	324	0.1987083333	0.250416667	0.2675416667	0.299875	0.350625
0070570012	2010	11	21	325	0.197625	0.249166667	0.2674166667	0.299083333	0.350333333
0070570012	2010	11	22	326	0.19575	0.247708333	0.2668333333	0.29875	0.349916667
0070570012	2010	11	23	327	0.1950416667	0.246625	0.2660833333	0.297875	0.349791667
0070570012	2010	11	24	328	0.194875	0.245333333	0.265625	0.297958333	0.349708333
0070570012	2010	11	25	329	0.19325	0.24325	0.2653333333	0.297541667	0.349708333
0070570012	2010	11	26	330	0.19325	0.241208333	0.2648333333	0.297083333	0.349625
0070570012	2010	11	27	331	0.194375	0.240041667	0.2635833333	0.296875	0.3495
0070570012	2010	11	28	332	0.19225	0.238416667	0.2619583333	0.296625	0.349291667
0070570012	2010	11	29	333	0.1915416667	0.237666667	0.260875	0.295708333	0.348875
0070570012	2010	11	30	334	0.2530416667	0.308875	0.3160833333	0.347791667	0.352041667
0070570012	2010	12	1	335	0.2716875	0.309166667	0.3266666666	0.361604167	0.369625
0070570012	2010	12	2	336	0.2903333333	0.309458333	0.33725	0.375416667	0.371541667
0070570012	2010	12	3	337	0.2789583333	0.298333333	0.3220833333	0.375416667	0.371916667
0070570012	2010	12	4	338	0.273875	0.293833333	0.3127083333	0.347	0.371916667
0070570012	2010	12	5	339	0.27375	0.292416667	0.3093333333	0.336291667	0.370083333
0070570012	2010	12	6	340	0.2725	0.291875	0.3079583333	0.332458333	0.367833333
0070570012	2010	12	7	341	0.2691666667	0.289625	0.3062916667	0.329333333	0.365791667
0070570012	2010	12	8	342	0.2654583333	0.28775	0.3045	0.326541667	0.364583333
0070570012	2010	12	9	343	0.2627083333	0.285208333	0.3027083333	0.324333333	0.363708333
0070570012	2010	12	10	344	0.259375	0.283166667	0.3015833333	0.322416667	0.362916667
0070570012	2010	12	11	345	0.25775	0.281791667	0.3000833333	0.32075	0.362333333
0070570012	2010	12	12	346	0.2558333333	0.281	0.2987083333	0.319041667	0.361458333
0070570012	2010	12	13	347	0.257625	0.281041667	0.297875	0.317833333	0.361125
0070570012	2010	12	14	348	0.2589166667	0.281416667	0.2965416667	0.316083333	0.360875
0070570012	2010	12	15	349	0.258125	0.280958333	0.296	0.315166667	0.360291667
0070570012	2010	12	16	350	0.2585833333	0.280291667	0.2955416667	0.314458333	0.359583333
0070570012	2010	12	17	351	0.284625	0.303625	0.3180416667	0.313875	0.359083333
0070570012	2010	12	18	352	0.280375	0.299333333	0.3168333333	0.318708333	0.358625
0070570012	2010	12	19	353	0.27725	0.296	0.3135833333	0.321375	0.358541667
0070570012	2010	12	20	354	0.274	0.293208333	0.31075	0.32175	0.358541667
0070570012	2010	12	21	355	0.2712916667	0.290708333	0.3085	0.321708333	0.358666667
0070570012	2010	12	22	356	0.2695652174	0.289826087	0.3069565217	0.320826087	0.358130435
0070570012	2010	12	23	357	0.2677083333	0.287791667	0.30475	0.320166667	0.358291667
0070570012	2010	12	24	358	0.2644583333	0.286291667	0.303375	0.318916667	0.357791667
0070570012	2010	12	25	359	0.2621666667	0.2845	0.30225	0.317583333	0.357625
0070570012	2010	12	26	360	0.2615416667	0.283	0.3005833333	0.316541667	0.357083333
0070570012	2010	12	27	361	0.2638333333	0.28325	0.300125	0.316	0.357125
0070570012	2010	12	28	362	0.265625	0.284625	0.2988333333	0.314333333	0.357291667
0070570012	2010	12	29	363	0.265875	0.285083333	0.299375	0.313666667	0.357416667
0070570012	2010	12	30	364	0.2684583333	0.287791667	0.3005833333	0.3125	0.356583333
0070570012	2010	12	31	365	0.2827083333	0.299208333	0.312875	0.312333333	0.3565
0070570012	2011	1	1	1	0.3008333333	0.31075	0.3280416667	0.336166667	0.356458333
0070570012	2011	1	2	2	0.3016666667	0.313458333	0.3289166667	0.372416667	0.363375
0070570012	2011	1	3	3	0.2875	0.302208333	0.3190416667	0.35675	0.36925
0070570012	2011	1	4	4	0.28125	0.296916667	0.3151666667	0.3415	0.369416667
0070570012	2011	1	5	5	0.2773333333	0.294375	0.312125	0.334583333	0.368458333
0070570012	2011	1	6	6	0.27725	0.293583333	0.31025	0.3315	0.367208333
0070570012	2011	1	7	7	0.2771666667	0.293833333	0.309625	0.329166667	0.365916667
0070570012	2011	1	8	8	0.2777083333	0.294	0.3084166667	0.32725	0.365
0070570012	2011	1	9	9	0.278875	0.294833333	0.3089583333	0.325541667	0.364375
0070570012	2011	1	10	10	0.277625	0.294416667	0.3094583333	0.323916667	0.3635
0070570012	2011	1	11	11	0.277625	0.29375	0.3088333333	0.322416667	0.363208333
0070570012	2011	1	12	12	0.2809583333	0.2955	0.3095416667	0.320833333	0.362583333
0070570012	2011	1	13	13	0.2826666667	0.297375	0.310625	0.3195	0.361791667
0070570012	2011	1	14	14	0.2827083333	0.296875	0.3101666667	0.318666667	0.361666667
0070570012	2011	1	15	15	0.2805833333	0.296291667	0.30975	0.318083333	0.360458333
0070570012	2011	1	16	16	0.2795	0.296416667	0.308875	0.317791667	0.360958333
0070570012	2011	1	17	17	0.2894166667	0.306583333	0.319125	0.319	0.360125
0070570012	2011	1	18	18	0.3002916667	0.313125	0.3262916667	0.327208333	0.359541667
0070570012	2011	1	19	19	0.3000416667	0.310791667	0.3249583333	0.357	0.360958333
0070570012	2011	1	20	20	0.2890416667	0.303458333	0.3187083333	0.35	0.362791667
0070570012	2011	1	21	21	0.2833333333	0.299208333	0.3152083333	0.341583333	0.363541667
0070570012	2011	1	22	22	0.2765	0.296208333	0.3129166667	0.3355	0.36375
0070570012	2011	1	23	23	0.2722916667	0.293583333	0.3106666667	0.332666667	0.363333333
0070570012	2011	1	24	24	0.2697916667	0.291416667	0.3093333333	0.32975	0.36325
0070570012	2011	1	25	25	0.2686666667	0.289791667	0.3075416667	0.327833333	0.363041667
0070570012	2011	1	26	26	0.3010416667	0.317375	0.3264166667	0.345041667	0.362791667
0070570012	2011	1	27	27	0.2930416667	0.309583333	0.3229583333	0.365875	0.366708333
0070570012	2011	1	28	28	0.284125	0.302666667	0.3176666667	0.3555	0.3685
0070570012	2011	1	29	29	0.2802083333	0.29875	0.3147083333	0.343375	0.368791667
0070570012	2011	1	30	30	0.2765416667	0.295833333	0.3120416667	0.336041667	0.3685
0070570012	2011	1	31	31	0.2736666667	0.293333333	0.30975	0.333041667	0.367291667
0070570012	2011	2	1	32	0.2720833333	0.29125	0.3078333333	0.330583333	0.366708333
0070570012	2011	2	2	33	0.3115833333	0.336083333	0.3441666667	0.348645833	0.371666667
0070570012	2011	2	3	34	0.295	0.310458333	0.3245416667	0.366708333	0.375958333
0070570012	2011	2	4	35	0.2950833333	0.309916667	0.3215833333	0.366708333	0.37625
0070570012	2011	2	5	36	0.3124583333	0.329291667	0.334375	0.396958333	0.376708333
0070570012	2011	2	6	37	0.2975	0.312666667	0.32425	0.380291667	0.377375
0070570012	2011	2	7	38	0.2891666667	0.303875	0.3189166667	0.359333333	0.377083333
0070570012	2011	2	8	39	0.2849583333	0.300125	0.3159583333	0.347083333	0.374916667
0070570012	2011	2	9	40	0.2809166667	0.297333333	0.3132083333	0.338333333	0.373375
0070570012	2011	2	10	41	0.27825	0.295291667	0.3114583333	0.334041667	0.371583333
0070570012	2011	2	11	42	0.27575	0.293208333	0.309875	0.332	0.37
0070570012	2011	2	12	43	0.2722916667	0.291375	0.3087916667	0.330083333	0.368708333
0070570012	2011	2	13	44	0.270125	0.289791667	0.3077916667	0.327666667	0.367625
0070570012	2011	2	14	45	0.26675	0.288083333	0.3059166667	0.325791667	0.366458333
0070570012	2011	2	15	46	0.2628333333	0.285791667	0.304125	0.323416667	0.365916667
0070570012	2011	2	16	47	0.2579583333	0.2835	0.302625	0.321791667	0.365375
0070570012	2011	2	17	48	0.2524583333	0.280541667	0.3001666667	0.320708333	0.364791667
0070570012	2011	2	18	49	0.2479166667	0.278	0.2997083333	0.319083333	0.364083333
0070570012	2011	2	19	50	0.2430833333	0.274458333	0.2976666667	0.318041667	0.363458333
0070570012	2011	2	20	51	0.2350833333	0.270041667	0.2956666667	0.31675	0.362916667
0070570012	2011	2	21	52	0.2275833333	0.264833333	0.2935416667	0.316125	0.362791667
0070570012	2011	2	22	53	0.218375	0.259458333	0.2912083333	0.314625	0.362041667
0070570012	2011	2	23	54	0.2103333333	0.253583333	0.2889583333	0.314208333	0.361708333
0070570012	2011	2	24	55	0.2044583333	0.249333333	0.2868333333	0.313208333	0.361291667
0070570012	2011	2	25	56	0.2055	0.248	0.2853333333	0.312166667	0.3605
0070570012	2011	2	26	57	0.2067083333	0.24625	0.283375	0.311333333	0.360291667
0070570012	2011	2	27	58	0.2045416667	0.244041667	0.2809583333	0.310416667	0.359541667
0070570012	2011	2	28	59	0.2047083333	0.244458333	0.2796666667	0.309625	0.359125
0070570012	2011	3	1	60	0.253875	0.293166667	0.2995833333	0.309666667	0.359166667
0070570012	2011	3	2	61	0.2530416667	0.290416667	0.3022916667	0.310791667	0.359
0070570012	2011	3	3	62	0.2481666667	0.286333333	0.3012083333	0.312083333	0.358541667
0070570012	2011	3	4	63	0.2423333333	0.282	0.2997083333	0.312583333	0.358166667
0070570012	2011	3	5	64	0.2394166667	0.279708333	0.2982083333	0.312	0.357666667
0070570012	2011	3	6	65	0.3572083333	0.353333333	0.363625	0.377083333	0.362833333
0070570012	2011	3	7	66	0.318125	0.32725	0.349375	0.383416667	0.373166667
0070570012	2011	3	8	67	0.2957083333	0.307916667	0.326875	0.38975	0.373875
0070570012	2011	3	9	68	0.331375	0.326666667	0.3399583333	0.379583333	0.374041667
0070570012	2011	3	10	69	0.3259166666	0.358541667	0.3405833333	0.376	0.376666667
0070570012	2011	3	11	70	0.3204583333	0.32475	0.3412083333	0.372416667	0.37725
0070570012	2011	3	12	71	0.3000416667	0.30975	0.3275	0.372416667	0.377
0070570012	2011	3	13	72	0.289125	0.301875	0.3224166667	0.351541667	0.375708333
0070570012	2011	3	14	73	0.2792083333	0.295958333	0.3187916667	0.340833333	0.373833333
0070570012	2011	3	15	74	0.2940833333	0.306333333	0.3244166667	0.341125	0.371541667
0070570012	2011	3	16	75	0.3125416667	0.31825	0.333125	0.362833333	0.370583333
0070570012	2011	3	17	76	0.3012380952	0.308619048	0.3264761905	0.353142857	0.371
0070570012	2011	3	18	77	0.2910909091	0.298636364	0.3206818182	0.342681818	0.355954546
0070570012	2011	3	19	78	0.2783333333	0.291291667	0.315875	0.337375	0.369416667
0070570012	2011	3	20	79	0.2668333333	0.284791667	0.3114166667	0.334458333	0.368291667
0070570012	2011	3	21	80	0.2565833333	0.277791667	0.308375	0.331625	0.36725
0070570012	2011	3	22	81	0.2396666667	0.2665	0.3043333333	0.32925	0.366208333
0070570012	2011	3	23	82	0.2215416667	0.253958333	0.30025	0.325916667	0.365375
0070570012	2011	3	24	83	0.2121666667	0.245166667	0.2954166667	0.32375	0.364708333
0070570012	2011	3	25	84	0.2125416667	0.239125	0.2911666667	0.322	0.363833333
0070570012	2011	3	26	85	0.207875	0.23425	0.2874583333	0.319458333	0.363416667
0070570012	2011	3	27	86	0.2584583333	0.259083333	0.286125	0.318	0.362875
0070570012	2011	3	28	87	0.2782916667	0.278083333	0.2982083333	0.316458333	0.362333333
0070570012	2011	3	29	88	0.2835	0.287083333	0.318125	0.315541667	0.361416667
0070570012	2011	3	30	89	0.3031666667	0.304541667	0.32725	0.320291667	0.361166667
0070570012	2011	3	31	90	0.3120833333	0.309083333	0.3282083333	0.341458333	0.360708333
0070570012	2011	4	1	91	0.3186666667	0.317875	0.3322916667	0.348541667	0.360833333
0070570012	2011	4	2	92	0.3052083333	0.307166667	0.325125	0.345833333	0.361125
0070570012	2011	4	3	93	0.2918333333	0.299041667	0.3178333333	0.338125	0.361375
0070570012	2011	4	4	94	0.268375	0.287041667	0.312625	0.334083333	0.36125
0070570012	2011	4	5	95	0.3047083333	0.307833333	0.3283333333	0.363291667	0.362875
0070570012	2011	4	6	96	0.2988333333	0.307916667	0.3269583333	0.365083333	0.367041667
0070570012	2011	4	7	97	0.27875	0.297125	0.3186666667	0.34725	0.367666667
0070570012	2011	4	8	98	0.2597916667	0.285833333	0.3133333333	0.33775	0.367458333
0070570012	2011	4	9	99	0.2482916667	0.279833333	0.3103333333	0.334333333	0.365833333
0070570012	2011	4	10	100	0.2339583333	0.270625	0.3065833333	0.332041667	0.365125
0070570012	2011	4	11	101	0.218625	0.261166667	0.3022916667	0.329041667	0.364291667
0070570012	2011	4	12	102	0.2047916667	0.250291667	0.29675	0.325916667	0.3635
0070570012	2011	4	13	103	0.2035416667	0.248333333	0.29275	0.323666667	0.362416667
0070570012	2011	4	14	104	0.196625	0.241625	0.28775	0.321625	0.361916667
0070570012	2011	4	15	105	0.18525	0.232291667	0.2817916667	0.319375	0.361
0070570012	2011	4	16	106	0.2830416667	0.310083333	0.3327916667	0.36925	0.36225
0070570012	2011	4	17	107	0.2974166667	0.315083333	0.3290416667	0.390541667	0.371166667
0070570012	2011	4	18	108	0.27425	0.301875	0.3205	0.36075	0.372458333
0070570012	2011	4	19	109	0.2464583333	0.287708333	0.3133333333	0.343708333	0.371666667
0070570012	2011	4	20	110	0.2210833333	0.270791667	0.3075416667	0.335916667	0.369625
0070570012	2011	4	21	111	0.2145833333	0.262833333	0.3039583333	0.332208333	0.367208333
0070570012	2011	4	22	112	0.2116666667	0.257916667	0.301	0.32925	0.366
0070570012	2011	4	23	113	0.2289583333	0.256708333	0.2982083333	0.3265	0.3645
0070570012	2011	4	24	114	0.215875	0.246875	0.2919166667	0.323541667	0.363458333
0070570012	2011	4	25	115	0.1984166667	0.233916667	0.28425	0.320875	0.362666667
0070570012	2011	4	26	116	0.1827083333	0.223541667	0.2760833333	0.318541667	0.361916667
0070570012	2011	4	27	117	0.1740833333	0.2175	0.269625	0.316375	0.361125
0070570012	2011	4	28	118	0.2280833333	0.241458333	0.2740833333	0.314541667	0.360416667
0070570012	2011	4	29	119	0.2338333333	0.24925	0.2732083333	0.312708333	0.359791667
0070570012	2011	4	30	120	0.2090416667	0.238208333	0.2693333333	0.310708333	0.359125
0070570012	2011	5	1	121	0.1874583333	0.226416667	0.265125	0.308458333	0.358333333
0070570012	2011	5	2	122	0.1787083333	0.218291667	0.2609166667	0.306958333	0.357958333
0070570012	2011	5	3	123	0.1727083333	0.214083333	0.2571666667	0.305666667	0.357291667
0070570012	2011	5	4	124	0.2175416667	0.237541667	0.257125	0.304083333	0.356791667
0070570012	2011	5	5	125	0.222875	0.249458333	0.2603333333	0.303125	0.356791667
0070570012	2011	5	6	126	0.215625	0.246041667	0.2622916667	0.302041667	0.356416667
0070570012	2011	5	7	127	0.2079583333	0.241458333	0.261375	0.301083333	0.356208333
0070570012	2011	5	8	128	0.199	0.235083333	0.2598333333	0.300125	0.355625
0070570012	2011	5	9	129	0.1853333333	0.225541667	0.2561666667	0.299166667	0.355083333
0070570012	2011	5	10	130	0.1717916667	0.214375	0.251125	0.297416667	0.355208333
0070570012	2011	5	11	131	0.16575	0.206958333	0.2461666667	0.296541667	0.354666667
0070570012	2011	5	12	132	0.164	0.202666667	0.2412083333	0.2955	0.354041667
0070570012	2011	5	13	133	0.16475	0.199166667	0.2371666667	0.294416667	0.353875
0070570012	2011	5	14	134	0.180875	0.209458333	0.2360833333	0.294	0.353833333
0070570012	2011	5	15	135	0.1780416667	0.206125	0.2358333333	0.292958333	0.353625
0070570012	2011	5	16	136	0.1724166667	0.203333333	0.234875	0.29225	0.353083333
0070570012	2011	5	17	137	0.190125	0.206208333	0.2344583333	0.291416667	0.352625
0070570012	2011	5	18	138	0.2310833333	0.222375	0.2353333333	0.290583333	0.3525
0070570012	2011	5	19	139	0.2212916667	0.222833333	0.2369166667	0.2895	0.35225
0070570012	2011	5	20	140	0.2085416667	0.219041667	0.2373333333	0.288833333	0.352
0070570012	2011	5	21	141	0.1966666667	0.214666667	0.2367916667	0.288625	0.351416667
0070570012	2011	5	22	142	0.1787083333	0.207125	0.2347083333	0.287958333	0.351291667
0070570012	2011	5	23	143	0.19825	0.205083333	0.233875	0.286791667	0.350791667
0070570012	2011	5	24	144	0.18825	0.204625	0.2332916667	0.286375	0.350625
0070570012	2011	5	25	145	0.1701666667	0.199416667	0.2302083333	0.284916667	0.350375
0070570012	2011	5	26	146	0.1546666667	0.191916667	0.2254583333	0.283208333	0.349916667
0070570012	2011	5	27	147	0.19925	0.208583333	0.2237083333	0.281833333	0.349708333
0070570012	2011	5	28	148	0.2020416667	0.207166667	0.2263333333	0.281958333	0.349666667
0070570012	2011	5	29	149	0.1858333333	0.202625	0.2261666667	0.28175	0.349541667
0070570012	2011	5	30	150	0.1670833333	0.195916667	0.2249166667	0.280791667	0.349375
0070570012	2011	5	31	151	0.1495416667	0.188166667	0.2215833333	0.279916667	0.348833333
0070570012	2011	6	1	152	0.1340416667	0.179708333	0.21625	0.27825	0.34825
0070570012	2011	6	2	153	0.1237083333	0.172041667	0.209625	0.276041667	0.348125
0070570012	2011	6	3	154	0.1161666667	0.165916667	0.2045416667	0.274583333	0.347708333
0070570012	2011	6	4	155	0.1089166667	0.159416667	0.198625	0.27125	0.347
0070570012	2011	6	5	156	0.1027083333	0.153416667	0.1932916667	0.267583333	0.346416667
0070570012	2011	6	6	157	0.09845833333	0.1495	0.1886666667	0.264333333	0.346333333
0070570012	2011	6	7	158	0.09470833333	0.145625	0.1857916667	0.261208333	0.345625
0070570012	2011	6	8	159	0.09145833333	0.142416667	0.1832083333	0.258083333	0.344791667
0070570012	2011	6	9	160	0.08883333333	0.139875	0.180625	0.255875	0.344166667
0070570012	2011	6	10	161	0.087125	0.138708333	0.17925	0.254541667	0.343208333
0070570012	2011	6	11	162	0.085875	0.138458333	0.1785416667	0.2535	0.342583333
0070570012	2011	6	12	163	0.08479166667	0.137875	0.178375	0.25275	0.342291667
0070570012	2011	6	13	164	0.08916666667	0.1385	0.1785833333	0.252875	0.341833333
0070570012	2011	6	14	165	0.089625	0.139583333	0.179375	0.252791667	0.341083333
0070570012	2011	6	15	166	0.1117708333	0.138416667	0.2039375	0.252625	0.3405
0070570012	2011	6	16	167	0.1339166667	0.168583333	0.2285	0.26875	0.339875
0070570012	2011	6	17	168	0.1267916667	0.174333333	0.223625	0.267875	0.339916667
0070570012	2011	6	18	169	0.123125	0.174916667	0.2210833333	0.267291667	0.340041667
0070570012	2011	6	19	170	0.131125	0.181375	0.2209166667	0.267291667	0.339875
0070570012	2011	6	20	171	0.15025	0.197375	0.2357916667	0.267666667	0.340083333
0070570012	2011	6	21	172	0.14375	0.194375	0.233625	0.268583333	0.339916667
0070570012	2011	6	22	173	0.137625	0.191541667	0.2297083333	0.269041667	0.340208333
0070570012	2011	6	23	174	0.1418333333	0.187875	0.2264583333	0.269458333	0.340041667
0070570012	2011	6	24	175	0.1524166667	0.188416667	0.2245416667	0.269708333	0.34025
0070570012	2011	6	25	176	0.1463333333	0.187333333	0.2222083333	0.269375	0.340083333
0070570012	2011	6	26	177	0.1355416667	0.182416667	0.2181666667	0.269041667	0.340125
0070570012	2011	6	27	178	0.129125	0.178375	0.2151666667	0.268375	0.34
0070570012	2011	6	28	179	0.1334166667	0.184875	0.2168333333	0.268291667	0.34
0070570012	2011	6	29	180	0.1597083333	0.229708333	0.2537916667	0.268875	0.339791667
0070570012	2011	6	30	181	0.1496666667	0.210333333	0.2427083333	0.269541667	0.339958333
0070570012	2011	7	1	182	0.1380833333	0.197875	0.234625	0.269916667	0.33975
0070570012	2011	7	2	183	0.124875	0.184166667	0.224375	0.268833333	0.339916667
0070570012	2011	7	3	184	0.1143333333	0.172333333	0.213625	0.268125	0.339583333
0070570012	2011	7	4	185	0.1101666667	0.171291667	0.2098333333	0.266791667	0.3395
0070570012	2011	7	5	186	0.1274166667	0.191375	0.2293333333	0.266833333	0.339333333
0070570012	2011	7	6	187	0.1264583333	0.185708333	0.2249166667	0.267708333	0.339291667
0070570012	2011	7	7	188	0.1234166667	0.181666667	0.2200416667	0.26775	0.33975
0070570012	2011	7	8	189	0.1304583333	0.199333333	0.2344583333	0.275083333	0.339708333
0070570012	2011	7	9	190	0.1694583333	0.26275	0.28025	0.344458333	0.343833333
0070570012	2011	7	10	191	0.1670416667	0.242791667	0.273875	0.331666667	0.344833333
0070570012	2011	7	11	192	0.164375	0.238583333	0.2704583333	0.326333333	0.344208333
0070570012	2011	7	12	193	0.1551666667	0.230791667	0.265375	0.322	0.344208333
0070570012	2011	7	13	194	0.1455	0.223583333	0.2597916667	0.317875	0.344666667
0070570012	2011	7	14	195	0.1387916667	0.21725	0.256	0.3145	0.344541667
0070570012	2011	7	15	196	0.1377916667	0.213541667	0.2532083333	0.312291667	0.344666667
0070570012	2011	7	16	197	0.1389166667	0.212583333	0.2520416667	0.310041667	0.344541667
0070570012	2011	7	17	198	0.1388333333	0.210291667	0.2484166667	0.307541667	0.344541667
0070570012	2011	7	18	199	0.1319583333	0.202041667	0.2417916667	0.303958333	0.344583333
0070570012	2011	7	19	200	0.121625	0.191	0.2330833333	0.301333333	0.344166667
0070570012	2011	7	20	201	0.1129583333	0.180041667	0.2230416667	0.298083333	0.343916667
0070570012	2011	7	21	202	0.105	0.169166667	0.2111666667	0.294083333	0.343583333
0070570012	2011	7	22	203	0.100375	0.162916667	0.2024583333	0.290916667	0.34325
0070570012	2011	7	23	204	0.09825	0.159041667	0.1975833333	0.287875	0.343125
0070570012	2011	7	24	205	0.09529166667	0.154958333	0.1929583333	0.283583333	0.343125
0070570012	2011	7	25	206	0.101875	0.161416667	0.1965	0.279416667	0.342416667
0070570012	2011	7	26	207	0.1354583333	0.198875	0.210625	0.278458333	0.342208333
0070570012	2011	7	27	208	0.1314583333	0.185166667	0.205875	0.277125	0.341875
0070570012	2011	7	28	209	0.1219166667	0.17675	0.2019583333	0.275416667	0.34175
0070570012	2011	7	29	210	0.1106666667	0.167708333	0.1975	0.273166667	0.341208333
0070570012	2011	7	30	211	0.1015416667	0.160041667	0.1930833333	0.27075	0.341375
0070570012	2011	7	31	212	0.09633333333	0.155041667	0.1889166667	0.268875	0.340666667
0070570012	2011	8	1	213	0.09541666667	0.153125	0.1882083333	0.267416667	0.3405
0070570012	2011	8	2	214	0.094875	0.152791667	0.1880416667	0.26675	0.340041667
0070570012	2011	8	3	215	0.09245833333	0.15175	0.18675	0.264958333	0.339583333
0070570012	2011	8	4	216	0.091125	0.151333333	0.1865	0.263875	0.339208333
0070570012	2011	8	5	217	0.08995833333	0.150458333	0.1858333333	0.262833333	0.33925
0070570012	2011	8	6	218	0.09304166667	0.156625	0.1866666667	0.263041667	0.338583333
0070570012	2011	8	7	219	0.111875	0.175625	0.195625	0.263583333	0.338791667
0070570012	2011	8	8	220	0.11125	0.173125	0.196375	0.264083333	0.338708333
0070570012	2011	8	9	221	0.1128333333	0.170458333	0.1954166667	0.264583333	0.338333333
0070570012	2011	8	10	222	0.1094166667	0.168166667	0.1940833333	0.264458333	0.338
0070570012	2011	8	11	223	0.1050833333	0.163583333	0.1917083333	0.263833333	0.337833333
0070570012	2011	8	12	224	0.1150416667	0.161958333	0.19125	0.26375	0.337458333
0070570012	2011	8	13	225	0.1210416667	0.16325	0.1919166667	0.263666667	0.337166667
0070570012	2011	8	14	226	0.1421666667	0.216916667	0.2227916667	0.273541667	0.337166667
0070570012	2011	8	15	227	0.1435416667	0.216583333	0.2385	0.277791667	0.337125
0070570012	2011	8	16	228	0.1365416667	0.205583333	0.234375	0.2775	0.337208333
0070570012	2011	8	17	229	0.1272083333	0.197875	0.230375	0.276375	0.337208333
0070570012	2011	8	18	230	0.118375	0.190541667	0.2255833333	0.276083333	0.337291667
0070570012	2011	8	19	231	0.1285	0.189416667	0.2213333333	0.27575	0.337166667
0070570012	2011	8	20	232	0.1304166667	0.189791667	0.2206666667	0.275458333	0.337291667
0070570012	2011	8	21	233	0.122875	0.185958333	0.217625	0.275375	0.337375
0070570012	2011	8	22	234	0.1165	0.181041667	0.2141666667	0.274666667	0.337375
0070570012	2011	8	23	235	0.1074583333	0.172125	0.2075833333	0.273291667	0.337333333
0070570012	2011	8	24	236	0.1002916667	0.164083333	0.2010416667	0.271708333	0.33725
0070570012	2011	8	25	237	0.09679166667	0.159041667	0.1955416667	0.270375	0.337166667
0070570012	2011	8	26	238	0.09325	0.154916667	0.1915416667	0.26825	0.336958333
0070570012	2011	8	27	239	0.09170833333	0.153583333	0.1905	0.267458333	0.337041667
0070570012	2011	8	28	240	0.08920833333	0.151208333	0.1882083333	0.265916667	0.336875
0070570012	2011	8	29	241	0.08633333333	0.1485	0.1860416667	0.264291667	0.336958333
0070570012	2011	8	30	242	0.0845	0.146583333	0.1844166667	0.26275	0.33675
0070570012	2011	8	31	243	0.08295833333	0.145375	0.182875	0.26125	0.336458333
0070570012	2011	9	1	244	0.08083333333	0.143416667	0.1810416667	0.260125	0.335916667
0070570012	2011	9	2	245	0.07933333333	0.141958333	0.1797916667	0.259	0.335208333
0070570012	2011	9	3	246	0.07858333333	0.140791667	0.1790833333	0.257875	0.334791667
0070570012	2011	9	4	247	0.07691666667	0.139708333	0.1780833333	0.256208333	0.33425
0070570012	2011	9	5	248	0.09629166667	0.1545	0.2050416667	0.256875	0.33375
0070570012	2011	9	6	249	0.151	0.230958333	0.232	0.26625	0.333416667
0070570012	2011	9	7	250	0.1441666667	0.224791667	0.2413333333	0.267	0.333083333
0070570012	2011	9	8	251	0.1465416667	0.217666667	0.238375	0.266833333	0.332958333
0070570012	2011	9	9	252	0.1452916667	0.2135	0.2370833333	0.266833333	0.333
0070570012	2011	9	10	253	0.1415416667	0.207458333	0.2342083333	0.266875	0.333166667
0070570012	2011	9	11	254	0.1365416667	0.201291667	0.23075	0.266541667	0.333083333
0070570012	2011	9	12	255	0.1306666667	0.195291667	0.2274583333	0.266791667	0.333125
0070570012	2011	9	13	256	0.1249166667	0.190083333	0.2241666667	0.266791667	0.33325
0070570012	2011	9	14	257	0.1186666667	0.183166667	0.2194583333	0.266666667	0.333166667
0070570012	2011	9	15	258	0.1124166667	0.176958333	0.2146666667	0.266958333	0.333208333
0070570012	2011	9	16	259	0.1066666667	0.172208333	0.210875	0.266416667	0.33325
0070570012	2011	9	17	260	0.10325	0.168583333	0.2072916667	0.265875	0.333125
0070570012	2011	9	18	261	0.1006666667	0.165958333	0.20425	0.265208333	0.33325
0070570012	2011	9	19	262	0.09779166667	0.163958333	0.20175	0.265291667	0.333166667
0070570012	2011	9	20	263	0.09670833333	0.162375	0.1995833333	0.265166667	0.333083333
0070570012	2011	9	21	264	0.1095833333	0.167458333	0.2051666667	0.265166667	0.332958333
0070570012	2011	9	22	265	0.1463333333	0.183541667	0.2137916667	0.26625	0.333
0070570012	2011	9	23	266	0.16325	0.2435	0.2585	0.272208333	0.33325
0070570012	2011	9	24	267	0.1625833333	0.248208333	0.2685	0.296708333	0.333208333
0070570012	2011	9	25	268	0.161125	0.234625	0.2625416667	0.29775	0.333416667
0070570012	2011	9	26	269	0.1590416667	0.226375	0.258375	0.296625	0.333166667
0070570012	2011	9	27	270	0.1552083333	0.22025	0.255	0.295583333	0.333208333
0070570012	2011	9	28	271	0.1510833333	0.2145	0.251125	0.293958333	0.333666667
0070570012	2011	9	29	272	0.14525	0.208916667	0.2470833333	0.29275	0.333708333
0070570012	2011	9	30	273	0.136	0.202416667	0.2433333333	0.291541667	0.333625
0070570012	2011	10	1	274	0.1298333333	0.1955	0.2385416667	0.289375	0.333875
0070570012	2011	10	2	275	0.122625	0.188833333	0.2331666667	0.287875	0.333875
0070570012	2011	10	3	276	0.115125	0.181958333	0.2272916667	0.285958333	0.333916667
0070570012	2011	10	4	277	0.1110833333	0.176833333	0.2224583333	0.284041667	0.333958333
0070570012	2011	10	5	278	0.1072916667	0.172166667	0.21725	0.282416667	0.333833333
0070570012	2011	10	6	279	0.1040416667	0.168125	0.2117083333	0.281125	0.333875
0070570012	2011	10	7	280	0.1010416667	0.164458333	0.207	0.279708333	0.333916667
0070570012	2011	10	8	281	0.09833333333	0.16125	0.202375	0.278416667	0.333833333
0070570012	2011	10	9	282	0.095625	0.15875	0.1992083333	0.276958333	0.333875
0070570012	2011	10	10	283	0.09529166667	0.1585	0.1979583333	0.276083333	0.33375
0070570012	2011	10	11	284	0.1154166667	0.161791667	0.2004166667	0.275291667	0.333541667
0070570012	2011	10	12	285	0.156625	0.205375	0.2055416667	0.274916667	0.333416667
0070570012	2011	10	13	286	0.1558333333	0.207333333	0.2120833333	0.2745	0.333291667
0070570012	2011	10	14	287	0.1625416667	0.205166667	0.2144166667	0.274791667	0.333416667
0070570012	2011	10	15	288	0.1568333333	0.2025	0.2144166667	0.274041667	0.333375
0070570012	2011	10	16	289	0.149875	0.198708333	0.214	0.273125	0.3335
0070570012	2011	10	17	290	0.14275	0.195416667	0.2133333333	0.272333333	0.333375
0070570012	2011	10	18	291	0.13525	0.191125	0.2121666667	0.271958333	0.333166667
0070570012	2011	10	19	292	0.1791666667	0.223708333	0.2345	0.273208333	0.333041667
0070570012	2011	10	20	293	0.1823333333	0.252958333	0.270625	0.292375	0.333166667
0070570012	2011	10	21	294	0.1744583333	0.242166667	0.263625	0.295208333	0.333166667
0070570012	2011	10	22	295	0.1685	0.23525	0.2599583333	0.294833333	0.333458333
0070570012	2011	10	23	296	0.163	0.230041667	0.2579166667	0.293833333	0.333416667
0070570012	2011	10	24	297	0.158375	0.225708333	0.2550833333	0.293416667	0.333791667
0070570012	2011	10	25	298	0.1524583333	0.220416667	0.2529166667	0.292666667	0.333416667
0070570012	2011	10	26	299	0.1465652174	0.215391304	0.2495217391	0.291478261	0.333391304
0070570012	2011	10	27	300	0.1397916667	0.210333333	0.2466666667	0.290625	0.333541667
0070570012	2011	10	28	301	0.135375	0.2065	0.243875	0.289666667	0.333583333
0070570012	2011	10	29	302	0.167	0.205875	0.242	0.289416667	0.333833333
0070570012	2011	10	30	303	0.17025	0.206583333	0.2402916667	0.288458333	0.333833333
0070570012	2011	10	31	304	0.1632083333	0.206166667	0.2389583333	0.288291667	0.333958333
0070570012	2011	11	1	305	0.1583333333	0.2055	0.2375833333	0.287166667	0.334083333
0070570012	2011	11	2	306	0.1532083333	0.204166667	0.2358333333	0.286333333	0.333958333
0070570012	2011	11	3	307	0.148125	0.202541667	0.2344166667	0.285208333	0.333916667
0070570012	2011	11	4	308	0.2041666667	0.266333333	0.274125	0.289625	0.333958333
0070570012	2011	11	5	309	0.1970416667	0.263208333	0.2766666667	0.304375	0.333833333
0070570012	2011	11	6	310	0.1895	0.255333333	0.272375	0.304916667	0.333958333
0070570012	2011	11	7	311	0.1837916667	0.250291667	0.2689583333	0.30375	0.334
0070570012	2011	11	8	312	0.1785416667	0.246333333	0.2654583333	0.302958333	0.33425
0070570012	2011	11	9	313	0.17425	0.242625	0.2618333333	0.302125	0.334708333
0070570012	2011	11	10	314	0.171875	0.240916667	0.2596666667	0.300916667	0.334666667
0070570012	2011	11	11	315	0.168625	0.237208333	0.2578333333	0.30025	0.334916667
0070570012	2011	11	12	316	0.1642083333	0.233166667	0.2559166667	0.298791667	0.335125
0070570012	2011	11	13	317	0.159625	0.230041667	0.2535833333	0.297875	0.335083333
0070570012	2011	11	14	318	0.1562916667	0.227708333	0.2520833333	0.297041667	0.335041667
0070570012	2011	11	15	319	0.153125	0.225208333	0.2507916667	0.296625	0.335125
0070570012	2011	11	16	320	0.188125	0.242791667	0.262375	0.295583333	0.33525
0070570012	2011	11	17	321	0.2155833333	0.264125	0.279875	0.298041667	0.335166667
0070570012	2011	11	18	322	0.2065416667	0.260583333	0.2767083333	0.302083333	0.335125
0070570012	2011	11	19	323	0.200875	0.257125	0.2732083333	0.30225	0.335166667
0070570012	2011	11	20	324	0.1972916667	0.255333333	0.2716666667	0.302375	0.335041667
0070570012	2011	11	21	325	0.1992083333	0.255541667	0.2709583333	0.302041667	0.335291667
0070570012	2011	11	22	326	0.2235416667	0.270208333	0.2808333333	0.302708333	0.33525
0070570012	2011	11	23	327	0.2360416667	0.292208333	0.2938333333	0.32175	0.33525
0070570012	2011	11	24	328	0.2250833333	0.285708333	0.2897083333	0.325166667	0.33575
0070570012	2011	11	25	329	0.2169583333	0.279	0.2866666667	0.322166667	0.336916667
0070570012	2011	11	26	330	0.2102916667	0.274166667	0.2835833333	0.320125	0.337833333
0070570012	2011	11	27	331	0.2060833333	0.27075	0.2812916667	0.318583333	0.33825
0070570012	2011	11	28	332	0.2389583333	0.289583333	0.2972083333	0.333708333	0.340791667
0070570012	2011	11	29	333	0.2675416667	0.307625	0.3400833333	0.348895833	0.365916667
0070570012	2011	11	30	334	0.2485	0.29075	0.3093333333	0.364083333	0.369041667
0070570012	2011	12	1	335	0.2412916667	0.285125	0.3003333333	0.341041667	0.367375
0070570012	2011	12	2	336	0.23525	0.281916667	0.29775	0.334916667	0.3655
0070570012	2011	12	3	337	0.2300833333	0.278833333	0.2945833333	0.331916667	0.3635
0070570012	2011	12	4	338	0.2265833333	0.27675	0.2925	0.328583333	0.362833333
0070570012	2011	12	5	339	0.22975	0.274458333	0.290625	0.326708333	0.361541667
0070570012	2011	12	6	340	0.265125	0.292625	0.298	0.32475	0.360833333
0070570012	2011	12	7	341	0.2920416667	0.326041667	0.3347083333	0.380333333	0.36525
0070570012	2011	12	8	342	0.275875	0.323708333	0.329625	0.393416667	0.373416667
0070570012	2011	12	9	343	0.25825	0.2995	0.3102916667	0.362416667	0.373458333
0070570012	2011	12	10	344	0.2518333333	0.293291667	0.3037083333	0.343625	0.372
0070570012	2011	12	11	345	0.2458333333	0.28925	0.3011666667	0.33675	0.369958333
0070570012	2011	12	12	346	0.242125	0.285833333	0.2980833333	0.333833333	0.367875
0070570012	2011	12	13	347	0.2390833333	0.283958333	0.2960833333	0.330708333	0.365916667
0070570012	2011	12	14	348	0.2350833333	0.281291667	0.2945416667	0.3285	0.365166667
0070570012	2011	12	15	349	0.2295416667	0.278125	0.292375	0.32675	0.364
0070570012	2011	12	16	350	0.235875	0.278958333	0.29175	0.324875	0.363
0070570012	2011	12	17	351	0.267125	0.302958333	0.305625	0.323541667	0.36225
0070570012	2011	12	18	352	0.2572083333	0.296625	0.3045416667	0.323291667	0.361791667
0070570012	2011	12	19	353	0.250875	0.291166667	0.3020833333	0.323791667	0.361458333
0070570012	2011	12	20	354	0.2455833333	0.288166667	0.2994166667	0.32325	0.360958333
0070570012	2011	12	21	355	0.2527916667	0.288416667	0.2979583333	0.323041667	0.360541667
0070570012	2011	12	22	356	0.2766666667	0.308458333	0.31	0.322166667	0.359875
0070570012	2011	12	23	357	0.3148333333	0.341916667	0.353125	0.346791667	0.371458333
0070570012	2011	12	24	358	0.2724166667	0.305958333	0.3179166667	0.371416667	0.373458333
0070570012	2011	12	25	359	0.2643333333	0.299416667	0.3092916667	0.35025	0.372708333
0070570012	2011	12	26	360	0.2604583333	0.296041667	0.305875	0.340041667	0.371041667
0070570012	2011	12	27	361	0.2840833333	0.319708333	0.3209583333	0.358916667	0.370083333
0070570012	2011	12	28	362	0.2815416667	0.316875	0.3234166667	0.383541667	0.374083333
0070570012	2011	12	29	363	0.2685416667	0.303916667	0.3127083333	0.359541667	0.373791667
0070570012	2011	12	30	364	0.262125	0.298666667	0.3075416667	0.344708333	0.37275
0070570012	2011	12	31	365	0.2573333333	0.296458333	0.30475	0.33875	0.370708333
0070570012	2012	1	1	1	0.2518333333	0.29475	0.3025833333	0.33625	0.368916667
0070570012	2012	1	2	2	0.2465	0.288	0.301	0.333958333	0.36725
0070570012	2012	1	3	3	0.2417916667	0.285208333	0.298	0.3305	0.366625
0070570012	2012	1	4	4	0.23925	0.284166667	0.2965833333	0.3285	0.365458333
0070570012	2012	1	5	5	0.237875	0.283083333	0.2957083333	0.32675	0.364916667
0070570012	2012	1	6	6	0.236125	0.280958333	0.2931666667	0.324625	0.364416667
0070570012	2012	1	7	7	0.2332083333	0.278583333	0.291875	0.323125	0.3635
0070570012	2012	1	8	8	0.2411666667	0.277166667	0.2905416667	0.32175	0.36275
0070570012	2012	1	9	9	0.2577916667	0.277666667	0.2900416667	0.32075	0.362208333
0070570012	2012	1	10	10	0.2853333333	0.300333333	0.2948333333	0.319083333	0.361458333
0070570012	2012	1	11	11	0.322125	0.337125	0.3259166667	0.34875	0.362458333
0070570012	2012	1	12	12	0.3121363636	0.341863636	0.3407272727	0.361125	0.373227273
0070570012	2012	1	13	13	0.2807916667	0.313333333	0.3216666667	0.3735	0.373958333
0070570012	2012	1	14	14	0.270375	0.305833333	0.311625	0.358291667	0.373
0070570012	2012	1	15	15	0.2651666667	0.301083333	0.307625	0.345541667	0.3715
0070570012	2012	1	16	16	0.260625	0.297958333	0.3050416667	0.33925	0.370333333
0070570012	2012	1	17	17	0.2568333333	0.295833333	0.3037916667	0.335708333	0.368666667
0070570012	2012	1	18	18	0.2954166667	0.315416667	0.313875	0.334375	0.367041667
0070570012	2012	1	19	19	0.2785833333	0.308541667	0.3144166667	0.338	0.365875
0070570012	2012	1	20	20	0.2719583333	0.30325	0.3095833333	0.338541667	0.365583333
0070570012	2012	1	21	21	0.3005	0.317375	0.3180416667	0.33975	0.364583333
0070570012	2012	1	22	22	0.2891666667	0.315833333	0.3215416667	0.360375	0.365166667
0070570012	2012	1	23	23	0.3069583333	0.331333333	0.3305	0.369083333	0.367166667
0070570012	2012	1	24	24	0.295375	0.32625	0.3320833333	0.39525	0.374708333
0070570012	2012	1	25	25	0.2813333333	0.310125	0.318875	0.368625	0.374916667
0070570012	2012	1	26	26	0.27475	0.304583333	0.3140833333	0.353541667	0.373916667
0070570012	2012	1	27	27	0.3029166667	0.325625	0.3268333333	0.365791667	0.372916667
0070570012	2012	1	28	28	0.28525	0.314625	0.3205416667	0.362083333	0.373166667
0070570012	2012	1	29	29	0.27675	0.30875	0.3155833333	0.346833333	0.373208333
0070570012	2012	1	30	30	0.2692916667	0.306333333	0.3098333333	0.341333333	0.372125
0070570012	2012	1	31	31	0.262875	0.30125	0.307375	0.338625	0.37025
0070570012	2012	2	1	32	0.259625	0.29575	0.304125	0.33625	0.368875
0070570012	2012	2	2	33	0.2873333333	0.294583333	0.30225	0.333625	0.367916667
0070570012	2012	2	3	34	0.2845	0.29975	0.3022916667	0.331125	0.366875
0070570012	2012	2	4	35	0.2770416667	0.304875	0.3010833333	0.329375	0.366166667
0070570012	2012	2	5	36	0.3052916667	0.324125	0.312125	0.327916667	0.36475
0070570012	2012	2	6	37	0.2948333333	0.321208333	0.3154166667	0.328416667	0.364416667
0070570012	2012	2	7	38	0.2865416667	0.317	0.311875	0.329833333	0.363583333
0070570012	2012	2	8	39	0.279875	0.313166667	0.3089166667	0.3295	0.36325
0070570012	2012	2	9	40	0.2730416667	0.311	0.3067083333	0.329375	0.362958333
0070570012	2012	2	10	41	0.266375	0.30925	0.3044166667	0.327916667	0.362166667
0070570012	2012	2	11	42	0.2605416667	0.305958333	0.3022083333	0.3265	0.361625
0070570012	2012	2	12	43	0.2508333333	0.302541667	0.3017083333	0.325625	0.3615
0070570012	2012	2	13	44	0.24275	0.300791667	0.299625	0.323958333	0.361
0070570012	2012	2	14	45	0.2417916667	0.299458333	0.29725	0.322416667	0.360666667
0070570012	2012	2	15	46	0.23975	0.29725	0.2960416667	0.321291667	0.360458333
0070570012	2012	2	16	47	0.2355833333	0.295333333	0.2944583333	0.320541667	0.360125
0070570012	2012	2	17	48	0.233125	0.29325	0.2936666667	0.319708333	0.359625
0070570012	2012	2	18	49	0.2272083333	0.289958333	0.2912083333	0.318875	0.359458333
0070570012	2012	2	19	50	0.2432916667	0.291041667	0.288	0.317833333	0.358541667
0070570012	2012	2	20	51	0.2930416667	0.325333333	0.3004166667	0.316583333	0.3585
0070570012	2012	2	21	52	0.2777083333	0.320333333	0.3047916667	0.316083333	0.357833333
0070570012	2012	2	22	53	0.2687083333	0.3155	0.3030833333	0.316625	0.357625
0070570012	2012	2	23	54	0.2869166667	0.326041667	0.307375	0.316166667	0.357166667
0070570012	2012	2	24	55	0.279125	0.322625	0.3092083333	0.317208333	0.356875
0070570012	2012	2	25	56	0.2720416667	0.31875	0.3065416667	0.319291667	0.356833333
0070570012	2012	2	26	57	0.2611666667	0.316333333	0.30425	0.319083333	0.356708333
0070570012	2012	2	27	58	0.2525416667	0.311916667	0.3019583333	0.319291667	0.356625
0070570012	2012	2	28	59	0.247	0.307958333	0.2997916667	0.319125	0.3565
0070570012	2012	2	29	60	0.241625	0.304166667	0.2978333333	0.318458333	0.356291667
0070570012	2012	3	1	61	0.2613333333	0.300380952	0.296	0.318285714	0.356047619
0070570012	2012	3	2	62	0.2555454545	0.297136364	0.2939545455	0.317772727	0.355954546
0070570012	2012	3	3	63	0.3029166667	0.326	0.3130833333	0.322333333	0.355791667
0070570012	2012	3	4	64	0.290875	0.323583333	0.3165	0.333958333	0.355833333
0070570012	2012	3	5	65	0.2823333333	0.321333333	0.3133333333	0.333833333	0.355666667
0070570012	2012	3	6	66	0.2823333333	0.321333333	0.3133333333	0.333833333	0.355666667
0070570012	2012	3	7	67	-9999	-9999	-9999	-9999	-9999
0070570012	2012	3	8	68	-9999	-9999	-9999	-9999	-9999
0070570012	2012	3	9	69	-9999	-9999	-9999	-9999	-9999
0070570012	2012	3	10	70	-9999	-9999	-9999	-9999	-9999
0070570012	2012	3	11	71	-9999	-9999	-9999	-9999	-9999
0070570012	2012	3	12	72	-9999	-9999	-9999	-9999	-9999
0070570012	2012	3	13	73	-9999	-9999	-9999	-9999	-9999
0070570012	2012	3	14	74	-9999	-9999	-9999	-9999	-9999
0070570012	2012	3	15	75	-9999	-9999	-9999	-9999	-9999
0070570012	2012	3	16	76	-9999	-9999	-9999	-9999	-9999
0070570012	2012	3	17	77	-9999	-9999	-9999	-9999	-9999
0070570012	2012	3	18	78	-9999	-9999	-9999	-9999	-9999
0070570012	2012	3	19	79	-9999	-9999	-9999	-9999	-9999
0070570012	2012	3	20	80	-9999	-9999	-9999	-9999	-9999
0070570012	2012	3	21	81	-9999	-9999	-9999	-9999	-9999
0070570012	2012	3	22	82	-9999	-9999	-9999	-9999	-9999
0070570012	2012	3	23	83	-9999	-9999	-9999	-9999	-9999
0070570012	2012	3	24	84	-9999	-9999	-9999	-9999	-9999
0070570012	2012	3	25	85	-9999	-9999	-9999	-9999	-9999
0070570012	2012	3	26	86	-9999	-9999	-9999	-9999	-9999
0070570012	2012	3	27	87	-9999	-9999	-9999	-9999	-9999
0070570012	2012	3	28	88	-9999	-9999	-9999	-9999	-9999
0070570012	2012	3	29	89	-9999	-9999	-9999	-9999	-9999
0070570012	2012	3	30	90	-9999	-9999	-9999	-9999	-9999
0070570012	2012	3	31	91	-9999	-9999	-9999	-9999	-9999
0070570012	2012	4	1	92	-9999	-9999	-9999	-9999	-9999
0070570012	2012	4	2	93	-9999	-9999	-9999	-9999	-9999
0070570012	2012	4	3	94	-9999	-9999	-9999	-9999	-9999
0070570012	2012	4	4	95	-9999	-9999	-9999	-9999	-9999
0070570012	2012	4	5	96	-9999	-9999	-9999	-9999	-9999
0070570012	2012	4	6	97	-9999	-9999	-9999	-9999	-9999
0070570012	2012	4	7	98	-9999	-9999	-9999	-9999	-9999
0070570012	2012	4	8	99	-9999	-9999	-9999	-9999	-9999
0070570012	2012	4	9	100	-9999	-9999	-9999	-9999	-9999
0070570012	2012	4	10	101	-9999	-9999	-9999	-9999	-9999
0070570012	2012	4	11	102	-9999	-9999	-9999	-9999	-9999
0070570012	2012	4	12	103	-9999	-9999	-9999	-9999	-9999
0070570012	2012	4	13	104	-9999	-9999	-9999	-9999	-9999
0070570012	2012	4	14	105	-9999	-9999	-9999	-9999	-9999
0070570012	2012	4	15	106	-9999	-9999	-9999	-9999	-9999
0070570012	2012	4	16	107	-9999	-9999	-9999	-9999	-9999
0070570012	2012	4	17	108	-9999	-9999	-9999	-9999	-9999
0070570012	2012	4	18	109	-9999	-9999	-9999	-9999	-9999
0070570012	2012	4	19	110	-9999	-9999	-9999	-9999	-9999
0070570012	2012	4	20	111	-9999	-9999	-9999	-9999	-9999
0070570012	2012	4	21	112	-9999	-9999	-9999	-9999	-9999
0070570012	2012	4	22	113	-9999	-9999	-9999	-9999	-9999
0070570012	2012	4	23	114	-9999	-9999	-9999	-9999	-9999
0070570012	2012	4	24	115	-9999	-9999	-9999	-9999	-9999
0070570012	2012	4	25	116	-9999	-9999	-9999	-9999	-9999
0070570012	2012	4	26	117	-9999	-9999	-9999	-9999	-9999
0070570012	2012	4	27	118	-9999	-9999	-9999	-9999	-9999
0070570012	2012	4	28	119	-9999	-9999	-9999	-9999	-9999
0070570012	2012	4	29	120	-9999	-9999	-9999	-9999	-9999
0070570012	2012	4	30	121	-9999	-9999	-9999	-9999	-9999
0070570012	2012	5	1	122	-9999	-9999	-9999	-9999	-9999
0070570012	2012	5	2	123	-9999	-9999	-9999	-9999	-9999
0070570012	2012	5	3	124	-9999	-9999	-9999	-9999	-9999
0070570012	2012	5	4	125	-9999	-9999	-9999	-9999	-9999
0070570012	2012	5	5	126	-9999	-9999	-9999	-9999	-9999
0070570012	2012	5	6	127	-9999	-9999	-9999	-9999	-9999
0070570012	2012	5	7	128	-9999	-9999	-9999	-9999	-9999
0070570012	2012	5	8	129	-9999	-9999	-9999	-9999	-9999
0070570012	2012	5	9	130	-9999	-9999	-9999	-9999	-9999
0070570012	2012	5	10	131	-9999	-9999	-9999	-9999	-9999
0070570012	2012	5	11	132	-9999	-9999	-9999	-9999	-9999
0070570012	2012	5	12	133	-9999	-9999	-9999	-9999	-9999
0070570012	2012	5	13	134	-9999	-9999	-9999	-9999	-9999
0070570012	2012	5	14	135	-9999	-9999	-9999	-9999	-9999
0070570012	2012	5	15	136	-9999	-9999	-9999	-9999	-9999
0070570012	2012	5	16	137	-9999	-9999	-9999	-9999	-9999
0070570012	2012	5	17	138	-9999	-9999	-9999	-9999	-9999
0070570012	2012	5	18	139	-9999	-9999	-9999	-9999	-9999
0070570012	2012	5	19	140	-9999	-9999	-9999	-9999	-9999
0070570012	2012	5	20	141	-9999	-9999	-9999	-9999	-9999
0070570012	2012	5	21	142	-9999	-9999	-9999	-9999	-9999
0070570012	2012	5	22	143	-9999	-9999	-9999	-9999	-9999
0070570012	2012	5	23	144	-9999	-9999	-9999	-9999	-9999
0070570012	2012	5	24	145	-9999	-9999	-9999	-9999	-9999
0070570012	2012	5	25	146	-9999	-9999	-9999	-9999	-9999
0070570012	2012	5	26	147	-9999	-9999	-9999	-9999	-9999
0070570012	2012	5	27	148	-9999	-9999	-9999	-9999	-9999
0070570012	2012	5	28	149	-9999	-9999	-9999	-9999	-9999
0070570012	2012	5	29	150	-9999	-9999	-9999	-9999	-9999
0070570012	2012	5	30	151	-9999	-9999	-9999	-9999	-9999
0070570012	2012	5	31	152	-9999	-9999	-9999	-9999	-9999
0070570012	2012	6	1	153	-9999	-9999	-9999	-9999	-9999
0070570012	2012	6	2	154	-9999	-9999	-9999	-9999	-9999
0070570012	2012	6	3	155	-9999	-9999	-9999	-9999	-9999
0070570012	2012	6	4	156	-9999	-9999	-9999	-9999	-9999
0070570012	2012	6	5	157	-9999	-9999	-9999	-9999	-9999
0070570012	2012	6	6	158	-9999	-9999	-9999	-9999	-9999
0070570012	2012	6	7	159	-9999	-9999	-9999	-9999	-9999
0070570012	2012	6	8	160	-9999	-9999	-9999	-9999	-9999
0070570012	2012	6	9	161	-9999	-9999	-9999	-9999	-9999
0070570012	2012	6	10	162	-9999	-9999	-9999	-9999	-9999
0070570012	2012	6	11	163	-9999	-9999	-9999	-9999	-9999
0070570012	2012	6	12	164	-9999	-9999	-9999	-9999	-9999
0070570012	2012	6	13	165	-9999	-9999	-9999	-9999	-9999
0070570012	2012	6	14	166	-9999	-9999	-9999	-9999	-9999
0070570012	2012	6	15	167	-9999	-9999	-9999	-9999	-9999
0070570012	2012	6	16	168	-9999	-9999	-9999	-9999	-9999
0070570012	2012	6	17	169	-9999	-9999	-9999	-9999	-9999
0070570012	2012	6	18	170	-9999	-9999	-9999	-9999	-9999
0070570012	2012	6	19	171	-9999	-9999	-9999	-9999	-9999
0070570012	2012	6	20	172	-9999	-9999	-9999	-9999	-9999
0070570012	2012	6	21	173	-9999	-9999	-9999	-9999	-9999
0070570012	2012	6	22	174	-9999	-9999	-9999	-9999	-9999
0070570012	2012	6	23	175	-9999	-9999	-9999	-9999	-9999
0070570012	2012	6	24	176	-9999	-9999	-9999	-9999	-9999
0070570012	2012	6	25	177	-9999	-9999	-9999	-9999	-9999
0070570012	2012	6	26	178	-9999	-9999	-9999	-9999	-9999
0070570012	2012	6	27	179	-9999	-9999	-9999	-9999	-9999
0070570012	2012	6	28	180	-9999	-9999	-9999	-9999	-9999
0070570012	2012	6	29	181	-9999	-9999	-9999	-9999	-9999
0070570012	2012	6	30	182	-9999	-9999	-9999	-9999	-9999
0070570012	2012	7	1	183	-9999	-9999	-9999	-9999	-9999
0070570012	2012	7	2	184	-9999	-9999	-9999	-9999	-9999
0070570012	2012	7	3	185	-9999	-9999	-9999	-9999	-9999
0070570012	2012	7	4	186	-9999	-9999	-9999	-9999	-9999
0070570012	2012	7	5	187	-9999	-9999	-9999	-9999	-9999
0070570012	2012	7	6	188	-9999	-9999	-9999	-9999	-9999
0070570012	2012	7	7	189	-9999	-9999	-9999	-9999	-9999
0070570012	2012	7	8	190	-9999	-9999	-9999	-9999	-9999
0070570012	2012	7	9	191	-9999	-9999	-9999	-9999	-9999
0070570012	2012	7	10	192	-9999	-9999	-9999	-9999	-9999
0070570012	2012	7	11	193	-9999	-9999	-9999	-9999	-9999
0070570012	2012	7	12	194	-9999	-9999	-9999	-9999	-9999
0070570012	2012	7	13	195	-9999	-9999	-9999	-9999	-9999
0070570012	2012	7	14	196	-9999	-9999	-9999	-9999	-9999
0070570012	2012	7	15	197	-9999	-9999	-9999	-9999	-9999
0070570012	2012	7	16	198	-9999	-9999	-9999	-9999	-9999
0070570012	2012	7	17	199	-9999	-9999	-9999	-9999	-9999
0070570012	2012	7	18	200	-9999	-9999	-9999	-9999	-9999
0070570012	2012	7	19	201	-9999	-9999	-9999	-9999	-9999
0070570012	2012	7	20	202	-9999	-9999	-9999	-9999	-9999
0070570012	2012	7	21	203	-9999	-9999	-9999	-9999	-9999
0070570012	2012	7	22	204	-9999	-9999	-9999	-9999	-9999
0070570012	2012	7	23	205	-9999	-9999	-9999	-9999	-9999
0070570012	2012	7	24	206	-9999	-9999	-9999	-9999	-9999
0070570012	2012	7	25	207	-9999	-9999	-9999	-9999	-9999
0070570012	2012	7	26	208	-9999	-9999	-9999	-9999	-9999
0070570012	2012	7	27	209	-9999	-9999	-9999	-9999	-9999
0070570012	2012	7	28	210	-9999	-9999	-9999	-9999	-9999
0070570012	2012	7	29	211	-9999	-9999	-9999	-9999	-9999
0070570012	2012	7	30	212	-9999	-9999	-9999	-9999	-9999
0070570012	2012	7	31	213	-9999	-9999	-9999	-9999	-9999
0070570012	2012	8	1	214	-9999	-9999	-9999	-9999	-9999
0070570012	2012	8	2	215	-9999	-9999	-9999	-9999	-9999
0070570012	2012	8	3	216	-9999	-9999	-9999	-9999	-9999
0070570012	2012	8	4	217	-9999	-9999	-9999	-9999	-9999
0070570012	2012	8	5	218	-9999	-9999	-9999	-9999	-9999
0070570012	2012	8	6	219	-9999	-9999	-9999	-9999	-9999
0070570012	2012	8	7	220	-9999	-9999	-9999	-9999	-9999
0070570012	2012	8	8	221	-9999	-9999	-9999	-9999	-9999
0070570012	2012	8	9	222	-9999	-9999	-9999	-9999	-9999
0070570012	2012	8	10	223	-9999	-9999	-9999	-9999	-9999
0070570012	2012	8	11	224	-9999	-9999	-9999	-9999	-9999
0070570012	2012	8	12	225	-9999	-9999	-9999	-9999	-9999
0070570012	2012	8	13	226	-9999	-9999	-9999	-9999	-9999
0070570012	2012	8	14	227	-9999	-9999	-9999	-9999	-9999
0070570012	2012	8	15	228	-9999	-9999	-9999	-9999	-9999
0070570012	2012	8	16	229	-9999	-9999	-9999	-9999	-9999
0070570012	2012	8	17	230	-9999	-9999	-9999	-9999	-9999
0070570012	2012	8	18	231	-9999	-9999	-9999	-9999	-9999
0070570012	2012	8	19	232	-9999	-9999	-9999	-9999	-9999
0070570012	2012	8	20	233	-9999	-9999	-9999	-9999	-9999
0070570012	2012	8	21	234	-9999	-9999	-9999	-9999	-9999
0070570012	2012	8	22	235	-9999	-9999	-9999	-9999	-9999
0070570012	2012	8	23	236	-9999	-9999	-9999	-9999	-9999
0070570012	2012	8	24	237	-9999	-9999	-9999	-9999	-9999
0070570012	2012	8	25	238	-9999	-9999	-9999	-9999	-9999
0070570012	2012	8	26	239	-9999	-9999	-9999	-9999	-9999
0070570012	2012	8	27	240	-9999	-9999	-9999	-9999	-9999
0070570012	2012	8	28	241	-9999	-9999	-9999	-9999	-9999
0070570012	2012	8	29	242	-9999	-9999	-9999	-9999	-9999
0070570012	2012	8	30	243	-9999	-9999	-9999	-9999	-9999
0070570012	2012	8	31	244	-9999	-9999	-9999	-9999	-9999
0070570012	2012	9	1	245	-9999	-9999	-9999	-9999	-9999
0070570012	2012	9	2	246	-9999	-9999	-9999	-9999	-9999
0070570012	2012	9	3	247	-9999	-9999	-9999	-9999	-9999
0070570012	2012	9	4	248	-9999	-9999	-9999	-9999	-9999
0070570012	2012	9	5	249	-9999	-9999	-9999	-9999	-9999
0070570012	2012	9	6	250	-9999	-9999	-9999	-9999	-9999
0070570012	2012	9	7	251	-9999	-9999	-9999	-9999	-9999
0070570012	2012	9	8	252	-9999	-9999	-9999	-9999	-9999
0070570012	2012	9	9	253	-9999	-9999	-9999	-9999	-9999
0070570012	2012	9	10	254	-9999	-9999	-9999	-9999	-9999
0070570012	2012	9	11	255	-9999	-9999	-9999	-9999	-9999
0070570012	2012	9	12	256	-9999	-9999	-9999	-9999	-9999
0070570012	2012	9	13	257	-9999	-9999	-9999	-9999	-9999
0070570012	2012	9	14	258	-9999	-9999	-9999	-9999	-9999
0070570012	2012	9	15	259	-9999	-9999	-9999	-9999	-9999
0070570012	2012	9	16	260	-9999	-9999	-9999	-9999	-9999
0070570012	2012	9	17	261	-9999	-9999	-9999	-9999	-9999
0070570012	2012	9	18	262	-9999	-9999	-9999	-9999	-9999
0070570012	2012	9	19	263	-9999	-9999	-9999	-9999	-9999
0070570012	2012	9	20	264	-9999	-9999	-9999	-9999	-9999
0070570012	2012	9	21	265	-9999	-9999	-9999	-9999	-9999
0070570012	2012	9	22	266	-9999	-9999	-9999	-9999	-9999
0070570012	2012	9	23	267	-9999	-9999	-9999	-9999	-9999
0070570012	2012	9	24	268	-9999	-9999	-9999	-9999	-9999
0070570012	2012	9	25	269	-9999	-9999	-9999	-9999	-9999
0070570012	2012	9	26	270	-9999	-9999	-9999	-9999	-9999
0070570012	2012	9	27	271	-9999	-9999	-9999	-9999	-9999
0070570012	2012	9	28	272	-9999	-9999	-9999	-9999	-9999
0070570012	2012	9	29	273	-9999	-9999	-9999	-9999	-9999
0070570012	2012	9	30	274	-9999	-9999	-9999	-9999	-9999
0070570012	2012	10	1	275	-9999	-9999	-9999	-9999	-9999
0070570012	2012	10	2	276	-9999	-9999	-9999	-9999	-9999
0070570012	2012	10	3	277	-9999	-9999	-9999	-9999	-9999
0070570012	2012	10	4	278	-9999	-9999	-9999	-9999	-9999
0070570012	2012	10	5	279	-9999	-9999	-9999	-9999	-9999
0070570012	2012	10	6	280	-9999	-9999	-9999	-9999	-9999
0070570012	2012	10	7	281	-9999	-9999	-9999	-9999	-9999
0070570012	2012	10	8	282	-9999	-9999	-9999	-9999	-9999
0070570012	2012	10	9	283	-9999	-9999	-9999	-9999	-9999
0070570012	2012	10	10	284	-9999	-9999	-9999	-9999	-9999
0070570012	2012	10	11	285	-9999	-9999	-9999	-9999	-9999
0070570012	2012	10	12	286	-9999	-9999	-9999	-9999	-9999
0070570012	2012	10	13	287	-9999	-9999	-9999	-9999	-9999
0070570012	2012	10	14	288	-9999	-9999	-9999	-9999	-9999
0070570012	2012	10	15	289	-9999	-9999	-9999	-9999	-9999
0070570012	2012	10	16	290	-9999	-9999	-9999	-9999	-9999
0070570012	2012	10	17	291	-9999	-9999	-9999	-9999	-9999
0070570012	2012	10	18	292	-9999	-9999	-9999	-9999	-9999
0070570012	2012	10	19	293	-9999	-9999	-9999	-9999	-9999
0070570012	2012	10	20	294	-9999	-9999	-9999	-9999	-9999
0070570012	2012	10	21	295	-9999	-9999	-9999	-9999	-9999
0070570012	2012	10	22	296	-9999	-9999	-9999	-9999	-9999
0070570012	2012	10	23	297	-9999	-9999	-9999	-9999	-9999
0070570012	2012	10	24	298	-9999	-9999	-9999	-9999	-9999
0070570012	2012	10	25	299	-9999	-9999	-9999	-9999	-9999
0070570012	2012	10	26	300	-9999	-9999	-9999	-9999	-9999
0070570012	2012	10	27	301	-9999	-9999	-9999	-9999	-9999
0070570012	2012	10	28	302	-9999	-9999	-9999	-9999	-9999
0070570012	2012	10	29	303	-9999	-9999	-9999	-9999	-9999
0070570012	2012	10	30	304	-9999	-9999	-9999	-9999	-9999
0070570012	2012	10	31	305	-9999	-9999	-9999	-9999	-9999
0070570012	2012	11	1	306	-9999	-9999	-9999	-9999	-9999
0070570012	2012	11	2	307	-9999	-9999	-9999	-9999	-9999
0070570012	2012	11	3	308	-9999	-9999	-9999	-9999	-9999
0070570012	2012	11	4	309	-9999	-9999	-9999	-9999	-9999
0070570012	2012	11	5	310	-9999	-9999	-9999	-9999	-9999
0070570012	2012	11	6	311	-9999	-9999	-9999	-9999	-9999
0070570012	2012	11	7	312	-9999	-9999	-9999	-9999	-9999
0070570012	2012	11	8	313	-9999	-9999	-9999	-9999	-9999
0070570012	2012	11	9	314	-9999	-9999	-9999	-9999	-9999
0070570012	2012	11	10	315	-9999	-9999	-9999	-9999	-9999
0070570012	2012	11	11	316	-9999	-9999	-9999	-9999	-9999
0070570012	2012	11	12	317	-9999	-9999	-9999	-9999	-9999
0070570012	2012	11	13	318	-9999	-9999	-9999	-9999	-9999
0070570012	2012	11	14	319	-9999	-9999	-9999	-9999	-9999
0070570012	2012	11	15	320	-9999	-9999	-9999	-9999	-9999
0070570012	2012	11	16	321	-9999	-9999	-9999	-9999	-9999
0070570012	2012	11	17	322	-9999	-9999	-9999	-9999	-9999
0070570012	2012	11	18	323	-9999	-9999	-9999	-9999	-9999
0070570012	2012	11	19	324	-9999	-9999	-9999	-9999	-9999
0070570012	2012	11	20	325	-9999	-9999	-9999	-9999	-9999
0070570012	2012	11	21	326	-9999	-9999	-9999	-9999	-9999
0070570012	2012	11	22	327	-9999	-9999	-9999	-9999	-9999
0070570012	2012	11	23	328	-9999	-9999	-9999	-9999	-9999
0070570012	2012	11	24	329	-9999	-9999	-9999	-9999	-9999
0070570012	2012	11	25	330	-9999	-9999	-9999	-9999	-9999
0070570012	2012	11	26	331	-9999	-9999	-9999	-9999	-9999
0070570012	2012	11	27	332	-9999	-9999	-9999	-9999	-9999
0070570012	2012	11	28	333	-9999	-9999	-9999	-9999	-9999
0070570012	2012	11	29	334	-9999	-9999	-9999	-9999	-9999
0070570012	2012	11	30	335	-9999	-9999	-9999	-9999	-9999
0070570012	2012	12	1	336	-9999	-9999	-9999	-9999	-9999
0070570012	2012	12	2	337	-9999	-9999	-9999	-9999	-9999
0070570012	2012	12	3	338	-9999	-9999	-9999	-9999	-9999
0070570012	2012	12	4	339	-9999	-9999	-9999	-9999	-9999
0070570012	2012	12	5	340	-9999	-9999	-9999	-9999	-9999
0070570012	2012	12	6	341	-9999	-9999	-9999	-9999	-9999
0070570012	2012	12	7	342	-9999	-9999	-9999	-9999	-9999
0070570012	2012	12	8	343	-9999	-9999	-9999	-9999	-9999
0070570012	2012	12	9	344	-9999	-9999	-9999	-9999	-9999
0070570012	2012	12	10	345	-9999	-9999	-9999	-9999	-9999
0070570012	2012	12	11	346	-9999	-9999	-9999	-9999	-9999
0070570012	2012	12	12	347	-9999	-9999	-9999	-9999	-9999
0070570012	2012	12	13	348	-9999	-9999	-9999	-9999	-9999
0070570012	2012	12	14	349	-9999	-9999	-9999	-9999	-9999
0070570012	2012	12	15	350	-9999	-9999	-9999	-9999	-9999
0070570012	2012	12	16	351	-9999	-9999	-9999	-9999	-9999
0070570012	2012	12	17	352	-9999	-9999	-9999	-9999	-9999
0070570012	2012	12	18	353	-9999	-9999	-9999	-9999	-9999
0070570012	2012	12	19	354	-9999	-9999	-9999	-9999	-9999
0070570012	2012	12	20	355	-9999	-9999	-9999	-9999	-9999
0070570012	2012	12	21	356	-9999	-9999	-9999	-9999	-9999
0070570012	2012	12	22	357	-9999	-9999	-9999	-9999	-9999
0070570012	2012	12	23	358	-9999	-9999	-9999	-9999	-9999
0070570012	2012	12	24	359	-9999	-9999	-9999	-9999	-9999
0070570012	2012	12	25	360	-9999	-9999	-9999	-9999	-9999
0070570012	2012	12	26	361	-9999	-9999	-9999	-9999	-9999
0070570012	2012	12	27	362	-9999	-9999	-9999	-9999	-9999
0070570012	2012	12	28	363	-9999	-9999	-9999	-9999	-9999
0070570012	2012	12	29	364	-9999	-9999	-9999	-9999	-9999
0070570012	2012	12	30	365	-9999	-9999	-9999	-9999	-9999
0070570012	2012	12	31	366	-9999	-9999	-9999	-9999	-9999
