stationID	Y	M	D	DOY	depth_5	depth_10
0071020712	2010	1	1	1	-9999	-9999
0071020712	2010	1	2	2	-9999	-9999
0071020712	2010	1	3	3	-9999	-9999
0071020712	2010	1	4	4	-9999	-9999
0071020712	2010	1	5	5	-9999	-9999
0071020712	2010	1	6	6	-9999	-9999
0071020712	2010	1	7	7	-9999	-9999
0071020712	2010	1	8	8	-9999	-9999
0071020712	2010	1	9	9	-9999	-9999
0071020712	2010	1	10	10	-9999	-9999
0071020712	2010	1	11	11	-9999	-9999
0071020712	2010	1	12	12	-9999	-9999
0071020712	2010	1	13	13	-9999	-9999
0071020712	2010	1	14	14	-9999	-9999
0071020712	2010	1	15	15	-9999	-9999
0071020712	2010	1	16	16	-9999	-9999
0071020712	2010	1	17	17	-9999	-9999
0071020712	2010	1	18	18	-9999	-9999
0071020712	2010	1	19	19	-9999	-9999
0071020712	2010	1	20	20	-9999	-9999
0071020712	2010	1	21	21	-9999	-9999
0071020712	2010	1	22	22	-9999	-9999
0071020712	2010	1	23	23	-9999	-9999
0071020712	2010	1	24	24	-9999	-9999
0071020712	2010	1	25	25	-9999	-9999
0071020712	2010	1	26	26	-9999	-9999
0071020712	2010	1	27	27	-9999	-9999
0071020712	2010	1	28	28	-9999	-9999
0071020712	2010	1	29	29	-9999	-9999
0071020712	2010	1	30	30	-9999	-9999
0071020712	2010	1	31	31	-9999	-9999
0071020712	2010	2	1	32	-9999	-9999
0071020712	2010	2	2	33	-9999	-9999
0071020712	2010	2	3	34	-9999	-9999
0071020712	2010	2	4	35	-9999	-9999
0071020712	2010	2	5	36	-9999	-9999
0071020712	2010	2	6	37	-9999	-9999
0071020712	2010	2	7	38	-9999	-9999
0071020712	2010	2	8	39	-9999	-9999
0071020712	2010	2	9	40	-9999	-9999
0071020712	2010	2	10	41	-9999	-9999
0071020712	2010	2	11	42	-9999	-9999
0071020712	2010	2	12	43	-9999	-9999
0071020712	2010	2	13	44	-9999	-9999
0071020712	2010	2	14	45	-9999	-9999
0071020712	2010	2	15	46	-9999	-9999
0071020712	2010	2	16	47	-9999	-9999
0071020712	2010	2	17	48	-9999	-9999
0071020712	2010	2	18	49	-9999	-9999
0071020712	2010	2	19	50	-9999	-9999
0071020712	2010	2	20	51	-9999	-9999
0071020712	2010	2	21	52	-9999	-9999
0071020712	2010	2	22	53	-9999	-9999
0071020712	2010	2	23	54	-9999	-9999
0071020712	2010	2	24	55	-9999	-9999
0071020712	2010	2	25	56	-9999	-9999
0071020712	2010	2	26	57	-9999	-9999
0071020712	2010	2	27	58	-9999	-9999
0071020712	2010	2	28	59	-9999	-9999
0071020712	2010	3	1	60	-9999	-9999
0071020712	2010	3	2	61	-9999	-9999
0071020712	2010	3	3	62	-9999	-9999
0071020712	2010	3	4	63	-9999	-9999
0071020712	2010	3	5	64	-9999	-9999
0071020712	2010	3	6	65	-9999	-9999
0071020712	2010	3	7	66	-9999	-9999
0071020712	2010	3	8	67	-9999	-9999
0071020712	2010	3	9	68	-9999	-9999
0071020712	2010	3	10	69	-9999	-9999
0071020712	2010	3	11	70	-9999	-9999
0071020712	2010	3	12	71	-9999	-9999
0071020712	2010	3	13	72	-9999	-9999
0071020712	2010	3	14	73	-9999	-9999
0071020712	2010	3	15	74	-9999	-9999
0071020712	2010	3	16	75	-9999	-9999
0071020712	2010	3	17	76	-9999	-9999
0071020712	2010	3	18	77	-9999	-9999
0071020712	2010	3	19	78	-9999	-9999
0071020712	2010	3	20	79	-9999	-9999
0071020712	2010	3	21	80	-9999	-9999
0071020712	2010	3	22	81	-9999	-9999
0071020712	2010	3	23	82	-9999	-9999
0071020712	2010	3	24	83	-9999	-9999
0071020712	2010	3	25	84	-9999	-9999
0071020712	2010	3	26	85	-9999	-9999
0071020712	2010	3	27	86	-9999	-9999
0071020712	2010	3	28	87	-9999	-9999
0071020712	2010	3	29	88	-9999	-9999
0071020712	2010	3	30	89	-9999	-9999
0071020712	2010	3	31	90	-9999	-9999
0071020712	2010	4	1	91	-9999	-9999
0071020712	2010	4	2	92	-9999	-9999
0071020712	2010	4	3	93	-9999	-9999
0071020712	2010	4	4	94	-9999	-9999
0071020712	2010	4	5	95	-9999	-9999
0071020712	2010	4	6	96	-9999	-9999
0071020712	2010	4	7	97	-9999	-9999
0071020712	2010	4	8	98	-9999	-9999
0071020712	2010	4	9	99	-9999	-9999
0071020712	2010	4	10	100	-9999	-9999
0071020712	2010	4	11	101	-9999	-9999
0071020712	2010	4	12	102	-9999	-9999
0071020712	2010	4	13	103	-9999	-9999
0071020712	2010	4	14	104	0.1169583333	-9999
0071020712	2010	4	15	105	0.1169583333	-9999
0071020712	2010	4	16	106	0.1169583333	-9999
0071020712	2010	4	17	107	0.1169583333	0.129333333
0071020712	2010	4	18	108	0.1169583333	0.129333333
0071020712	2010	4	19	109	0.1169583333	0.129333333
0071020712	2010	4	20	110	0.1169583333	0.129333333
0071020712	2010	4	21	111	0.1169583333	0.129333333
0071020712	2010	4	22	112	0.1169583333	0.129333333
0071020712	2010	4	23	113	0.1169583333	0.129333333
0071020712	2010	4	24	114	0.10875	0.129333333
0071020712	2010	4	25	115	0.1054166667	0.129333333
0071020712	2010	4	26	116	0.1017083333	0.129333333
0071020712	2010	4	27	117	0.09529166667	0.125458333
0071020712	2010	4	28	118	0.091125	0.1215
0071020712	2010	4	29	119	0.08916666667	0.121416667
0071020712	2010	4	30	120	0.08275	0.119875
0071020712	2010	5	1	121	0.072125	0.115
0071020712	2010	5	2	122	0.06891666667	0.110166667
0071020712	2010	5	3	123	0.066625	0.108875
0071020712	2010	5	4	124	0.064375	0.107625
0071020712	2010	5	5	125	0.06204166667	0.108166667
0071020712	2010	5	6	126	0.058125	0.108458333
0071020712	2010	5	7	127	0.05466666667	0.106958333
0071020712	2010	5	8	128	0.04970833333	0.105041667
0071020712	2010	5	9	129	0.04966666667	0.101333333
0071020712	2010	5	10	130	0.04975	0.101708333
0071020712	2010	5	11	131	0.04970833333	0.099791667
0071020712	2010	5	12	132	0.05379166667	0.099083333
0071020712	2010	5	13	133	0.05679166667	0.096375
0071020712	2010	5	14	134	0.057125	0.094583333
0071020712	2010	5	15	135	0.058125	0.092208333
0071020712	2010	5	16	136	0.05791666667	0.090041667
0071020712	2010	5	17	137	0.05795833333	0.088333333
0071020712	2010	5	18	138	0.05854166667	0.086708333
0071020712	2010	5	19	139	0.06008333333	0.087166667
0071020712	2010	5	20	140	0.05804166667	0.086166667
0071020712	2010	5	21	141	0.05708333333	0.085416667
0071020712	2010	5	22	142	0.05958333333	0.082916667
0071020712	2010	5	23	143	0.06558333333	0.083416667
0071020712	2010	5	24	144	0.0625	0.083791667
0071020712	2010	5	25	145	0.05933333333	0.083166667
0071020712	2010	5	26	146	0.05866666667	0.079333333
0071020712	2010	5	27	147	0.06658333333	0.080791667
0071020712	2010	5	28	148	0.064	0.081666667
0071020712	2010	5	29	149	0.06033333333	0.082041667
0071020712	2010	5	30	150	0.06183333333	0.078
0071020712	2010	5	31	151	0.07320833333	0.080791667
0071020712	2010	6	1	152	0.06245833333	0.082958333
0071020712	2010	6	2	153	0.05966666667	0.082375
0071020712	2010	6	3	154	0.059	0.083041667
0071020712	2010	6	4	155	0.06095833333	0.08375
0071020712	2010	6	5	156	0.05975	0.083125
0071020712	2010	6	6	157	0.05825	0.082791667
0071020712	2010	6	7	158	0.05733333333	0.081791667
0071020712	2010	6	8	159	0.05666666667	0.0795
0071020712	2010	6	9	160	0.056125	0.078958333
0071020712	2010	6	10	161	0.059125	0.075166667
0071020712	2010	6	11	162	0.06595833333	0.07725
0071020712	2010	6	12	163	0.06183333333	0.077458333
0071020712	2010	6	13	164	0.06225	0.076375
0071020712	2010	6	14	165	0.06925	0.07725
0071020712	2010	6	15	166	0.06670833333	0.07875
0071020712	2010	6	16	167	0.06345833333	0.077833333
0071020712	2010	6	17	168	0.06095833333	0.078916667
0071020712	2010	6	18	169	0.05970833333	0.077791667
0071020712	2010	6	19	170	0.09829166667	0.07625
0071020712	2010	6	20	171	0.09879166667	0.08
0071020712	2010	6	21	172	0.08458333333	0.083541667
0071020712	2010	6	22	173	0.077375	0.087625
0071020712	2010	6	23	174	0.070125	0.089916667
0071020712	2010	6	24	175	0.06283333333	0.09
0071020712	2010	6	25	176	0.05741666667	0.089083333
0071020712	2010	6	26	177	0.0565	0.089375
0071020712	2010	6	27	178	0.09783333333	0.084541667
0071020712	2010	6	28	179	0.09979166667	0.083916667
0071020712	2010	6	29	180	0.09979166667	0.088166667
0071020712	2010	6	30	181	0.09225	0.089625
0071020712	2010	7	1	182	0.08566666667	0.085708333
0071020712	2010	7	2	183	0.08566666667	0.084583333
0071020712	2010	7	3	184	-9999	0.108833333
0071020712	2010	7	4	185	-9999	0.108833333
0071020712	2010	7	5	186	0.1161666667	-9999
0071020712	2010	7	6	187	0.1161666667	-9999
0071020712	2010	7	7	188	0.1161666667	-9999
0071020712	2010	7	8	189	0.1161666667	-9999
0071020712	2010	7	9	190	0.1161666667	0.127333333
0071020712	2010	7	10	191	0.1161666667	0.127333333
0071020712	2010	7	11	192	0.1161666667	0.127333333
0071020712	2010	7	12	193	0.1161666667	0.127333333
0071020712	2010	7	13	194	0.1161666667	0.127333333
0071020712	2010	7	14	195	0.1161666667	0.127333333
0071020712	2010	7	15	196	0.1045833333	0.127333333
0071020712	2010	7	16	197	0.09541666667	0.127333333
0071020712	2010	7	17	198	0.086875	0.127333333
0071020712	2010	7	18	199	0.07875	0.127333333
0071020712	2010	7	19	200	0.07204166667	0.123375
0071020712	2010	7	20	201	0.067125	0.12
0071020712	2010	7	21	202	0.06291666667	0.11675
0071020712	2010	7	22	203	0.05970833333	0.113875
0071020712	2010	7	23	204	0.087125	0.11
0071020712	2010	7	24	205	0.08654166667	0.109166667
0071020712	2010	7	25	206	0.08145833333	0.108666667
0071020712	2010	7	26	207	0.07716666667	0.107625
0071020712	2010	7	27	208	0.07291666667	0.108125
0071020712	2010	7	28	209	0.06670833333	0.1075
0071020712	2010	7	29	210	0.1158333333	0.1055
0071020712	2010	7	30	211	0.1139166667	0.119791667
0071020712	2010	7	31	212	0.112	0.119958333
0071020712	2010	8	1	213	0.09875	0.11875
0071020712	2010	8	2	214	0.088875	0.115125
0071020712	2010	8	3	215	0.080125	0.112375
0071020712	2010	8	4	216	0.07195833333	0.110625
0071020712	2010	8	5	217	0.06554166667	0.109041667
0071020712	2010	8	6	218	0.06083333333	0.107041667
0071020712	2010	8	7	219	0.05804166667	0.105791667
0071020712	2010	8	8	220	0.05479166667	0.104166667
0071020712	2010	8	9	221	0.05245833333	0.102416667
0071020712	2010	8	10	222	0.05179166667	0.099208333
0071020712	2010	8	11	223	0.04966666667	0.099125
0071020712	2010	8	12	224	0.049125	0.09725
0071020712	2010	8	13	225	0.050125	0.094625
0071020712	2010	8	14	226	0.0505	0.094375
0071020712	2010	8	15	227	0.05341666667	0.093
0071020712	2010	8	16	228	0.05266666667	0.091083333
0071020712	2010	8	17	229	0.054625	0.090208333
0071020712	2010	8	18	230	0.0585	0.089125
0071020712	2010	8	19	231	0.05791666667	0.087666667
0071020712	2010	8	20	232	0.05845833333	0.086083333
0071020712	2010	8	21	233	0.059	0.082625
0071020712	2010	8	22	234	0.06716666667	0.084208333
0071020712	2010	8	23	235	0.06308333333	0.084916667
0071020712	2010	8	24	236	0.06	0.084291667
0071020712	2010	8	25	237	0.05525	0.080791667
0071020712	2010	8	26	238	0.056375	0.077625
0071020712	2010	8	27	239	0.05695833333	0.077291667
0071020712	2010	8	28	240	0.057125	0.078416667
0071020712	2010	8	29	241	0.057625	0.079083333
0071020712	2010	8	30	242	0.05725	0.07925
0071020712	2010	8	31	243	0.05804166667	0.078125
0071020712	2010	9	1	244	0.063875	0.078708333
0071020712	2010	9	2	245	0.06008333333	0.078291667
0071020712	2010	9	3	246	0.0605	0.077208333
0071020712	2010	9	4	247	0.07333333333	0.073666667
0071020712	2010	9	5	248	0.07329166667	0.0775
0071020712	2010	9	6	249	0.06008333333	0.080083333
0071020712	2010	9	7	250	0.053125	0.081625
0071020712	2010	9	8	251	0.04858333333	0.081166667
0071020712	2010	9	9	252	0.05491666667	0.081541667
0071020712	2010	9	10	253	0.1083333333	0.077541667
0071020712	2010	9	11	254	0.1087916667	0.084416667
0071020712	2010	9	12	255	0.10925	0.092791667
0071020712	2010	9	13	256	0.1028333333	0.096416667
0071020712	2010	9	14	257	0.096125	0.098708333
0071020712	2010	9	15	258	0.08845833333	0.099333333
0071020712	2010	9	16	259	0.08083333333	0.09925
0071020712	2010	9	17	260	0.07404166667	0.100416667
0071020712	2010	9	18	261	0.06725	0.099125
0071020712	2010	9	19	262	0.06233333333	0.097458333
0071020712	2010	9	20	263	0.059875	0.094666667
0071020712	2010	9	21	264	0.063375	0.09375
0071020712	2010	9	22	265	0.06225	0.094666667
0071020712	2010	9	23	266	0.06108333333	0.094833333
0071020712	2010	9	24	267	0.05916666667	0.095583333
0071020712	2010	9	25	268	0.05641666667	0.094041667
0071020712	2010	9	26	269	0.05404166667	0.092791667
0071020712	2010	9	27	270	0.05183333333	0.090166667
0071020712	2010	9	28	271	0.050125	0.089291667
0071020712	2010	9	29	272	0.048625	0.090333333
0071020712	2010	9	30	273	0.04675	0.089166667
0071020712	2010	10	1	274	0.0455	0.087875
0071020712	2010	10	2	275	0.04575	0.086458333
0071020712	2010	10	3	276	0.045875	0.084958333
0071020712	2010	10	4	277	0.04975	0.082833333
0071020712	2010	10	5	278	0.04729166667	0.081083333
0071020712	2010	10	6	279	0.05083333333	0.080208333
0071020712	2010	10	7	280	0.05129166667	0.078875
0071020712	2010	10	8	281	0.05258333333	0.077416667
0071020712	2010	10	9	282	0.0515	0.077333333
0071020712	2010	10	10	283	0.051875	0.077375
0071020712	2010	10	11	284	0.05308333333	0.076625
0071020712	2010	10	12	285	0.051125	0.075333333
0071020712	2010	10	13	286	0.051375	0.074416667
0071020712	2010	10	14	287	0.0505	0.072833333
0071020712	2010	10	15	288	0.0505	0.072166667
0071020712	2010	10	16	289	0.049875	0.07175
0071020712	2010	10	17	290	0.04995833333	0.07075
0071020712	2010	10	18	291	0.05041666667	0.071583333
0071020712	2010	10	19	292	0.04983333333	0.071083333
0071020712	2010	10	20	293	0.05016666667	0.070333333
0071020712	2010	10	21	294	0.0515	0.070291667
0071020712	2010	10	22	295	0.05016666667	0.0695
0071020712	2010	10	23	296	0.049375	0.068708333
0071020712	2010	10	24	297	0.04795833333	0.067375
0071020712	2010	10	25	298	0.046875	0.067125
0071020712	2010	10	26	299	0.04825	0.0675
0071020712	2010	10	27	300	0.047875	0.067333333
0071020712	2010	10	28	301	0.04616666667	0.06675
0071020712	2010	10	29	302	0.043625	0.063833333
0071020712	2010	10	30	303	0.044375	0.063375
0071020712	2010	10	31	304	0.04533333333	0.064416667
0071020712	2010	11	1	305	0.04575	0.064791667
0071020712	2010	11	2	306	0.04370833333	0.063708333
0071020712	2010	11	3	307	0.04179166667	0.061416667
0071020712	2010	11	4	308	0.04108333333	0.06075
0071020712	2010	11	5	309	0.040125	0.059458333
0071020712	2010	11	6	310	0.0405	0.059083333
0071020712	2010	11	7	311	0.040625	0.059125
0071020712	2010	11	8	312	0.04058333333	0.059041667
0071020712	2010	11	9	313	0.04158333333	0.059375
0071020712	2010	11	10	314	0.04120833333	0.059375
0071020712	2010	11	11	315	0.04045833333	0.059041667
0071020712	2010	11	12	316	0.041625	0.059375
0071020712	2010	11	13	317	0.03941666667	0.057041667
0071020712	2010	11	14	318	0.03870833333	0.055791667
0071020712	2010	11	15	319	0.039875	0.056375
0071020712	2010	11	16	320	0.03895833333	0.055708333
0071020712	2010	11	17	321	0.03891666667	0.055291667
0071020712	2010	11	18	322	0.03845833333	0.05525
0071020712	2010	11	19	323	0.03791666667	0.054291667
0071020712	2010	11	20	324	0.03958333333	0.055458333
0071020712	2010	11	21	325	0.04233333333	0.057791667
0071020712	2010	11	22	326	0.04245833333	0.058708333
0071020712	2010	11	23	327	0.04070833333	0.057666667
0071020712	2010	11	24	328	0.03983333333	0.056625
0071020712	2010	11	25	329	0.04079166667	0.057458333
0071020712	2010	11	26	330	0.03720833333	0.054958333
0071020712	2010	11	27	331	0.03466666667	0.052041667
0071020712	2010	11	28	332	0.035	0.05175
0071020712	2010	11	29	333	0.039375	0.054125
0071020712	2010	11	30	334	0.03491666667	0.052291667
0071020712	2010	12	1	335	0.03270833333	0.049166667
0071020712	2010	12	2	336	0.03345833333	0.049166667
0071020712	2010	12	3	337	0.03516666667	0.050666667
0071020712	2010	12	4	338	0.03625	0.051625
0071020712	2010	12	5	339	0.03491666667	0.051458333
0071020712	2010	12	6	340	0.03325	0.049291667
0071020712	2010	12	7	341	0.03358333333	0.048916667
0071020712	2010	12	8	342	0.03525	0.049708333
0071020712	2010	12	9	343	0.0345	0.049541667
0071020712	2010	12	10	344	0.03583333333	0.049625
0071020712	2010	12	11	345	0.03833333333	0.052333333
0071020712	2010	12	12	346	0.03554166667	0.051125
0071020712	2010	12	13	347	0.03333333333	0.048583333
0071020712	2010	12	14	348	0.03491666667	0.049
0071020712	2010	12	15	349	0.03554166667	0.049666667
0071020712	2010	12	16	350	0.03695833333	0.051291667
0071020712	2010	12	17	351	0.03416666667	0.049791667
0071020712	2010	12	18	352	0.03358333333	0.048291667
0071020712	2010	12	19	353	0.03591666667	0.048875
0071020712	2010	12	20	354	0.037625	0.050333333
0071020712	2010	12	21	355	0.03791666667	0.051375
0071020712	2010	12	22	356	0.03766666667	0.051875
0071020712	2010	12	23	357	0.038125	0.052125
0071020712	2010	12	24	358	0.03858333333	0.051416667
0071020712	2010	12	25	359	0.03595833333	0.049375
0071020712	2010	12	26	360	0.033875	0.047
0071020712	2010	12	27	361	0.03454166667	0.046666667
0071020712	2010	12	28	362	0.035125	0.047458333
0071020712	2010	12	29	363	0.03729166667	0.048375
0071020712	2010	12	30	364	0.039125	0.050375
0071020712	2010	12	31	365	0.03816666667	0.05125
0071020712	2011	1	1	1	0.03479166667	0.048708333
0071020712	2011	1	2	2	0.03375	0.046833333
0071020712	2011	1	3	3	0.03425	0.047083333
0071020712	2011	1	4	4	0.03545833333	0.047375
0071020712	2011	1	5	5	0.03691666667	0.048625
0071020712	2011	1	6	6	0.03729166667	0.049583333
0071020712	2011	1	7	7	0.03725	0.049291667
0071020712	2011	1	8	8	0.036375	0.04925
0071020712	2011	1	9	9	0.03616666667	0.049125
0071020712	2011	1	10	10	0.03554166667	0.048291667
0071020712	2011	1	11	11	0.03370833333	0.047833333
0071020712	2011	1	12	12	0.03292234849	0.045458333
0071020712	2011	1	13	13	0.03213636364	0.04525
0071020712	2011	1	14	14	0.03325	0.045041667
0071020712	2011	1	15	15	0.0345	0.046208333
0071020712	2011	1	16	16	0.03425	0.045833333
0071020712	2011	1	17	17	0.03595833333	0.046833333
0071020712	2011	1	18	18	0.0395	0.04925
0071020712	2011	1	19	19	0.037875	0.05
0071020712	2011	1	20	20	0.037125	0.049833333
0071020712	2011	1	21	21	0.03354166667	0.046875
0071020712	2011	1	22	22	0.03508333333	0.047375
0071020712	2011	1	23	23	0.03570833333	0.047833333
0071020712	2011	1	24	24	0.03404166667	0.047125
0071020712	2011	1	25	25	0.03441666667	0.046958333
0071020712	2011	1	26	26	0.03316666667	0.045708333
0071020712	2011	1	27	27	0.0345	0.046666667
0071020712	2011	1	28	28	0.034375	0.047083333
0071020712	2011	1	29	29	0.03629166667	0.047791667
0071020712	2011	1	30	30	0.038	0.049666667
0071020712	2011	1	31	31	0.03666666667	0.049291667
0071020712	2011	2	1	32	0.03575	0.049333333
0071020712	2011	2	2	33	0.029375	0.043583333
0071020712	2011	2	3	34	0.029875	0.043770833
0071020712	2011	2	4	35	0.030375	0.043958333
0071020712	2011	2	5	36	0.03264285714	0.0435625
0071020712	2011	2	6	37	0.033	0.043166667
0071020712	2011	2	7	38	0.03295833333	0.044625
0071020712	2011	2	8	39	0.03391666667	0.044583333
0071020712	2011	2	9	40	0.03308333333	0.045625
0071020712	2011	2	10	41	0.03177777778	0.042041667
0071020712	2011	2	11	42	0.03252380952	0.043
0071020712	2011	2	12	43	0.03291666667	0.044375
0071020712	2011	2	13	44	0.03395833333	0.04575
0071020712	2011	2	14	45	0.0355	0.047333333
0071020712	2011	2	15	46	0.03645833333	0.048916667
0071020712	2011	2	16	47	0.03733333333	0.050541667
0071020712	2011	2	17	48	0.03766666667	0.051666667
0071020712	2011	2	18	49	0.03705	0.05295
0071020712	2011	2	19	50	0.04008333333	0.052833333
0071020712	2011	2	20	51	0.04041666667	0.053375
0071020712	2011	2	21	52	0.04091666667	0.05325
0071020712	2011	2	22	53	0.03845833333	0.052541667
0071020712	2011	2	23	54	0.039125	0.052125
0071020712	2011	2	24	55	0.040375	0.053375
0071020712	2011	2	25	56	0.0375	0.051458333
0071020712	2011	2	26	57	0.03845833333	0.052333333
0071020712	2011	2	27	58	0.038875	0.053333333
0071020712	2011	2	28	59	0.03666666667	0.052416667
0071020712	2011	3	1	60	0.03483333333	0.050625
0071020712	2011	3	2	61	0.03620833333	0.051
0071020712	2011	3	3	62	0.0375	0.052333333
0071020712	2011	3	4	63	0.037875	0.053333333
0071020712	2011	3	5	64	0.03604166667	0.052541667
0071020712	2011	3	6	65	0.033375	0.049375
0071020712	2011	3	7	66	0.03491666667	0.050125
0071020712	2011	3	8	67	0.03745833333	0.05225
0071020712	2011	3	9	68	0.03670833333	0.052125
0071020712	2011	3	10	69	0.0335	0.050333333
0071020712	2011	3	11	70	0.03491666667	0.050375
0071020712	2011	3	12	71	0.03679166667	0.052083333
0071020712	2011	3	13	72	0.03658333333	0.052291667
0071020712	2011	3	14	73	0.03575	0.051208333
0071020712	2011	3	15	74	0.0365	0.051333333
0071020712	2011	3	16	75	0.03891666667	0.052791667
0071020712	2011	3	17	76	0.04020833333	0.053416667
0071020712	2011	3	18	77	0.04058333333	0.054541667
0071020712	2011	3	19	78	0.0405	0.054958333
0071020712	2011	3	20	79	0.04033333333	0.054166667
0071020712	2011	3	21	80	0.03991666667	0.053875
0071020712	2011	3	22	81	0.04108333333	0.052875
0071020712	2011	3	23	82	0.04075	0.054333333
0071020712	2011	3	24	83	0.03954166667	0.053625
0071020712	2011	3	25	84	0.04016666667	0.054375
0071020712	2011	3	26	85	0.03908333333	0.053833333
0071020712	2011	3	27	86	0.03758333333	0.0535
0071020712	2011	3	28	87	0.03645833333	0.052916667
0071020712	2011	3	29	88	0.036875	0.053208333
0071020712	2011	3	30	89	0.03575	0.051958333
0071020712	2011	3	31	90	0.03666666667	0.051625
0071020712	2011	4	1	91	0.0375	0.052541667
0071020712	2011	4	2	92	0.03733333333	0.05325
0071020712	2011	4	3	93	0.03879166667	0.054583333
0071020712	2011	4	4	94	0.03729166667	0.054041667
0071020712	2011	4	5	95	0.03383333333	0.050625
0071020712	2011	4	6	96	0.0365	0.0515
0071020712	2011	4	7	97	0.03829166667	0.053416667
0071020712	2011	4	8	98	0.03716666667	0.053583333
0071020712	2011	4	9	99	0.03633333333	0.053791667
0071020712	2011	4	10	100	0.036875	0.053458333
0071020712	2011	4	11	101	0.03445833333	0.05275
0071020712	2011	4	12	102	0.0325	0.050208333
0071020712	2011	4	13	103	0.03391666667	0.050541667
0071020712	2011	4	14	104	0.0345	0.051
0071020712	2011	4	15	105	0.03325	0.050416667
0071020712	2011	4	16	106	0.03216666667	0.049666667
0071020712	2011	4	17	107	0.03366666667	0.049875
0071020712	2011	4	18	108	0.03508333333	0.051291667
0071020712	2011	4	19	109	0.03445833333	0.051291667
0071020712	2011	4	20	110	0.034	0.05125
0071020712	2011	4	21	111	0.035125	0.052375
0071020712	2011	4	22	112	0.0365	0.052375
0071020712	2011	4	23	113	0.03583333333	0.052083333
0071020712	2011	4	24	114	0.036125	0.051375
0071020712	2011	4	25	115	0.03583333333	0.051291667
0071020712	2011	4	26	116	0.034875	0.050708333
0071020712	2011	4	27	117	0.03454166667	0.050791667
0071020712	2011	4	28	118	0.03208333333	0.04925
0071020712	2011	4	29	119	0.033625	0.050083333
0071020712	2011	4	30	120	0.03529166667	0.051416667
0071020712	2011	5	1	121	0.0345	0.051208333
0071020712	2011	5	2	122	0.030625	0.049041667
0071020712	2011	5	3	123	0.03089583333	0.04625
0071020712	2011	5	4	124	0.03116666667	0.046833333
0071020712	2011	5	5	125	0.03241666667	0.047208333
0071020712	2011	5	6	126	0.03429166667	0.048666667
0071020712	2011	5	7	127	0.03525	0.049375
0071020712	2011	5	8	128	0.03675	0.050833333
0071020712	2011	5	9	129	0.03616666667	0.050541667
0071020712	2011	5	10	130	0.0365	0.051291667
0071020712	2011	5	11	131	0.03516666667	0.050666667
0071020712	2011	5	12	132	0.033375	0.049708333
0071020712	2011	5	13	133	0.03275	0.049208333
0071020712	2011	5	14	134	0.03183333333	0.04875
0071020712	2011	5	15	135	0.03320833333	0.049
0071020712	2011	5	16	136	0.0335	0.047958333
0071020712	2011	5	17	137	0.03583333333	0.04875
0071020712	2011	5	18	138	0.03566666667	0.049416667
0071020712	2011	5	19	139	0.03529166667	0.050125
0071020712	2011	5	20	140	0.03433333333	0.05025
0071020712	2011	5	21	141	0.03308333333	0.048958333
0071020712	2011	5	22	142	0.03329166667	0.04925
0071020712	2011	5	23	143	0.03479166667	0.049833333
0071020712	2011	5	24	144	0.03445833333	0.050083333
0071020712	2011	5	25	145	0.033125	0.049375
0071020712	2011	5	26	146	0.03233333333	0.048875
0071020712	2011	5	27	147	0.03379166667	0.050083333
0071020712	2011	5	28	148	0.03358333333	0.050166667
0071020712	2011	5	29	149	0.03358333333	0.050583333
0071020712	2011	5	30	150	0.03558333333	0.050791667
0071020712	2011	5	31	151	0.03608333333	0.050958333
0071020712	2011	6	1	152	0.0375	0.049666667
0071020712	2011	6	2	153	0.03795833333	0.049333333
0071020712	2011	6	3	154	0.037625	0.049458333
0071020712	2011	6	4	155	0.03779166667	0.049708333
0071020712	2011	6	5	156	0.03770833333	0.049583333
0071020712	2011	6	6	157	0.03766666667	0.049625
0071020712	2011	6	7	158	0.03666666667	0.049625
0071020712	2011	6	8	159	0.03679166667	0.050208333
0071020712	2011	6	9	160	0.03833333333	0.049333333
0071020712	2011	6	10	161	0.04483333333	0.048875
0071020712	2011	6	11	162	0.0505	0.051083333
0071020712	2011	6	12	163	0.046	0.052083333
0071020712	2011	6	13	164	0.04341666667	0.051541667
0071020712	2011	6	14	165	0.0415	0.05175
0071020712	2011	6	15	166	0.04029166667	0.051583333
0071020712	2011	6	16	167	0.03925	0.051916667
0071020712	2011	6	17	168	0.03904166667	0.051583333
0071020712	2011	6	18	169	0.03866666667	0.051541667
0071020712	2011	6	19	170	0.037625	0.051375
0071020712	2011	6	20	171	0.038375	0.051583333
0071020712	2011	6	21	172	0.03704166667	0.050333333
0071020712	2011	6	22	173	0.03695833333	0.049583333
0071020712	2011	6	23	174	0.036875	0.049041667
0071020712	2011	6	24	175	0.03679166667	0.049
0071020712	2011	6	25	176	0.03691666667	0.049916667
0071020712	2011	6	26	177	0.037375	0.050375
0071020712	2011	6	27	178	0.03695833333	0.05
0071020712	2011	6	28	179	0.03779166667	0.049791667
0071020712	2011	6	29	180	0.03804166667	0.049541667
0071020712	2011	6	30	181	0.03766666667	0.049083333
0071020712	2011	7	1	182	0.03604166667	0.048083333
0071020712	2011	7	2	183	0.03825	0.046666667
0071020712	2011	7	3	184	0.03925	0.047541667
0071020712	2011	7	4	185	0.039875	0.048
0071020712	2011	7	5	186	0.03941666667	0.048708333
0071020712	2011	7	6	187	0.03879166667	0.048708333
0071020712	2011	7	7	188	0.03879166667	0.048833333
0071020712	2011	7	8	189	0.03841666667	0.048791667
0071020712	2011	7	9	190	0.03833333333	0.048625
0071020712	2011	7	10	191	0.03816666667	0.048833333
0071020712	2011	7	11	192	0.03745833333	0.047666667
0071020712	2011	7	12	193	0.03929166667	0.047416667
0071020712	2011	7	13	194	0.041375	0.047166667
0071020712	2011	7	14	195	0.04191666667	0.049333333
0071020712	2011	7	15	196	0.04091666667	0.050083333
0071020712	2011	7	16	197	0.03995833333	0.0495
0071020712	2011	7	17	198	0.039375	0.049208333
0071020712	2011	7	18	199	0.03933333333	0.048791667
0071020712	2011	7	19	200	0.0395	0.049166667
0071020712	2011	7	20	201	0.03908333333	0.048958333
0071020712	2011	7	21	202	0.09770833333	0.046625
0071020712	2011	7	22	203	0.1049583333	0.0515
0071020712	2011	7	23	204	0.09225	0.054708333
0071020712	2011	7	24	205	0.082	0.058
0071020712	2011	7	25	206	0.07220833333	0.059291667
0071020712	2011	7	26	207	0.06420833333	0.062083333
0071020712	2011	7	27	208	0.0585	0.062
0071020712	2011	7	28	209	0.053625	0.061041667
0071020712	2011	7	29	210	0.053	0.060291667
0071020712	2011	7	30	211	0.04983333333	0.057666667
0071020712	2011	7	31	212	0.04966666667	0.055083333
0071020712	2011	8	1	213	0.05191666667	0.056583333
0071020712	2011	8	2	214	0.05070833333	0.056708333
0071020712	2011	8	3	215	0.04920833333	0.057208333
0071020712	2011	8	4	216	0.04758333333	0.05625
0071020712	2011	8	5	217	0.04704166667	0.056416667
0071020712	2011	8	6	218	0.04591666667	0.055916667
0071020712	2011	8	7	219	0.04579166667	0.055458333
0071020712	2011	8	8	220	0.04491666667	0.054916667
0071020712	2011	8	9	221	0.044875	0.054625
0071020712	2011	8	10	222	0.05041666667	0.051458333
0071020712	2011	8	11	223	0.05891666667	0.050083333
0071020712	2011	8	12	224	0.07704166667	0.053833333
0071020712	2011	8	13	225	0.09516666667	0.063208333
0071020712	2011	8	14	226	0.08970833333	0.066666667
0071020712	2011	8	15	227	0.08975	0.073583333
0071020712	2011	8	16	228	0.08404166667	0.078625
0071020712	2011	8	17	229	0.07558333333	0.082333333
0071020712	2011	8	18	230	0.06870833333	0.083958333
0071020712	2011	8	19	231	0.06345833333	0.084875
0071020712	2011	8	20	232	0.05770833333	0.085
0071020712	2011	8	21	233	0.05933333333	0.084208333
0071020712	2011	8	22	234	0.057	0.083291667
0071020712	2011	8	23	235	0.06041666667	0.081958333
0071020712	2011	8	24	236	0.06075	0.080833333
0071020712	2011	8	25	237	0.06033333333	0.078708333
0071020712	2011	8	26	238	0.06054166667	0.075041667
0071020712	2011	8	27	239	0.058875	0.073416667
0071020712	2011	8	28	240	0.05666666667	0.072375
0071020712	2011	8	29	241	0.057375	0.071375
0071020712	2011	8	30	242	0.05591666667	0.070916667
0071020712	2011	8	31	243	0.05383333333	0.068416667
0071020712	2011	9	1	244	0.052875	0.067041667
0071020712	2011	9	2	245	0.05308333333	0.066125
0071020712	2011	9	3	246	0.05241666667	0.065
0071020712	2011	9	4	247	0.05095833333	0.064291667
0071020712	2011	9	5	248	0.0485	0.061
0071020712	2011	9	6	249	0.047625	0.0595
0071020712	2011	9	7	250	0.04625	0.058541667
0071020712	2011	9	8	251	0.04529166667	0.058125
0071020712	2011	9	9	252	0.045375	0.058291667
0071020712	2011	9	10	253	0.04454166667	0.05775
0071020712	2011	9	11	254	0.044625	0.05775
0071020712	2011	9	12	255	0.044375	0.057333333
0071020712	2011	9	13	256	0.04416666667	0.057208333
0071020712	2011	9	14	257	0.04404166667	0.057041667
0071020712	2011	9	15	258	0.042875	0.056541667
0071020712	2011	9	16	259	0.04829166667	0.053166667
0071020712	2011	9	17	260	0.107875	0.060083333
0071020712	2011	9	18	261	0.1179166667	0.086708333
0071020712	2011	9	19	262	0.1109166667	0.095833333
0071020712	2011	9	20	263	0.1045833333	0.098583333
0071020712	2011	9	21	264	0.09841666667	0.100291667
0071020712	2011	9	22	265	0.09675	0.099833333
0071020712	2011	9	23	266	0.1076875	0.123291667
0071020712	2011	9	24	267	0.118625	0.125416667
0071020712	2011	9	25	268	0.118625	0.121958333
0071020712	2011	9	26	269	0.1112916667	0.119166667
0071020712	2011	9	27	270	0.1029583333	0.115666667
0071020712	2011	9	28	271	0.09666666667	0.114458333
0071020712	2011	9	29	272	0.08870833333	0.111666667
0071020712	2011	9	30	273	0.08329166667	0.109041667
0071020712	2011	10	1	274	0.07958333333	0.105916667
0071020712	2011	10	2	275	0.077375	0.106416667
0071020712	2011	10	3	276	0.0745	0.105375
0071020712	2011	10	4	277	0.070375	0.104083333
0071020712	2011	10	5	278	0.06816666667	0.102916667
0071020712	2011	10	6	279	0.06695833333	0.102625
0071020712	2011	10	7	280	0.06470833333	0.102416667
0071020712	2011	10	8	281	0.06204166667	0.100708333
0071020712	2011	10	9	282	0.05866666667	0.098083333
0071020712	2011	10	10	283	0.0565	0.09575
0071020712	2011	10	11	284	0.05616666667	0.094666667
0071020712	2011	10	12	285	0.05608333333	0.094625
0071020712	2011	10	13	286	0.05304166667	0.092916667
0071020712	2011	10	14	287	0.05166666667	0.09175
0071020712	2011	10	15	288	0.05091666667	0.091541667
0071020712	2011	10	16	289	0.04895833333	0.089833333
0071020712	2011	10	17	290	0.04833333333	0.089333333
0071020712	2011	10	18	291	0.04654166667	0.088625
0071020712	2011	10	19	292	0.042125	0.084083333
0071020712	2011	10	20	293	0.04283333333	0.083125
0071020712	2011	10	21	294	0.04404166667	0.084041667
0071020712	2011	10	22	295	0.04358333333	0.084208333
0071020712	2011	10	23	296	0.043125	0.083416667
0071020712	2011	10	24	297	0.04158333333	0.082166667
0071020712	2011	10	25	298	0.04216666667	0.081583333
0071020712	2011	10	26	299	0.04254166667	0.08175
0071020712	2011	10	27	300	0.04091666667	0.080458333
0071020712	2011	10	28	301	0.03558333333	0.074916667
0071020712	2011	10	29	302	0.03716666667	0.072916667
0071020712	2011	10	30	303	0.03766666667	0.073708333
0071020712	2011	10	31	304	0.03854166667	0.07475
0071020712	2011	11	1	305	0.037625	0.07425
0071020712	2011	11	2	306	0.038625	0.075291667
0071020712	2011	11	3	307	0.03641666667	0.072333333
0071020712	2011	11	4	308	0.03583333333	0.069458333
0071020712	2011	11	5	309	0.03620833333	0.069583333
0071020712	2011	11	6	310	0.03741666667	0.070583333
0071020712	2011	11	7	311	0.036625	0.071083333
0071020712	2011	11	8	312	0.03691666667	0.071291667
0071020712	2011	11	9	313	0.03566666667	0.066791667
0071020712	2011	11	10	314	0.03829166667	0.063666667
0071020712	2011	11	11	315	0.03866666667	0.062916667
0071020712	2011	11	12	316	0.03658333333	0.064541667
0071020712	2011	11	13	317	0.037375	0.066208333
0071020712	2011	11	14	318	0.03545833333	0.066625
0071020712	2011	11	15	319	0.03691666667	0.065291667
0071020712	2011	11	16	320	0.03720833333	0.064708333
0071020712	2011	11	17	321	0.03716666667	0.063583333
0071020712	2011	11	18	322	0.03983333333	0.061625
0071020712	2011	11	19	323	0.03729166667	0.063208333
0071020712	2011	11	20	324	0.038125	0.064041667
0071020712	2011	11	21	325	0.03704166667	0.065125
0071020712	2011	11	22	326	0.03675	0.064125
0071020712	2011	11	23	327	0.037875	0.06225
0071020712	2011	11	24	328	0.037625	0.061125
0071020712	2011	11	25	329	0.03483333333	0.061375
0071020712	2011	11	26	330	0.04083333333	0.058625
0071020712	2011	11	27	331	0.04483333333	0.055583333
0071020712	2011	11	28	332	0.05191666667	0.055416667
0071020712	2011	11	29	333	0.05658333333	0.056958333
0071020712	2011	11	30	334	0.053125	0.058208333
0071020712	2011	12	1	335	0.050375	0.058541667
0071020712	2011	12	2	336	0.04358333333	0.060458333
0071020712	2011	12	3	337	0.043875	0.059416667
0071020712	2011	12	4	338	0.04358333333	0.060583333
0071020712	2011	12	5	339	0.04258333333	0.058375
0071020712	2011	12	6	340	0.04366666667	0.054666667
0071020712	2011	12	7	341	0.04605	0.053416667
0071020712	2011	12	8	342	0.04633333333	0.054625
0071020712	2011	12	9	343	0.045875	0.056375
0071020712	2011	12	10	344	0.04279166667	0.055666667
0071020712	2011	12	11	345	0.04245833333	0.053958333
0071020712	2011	12	12	346	0.044125	0.054791667
0071020712	2011	12	13	347	0.043	0.055666667
0071020712	2011	12	14	348	0.04183333333	0.058083333
0071020712	2011	12	15	349	0.04095833333	0.058708333
0071020712	2011	12	16	350	0.042	0.056916667
0071020712	2011	12	17	351	0.04204166667	0.055166667
0071020712	2011	12	18	352	0.04383333333	0.054916667
0071020712	2011	12	19	353	0.04391666667	0.0565
0071020712	2011	12	20	354	0.04570833333	0.055
0071020712	2011	12	21	355	0.04654166667	0.054375
0071020712	2011	12	22	356	0.046	0.055375
0071020712	2011	12	23	357	0.04391666667	0.054
0071020712	2011	12	24	358	0.0405	0.050416667
0071020712	2011	12	25	359	0.04286666667	0.048833333
0071020712	2011	12	26	360	0.0458125	0.0495
0071020712	2011	12	27	361	0.04541666667	0.051416667
0071020712	2011	12	28	362	0.04645833333	0.053416667
0071020712	2011	12	29	363	0.04325	0.054916667
0071020712	2011	12	30	364	0.04333333333	0.056291667
0071020712	2011	12	31	365	0.04179166667	0.05675
0071020712	2012	1	1	1	0.042625	0.057291667
0071020712	2012	1	2	2	0.04025	0.054458333
0071020712	2012	1	3	3	0.04066666667	0.053541667
0071020712	2012	1	4	4	0.04258333333	0.054625
0071020712	2012	1	5	5	0.04083333333	0.054291667
0071020712	2012	1	6	6	0.04079166667	0.053875
0071020712	2012	1	7	7	0.04083333333	0.054708333
0071020712	2012	1	8	8	0.03995833333	0.054958333
0071020712	2012	1	9	9	0.040625	0.053666667
0071020712	2012	1	10	10	0.038125	0.051083333
0071020712	2012	1	11	11	0.04054166667	0.051625
0071020712	2012	1	12	12	0.03883333333	0.052291667
0071020712	2012	1	13	13	0.03679166667	0.048958333
0071020712	2012	1	14	14	0.03829166667	0.050041667
0071020712	2012	1	15	15	0.04075	0.050666667
0071020712	2012	1	16	16	0.03920833333	0.053541667
0071020712	2012	1	17	17	0.04133333333	0.055625
0071020712	2012	1	18	18	0.04095833333	0.054666667
0071020712	2012	1	19	19	0.04129166667	0.053708333
0071020712	2012	1	20	20	0.040875	0.054416667
0071020712	2012	1	21	21	0.04058333333	0.054666667
0071020712	2012	1	22	22	0.03954166667	0.054291667
0071020712	2012	1	23	23	0.038625	0.052958333
0071020712	2012	1	24	24	0.03808333333	0.05225
0071020712	2012	1	25	25	0.03858333333	0.05175
0071020712	2012	1	26	26	0.03591666667	0.049
0071020712	2012	1	27	27	0.03929166667	0.050541667
0071020712	2012	1	28	28	0.03945833333	0.051208333
0071020712	2012	1	29	29	0.03675	0.049125
0071020712	2012	1	30	30	0.03875	0.049625
0071020712	2012	1	31	31	0.039625	0.051125
0071020712	2012	2	1	32	0.0374	0.05235
0071020712	2012	2	2	33	0.04070833333	0.0505
0071020712	2012	2	3	34	0.04033333333	0.051541667
0071020712	2012	2	4	35	0.03895833333	0.050916667
0071020712	2012	2	5	36	0.03666666667	0.047708333
0071020712	2012	2	6	37	0.03733333333	0.046083333
0071020712	2012	2	7	38	0.03895833333	0.04725
0071020712	2012	2	8	39	0.03879166667	0.048333333
0071020712	2012	2	9	40	0.03791666667	0.046625
0071020712	2012	2	10	41	0.04008333333	0.048125
0071020712	2012	2	11	42	0.03858333333	0.047458333
0071020712	2012	2	12	43	0.03620833333	0.0465
0071020712	2012	2	13	44	0.08425	0.04225
0071020712	2012	2	14	45	0.104375	0.047125
0071020712	2012	2	15	46	0.07825	0.051541667
0071020712	2012	2	16	47	0.07425	0.053166667
0071020712	2012	2	17	48	0.1005	0.053125
0071020712	2012	2	18	49	0.1082708334	0.076125
0071020712	2012	2	19	50	0.1160416667	0.11625
0071020712	2012	2	20	51	0.1160416667	0.117458333
0071020712	2012	2	21	52	0.1160416667	0.117541667
0071020712	2012	2	22	53	0.1124166667	0.118041667
0071020712	2012	2	23	54	0.1096666667	0.118791667
0071020712	2012	2	24	55	0.1052083333	0.11875
0071020712	2012	2	25	56	0.09783333333	0.115208333
0071020712	2012	2	26	57	0.097875	0.115083333
0071020712	2012	2	27	58	0.097875	0.1165
0071020712	2012	2	28	59	0.09645833333	0.117958333
0071020712	2012	2	29	60	0.094	0.118041667
0071020712	2012	3	1	61	0.08925	0.117208333
0071020712	2012	3	2	62	0.08429166667	0.115958333
0071020712	2012	3	3	63	0.07954166667	0.114291667
0071020712	2012	3	4	64	0.07425	0.111125
0071020712	2012	3	5	65	0.07585714286	0.115
0071020712	2012	3	6	66	0.07585714286	0.115
0071020712	2012	3	7	67	-9999	-9999
0071020712	2012	3	8	68	-9999	-9999
0071020712	2012	3	9	69	-9999	-9999
0071020712	2012	3	10	70	-9999	-9999
0071020712	2012	3	11	71	-9999	-9999
0071020712	2012	3	12	72	-9999	-9999
0071020712	2012	3	13	73	-9999	-9999
0071020712	2012	3	14	74	-9999	-9999
0071020712	2012	3	15	75	-9999	-9999
0071020712	2012	3	16	76	-9999	-9999
0071020712	2012	3	17	77	-9999	-9999
0071020712	2012	3	18	78	-9999	-9999
0071020712	2012	3	19	79	-9999	-9999
0071020712	2012	3	20	80	-9999	-9999
0071020712	2012	3	21	81	-9999	-9999
0071020712	2012	3	22	82	-9999	-9999
0071020712	2012	3	23	83	-9999	-9999
0071020712	2012	3	24	84	-9999	-9999
0071020712	2012	3	25	85	-9999	-9999
0071020712	2012	3	26	86	-9999	-9999
0071020712	2012	3	27	87	-9999	-9999
0071020712	2012	3	28	88	-9999	-9999
0071020712	2012	3	29	89	-9999	-9999
0071020712	2012	3	30	90	-9999	-9999
0071020712	2012	3	31	91	-9999	-9999
0071020712	2012	4	1	92	-9999	-9999
0071020712	2012	4	2	93	-9999	-9999
0071020712	2012	4	3	94	-9999	-9999
0071020712	2012	4	4	95	-9999	-9999
0071020712	2012	4	5	96	-9999	-9999
0071020712	2012	4	6	97	-9999	-9999
0071020712	2012	4	7	98	-9999	-9999
0071020712	2012	4	8	99	-9999	-9999
0071020712	2012	4	9	100	-9999	-9999
0071020712	2012	4	10	101	-9999	-9999
0071020712	2012	4	11	102	-9999	-9999
0071020712	2012	4	12	103	-9999	-9999
0071020712	2012	4	13	104	-9999	-9999
0071020712	2012	4	14	105	-9999	-9999
0071020712	2012	4	15	106	-9999	-9999
0071020712	2012	4	16	107	-9999	-9999
0071020712	2012	4	17	108	-9999	-9999
0071020712	2012	4	18	109	-9999	-9999
0071020712	2012	4	19	110	-9999	-9999
0071020712	2012	4	20	111	-9999	-9999
0071020712	2012	4	21	112	-9999	-9999
0071020712	2012	4	22	113	-9999	-9999
0071020712	2012	4	23	114	-9999	-9999
0071020712	2012	4	24	115	-9999	-9999
0071020712	2012	4	25	116	-9999	-9999
0071020712	2012	4	26	117	-9999	-9999
0071020712	2012	4	27	118	-9999	-9999
0071020712	2012	4	28	119	-9999	-9999
0071020712	2012	4	29	120	-9999	-9999
0071020712	2012	4	30	121	-9999	-9999
0071020712	2012	5	1	122	-9999	-9999
0071020712	2012	5	2	123	-9999	-9999
0071020712	2012	5	3	124	-9999	-9999
0071020712	2012	5	4	125	-9999	-9999
0071020712	2012	5	5	126	-9999	-9999
0071020712	2012	5	6	127	-9999	-9999
0071020712	2012	5	7	128	-9999	-9999
0071020712	2012	5	8	129	-9999	-9999
0071020712	2012	5	9	130	-9999	-9999
0071020712	2012	5	10	131	-9999	-9999
0071020712	2012	5	11	132	-9999	-9999
0071020712	2012	5	12	133	-9999	-9999
0071020712	2012	5	13	134	-9999	-9999
0071020712	2012	5	14	135	-9999	-9999
0071020712	2012	5	15	136	-9999	-9999
0071020712	2012	5	16	137	-9999	-9999
0071020712	2012	5	17	138	-9999	-9999
0071020712	2012	5	18	139	-9999	-9999
0071020712	2012	5	19	140	-9999	-9999
0071020712	2012	5	20	141	-9999	-9999
0071020712	2012	5	21	142	-9999	-9999
0071020712	2012	5	22	143	-9999	-9999
0071020712	2012	5	23	144	-9999	-9999
0071020712	2012	5	24	145	-9999	-9999
0071020712	2012	5	25	146	-9999	-9999
0071020712	2012	5	26	147	-9999	-9999
0071020712	2012	5	27	148	-9999	-9999
0071020712	2012	5	28	149	-9999	-9999
0071020712	2012	5	29	150	-9999	-9999
0071020712	2012	5	30	151	-9999	-9999
0071020712	2012	5	31	152	-9999	-9999
0071020712	2012	6	1	153	-9999	-9999
0071020712	2012	6	2	154	-9999	-9999
0071020712	2012	6	3	155	-9999	-9999
0071020712	2012	6	4	156	-9999	-9999
0071020712	2012	6	5	157	-9999	-9999
0071020712	2012	6	6	158	-9999	-9999
0071020712	2012	6	7	159	-9999	-9999
0071020712	2012	6	8	160	-9999	-9999
0071020712	2012	6	9	161	-9999	-9999
0071020712	2012	6	10	162	-9999	-9999
0071020712	2012	6	11	163	-9999	-9999
0071020712	2012	6	12	164	-9999	-9999
0071020712	2012	6	13	165	-9999	-9999
0071020712	2012	6	14	166	-9999	-9999
0071020712	2012	6	15	167	-9999	-9999
0071020712	2012	6	16	168	-9999	-9999
0071020712	2012	6	17	169	-9999	-9999
0071020712	2012	6	18	170	-9999	-9999
0071020712	2012	6	19	171	-9999	-9999
0071020712	2012	6	20	172	-9999	-9999
0071020712	2012	6	21	173	-9999	-9999
0071020712	2012	6	22	174	-9999	-9999
0071020712	2012	6	23	175	-9999	-9999
0071020712	2012	6	24	176	-9999	-9999
0071020712	2012	6	25	177	-9999	-9999
0071020712	2012	6	26	178	-9999	-9999
0071020712	2012	6	27	179	-9999	-9999
0071020712	2012	6	28	180	-9999	-9999
0071020712	2012	6	29	181	-9999	-9999
0071020712	2012	6	30	182	-9999	-9999
0071020712	2012	7	1	183	-9999	-9999
0071020712	2012	7	2	184	-9999	-9999
0071020712	2012	7	3	185	-9999	-9999
0071020712	2012	7	4	186	-9999	-9999
0071020712	2012	7	5	187	-9999	-9999
0071020712	2012	7	6	188	-9999	-9999
0071020712	2012	7	7	189	-9999	-9999
0071020712	2012	7	8	190	-9999	-9999
0071020712	2012	7	9	191	-9999	-9999
0071020712	2012	7	10	192	-9999	-9999
0071020712	2012	7	11	193	-9999	-9999
0071020712	2012	7	12	194	-9999	-9999
0071020712	2012	7	13	195	-9999	-9999
0071020712	2012	7	14	196	-9999	-9999
0071020712	2012	7	15	197	-9999	-9999
0071020712	2012	7	16	198	-9999	-9999
0071020712	2012	7	17	199	-9999	-9999
0071020712	2012	7	18	200	-9999	-9999
0071020712	2012	7	19	201	-9999	-9999
0071020712	2012	7	20	202	-9999	-9999
0071020712	2012	7	21	203	-9999	-9999
0071020712	2012	7	22	204	-9999	-9999
0071020712	2012	7	23	205	-9999	-9999
0071020712	2012	7	24	206	-9999	-9999
0071020712	2012	7	25	207	-9999	-9999
0071020712	2012	7	26	208	-9999	-9999
0071020712	2012	7	27	209	-9999	-9999
0071020712	2012	7	28	210	-9999	-9999
0071020712	2012	7	29	211	-9999	-9999
0071020712	2012	7	30	212	-9999	-9999
0071020712	2012	7	31	213	-9999	-9999
0071020712	2012	8	1	214	-9999	-9999
0071020712	2012	8	2	215	-9999	-9999
0071020712	2012	8	3	216	-9999	-9999
0071020712	2012	8	4	217	-9999	-9999
0071020712	2012	8	5	218	-9999	-9999
0071020712	2012	8	6	219	-9999	-9999
0071020712	2012	8	7	220	-9999	-9999
0071020712	2012	8	8	221	-9999	-9999
0071020712	2012	8	9	222	-9999	-9999
0071020712	2012	8	10	223	-9999	-9999
0071020712	2012	8	11	224	-9999	-9999
0071020712	2012	8	12	225	-9999	-9999
0071020712	2012	8	13	226	-9999	-9999
0071020712	2012	8	14	227	-9999	-9999
0071020712	2012	8	15	228	-9999	-9999
0071020712	2012	8	16	229	-9999	-9999
0071020712	2012	8	17	230	-9999	-9999
0071020712	2012	8	18	231	-9999	-9999
0071020712	2012	8	19	232	-9999	-9999
0071020712	2012	8	20	233	-9999	-9999
0071020712	2012	8	21	234	-9999	-9999
0071020712	2012	8	22	235	-9999	-9999
0071020712	2012	8	23	236	-9999	-9999
0071020712	2012	8	24	237	-9999	-9999
0071020712	2012	8	25	238	-9999	-9999
0071020712	2012	8	26	239	-9999	-9999
0071020712	2012	8	27	240	-9999	-9999
0071020712	2012	8	28	241	-9999	-9999
0071020712	2012	8	29	242	-9999	-9999
0071020712	2012	8	30	243	-9999	-9999
0071020712	2012	8	31	244	-9999	-9999
0071020712	2012	9	1	245	-9999	-9999
0071020712	2012	9	2	246	-9999	-9999
0071020712	2012	9	3	247	-9999	-9999
0071020712	2012	9	4	248	-9999	-9999
0071020712	2012	9	5	249	-9999	-9999
0071020712	2012	9	6	250	-9999	-9999
0071020712	2012	9	7	251	-9999	-9999
0071020712	2012	9	8	252	-9999	-9999
0071020712	2012	9	9	253	-9999	-9999
0071020712	2012	9	10	254	-9999	-9999
0071020712	2012	9	11	255	-9999	-9999
0071020712	2012	9	12	256	-9999	-9999
0071020712	2012	9	13	257	-9999	-9999
0071020712	2012	9	14	258	-9999	-9999
0071020712	2012	9	15	259	-9999	-9999
0071020712	2012	9	16	260	-9999	-9999
0071020712	2012	9	17	261	-9999	-9999
0071020712	2012	9	18	262	-9999	-9999
0071020712	2012	9	19	263	-9999	-9999
0071020712	2012	9	20	264	-9999	-9999
0071020712	2012	9	21	265	-9999	-9999
0071020712	2012	9	22	266	-9999	-9999
0071020712	2012	9	23	267	-9999	-9999
0071020712	2012	9	24	268	-9999	-9999
0071020712	2012	9	25	269	-9999	-9999
0071020712	2012	9	26	270	-9999	-9999
0071020712	2012	9	27	271	-9999	-9999
0071020712	2012	9	28	272	-9999	-9999
0071020712	2012	9	29	273	-9999	-9999
0071020712	2012	9	30	274	-9999	-9999
0071020712	2012	10	1	275	-9999	-9999
0071020712	2012	10	2	276	-9999	-9999
0071020712	2012	10	3	277	-9999	-9999
0071020712	2012	10	4	278	-9999	-9999
0071020712	2012	10	5	279	-9999	-9999
0071020712	2012	10	6	280	-9999	-9999
0071020712	2012	10	7	281	-9999	-9999
0071020712	2012	10	8	282	-9999	-9999
0071020712	2012	10	9	283	-9999	-9999
0071020712	2012	10	10	284	-9999	-9999
0071020712	2012	10	11	285	-9999	-9999
0071020712	2012	10	12	286	-9999	-9999
0071020712	2012	10	13	287	-9999	-9999
0071020712	2012	10	14	288	-9999	-9999
0071020712	2012	10	15	289	-9999	-9999
0071020712	2012	10	16	290	-9999	-9999
0071020712	2012	10	17	291	-9999	-9999
0071020712	2012	10	18	292	-9999	-9999
0071020712	2012	10	19	293	-9999	-9999
0071020712	2012	10	20	294	-9999	-9999
0071020712	2012	10	21	295	-9999	-9999
0071020712	2012	10	22	296	-9999	-9999
0071020712	2012	10	23	297	-9999	-9999
0071020712	2012	10	24	298	-9999	-9999
0071020712	2012	10	25	299	-9999	-9999
0071020712	2012	10	26	300	-9999	-9999
0071020712	2012	10	27	301	-9999	-9999
0071020712	2012	10	28	302	-9999	-9999
0071020712	2012	10	29	303	-9999	-9999
0071020712	2012	10	30	304	-9999	-9999
0071020712	2012	10	31	305	-9999	-9999
0071020712	2012	11	1	306	-9999	-9999
0071020712	2012	11	2	307	-9999	-9999
0071020712	2012	11	3	308	-9999	-9999
0071020712	2012	11	4	309	-9999	-9999
0071020712	2012	11	5	310	-9999	-9999
0071020712	2012	11	6	311	-9999	-9999
0071020712	2012	11	7	312	-9999	-9999
0071020712	2012	11	8	313	-9999	-9999
0071020712	2012	11	9	314	-9999	-9999
0071020712	2012	11	10	315	-9999	-9999
0071020712	2012	11	11	316	-9999	-9999
0071020712	2012	11	12	317	-9999	-9999
0071020712	2012	11	13	318	-9999	-9999
0071020712	2012	11	14	319	-9999	-9999
0071020712	2012	11	15	320	-9999	-9999
0071020712	2012	11	16	321	-9999	-9999
0071020712	2012	11	17	322	-9999	-9999
0071020712	2012	11	18	323	-9999	-9999
0071020712	2012	11	19	324	-9999	-9999
0071020712	2012	11	20	325	-9999	-9999
0071020712	2012	11	21	326	-9999	-9999
0071020712	2012	11	22	327	-9999	-9999
0071020712	2012	11	23	328	-9999	-9999
0071020712	2012	11	24	329	-9999	-9999
0071020712	2012	11	25	330	-9999	-9999
0071020712	2012	11	26	331	-9999	-9999
0071020712	2012	11	27	332	-9999	-9999
0071020712	2012	11	28	333	-9999	-9999
0071020712	2012	11	29	334	-9999	-9999
0071020712	2012	11	30	335	-9999	-9999
0071020712	2012	12	1	336	-9999	-9999
0071020712	2012	12	2	337	-9999	-9999
0071020712	2012	12	3	338	-9999	-9999
0071020712	2012	12	4	339	-9999	-9999
0071020712	2012	12	5	340	-9999	-9999
0071020712	2012	12	6	341	-9999	-9999
0071020712	2012	12	7	342	-9999	-9999
0071020712	2012	12	8	343	-9999	-9999
0071020712	2012	12	9	344	-9999	-9999
0071020712	2012	12	10	345	-9999	-9999
0071020712	2012	12	11	346	-9999	-9999
0071020712	2012	12	12	347	-9999	-9999
0071020712	2012	12	13	348	-9999	-9999
0071020712	2012	12	14	349	-9999	-9999
0071020712	2012	12	15	350	-9999	-9999
0071020712	2012	12	16	351	-9999	-9999
0071020712	2012	12	17	352	-9999	-9999
0071020712	2012	12	18	353	-9999	-9999
0071020712	2012	12	19	354	-9999	-9999
0071020712	2012	12	20	355	-9999	-9999
0071020712	2012	12	21	356	-9999	-9999
0071020712	2012	12	22	357	-9999	-9999
0071020712	2012	12	23	358	-9999	-9999
0071020712	2012	12	24	359	-9999	-9999
0071020712	2012	12	25	360	-9999	-9999
0071020712	2012	12	26	361	-9999	-9999
0071020712	2012	12	27	362	-9999	-9999
0071020712	2012	12	28	363	-9999	-9999
0071020712	2012	12	29	364	-9999	-9999
0071020712	2012	12	30	365	-9999	-9999
0071020712	2012	12	31	366	-9999	-9999
