stationID	Y	M	D	DOY	depth_17
0080391012	2010	1	1	1	-9999
0080391012	2010	1	2	2	-9999
0080391012	2010	1	3	3	-9999
0080391012	2010	1	4	4	-9999
0080391012	2010	1	5	5	-9999
0080391012	2010	1	6	6	-9999
0080391012	2010	1	7	7	-9999
0080391012	2010	1	8	8	-9999
0080391012	2010	1	9	9	-9999
0080391012	2010	1	10	10	-9999
0080391012	2010	1	11	11	-9999
0080391012	2010	1	12	12	-9999
0080391012	2010	1	13	13	-9999
0080391012	2010	1	14	14	-9999
0080391012	2010	1	15	15	-9999
0080391012	2010	1	16	16	-9999
0080391012	2010	1	17	17	-9999
0080391012	2010	1	18	18	-9999
0080391012	2010	1	19	19	-9999
0080391012	2010	1	20	20	-9999
0080391012	2010	1	21	21	-9999
0080391012	2010	1	22	22	-9999
0080391012	2010	1	23	23	-9999
0080391012	2010	1	24	24	-9999
0080391012	2010	1	25	25	-9999
0080391012	2010	1	26	26	-9999
0080391012	2010	1	27	27	-9999
0080391012	2010	1	28	28	-9999
0080391012	2010	1	29	29	-9999
0080391012	2010	1	30	30	-9999
0080391012	2010	1	31	31	-9999
0080391012	2010	2	1	32	-9999
0080391012	2010	2	2	33	-9999
0080391012	2010	2	3	34	-9999
0080391012	2010	2	4	35	-9999
0080391012	2010	2	5	36	-9999
0080391012	2010	2	6	37	-9999
0080391012	2010	2	7	38	-9999
0080391012	2010	2	8	39	-9999
0080391012	2010	2	9	40	-9999
0080391012	2010	2	10	41	-9999
0080391012	2010	2	11	42	-9999
0080391012	2010	2	12	43	-9999
0080391012	2010	2	13	44	-9999
0080391012	2010	2	14	45	-9999
0080391012	2010	2	15	46	-9999
0080391012	2010	2	16	47	-9999
0080391012	2010	2	17	48	-9999
0080391012	2010	2	18	49	-9999
0080391012	2010	2	19	50	-9999
0080391012	2010	2	20	51	-9999
0080391012	2010	2	21	52	-9999
0080391012	2010	2	22	53	-9999
0080391012	2010	2	23	54	-9999
0080391012	2010	2	24	55	-9999
0080391012	2010	2	25	56	-9999
0080391012	2010	2	26	57	-9999
0080391012	2010	2	27	58	-9999
0080391012	2010	2	28	59	-9999
0080391012	2010	3	1	60	-9999
0080391012	2010	3	2	61	-9999
0080391012	2010	3	3	62	-9999
0080391012	2010	3	4	63	-9999
0080391012	2010	3	5	64	-9999
0080391012	2010	3	6	65	-9999
0080391012	2010	3	7	66	-9999
0080391012	2010	3	8	67	-9999
0080391012	2010	3	9	68	-9999
0080391012	2010	3	10	69	-9999
0080391012	2010	3	11	70	-9999
0080391012	2010	3	12	71	-9999
0080391012	2010	3	13	72	-9999
0080391012	2010	3	14	73	-9999
0080391012	2010	3	15	74	-9999
0080391012	2010	3	16	75	-9999
0080391012	2010	3	17	76	-9999
0080391012	2010	3	18	77	-9999
0080391012	2010	3	19	78	-9999
0080391012	2010	3	20	79	-9999
0080391012	2010	3	21	80	-9999
0080391012	2010	3	22	81	-9999
0080391012	2010	3	23	82	-9999
0080391012	2010	3	24	83	-9999
0080391012	2010	3	25	84	-9999
0080391012	2010	3	26	85	-9999
0080391012	2010	3	27	86	-9999
0080391012	2010	3	28	87	-9999
0080391012	2010	3	29	88	-9999
0080391012	2010	3	30	89	-9999
0080391012	2010	3	31	90	-9999
0080391012	2010	4	1	91	-9999
0080391012	2010	4	2	92	-9999
0080391012	2010	4	3	93	-9999
0080391012	2010	4	4	94	-9999
0080391012	2010	4	5	95	-9999
0080391012	2010	4	6	96	-9999
0080391012	2010	4	7	97	-9999
0080391012	2010	4	8	98	-9999
0080391012	2010	4	9	99	-9999
0080391012	2010	4	10	100	-9999
0080391012	2010	4	11	101	-9999
0080391012	2010	4	12	102	-9999
0080391012	2010	4	13	103	-9999
0080391012	2010	4	14	104	-9999
0080391012	2010	4	15	105	-9999
0080391012	2010	4	16	106	-9999
0080391012	2010	4	17	107	-9999
0080391012	2010	4	18	108	-9999
0080391012	2010	4	19	109	-9999
0080391012	2010	4	20	110	-9999
0080391012	2010	4	21	111	-9999
0080391012	2010	4	22	112	-9999
0080391012	2010	4	23	113	-9999
0080391012	2010	4	24	114	-9999
0080391012	2010	4	25	115	-9999
0080391012	2010	4	26	116	-9999
0080391012	2010	4	27	117	-9999
0080391012	2010	4	28	118	-9999
0080391012	2010	4	29	119	-9999
0080391012	2010	4	30	120	-9999
0080391012	2010	5	1	121	-9999
0080391012	2010	5	2	122	-9999
0080391012	2010	5	3	123	-9999
0080391012	2010	5	4	124	-9999
0080391012	2010	5	5	125	-9999
0080391012	2010	5	6	126	-9999
0080391012	2010	5	7	127	-9999
0080391012	2010	5	8	128	-9999
0080391012	2010	5	9	129	-9999
0080391012	2010	5	10	130	-9999
0080391012	2010	5	11	131	-9999
0080391012	2010	5	12	132	-9999
0080391012	2010	5	13	133	-9999
0080391012	2010	5	14	134	-9999
0080391012	2010	5	15	135	-9999
0080391012	2010	5	16	136	-9999
0080391012	2010	5	17	137	-9999
0080391012	2010	5	18	138	-9999
0080391012	2010	5	19	139	-9999
0080391012	2010	5	20	140	-9999
0080391012	2010	5	21	141	-9999
0080391012	2010	5	22	142	-9999
0080391012	2010	5	23	143	-9999
0080391012	2010	5	24	144	-9999
0080391012	2010	5	25	145	-9999
0080391012	2010	5	26	146	-9999
0080391012	2010	5	27	147	-9999
0080391012	2010	5	28	148	-9999
0080391012	2010	5	29	149	-9999
0080391012	2010	5	30	150	-9999
0080391012	2010	5	31	151	-9999
0080391012	2010	6	1	152	-9999
0080391012	2010	6	2	153	-9999
0080391012	2010	6	3	154	-9999
0080391012	2010	6	4	155	-9999
0080391012	2010	6	5	156	-9999
0080391012	2010	6	6	157	-9999
0080391012	2010	6	7	158	-9999
0080391012	2010	6	8	159	-9999
0080391012	2010	6	9	160	-9999
0080391012	2010	6	10	161	-9999
0080391012	2010	6	11	162	-9999
0080391012	2010	6	12	163	-9999
0080391012	2010	6	13	164	-9999
0080391012	2010	6	14	165	-9999
0080391012	2010	6	15	166	-9999
0080391012	2010	6	16	167	-9999
0080391012	2010	6	17	168	-9999
0080391012	2010	6	18	169	-9999
0080391012	2010	6	19	170	-9999
0080391012	2010	6	20	171	-9999
0080391012	2010	6	21	172	-9999
0080391012	2010	6	22	173	-9999
0080391012	2010	6	23	174	-9999
0080391012	2010	6	24	175	-9999
0080391012	2010	6	25	176	-9999
0080391012	2010	6	26	177	-9999
0080391012	2010	6	27	178	-9999
0080391012	2010	6	28	179	-9999
0080391012	2010	6	29	180	-9999
0080391012	2010	6	30	181	-9999
0080391012	2010	7	1	182	-9999
0080391012	2010	7	2	183	-9999
0080391012	2010	7	3	184	-9999
0080391012	2010	7	4	185	-9999
0080391012	2010	7	5	186	-9999
0080391012	2010	7	6	187	-9999
0080391012	2010	7	7	188	-9999
0080391012	2010	7	8	189	-9999
0080391012	2010	7	9	190	-9999
0080391012	2010	7	10	191	-9999
0080391012	2010	7	11	192	-9999
0080391012	2010	7	12	193	-9999
0080391012	2010	7	13	194	-9999
0080391012	2010	7	14	195	-9999
0080391012	2010	7	15	196	-9999
0080391012	2010	7	16	197	-9999
0080391012	2010	7	17	198	-9999
0080391012	2010	7	18	199	-9999
0080391012	2010	7	19	200	-9999
0080391012	2010	7	20	201	-9999
0080391012	2010	7	21	202	-9999
0080391012	2010	7	22	203	-9999
0080391012	2010	7	23	204	-9999
0080391012	2010	7	24	205	-9999
0080391012	2010	7	25	206	-9999
0080391012	2010	7	26	207	-9999
0080391012	2010	7	27	208	-9999
0080391012	2010	7	28	209	-9999
0080391012	2010	7	29	210	-9999
0080391012	2010	7	30	211	-9999
0080391012	2010	7	31	212	-9999
0080391012	2010	8	1	213	-9999
0080391012	2010	8	2	214	-9999
0080391012	2010	8	3	215	-9999
0080391012	2010	8	4	216	-9999
0080391012	2010	8	5	217	-9999
0080391012	2010	8	6	218	-9999
0080391012	2010	8	7	219	-9999
0080391012	2010	8	8	220	-9999
0080391012	2010	8	9	221	-9999
0080391012	2010	8	10	222	-9999
0080391012	2010	8	11	223	-9999
0080391012	2010	8	12	224	-9999
0080391012	2010	8	13	225	-9999
0080391012	2010	8	14	226	-9999
0080391012	2010	8	15	227	-9999
0080391012	2010	8	16	228	-9999
0080391012	2010	8	17	229	-9999
0080391012	2010	8	18	230	-9999
0080391012	2010	8	19	231	-9999
0080391012	2010	8	20	232	-9999
0080391012	2010	8	21	233	-9999
0080391012	2010	8	22	234	-9999
0080391012	2010	8	23	235	-9999
0080391012	2010	8	24	236	-9999
0080391012	2010	8	25	237	-9999
0080391012	2010	8	26	238	-9999
0080391012	2010	8	27	239	0.222
0080391012	2010	8	28	240	0.222
0080391012	2010	8	29	241	0.222
0080391012	2010	8	30	242	0.222
0080391012	2010	8	31	243	0.222
0080391012	2010	9	1	244	0.222
0080391012	2010	9	2	245	0.222
0080391012	2010	9	3	246	0.222
0080391012	2010	9	4	247	0.222
0080391012	2010	9	5	248	0.222
0080391012	2010	9	6	249	0.29167
0080391012	2010	9	7	250	0.26359
0080391012	2010	9	8	251	0.2604
0080391012	2010	9	9	252	0.2855
0080391012	2010	9	10	253	0.28367
0080391012	2010	9	11	254	0.29627
0080391012	2010	9	12	255	0.27264
0080391012	2010	9	13	256	0.26868
0080391012	2010	9	14	257	0.2751
0080391012	2010	9	15	258	0.28662
0080391012	2010	9	16	259	0.25771
0080391012	2010	9	17	260	0.24691
0080391012	2010	9	18	261	0.25942
0080391012	2010	9	19	262	0.27227
0080391012	2010	9	20	263	0.32145
0080391012	2010	9	21	264	0.31311
0080391012	2010	9	22	265	0.30477
0080391012	2010	9	23	266	0.30477
0080391012	2010	9	24	267	0.30477
0080391012	2010	9	25	268	0.26826
0080391012	2010	9	26	269	0.26552
0080391012	2010	9	27	270	0.26795
0080391012	2010	9	28	271	0.26323
0080391012	2010	9	29	272	0.2545
0080391012	2010	9	30	273	0.23233
0080391012	2010	10	1	274	0.21605
0080391012	2010	10	2	275	0.21255
0080391012	2010	10	3	276	0.18164
0080391012	2010	10	4	277	0.1831
0080391012	2010	10	5	278	0.19383
0080391012	2010	10	6	279	0.21395
0080391012	2010	10	7	280	0.1892
0080391012	2010	10	8	281	0.189
0080391012	2010	10	9	282	0.21585
0080391012	2010	10	10	283	0.20005
0080391012	2010	10	11	284	0.20136
0080391012	2010	10	12	285	0.22514
0080391012	2010	10	13	286	0.18323
0080391012	2010	10	14	287	0.18633
0080391012	2010	10	15	288	0.17718
0080391012	2010	10	16	289	0.17394
0080391012	2010	10	17	290	0.16617
0080391012	2010	10	18	291	0.17218
0080391012	2010	10	19	292	0.17123
0080391012	2010	10	20	293	0.16857
0080391012	2010	10	21	294	0.16426
0080391012	2010	10	22	295	0.16745
0080391012	2010	10	23	296	0.21915
0080391012	2010	10	24	297	0.22517
0080391012	2010	10	25	298	0.21714
0080391012	2010	10	26	299	0.21536
0080391012	2010	10	27	300	0.19775
0080391012	2010	10	28	301	0.17277
0080391012	2010	10	29	302	0.1735
0080391012	2010	10	30	303	0.15345
0080391012	2010	10	31	304	0.13506
0080391012	2010	11	1	305	0.1487
0080391012	2010	11	2	306	0.15181
0080391012	2010	11	3	307	0.14221
0080391012	2010	11	4	308	0.14361
0080391012	2010	11	5	309	0.12736
0080391012	2010	11	6	310	0.13709
0080391012	2010	11	7	311	0.14259
0080391012	2010	11	8	312	0.15168
0080391012	2010	11	9	313	0.15325
0080391012	2010	11	10	314	0.1578
0080391012	2010	11	11	315	0.14354
0080391012	2010	11	12	316	0.16371
0080391012	2010	11	13	317	0.24389
0080391012	2010	11	14	318	0.22114
0080391012	2010	11	15	319	0.21836
0080391012	2010	11	16	320	0.21786
0080391012	2010	11	17	321	0.20505
0080391012	2010	11	18	322	0.20182
0080391012	2010	11	19	323	0.20659
0080391012	2010	11	20	324	0.18652
0080391012	2010	11	21	325	0.20427
0080391012	2010	11	22	326	0.19362
0080391012	2010	11	23	327	0.17413
0080391012	2010	11	24	328	0.18237
0080391012	2010	11	25	329	0.171
0080391012	2010	11	26	330	0.16635
0080391012	2010	11	27	331	0.17382
0080391012	2010	11	28	332	0.17104
0080391012	2010	11	29	333	0.1898
0080391012	2010	11	30	334	0.16055
0080391012	2010	12	1	335	0.1619
0080391012	2010	12	2	336	0.15827
0080391012	2010	12	3	337	0.16009
0080391012	2010	12	4	338	0.16437
0080391012	2010	12	5	339	0.14528
0080391012	2010	12	6	340	0.14664
0080391012	2010	12	7	341	0.14459
0080391012	2010	12	8	342	0.1412
0080391012	2010	12	9	343	0.14617
0080391012	2010	12	10	344	0.15211
0080391012	2010	12	11	345	0.16495
0080391012	2010	12	12	346	0.15679
0080391012	2010	12	13	347	0.15418
0080391012	2010	12	14	348	0.153
0080391012	2010	12	15	349	0.16473
0080391012	2010	12	16	350	0.18123
0080391012	2010	12	17	351	0.17917
0080391012	2010	12	18	352	0.18512
0080391012	2010	12	19	353	0.17461
0080391012	2010	12	20	354	0.19128
0080391012	2010	12	21	355	0.19558
0080391012	2010	12	22	356	0.17505
0080391012	2010	12	23	357	0.1767
0080391012	2010	12	24	358	0.24032
0080391012	2010	12	25	359	0.25944
0080391012	2010	12	26	360	0.25121
0080391012	2010	12	27	361	0.24133
0080391012	2010	12	28	362	0.25389
0080391012	2010	12	29	363	0.26967
0080391012	2010	12	30	364	0.30979
0080391012	2010	12	31	365	0.24229
0080391012	2011	1	1	1	0.21821
0080391012	2011	1	2	2	0.20392
0080391012	2011	1	3	3	0.21714
0080391012	2011	1	4	4	0.21064
0080391012	2011	1	5	5	0.20814
0080391012	2011	1	6	6	0.21091
0080391012	2011	1	7	7	0.21267
0080391012	2011	1	8	8	0.18686
0080391012	2011	1	9	9	0.18714
0080391012	2011	1	10	10	0.20157
0080391012	2011	1	11	11	0.26154
0080391012	2011	1	12	12	0.25054
0080391012	2011	1	13	13	0.23627
0080391012	2011	1	14	14	0.2475
0080391012	2011	1	15	15	0.25441
0080391012	2011	1	16	16	0.24355
0080391012	2011	1	17	17	0.29983
0080391012	2011	1	18	18	0.29533
0080391012	2011	1	19	19	0.28396
0080391012	2011	1	20	20	0.304
0080391012	2011	1	21	21	0.26346
0080391012	2011	1	22	22	0.31021
0080391012	2011	1	23	23	0.29236
0080391012	2011	1	24	24	0.3045
0080391012	2011	1	25	25	0.30638
0080391012	2011	1	26	26	0.29135
0080391012	2011	1	27	27	0.30705
0080391012	2011	1	28	28	0.31279
0080391012	2011	1	29	29	0.30244
0080391012	2011	1	30	30	0.28059
0080391012	2011	1	31	31	0.28992
0080391012	2011	2	1	32	0.28638
0080391012	2011	2	2	33	0.29968
0080391012	2011	2	3	34	0.28505
0080391012	2011	2	4	35	0.29629
0080391012	2011	2	5	36	0.31938
0080391012	2011	2	6	37	0.32186
0080391012	2011	2	7	38	0.293015
0080391012	2011	2	8	39	0.26417
0080391012	2011	2	9	40	0.26664
0080391012	2011	2	10	41	0.27055
0080391012	2011	2	11	42	0.289
0080391012	2011	2	12	43	0.305
0080391012	2011	2	13	44	0.30564
0080391012	2011	2	14	45	0.28062
0080391012	2011	2	15	46	0.27485
0080391012	2011	2	16	47	0.27585
0080391012	2011	2	17	48	0.3065
0080391012	2011	2	18	49	0.2429
0080391012	2011	2	19	50	0.23009
0080391012	2011	2	20	51	0.25622
0080391012	2011	2	21	52	0.26158
0080391012	2011	2	22	53	0.26579
0080391012	2011	2	23	54	0.26009
0080391012	2011	2	24	55	0.24816
0080391012	2011	2	25	56	0.24659
0080391012	2011	2	26	57	0.24018
0080391012	2011	2	27	58	0.25381
0080391012	2011	2	28	59	0.24488
0080391012	2011	3	1	60	0.24944
0080391012	2011	3	2	61	0.218
0080391012	2011	3	3	62	0.24882
0080391012	2011	3	4	63	0.2459
0080391012	2011	3	5	64	0.23182
0080391012	2011	3	6	65	0.21508
0080391012	2011	3	7	66	0.23733
0080391012	2011	3	8	67	0.23827
0080391012	2011	3	9	68	0.30586
0080391012	2011	3	10	69	0.28328
0080391012	2011	3	11	70	0.2607
0080391012	2011	3	12	71	0.2607
0080391012	2011	3	13	72	0.24657
0080391012	2011	3	14	73	0.25343
0080391012	2011	3	15	74	0.23
0080391012	2011	3	16	75	0.26067
0080391012	2011	3	17	76	0.26125
0080391012	2011	3	18	77	0.22968
0080391012	2011	3	19	78	0.2145
0080391012	2011	3	20	79	0.24709
0080391012	2011	3	21	80	0.22081
0080391012	2011	3	22	81	0.23745
0080391012	2011	3	23	82	0.22513
0080391012	2011	3	24	83	0.19632
0080391012	2011	3	25	84	0.20358
0080391012	2011	3	26	85	0.18635
0080391012	2011	3	27	86	0.17794
0080391012	2011	3	28	87	0.16877
0080391012	2011	3	29	88	0.178
0080391012	2011	3	30	89	0.17063
0080391012	2011	3	31	90	0.16504
0080391012	2011	4	1	91	0.17185
0080391012	2011	4	2	92	0.16465
0080391012	2011	4	3	93	0.18247
0080391012	2011	4	4	94	0.1667
0080391012	2011	4	5	95	0.14796
0080391012	2011	4	6	96	0.15968
0080391012	2011	4	7	97	0.14955
0080391012	2011	4	8	98	0.2059
0080391012	2011	4	9	99	0.23405
0080391012	2011	4	10	100	0.23645
0080391012	2011	4	11	101	0.17432
0080391012	2011	4	12	102	0.15247
0080391012	2011	4	13	103	0.15673
0080391012	2011	4	14	104	0.16483
0080391012	2011	4	15	105	0.19396
0080391012	2011	4	16	106	0.22544
0080391012	2011	4	17	107	0.18218
0080391012	2011	4	18	108	0.20636
0080391012	2011	4	19	109	0.23017
0080391012	2011	4	20	110	0.19809
0080391012	2011	4	21	111	0.19618
0080391012	2011	4	22	112	0.2135
0080391012	2011	4	23	113	0.21017
0080391012	2011	4	24	114	0.18664
0080391012	2011	4	25	115	0.17904
0080391012	2011	4	26	116	0.26975
0080391012	2011	4	27	117	0.22532
0080391012	2011	4	28	118	0.18983
0080391012	2011	4	29	119	0.18387
0080391012	2011	4	30	120	0.19229
0080391012	2011	5	1	121	0.16215
0080391012	2011	5	2	122	0.16167
0080391012	2011	5	3	123	0.1558
0080391012	2011	5	4	124	0.15242
0080391012	2011	5	5	125	0.16068
0080391012	2011	5	6	126	0.1524
0080391012	2011	5	7	127	0.167
0080391012	2011	5	8	128	0.16387
0080391012	2011	5	9	129	0.18962
0080391012	2011	5	10	130	0.2036
0080391012	2011	5	11	131	0.1952
0080391012	2011	5	12	132	0.248
0080391012	2011	5	13	133	0.2155
0080391012	2011	5	14	134	0.2043
0080391012	2011	5	15	135	0.21168
0080391012	2011	5	16	136	0.18225
0080391012	2011	5	17	137	0.1635
0080391012	2011	5	18	138	0.16733
0080391012	2011	5	19	139	0.18283
0080391012	2011	5	20	140	0.24453
0080391012	2011	5	21	141	0.295
0080391012	2011	5	22	142	0.2475
0080391012	2011	5	23	143	0.21125
0080391012	2011	5	24	144	0.21282
0080391012	2011	5	25	145	0.26872
0080391012	2011	5	26	146	0.21028
0080391012	2011	5	27	147	0.1931
0080391012	2011	5	28	148	0.22341
0080391012	2011	5	29	149	0.23004
0080391012	2011	5	30	150	0.26704
0080391012	2011	5	31	151	0.22154
0080391012	2011	6	1	152	0.17785
0080391012	2011	6	2	153	0.22005
0080391012	2011	6	3	154	0.23367
0080391012	2011	6	4	155	0.18995
0080391012	2011	6	5	156	0.20105
0080391012	2011	6	6	157	0.20732
0080391012	2011	6	7	158	0.20716
0080391012	2011	6	8	159	0.21204
0080391012	2011	6	9	160	0.209
0080391012	2011	6	10	161	0.2902
0080391012	2011	6	11	162	0.26054
0080391012	2011	6	12	163	0.22267
0080391012	2011	6	13	164	0.20859
0080391012	2011	6	14	165	0.2699
0080391012	2011	6	15	166	0.26714
0080391012	2011	6	16	167	0.20736
0080391012	2011	6	17	168	0.21535
0080391012	2011	6	18	169	0.22611
0080391012	2011	6	19	170	0.21527
0080391012	2011	6	20	171	0.26238
0080391012	2011	6	21	172	0.29245
0080391012	2011	6	22	173	0.27177
0080391012	2011	6	23	174	0.26539
0080391012	2011	6	24	175	0.22945
0080391012	2011	6	25	176	0.22675
0080391012	2011	6	26	177	0.24341
0080391012	2011	6	27	178	0.295
0080391012	2011	6	28	179	0.22585
0080391012	2011	6	29	180	0.24753
0080391012	2011	6	30	181	0.25345
0080391012	2011	7	1	182	0.24038
0080391012	2011	7	2	183	0.22277
0080391012	2011	7	3	184	0.20595
0080391012	2011	7	4	185	0.20527
0080391012	2011	7	5	186	0.21053
0080391012	2011	7	6	187	0.21629
0080391012	2011	7	7	188	0.20764
0080391012	2011	7	8	189	0.20871
0080391012	2011	7	9	190	0.21783
0080391012	2011	7	10	191	0.22679
0080391012	2011	7	11	192	0.2631
0080391012	2011	7	12	193	0.23845
0080391012	2011	7	13	194	0.22491
0080391012	2011	7	14	195	0.22476
0080391012	2011	7	15	196	0.23933
0080391012	2011	7	16	197	0.25914
0080391012	2011	7	17	198	0.24355
0080391012	2011	7	18	199	0.23655
0080391012	2011	7	19	200	0.22813
0080391012	2011	7	20	201	0.21568
0080391012	2011	7	21	202	0.22244
0080391012	2011	7	22	203	0.27575
0080391012	2011	7	23	204	0.27496
0080391012	2011	7	24	205	0.2937
0080391012	2011	7	25	206	0.2849
0080391012	2011	7	26	207	0.26627
0080391012	2011	7	27	208	0.25641
0080391012	2011	7	28	209	0.27796
0080391012	2011	7	29	210	0.27025
0080391012	2011	7	30	211	0.25435
0080391012	2011	7	31	212	0.25395
0080391012	2011	8	1	213	0.24471
0080391012	2011	8	2	214	0.24354
0080391012	2011	8	3	215	0.22705
0080391012	2011	8	4	216	0.22224
0080391012	2011	8	5	217	0.260165
0080391012	2011	8	6	218	0.29809
0080391012	2011	8	7	219	0.29809
0080391012	2011	8	8	220	0.2814
0080391012	2011	8	9	221	0.27833
0080391012	2011	8	10	222	0.225
0080391012	2011	8	11	223	0.21386
0080391012	2011	8	12	224	0.22588
0080391012	2011	8	13	225	0.23533
0080391012	2011	8	14	226	0.22154
0080391012	2011	8	15	227	0.1997
0080391012	2011	8	16	228	0.22354
0080391012	2011	8	17	229	0.2456
0080391012	2011	8	18	230	0.20721
0080391012	2011	8	19	231	0.2089
0080391012	2011	8	20	232	0.22235
0080391012	2011	8	21	233	0.20744
0080391012	2011	8	22	234	0.20214
0080391012	2011	8	23	235	0.21791
0080391012	2011	8	24	236	0.18967
0080391012	2011	8	25	237	0.16809
0080391012	2011	8	26	238	0.16939
0080391012	2011	8	27	239	0.17858
0080391012	2011	8	28	240	0.17094
0080391012	2011	8	29	241	0.18182
0080391012	2011	8	30	242	0.21036
0080391012	2011	8	31	243	0.28967
0080391012	2011	9	1	244	0.2637
0080391012	2011	9	2	245	0.24973
0080391012	2011	9	3	246	0.29163
0080391012	2011	9	4	247	0.2536
0080391012	2011	9	5	248	0.2259
0080391012	2011	9	6	249	0.21616
0080391012	2011	9	7	250	0.2007
0080391012	2011	9	8	251	0.18882
0080391012	2011	9	9	252	0.21558
0080391012	2011	9	10	253	0.203
0080391012	2011	9	11	254	0.2084
0080391012	2011	9	12	255	0.20146
0080391012	2011	9	13	256	0.18382
0080391012	2011	9	14	257	0.17008
0080391012	2011	9	15	258	0.14633
0080391012	2011	9	16	259	0.15804
0080391012	2011	9	17	260	0.17316
0080391012	2011	9	18	261	0.22152
0080391012	2011	9	19	262	0.23321
0080391012	2011	9	20	263	0.20823
0080391012	2011	9	21	264	0.19996
0080391012	2011	9	22	265	0.18905
0080391012	2011	9	23	266	0.17445
0080391012	2011	9	24	267	0.17936
0080391012	2011	9	25	268	0.17059
0080391012	2011	9	26	269	0.17995
0080391012	2011	9	27	270	0.19842
0080391012	2011	9	28	271	0.19317
0080391012	2011	9	29	272	0.17577
0080391012	2011	9	30	273	0.1714
0080391012	2011	10	1	274	0.15504
0080391012	2011	10	2	275	0.14656
0080391012	2011	10	3	276	0.15105
0080391012	2011	10	4	277	0.14759
0080391012	2011	10	5	278	0.16018
0080391012	2011	10	6	279	0.152
0080391012	2011	10	7	280	0.16425
0080391012	2011	10	8	281	0.16421
0080391012	2011	10	9	282	0.14942
0080391012	2011	10	10	283	0.13945
0080391012	2011	10	11	284	0.16035
0080391012	2011	10	12	285	0.159
0080391012	2011	10	13	286	0.19586
0080391012	2011	10	14	287	0.17355
0080391012	2011	10	15	288	0.16745
0080391012	2011	10	16	289	0.1535
0080391012	2011	10	17	290	0.14768
0080391012	2011	10	18	291	0.15114
0080391012	2011	10	19	292	0.13459
0080391012	2011	10	20	293	0.14841
0080391012	2011	10	21	294	0.137
0080391012	2011	10	22	295	0.15689
0080391012	2011	10	23	296	0.1461
0080391012	2011	10	24	297	0.14833
0080391012	2011	10	25	298	0.16172
0080391012	2011	10	26	299	0.14855
0080391012	2011	10	27	300	0.14032
0080391012	2011	10	28	301	0.12373
0080391012	2011	10	29	302	0.12164
0080391012	2011	10	30	303	0.13058
0080391012	2011	10	31	304	0.13315
0080391012	2011	11	1	305	0.13205
0080391012	2011	11	2	306	0.1472
0080391012	2011	11	3	307	0.19117
0080391012	2011	11	4	308	0.16426
0080391012	2011	11	5	309	0.17605
0080391012	2011	11	6	310	0.17776
0080391012	2011	11	7	311	0.16157
0080391012	2011	11	8	312	0.2041
0080391012	2011	11	9	313	0.26013
0080391012	2011	11	10	314	0.19739
0080391012	2011	11	11	315	0.20017
0080391012	2011	11	12	316	0.20177
0080391012	2011	11	13	317	0.205
0080391012	2011	11	14	318	0.18388
0080391012	2011	11	15	319	0.18556
0080391012	2011	11	16	320	0.15832
0080391012	2011	11	17	321	0.15505
0080391012	2011	11	18	322	0.17495
0080391012	2011	11	19	323	0.18245
0080391012	2011	11	20	324	0.16459
0080391012	2011	11	21	325	0.16163
0080391012	2011	11	22	326	0.17306
0080391012	2011	11	23	327	0.16895
0080391012	2011	11	24	328	0.17635
0080391012	2011	11	25	329	0.176
0080391012	2011	11	26	330	0.19011
0080391012	2011	11	27	331	0.17571
0080391012	2011	11	28	332	0.15945
0080391012	2011	11	29	333	0.15495
0080391012	2011	11	30	334	0.14121
0080391012	2011	12	1	335	0.15344
0080391012	2011	12	2	336	0.14612
0080391012	2011	12	3	337	0.19682
0080391012	2011	12	4	338	0.215
0080391012	2011	12	5	339	0.1982
0080391012	2011	12	6	340	0.17991
0080391012	2011	12	7	341	0.17128
0080391012	2011	12	8	342	0.19886
0080391012	2011	12	9	343	0.1819
0080391012	2011	12	10	344	0.18383
0080391012	2011	12	11	345	0.19956
0080391012	2011	12	12	346	0.21239
0080391012	2011	12	13	347	0.20855
0080391012	2011	12	14	348	0.25908
0080391012	2011	12	15	349	0.21582
0080391012	2011	12	16	350	0.19232
0080391012	2011	12	17	351	0.20814
0080391012	2011	12	18	352	0.20796
0080391012	2011	12	19	353	0.20194
0080391012	2011	12	20	354	0.19287
0080391012	2011	12	21	355	0.18896
0080391012	2011	12	22	356	0.177
0080391012	2011	12	23	357	0.16775
0080391012	2011	12	24	358	0.1771
0080391012	2011	12	25	359	0.16686
0080391012	2011	12	26	360	0.1798
0080391012	2011	12	27	361	0.18541
0080391012	2011	12	28	362	0.17014
0080391012	2011	12	29	363	0.17868
0080391012	2011	12	30	364	0.205
0080391012	2011	12	31	365	0.20373
0080391012	2012	1	1	1	0.17917
0080391012	2012	1	2	2	0.164
0080391012	2012	1	3	3	0.163
0080391012	2012	1	4	4	0.17379
0080391012	2012	1	5	5	0.17378
0080391012	2012	1	6	6	0.17879
0080391012	2012	1	7	7	0.16345
0080391012	2012	1	8	8	0.1636
0080391012	2012	1	9	9	0.16452
0080391012	2012	1	10	10	0.16663
0080391012	2012	1	11	11	0.16236
0080391012	2012	1	12	12	0.15059
0080391012	2012	1	13	13	0.14725
0080391012	2012	1	14	14	0.15532
0080391012	2012	1	15	15	0.16061
0080391012	2012	1	16	16	0.17909
0080391012	2012	1	17	17	0.16364
0080391012	2012	1	18	18	0.17264
0080391012	2012	1	19	19	0.15171
0080391012	2012	1	20	20	0.14573
0080391012	2012	1	21	21	0.15527
0080391012	2012	1	22	22	0.1948
0080391012	2012	1	23	23	0.23295
0080391012	2012	1	24	24	0.22132
0080391012	2012	1	25	25	0.23015
0080391012	2012	1	26	26	0.23009
0080391012	2012	1	27	27	0.21736
0080391012	2012	1	28	28	0.19979
0080391012	2012	1	29	29	0.20053
0080391012	2012	1	30	30	0.20732
0080391012	2012	1	31	31	0.20445
0080391012	2012	2	1	32	0.202
0080391012	2012	2	2	33	0.20633
0080391012	2012	2	3	34	0.19515
0080391012	2012	2	4	35	0.20358
0080391012	2012	2	5	36	0.20595
0080391012	2012	2	6	37	0.20667
0080391012	2012	2	7	38	0.2001
0080391012	2012	2	8	39	0.18609
0080391012	2012	2	9	40	0.17265
0080391012	2012	2	10	41	0.18595
0080391012	2012	2	11	42	0.16118
0080391012	2012	2	12	43	0.16567
0080391012	2012	2	13	44	0.1843
0080391012	2012	2	14	45	0.21668
0080391012	2012	2	15	46	0.217
0080391012	2012	2	16	47	0.1983
0080391012	2012	2	17	48	0.19642
0080391012	2012	2	18	49	0.178
0080391012	2012	2	19	50	0.17113
0080391012	2012	2	20	51	0.18895
0080391012	2012	2	21	52	0.20741
0080391012	2012	2	22	53	0.1969
0080391012	2012	2	23	54	0.19976
0080391012	2012	2	24	55	0.23655
0080391012	2012	2	25	56	0.2243
0080391012	2012	2	26	57	0.24159
0080391012	2012	2	27	58	0.21614
0080391012	2012	2	28	59	0.20677
0080391012	2012	2	29	60	0.23782
0080391012	2012	3	1	61	0.2272
0080391012	2012	3	2	62	0.20877
0080391012	2012	3	3	63	0.1915
0080391012	2012	3	4	64	0.18408
0080391012	2012	3	5	65	0.20575
0080391012	2012	3	6	66	0.21533
0080391012	2012	3	7	67	0.22056
0080391012	2012	3	8	68	0.18014
0080391012	2012	3	9	69	0.18014
0080391012	2012	3	10	70	-9999
0080391012	2012	3	11	71	-9999
0080391012	2012	3	12	72	-9999
0080391012	2012	3	13	73	-9999
0080391012	2012	3	14	74	-9999
0080391012	2012	3	15	75	-9999
0080391012	2012	3	16	76	-9999
0080391012	2012	3	17	77	-9999
0080391012	2012	3	18	78	-9999
0080391012	2012	3	19	79	-9999
0080391012	2012	3	20	80	-9999
0080391012	2012	3	21	81	-9999
0080391012	2012	3	22	82	-9999
0080391012	2012	3	23	83	-9999
0080391012	2012	3	24	84	-9999
0080391012	2012	3	25	85	-9999
0080391012	2012	3	26	86	-9999
0080391012	2012	3	27	87	-9999
0080391012	2012	3	28	88	-9999
0080391012	2012	3	29	89	-9999
0080391012	2012	3	30	90	-9999
0080391012	2012	3	31	91	-9999
0080391012	2012	4	1	92	-9999
0080391012	2012	4	2	93	-9999
0080391012	2012	4	3	94	-9999
0080391012	2012	4	4	95	-9999
0080391012	2012	4	5	96	-9999
0080391012	2012	4	6	97	-9999
0080391012	2012	4	7	98	-9999
0080391012	2012	4	8	99	-9999
0080391012	2012	4	9	100	-9999
0080391012	2012	4	10	101	-9999
0080391012	2012	4	11	102	-9999
0080391012	2012	4	12	103	-9999
0080391012	2012	4	13	104	-9999
0080391012	2012	4	14	105	-9999
0080391012	2012	4	15	106	-9999
0080391012	2012	4	16	107	-9999
0080391012	2012	4	17	108	-9999
0080391012	2012	4	18	109	-9999
0080391012	2012	4	19	110	-9999
0080391012	2012	4	20	111	-9999
0080391012	2012	4	21	112	-9999
0080391012	2012	4	22	113	-9999
0080391012	2012	4	23	114	-9999
0080391012	2012	4	24	115	-9999
0080391012	2012	4	25	116	-9999
0080391012	2012	4	26	117	-9999
0080391012	2012	4	27	118	-9999
0080391012	2012	4	28	119	-9999
0080391012	2012	4	29	120	-9999
0080391012	2012	4	30	121	-9999
0080391012	2012	5	1	122	-9999
0080391012	2012	5	2	123	-9999
0080391012	2012	5	3	124	-9999
0080391012	2012	5	4	125	-9999
0080391012	2012	5	5	126	-9999
0080391012	2012	5	6	127	-9999
0080391012	2012	5	7	128	-9999
0080391012	2012	5	8	129	-9999
0080391012	2012	5	9	130	-9999
0080391012	2012	5	10	131	-9999
0080391012	2012	5	11	132	-9999
0080391012	2012	5	12	133	-9999
0080391012	2012	5	13	134	-9999
0080391012	2012	5	14	135	-9999
0080391012	2012	5	15	136	-9999
0080391012	2012	5	16	137	-9999
0080391012	2012	5	17	138	-9999
0080391012	2012	5	18	139	-9999
0080391012	2012	5	19	140	-9999
0080391012	2012	5	20	141	-9999
0080391012	2012	5	21	142	-9999
0080391012	2012	5	22	143	-9999
0080391012	2012	5	23	144	-9999
0080391012	2012	5	24	145	-9999
0080391012	2012	5	25	146	-9999
0080391012	2012	5	26	147	-9999
0080391012	2012	5	27	148	-9999
0080391012	2012	5	28	149	-9999
0080391012	2012	5	29	150	-9999
0080391012	2012	5	30	151	-9999
0080391012	2012	5	31	152	-9999
0080391012	2012	6	1	153	-9999
0080391012	2012	6	2	154	-9999
0080391012	2012	6	3	155	-9999
0080391012	2012	6	4	156	-9999
0080391012	2012	6	5	157	-9999
0080391012	2012	6	6	158	-9999
0080391012	2012	6	7	159	-9999
0080391012	2012	6	8	160	-9999
0080391012	2012	6	9	161	-9999
0080391012	2012	6	10	162	-9999
0080391012	2012	6	11	163	-9999
0080391012	2012	6	12	164	-9999
0080391012	2012	6	13	165	-9999
0080391012	2012	6	14	166	-9999
0080391012	2012	6	15	167	-9999
0080391012	2012	6	16	168	-9999
0080391012	2012	6	17	169	-9999
0080391012	2012	6	18	170	-9999
0080391012	2012	6	19	171	-9999
0080391012	2012	6	20	172	-9999
0080391012	2012	6	21	173	-9999
0080391012	2012	6	22	174	-9999
0080391012	2012	6	23	175	-9999
0080391012	2012	6	24	176	-9999
0080391012	2012	6	25	177	-9999
0080391012	2012	6	26	178	-9999
0080391012	2012	6	27	179	-9999
0080391012	2012	6	28	180	-9999
0080391012	2012	6	29	181	-9999
0080391012	2012	6	30	182	-9999
0080391012	2012	7	1	183	-9999
0080391012	2012	7	2	184	-9999
0080391012	2012	7	3	185	-9999
0080391012	2012	7	4	186	-9999
0080391012	2012	7	5	187	-9999
0080391012	2012	7	6	188	-9999
0080391012	2012	7	7	189	-9999
0080391012	2012	7	8	190	-9999
0080391012	2012	7	9	191	-9999
0080391012	2012	7	10	192	-9999
0080391012	2012	7	11	193	-9999
0080391012	2012	7	12	194	-9999
0080391012	2012	7	13	195	-9999
0080391012	2012	7	14	196	-9999
0080391012	2012	7	15	197	-9999
0080391012	2012	7	16	198	-9999
0080391012	2012	7	17	199	-9999
0080391012	2012	7	18	200	-9999
0080391012	2012	7	19	201	-9999
0080391012	2012	7	20	202	-9999
0080391012	2012	7	21	203	-9999
0080391012	2012	7	22	204	-9999
0080391012	2012	7	23	205	-9999
0080391012	2012	7	24	206	-9999
0080391012	2012	7	25	207	-9999
0080391012	2012	7	26	208	-9999
0080391012	2012	7	27	209	-9999
0080391012	2012	7	28	210	-9999
0080391012	2012	7	29	211	-9999
0080391012	2012	7	30	212	-9999
0080391012	2012	7	31	213	-9999
0080391012	2012	8	1	214	-9999
0080391012	2012	8	2	215	-9999
0080391012	2012	8	3	216	-9999
0080391012	2012	8	4	217	-9999
0080391012	2012	8	5	218	-9999
0080391012	2012	8	6	219	-9999
0080391012	2012	8	7	220	-9999
0080391012	2012	8	8	221	-9999
0080391012	2012	8	9	222	-9999
0080391012	2012	8	10	223	-9999
0080391012	2012	8	11	224	-9999
0080391012	2012	8	12	225	-9999
0080391012	2012	8	13	226	-9999
0080391012	2012	8	14	227	-9999
0080391012	2012	8	15	228	-9999
0080391012	2012	8	16	229	-9999
0080391012	2012	8	17	230	-9999
0080391012	2012	8	18	231	-9999
0080391012	2012	8	19	232	-9999
0080391012	2012	8	20	233	-9999
0080391012	2012	8	21	234	-9999
0080391012	2012	8	22	235	-9999
0080391012	2012	8	23	236	-9999
0080391012	2012	8	24	237	-9999
0080391012	2012	8	25	238	-9999
0080391012	2012	8	26	239	-9999
0080391012	2012	8	27	240	-9999
0080391012	2012	8	28	241	-9999
0080391012	2012	8	29	242	-9999
0080391012	2012	8	30	243	-9999
0080391012	2012	8	31	244	-9999
0080391012	2012	9	1	245	-9999
0080391012	2012	9	2	246	-9999
0080391012	2012	9	3	247	-9999
0080391012	2012	9	4	248	-9999
0080391012	2012	9	5	249	-9999
0080391012	2012	9	6	250	-9999
0080391012	2012	9	7	251	-9999
0080391012	2012	9	8	252	-9999
0080391012	2012	9	9	253	-9999
0080391012	2012	9	10	254	-9999
0080391012	2012	9	11	255	-9999
0080391012	2012	9	12	256	-9999
0080391012	2012	9	13	257	-9999
0080391012	2012	9	14	258	-9999
0080391012	2012	9	15	259	-9999
0080391012	2012	9	16	260	-9999
0080391012	2012	9	17	261	-9999
0080391012	2012	9	18	262	-9999
0080391012	2012	9	19	263	-9999
0080391012	2012	9	20	264	-9999
0080391012	2012	9	21	265	-9999
0080391012	2012	9	22	266	-9999
0080391012	2012	9	23	267	-9999
0080391012	2012	9	24	268	-9999
0080391012	2012	9	25	269	-9999
0080391012	2012	9	26	270	-9999
0080391012	2012	9	27	271	-9999
0080391012	2012	9	28	272	-9999
0080391012	2012	9	29	273	-9999
0080391012	2012	9	30	274	-9999
0080391012	2012	10	1	275	-9999
0080391012	2012	10	2	276	-9999
0080391012	2012	10	3	277	-9999
0080391012	2012	10	4	278	-9999
0080391012	2012	10	5	279	-9999
0080391012	2012	10	6	280	-9999
0080391012	2012	10	7	281	-9999
0080391012	2012	10	8	282	-9999
0080391012	2012	10	9	283	-9999
0080391012	2012	10	10	284	-9999
0080391012	2012	10	11	285	-9999
0080391012	2012	10	12	286	-9999
0080391012	2012	10	13	287	-9999
0080391012	2012	10	14	288	-9999
0080391012	2012	10	15	289	-9999
0080391012	2012	10	16	290	-9999
0080391012	2012	10	17	291	-9999
0080391012	2012	10	18	292	-9999
0080391012	2012	10	19	293	-9999
0080391012	2012	10	20	294	-9999
0080391012	2012	10	21	295	-9999
0080391012	2012	10	22	296	-9999
0080391012	2012	10	23	297	-9999
0080391012	2012	10	24	298	-9999
0080391012	2012	10	25	299	-9999
0080391012	2012	10	26	300	-9999
0080391012	2012	10	27	301	-9999
0080391012	2012	10	28	302	-9999
0080391012	2012	10	29	303	-9999
0080391012	2012	10	30	304	-9999
0080391012	2012	10	31	305	-9999
0080391012	2012	11	1	306	-9999
0080391012	2012	11	2	307	-9999
0080391012	2012	11	3	308	-9999
0080391012	2012	11	4	309	-9999
0080391012	2012	11	5	310	-9999
0080391012	2012	11	6	311	-9999
0080391012	2012	11	7	312	-9999
0080391012	2012	11	8	313	-9999
0080391012	2012	11	9	314	-9999
0080391012	2012	11	10	315	-9999
0080391012	2012	11	11	316	-9999
0080391012	2012	11	12	317	-9999
0080391012	2012	11	13	318	-9999
0080391012	2012	11	14	319	-9999
0080391012	2012	11	15	320	-9999
0080391012	2012	11	16	321	-9999
0080391012	2012	11	17	322	-9999
0080391012	2012	11	18	323	-9999
0080391012	2012	11	19	324	-9999
0080391012	2012	11	20	325	-9999
0080391012	2012	11	21	326	-9999
0080391012	2012	11	22	327	-9999
0080391012	2012	11	23	328	-9999
0080391012	2012	11	24	329	-9999
0080391012	2012	11	25	330	-9999
0080391012	2012	11	26	331	-9999
0080391012	2012	11	27	332	-9999
0080391012	2012	11	28	333	-9999
0080391012	2012	11	29	334	-9999
0080391012	2012	11	30	335	-9999
0080391012	2012	12	1	336	-9999
0080391012	2012	12	2	337	-9999
0080391012	2012	12	3	338	-9999
0080391012	2012	12	4	339	-9999
0080391012	2012	12	5	340	-9999
0080391012	2012	12	6	341	-9999
0080391012	2012	12	7	342	-9999
0080391012	2012	12	8	343	-9999
0080391012	2012	12	9	344	-9999
0080391012	2012	12	10	345	-9999
0080391012	2012	12	11	346	-9999
0080391012	2012	12	12	347	-9999
0080391012	2012	12	13	348	-9999
0080391012	2012	12	14	349	-9999
0080391012	2012	12	15	350	-9999
0080391012	2012	12	16	351	-9999
0080391012	2012	12	17	352	-9999
0080391012	2012	12	18	353	-9999
0080391012	2012	12	19	354	-9999
0080391012	2012	12	20	355	-9999
0080391012	2012	12	21	356	-9999
0080391012	2012	12	22	357	-9999
0080391012	2012	12	23	358	-9999
0080391012	2012	12	24	359	-9999
0080391012	2012	12	25	360	-9999
0080391012	2012	12	26	361	-9999
0080391012	2012	12	27	362	-9999
0080391012	2012	12	28	363	-9999
0080391012	2012	12	29	364	-9999
0080391012	2012	12	30	365	-9999
0080391012	2012	12	31	366	-9999
