stationID	Y	M	D	DOY	depth_22
0080310912	2009	1	1	1	-9999
0080310912	2009	1	2	2	-9999
0080310912	2009	1	3	3	-9999
0080310912	2009	1	4	4	-9999
0080310912	2009	1	5	5	-9999
0080310912	2009	1	6	6	-9999
0080310912	2009	1	7	7	-9999
0080310912	2009	1	8	8	-9999
0080310912	2009	1	9	9	-9999
0080310912	2009	1	10	10	-9999
0080310912	2009	1	11	11	-9999
0080310912	2009	1	12	12	-9999
0080310912	2009	1	13	13	-9999
0080310912	2009	1	14	14	-9999
0080310912	2009	1	15	15	-9999
0080310912	2009	1	16	16	-9999
0080310912	2009	1	17	17	-9999
0080310912	2009	1	18	18	-9999
0080310912	2009	1	19	19	-9999
0080310912	2009	1	20	20	-9999
0080310912	2009	1	21	21	-9999
0080310912	2009	1	22	22	-9999
0080310912	2009	1	23	23	-9999
0080310912	2009	1	24	24	-9999
0080310912	2009	1	25	25	-9999
0080310912	2009	1	26	26	-9999
0080310912	2009	1	27	27	-9999
0080310912	2009	1	28	28	-9999
0080310912	2009	1	29	29	-9999
0080310912	2009	1	30	30	-9999
0080310912	2009	1	31	31	-9999
0080310912	2009	2	1	32	-9999
0080310912	2009	2	2	33	-9999
0080310912	2009	2	3	34	-9999
0080310912	2009	2	4	35	-9999
0080310912	2009	2	5	36	-9999
0080310912	2009	2	6	37	-9999
0080310912	2009	2	7	38	-9999
0080310912	2009	2	8	39	-9999
0080310912	2009	2	9	40	-9999
0080310912	2009	2	10	41	-9999
0080310912	2009	2	11	42	-9999
0080310912	2009	2	12	43	-9999
0080310912	2009	2	13	44	-9999
0080310912	2009	2	14	45	-9999
0080310912	2009	2	15	46	-9999
0080310912	2009	2	16	47	-9999
0080310912	2009	2	17	48	-9999
0080310912	2009	2	18	49	-9999
0080310912	2009	2	19	50	-9999
0080310912	2009	2	20	51	-9999
0080310912	2009	2	21	52	-9999
0080310912	2009	2	22	53	-9999
0080310912	2009	2	23	54	-9999
0080310912	2009	2	24	55	-9999
0080310912	2009	2	25	56	-9999
0080310912	2009	2	26	57	-9999
0080310912	2009	2	27	58	-9999
0080310912	2009	2	28	59	-9999
0080310912	2009	3	1	60	-9999
0080310912	2009	3	2	61	-9999
0080310912	2009	3	3	62	-9999
0080310912	2009	3	4	63	-9999
0080310912	2009	3	5	64	-9999
0080310912	2009	3	6	65	-9999
0080310912	2009	3	7	66	-9999
0080310912	2009	3	8	67	-9999
0080310912	2009	3	9	68	-9999
0080310912	2009	3	10	69	-9999
0080310912	2009	3	11	70	-9999
0080310912	2009	3	12	71	-9999
0080310912	2009	3	13	72	-9999
0080310912	2009	3	14	73	-9999
0080310912	2009	3	15	74	-9999
0080310912	2009	3	16	75	-9999
0080310912	2009	3	17	76	-9999
0080310912	2009	3	18	77	-9999
0080310912	2009	3	19	78	-9999
0080310912	2009	3	20	79	-9999
0080310912	2009	3	21	80	-9999
0080310912	2009	3	22	81	-9999
0080310912	2009	3	23	82	-9999
0080310912	2009	3	24	83	-9999
0080310912	2009	3	25	84	-9999
0080310912	2009	3	26	85	-9999
0080310912	2009	3	27	86	-9999
0080310912	2009	3	28	87	-9999
0080310912	2009	3	29	88	-9999
0080310912	2009	3	30	89	-9999
0080310912	2009	3	31	90	-9999
0080310912	2009	4	1	91	-9999
0080310912	2009	4	2	92	-9999
0080310912	2009	4	3	93	-9999
0080310912	2009	4	4	94	-9999
0080310912	2009	4	5	95	-9999
0080310912	2009	4	6	96	-9999
0080310912	2009	4	7	97	-9999
0080310912	2009	4	8	98	-9999
0080310912	2009	4	9	99	-9999
0080310912	2009	4	10	100	-9999
0080310912	2009	4	11	101	-9999
0080310912	2009	4	12	102	-9999
0080310912	2009	4	13	103	-9999
0080310912	2009	4	14	104	-9999
0080310912	2009	4	15	105	-9999
0080310912	2009	4	16	106	-9999
0080310912	2009	4	17	107	-9999
0080310912	2009	4	18	108	-9999
0080310912	2009	4	19	109	-9999
0080310912	2009	4	20	110	-9999
0080310912	2009	4	21	111	-9999
0080310912	2009	4	22	112	-9999
0080310912	2009	4	23	113	-9999
0080310912	2009	4	24	114	-9999
0080310912	2009	4	25	115	-9999
0080310912	2009	4	26	116	-9999
0080310912	2009	4	27	117	-9999
0080310912	2009	4	28	118	-9999
0080310912	2009	4	29	119	-9999
0080310912	2009	4	30	120	-9999
0080310912	2009	5	1	121	-9999
0080310912	2009	5	2	122	-9999
0080310912	2009	5	3	123	-9999
0080310912	2009	5	4	124	-9999
0080310912	2009	5	5	125	-9999
0080310912	2009	5	6	126	-9999
0080310912	2009	5	7	127	-9999
0080310912	2009	5	8	128	-9999
0080310912	2009	5	9	129	-9999
0080310912	2009	5	10	130	-9999
0080310912	2009	5	11	131	-9999
0080310912	2009	5	12	132	-9999
0080310912	2009	5	13	133	-9999
0080310912	2009	5	14	134	-9999
0080310912	2009	5	15	135	-9999
0080310912	2009	5	16	136	-9999
0080310912	2009	5	17	137	-9999
0080310912	2009	5	18	138	-9999
0080310912	2009	5	19	139	-9999
0080310912	2009	5	20	140	-9999
0080310912	2009	5	21	141	-9999
0080310912	2009	5	22	142	-9999
0080310912	2009	5	23	143	-9999
0080310912	2009	5	24	144	-9999
0080310912	2009	5	25	145	-9999
0080310912	2009	5	26	146	-9999
0080310912	2009	5	27	147	-9999
0080310912	2009	5	28	148	-9999
0080310912	2009	5	29	149	-9999
0080310912	2009	5	30	150	-9999
0080310912	2009	5	31	151	-9999
0080310912	2009	6	1	152	-9999
0080310912	2009	6	2	153	-9999
0080310912	2009	6	3	154	-9999
0080310912	2009	6	4	155	-9999
0080310912	2009	6	5	156	-9999
0080310912	2009	6	6	157	-9999
0080310912	2009	6	7	158	-9999
0080310912	2009	6	8	159	-9999
0080310912	2009	6	9	160	-9999
0080310912	2009	6	10	161	-9999
0080310912	2009	6	11	162	-9999
0080310912	2009	6	12	163	-9999
0080310912	2009	6	13	164	-9999
0080310912	2009	6	14	165	-9999
0080310912	2009	6	15	166	-9999
0080310912	2009	6	16	167	-9999
0080310912	2009	6	17	168	-9999
0080310912	2009	6	18	169	-9999
0080310912	2009	6	19	170	-9999
0080310912	2009	6	20	171	-9999
0080310912	2009	6	21	172	-9999
0080310912	2009	6	22	173	-9999
0080310912	2009	6	23	174	-9999
0080310912	2009	6	24	175	-9999
0080310912	2009	6	25	176	-9999
0080310912	2009	6	26	177	-9999
0080310912	2009	6	27	178	-9999
0080310912	2009	6	28	179	-9999
0080310912	2009	6	29	180	-9999
0080310912	2009	6	30	181	-9999
0080310912	2009	7	1	182	-9999
0080310912	2009	7	2	183	-9999
0080310912	2009	7	3	184	-9999
0080310912	2009	7	4	185	-9999
0080310912	2009	7	5	186	-9999
0080310912	2009	7	6	187	-9999
0080310912	2009	7	7	188	-9999
0080310912	2009	7	8	189	-9999
0080310912	2009	7	9	190	-9999
0080310912	2009	7	10	191	-9999
0080310912	2009	7	11	192	-9999
0080310912	2009	7	12	193	-9999
0080310912	2009	7	13	194	-9999
0080310912	2009	7	14	195	-9999
0080310912	2009	7	15	196	-9999
0080310912	2009	7	16	197	-9999
0080310912	2009	7	17	198	-9999
0080310912	2009	7	18	199	-9999
0080310912	2009	7	19	200	-9999
0080310912	2009	7	20	201	-9999
0080310912	2009	7	21	202	-9999
0080310912	2009	7	22	203	-9999
0080310912	2009	7	23	204	-9999
0080310912	2009	7	24	205	-9999
0080310912	2009	7	25	206	-9999
0080310912	2009	7	26	207	-9999
0080310912	2009	7	27	208	-9999
0080310912	2009	7	28	209	-9999
0080310912	2009	7	29	210	-9999
0080310912	2009	7	30	211	-9999
0080310912	2009	7	31	212	-9999
0080310912	2009	8	1	213	-9999
0080310912	2009	8	2	214	-9999
0080310912	2009	8	3	215	-9999
0080310912	2009	8	4	216	-9999
0080310912	2009	8	5	217	-9999
0080310912	2009	8	6	218	-9999
0080310912	2009	8	7	219	-9999
0080310912	2009	8	8	220	-9999
0080310912	2009	8	9	221	-9999
0080310912	2009	8	10	222	-9999
0080310912	2009	8	11	223	-9999
0080310912	2009	8	12	224	-9999
0080310912	2009	8	13	225	-9999
0080310912	2009	8	14	226	-9999
0080310912	2009	8	15	227	-9999
0080310912	2009	8	16	228	-9999
0080310912	2009	8	17	229	-9999
0080310912	2009	8	18	230	-9999
0080310912	2009	8	19	231	-9999
0080310912	2009	8	20	232	-9999
0080310912	2009	8	21	233	-9999
0080310912	2009	8	22	234	-9999
0080310912	2009	8	23	235	-9999
0080310912	2009	8	24	236	-9999
0080310912	2009	8	25	237	-9999
0080310912	2009	8	26	238	-9999
0080310912	2009	8	27	239	-9999
0080310912	2009	8	28	240	-9999
0080310912	2009	8	29	241	-9999
0080310912	2009	8	30	242	-9999
0080310912	2009	8	31	243	-9999
0080310912	2009	9	1	244	-9999
0080310912	2009	9	2	245	-9999
0080310912	2009	9	3	246	-9999
0080310912	2009	9	4	247	-9999
0080310912	2009	9	5	248	-9999
0080310912	2009	9	6	249	-9999
0080310912	2009	9	7	250	-9999
0080310912	2009	9	8	251	-9999
0080310912	2009	9	9	252	-9999
0080310912	2009	9	10	253	-9999
0080310912	2009	9	11	254	-9999
0080310912	2009	9	12	255	-9999
0080310912	2009	9	13	256	-9999
0080310912	2009	9	14	257	-9999
0080310912	2009	9	15	258	-9999
0080310912	2009	9	16	259	-9999
0080310912	2009	9	17	260	-9999
0080310912	2009	9	18	261	-9999
0080310912	2009	9	19	262	-9999
0080310912	2009	9	20	263	-9999
0080310912	2009	9	21	264	-9999
0080310912	2009	9	22	265	-9999
0080310912	2009	9	23	266	-9999
0080310912	2009	9	24	267	-9999
0080310912	2009	9	25	268	-9999
0080310912	2009	9	26	269	-9999
0080310912	2009	9	27	270	-9999
0080310912	2009	9	28	271	-9999
0080310912	2009	9	29	272	-9999
0080310912	2009	9	30	273	-9999
0080310912	2009	10	1	274	-9999
0080310912	2009	10	2	275	-9999
0080310912	2009	10	3	276	-9999
0080310912	2009	10	4	277	-9999
0080310912	2009	10	5	278	-9999
0080310912	2009	10	6	279	-9999
0080310912	2009	10	7	280	-9999
0080310912	2009	10	8	281	-9999
0080310912	2009	10	9	282	-9999
0080310912	2009	10	10	283	-9999
0080310912	2009	10	11	284	-9999
0080310912	2009	10	12	285	-9999
0080310912	2009	10	13	286	-9999
0080310912	2009	10	14	287	0.14933
0080310912	2009	10	15	288	0.14933
0080310912	2009	10	16	289	0.14933
0080310912	2009	10	17	290	0.14933
0080310912	2009	10	18	291	0.14933
0080310912	2009	10	19	292	0.14933
0080310912	2009	10	20	293	0.14933
0080310912	2009	10	21	294	0.14933
0080310912	2009	10	22	295	0.14933
0080310912	2009	10	23	296	0.14933
0080310912	2009	10	24	297	0.14118
0080310912	2009	10	25	298	0.1466
0080310912	2009	10	26	299	0.14787
0080310912	2009	10	27	300	0.14255
0080310912	2009	10	28	301	0.186425
0080310912	2009	10	29	302	0.2303
0080310912	2009	10	30	303	0.2303
0080310912	2009	10	31	304	0.2303
0080310912	2009	11	1	305	0.2303
0080310912	2009	11	2	306	0.19256
0080310912	2009	11	3	307	0.1707
0080310912	2009	11	4	308	0.1671
0080310912	2009	11	5	309	0.1395
0080310912	2009	11	6	310	0.13418
0080310912	2009	11	7	311	0.12779
0080310912	2009	11	8	312	0.13375
0080310912	2009	11	9	313	0.12821
0080310912	2009	11	10	314	0.12587
0080310912	2009	11	11	315	0.1165
0080310912	2009	11	12	316	0.11341
0080310912	2009	11	13	317	0.11764
0080310912	2009	11	14	318	0.13437
0080310912	2009	11	15	319	0.24323
0080310912	2009	11	16	320	0.26127
0080310912	2009	11	17	321	0.24192
0080310912	2009	11	18	322	0.23032
0080310912	2009	11	19	323	0.20064
0080310912	2009	11	20	324	0.17079
0080310912	2009	11	21	325	0.1642
0080310912	2009	11	22	326	0.1471
0080310912	2009	11	23	327	0.13614
0080310912	2009	11	24	328	0.12675
0080310912	2009	11	25	329	0.13308
0080310912	2009	11	26	330	0.13325
0080310912	2009	11	27	331	0.1255
0080310912	2009	11	28	332	0.12486
0080310912	2009	11	29	333	0.12095
0080310912	2009	11	30	334	0.12055
0080310912	2009	12	1	335	0.11759
0080310912	2009	12	2	336	0.14121
0080310912	2009	12	3	337	0.15841
0080310912	2009	12	4	338	0.15105
0080310912	2009	12	5	339	0.15273
0080310912	2009	12	6	340	0.16355
0080310912	2009	12	7	341	0.18487
0080310912	2009	12	8	342	0.18662
0080310912	2009	12	9	343	0.19395
0080310912	2009	12	10	344	0.19404
0080310912	2009	12	11	345	0.1895
0080310912	2009	12	12	346	0.20078
0080310912	2009	12	13	347	0.19037
0080310912	2009	12	14	348	0.169
0080310912	2009	12	15	349	0.15282
0080310912	2009	12	16	350	0.14988
0080310912	2009	12	17	351	0.14386
0080310912	2009	12	18	352	0.13486
0080310912	2009	12	19	353	0.135
0080310912	2009	12	20	354	0.12864
0080310912	2009	12	21	355	0.12329
0080310912	2009	12	22	356	0.12236
0080310912	2009	12	23	357	0.16617
0080310912	2009	12	24	358	0.2175
0080310912	2009	12	25	359	0.21486
0080310912	2009	12	26	360	0.2206
0080310912	2009	12	27	361	0.224
0080310912	2009	12	28	362	0.22391
0080310912	2009	12	29	363	0.21809
0080310912	2009	12	30	364	0.21983
0080310912	2009	12	31	365	0.2174
0080310912	2010	1	1	1	0.22132
0080310912	2010	1	2	2	0.22418
0080310912	2010	1	3	3	0.22229
0080310912	2010	1	4	4	0.2169
0080310912	2010	1	5	5	0.22561
0080310912	2010	1	6	6	0.21953
0080310912	2010	1	7	7	0.22529
0080310912	2010	1	8	8	0.22209
0080310912	2010	1	9	9	0.23055
0080310912	2010	1	10	10	0.22855
0080310912	2010	1	11	11	0.23165
0080310912	2010	1	12	12	0.23205
0080310912	2010	1	13	13	0.222
0080310912	2010	1	14	14	0.21388
0080310912	2010	1	15	15	0.20671
0080310912	2010	1	16	16	0.1965
0080310912	2010	1	17	17	0.18433
0080310912	2010	1	18	18	0.18109
0080310912	2010	1	19	19	0.16609
0080310912	2010	1	20	20	0.15825
0080310912	2010	1	21	21	0.15392
0080310912	2010	1	22	22	0.16125
0080310912	2010	1	23	23	0.14779
0080310912	2010	1	24	24	0.14086
0080310912	2010	1	25	25	0.13571
0080310912	2010	1	26	26	0.13475
0080310912	2010	1	27	27	0.13867
0080310912	2010	1	28	28	0.14892
0080310912	2010	1	29	29	0.15017
0080310912	2010	1	30	30	0.14258
0080310912	2010	1	31	31	0.14445
0080310912	2010	2	1	32	0.13564
0080310912	2010	2	2	33	0.12638
0080310912	2010	2	3	34	0.12341
0080310912	2010	2	4	35	0.13396
0080310912	2010	2	5	36	0.12518
0080310912	2010	2	6	37	0.131
0080310912	2010	2	7	38	0.13823
0080310912	2010	2	8	39	0.16855
0080310912	2010	2	9	40	0.17986
0080310912	2010	2	10	41	0.18136
0080310912	2010	2	11	42	0.17564
0080310912	2010	2	12	43	0.1723
0080310912	2010	2	13	44	0.16714
0080310912	2010	2	14	45	0.16541
0080310912	2010	2	15	46	0.1685
0080310912	2010	2	16	47	0.16017
0080310912	2010	2	17	48	0.15733
0080310912	2010	2	18	49	0.1644
0080310912	2010	2	19	50	0.19841
0080310912	2010	2	20	51	0.21608
0080310912	2010	2	21	52	0.2461
0080310912	2010	2	22	53	0.27114
0080310912	2010	2	23	54	0.27075
0080310912	2010	2	24	55	0.27368
0080310912	2010	2	25	56	0.26618
0080310912	2010	2	26	57	0.2666
0080310912	2010	2	27	58	0.22955
0080310912	2010	2	28	59	0.21017
0080310912	2010	3	1	60	0.20333
0080310912	2010	3	2	61	0.17224
0080310912	2010	3	3	62	0.15852
0080310912	2010	3	4	63	0.1448
0080310912	2010	3	5	64	0.14282
0080310912	2010	3	6	65	0.1325
0080310912	2010	3	7	66	0.14275
0080310912	2010	3	8	67	0.14055
0080310912	2010	3	9	68	0.12991
0080310912	2010	3	10	69	0.13246
0080310912	2010	3	11	70	0.14554
0080310912	2010	3	12	71	0.13029
0080310912	2010	3	13	72	0.12888
0080310912	2010	3	14	73	0.13082
0080310912	2010	3	15	74	0.1635
0080310912	2010	3	16	75	0.14133
0080310912	2010	3	17	76	0.13212
0080310912	2010	3	18	77	0.12745
0080310912	2010	3	19	78	0.17391
0080310912	2010	3	20	79	0.25071
0080310912	2010	3	21	80	0.20721
0080310912	2010	3	22	81	0.15064
0080310912	2010	3	23	82	0.15171
0080310912	2010	3	24	83	0.18025
0080310912	2010	3	25	84	0.20879
0080310912	2010	3	26	85	0.20879
0080310912	2010	3	27	86	0.20879
0080310912	2010	3	28	87	0.20879
0080310912	2010	3	29	88	0.14755
0080310912	2010	3	30	89	0.13775
0080310912	2010	3	31	90	0.13775
0080310912	2010	4	1	91	0.14112
0080310912	2010	4	2	92	0.11945
0080310912	2010	4	3	93	0.1139
0080310912	2010	4	4	94	0.11442
0080310912	2010	4	5	95	0.11182
0080310912	2010	4	6	96	0.11854
0080310912	2010	4	7	97	0.12468
0080310912	2010	4	8	98	0.12705
0080310912	2010	4	9	99	0.1206
0080310912	2010	4	10	100	0.12292
0080310912	2010	4	11	101	0.12218
0080310912	2010	4	12	102	0.11564
0080310912	2010	4	13	103	0.11583
0080310912	2010	4	14	104	0.10486
0080310912	2010	4	15	105	0.10778
0080310912	2010	4	16	106	0.11095
0080310912	2010	4	17	107	0.117
0080310912	2010	4	18	108	0.11332
0080310912	2010	4	19	109	0.0997
0080310912	2010	4	20	110	0.10336
0080310912	2010	4	21	111	0.10668
0080310912	2010	4	22	112	0.167
0080310912	2010	4	23	113	0.18722
0080310912	2010	4	24	114	0.18722
0080310912	2010	4	25	115	-9999
0080310912	2010	4	26	116	-9999
0080310912	2010	4	27	117	-9999
0080310912	2010	4	28	118	-9999
0080310912	2010	4	29	119	-9999
0080310912	2010	4	30	120	-9999
0080310912	2010	5	1	121	0.0915
0080310912	2010	5	2	122	0.0915
0080310912	2010	5	3	123	0.0915
0080310912	2010	5	4	124	0.0915
0080310912	2010	5	5	125	0.0915
0080310912	2010	5	6	126	0.0915
0080310912	2010	5	7	127	0.0915
0080310912	2010	5	8	128	0.0915
0080310912	2010	5	9	129	0.0915
0080310912	2010	5	10	130	0.0915
0080310912	2010	5	11	131	0.10329
0080310912	2010	5	12	132	0.22045
0080310912	2010	5	13	133	0.18282
0080310912	2010	5	14	134	0.17332
0080310912	2010	5	15	135	0.17846
0080310912	2010	5	16	136	0.15294
0080310912	2010	5	17	137	0.14421
0080310912	2010	5	18	138	0.1395
0080310912	2010	5	19	139	0.13804
0080310912	2010	5	20	140	0.152
0080310912	2010	5	21	141	0.14654
0080310912	2010	5	22	142	0.1169
0080310912	2010	5	23	143	0.10883
0080310912	2010	5	24	144	0.10567
0080310912	2010	5	25	145	0.0934
0080310912	2010	5	26	146	0.1074
0080310912	2010	5	27	147	0.12108
0080310912	2010	5	28	148	0.095136
0080310912	2010	5	29	149	0.09475
0080310912	2010	5	30	150	0.12373
0080310912	2010	5	31	151	0.10796
0080310912	2010	6	1	152	0.099227
0080310912	2010	6	2	153	0.10112
0080310912	2010	6	3	154	0.092727
0080310912	2010	6	4	155	0.095458
0080310912	2010	6	5	156	0.097727
0080310912	2010	6	6	157	0.10364
0080310912	2010	6	7	158	0.10317
0080310912	2010	6	8	159	0.10058
0080310912	2010	6	9	160	0.10058
0080310912	2010	6	10	161	-9999
0080310912	2010	6	11	162	-9999
0080310912	2010	6	12	163	-9999
0080310912	2010	6	13	164	-9999
0080310912	2010	6	14	165	-9999
0080310912	2010	6	15	166	-9999
0080310912	2010	6	16	167	0.081
0080310912	2010	6	17	168	0.081
0080310912	2010	6	18	169	0.081
0080310912	2010	6	19	170	0.081
0080310912	2010	6	20	171	0.081
0080310912	2010	6	21	172	0.081
0080310912	2010	6	22	173	0.081
0080310912	2010	6	23	174	0.081
0080310912	2010	6	24	175	0.081
0080310912	2010	6	25	176	0.081
0080310912	2010	6	26	177	0.090909
0080310912	2010	6	27	178	0.10375
0080310912	2010	6	28	179	0.093909
0080310912	2010	6	29	180	0.082167
0080310912	2010	6	30	181	0.079292
0080310912	2010	7	1	182	0.080318
0080310912	2010	7	2	183	0.085
0080310912	2010	7	3	184	0.086042
0080310912	2010	7	4	185	0.10374
0080310912	2010	7	5	186	0.15812
0080310912	2010	7	6	187	0.12855
0080310912	2010	7	7	188	0.1585
0080310912	2010	7	8	189	0.18428
0080310912	2010	7	9	190	0.15977
0080310912	2010	7	10	191	0.13864
0080310912	2010	7	11	192	0.12805
0080310912	2010	7	12	193	0.118
0080310912	2010	7	13	194	0.10667
0080310912	2010	7	14	195	0.10035
0080310912	2010	7	15	196	0.11245
0080310912	2010	7	16	197	0.086917
0080310912	2010	7	17	198	0.0782
0080310912	2010	7	18	199	0.085792
0080310912	2010	7	19	200	0.087292
0080310912	2010	7	20	201	0.09745
0080310912	2010	7	21	202	0.096682
0080310912	2010	7	22	203	0.092526
0080310912	2010	7	23	204	0.084947
0080310912	2010	7	24	205	0.077409
0080310912	2010	7	25	206	0.085476
0080310912	2010	7	26	207	0.08
0080310912	2010	7	27	208	0.072545
0080310912	2010	7	28	209	0.089238
0080310912	2010	7	29	210	0.084364
0080310912	2010	7	30	211	0.085708
0080310912	2010	7	31	212	0.0848
0080310912	2010	8	1	213	0.088522
0080310912	2010	8	2	214	0.083095
0080310912	2010	8	3	215	0.082091
0080310912	2010	8	4	216	0.084958
0080310912	2010	8	5	217	0.080083
0080310912	2010	8	6	218	0.077333
0080310912	2010	8	7	219	0.085
0080310912	2010	8	8	220	0.08275
0080310912	2010	8	9	221	0.081364
0080310912	2010	8	10	222	0.0965
0080310912	2010	8	11	223	0.077792
0080310912	2010	8	12	224	0.074625
0080310912	2010	8	13	225	0.071208
0080310912	2010	8	14	226	0.070136
0080310912	2010	8	15	227	0.077273
0080310912	2010	8	16	228	0.0835
0080310912	2010	8	17	229	0.098591
0080310912	2010	8	18	230	0.07685
0080310912	2010	8	19	231	0.080273
0080310912	2010	8	20	232	0.077364
0080310912	2010	8	21	233	0.067875
0080310912	2010	8	22	234	0.068364
0080310912	2010	8	23	235	0.074409
0080310912	2010	8	24	236	0.10283
0080310912	2010	8	25	237	0.092826
0080310912	2010	8	26	238	0.074958
0080310912	2010	8	27	239	0.069381
0080310912	2010	8	28	240	0.064667
0080310912	2010	8	29	241	0.065136
0080310912	2010	8	30	242	0.061
0080310912	2010	8	31	243	0.068952
0080310912	2010	9	1	244	0.064458
0080310912	2010	9	2	245	0.064136
0080310912	2010	9	3	246	0.061773
0080310912	2010	9	4	247	0.057708
0080310912	2010	9	5	248	0.0572
0080310912	2010	9	6	249	0.055455
0080310912	2010	9	7	250	0.0535
0080310912	2010	9	8	251	0.0625
0080310912	2010	9	9	252	0.083833
0080310912	2010	9	10	253	0.060455
0080310912	2010	9	11	254	0.0575
0080310912	2010	9	12	255	0.0514
0080310912	2010	9	13	256	0.0535
0080310912	2010	9	14	257	0.057409
0080310912	2010	9	15	258	0.058739
0080310912	2010	9	16	259	0.058087
0080310912	2010	9	17	260	0.058091
0080310912	2010	9	18	261	0.070045
0080310912	2010	9	19	262	0.064125
0080310912	2010	9	20	263	0.059045
0080310912	2010	9	21	264	0.063789
0080310912	2010	9	22	265	0.071087
0080310912	2010	9	23	266	0.084773
0080310912	2010	9	24	267	0.064958
0080310912	2010	9	25	268	0.055955
0080310912	2010	9	26	269	0.06015
0080310912	2010	9	27	270	0.0605
0080310912	2010	9	28	271	0.060318
0080310912	2010	9	29	272	0.058409
0080310912	2010	9	30	273	0.060773
0080310912	2010	10	1	274	0.0615
0080310912	2010	10	2	275	0.06115
0080310912	2010	10	3	276	0.059
0080310912	2010	10	4	277	0.056682
0080310912	2010	10	5	278	0.055375
0080310912	2010	10	6	279	0.067364
0080310912	2010	10	7	280	0.077458
0080310912	2010	10	8	281	0.066591
0080310912	2010	10	9	282	0.060958
0080310912	2010	10	10	283	0.064958
0080310912	2010	10	11	284	0.079773
0080310912	2010	10	12	285	0.10235
0080310912	2010	10	13	286	0.11505
0080310912	2010	10	14	287	0.10733
0080310912	2010	10	15	288	0.095625
0080310912	2010	10	16	289	0.091167
0080310912	2010	10	17	290	0.091818
0080310912	2010	10	18	291	0.08815
0080310912	2010	10	19	292	0.0855
0080310912	2010	10	20	293	0.079909
0080310912	2010	10	21	294	0.07775
0080310912	2010	10	22	295	0.0845
0080310912	2010	10	23	296	0.093955
0080310912	2010	10	24	297	0.081083
0080310912	2010	10	25	298	0.083545
0080310912	2010	10	26	299	0.0759
0080310912	2010	10	27	300	0.069958
0080310912	2010	10	28	301	0.065583
0080310912	2010	10	29	302	0.067318
0080310912	2010	10	30	303	0.064727
0080310912	2010	10	31	304	0.061
0080310912	2010	11	1	305	0.070737
0080310912	2010	11	2	306	0.070524
0080310912	2010	11	3	307	0.070545
0080310912	2010	11	4	308	0.066842
0080310912	2010	11	5	309	0.060565
0080310912	2010	11	6	310	0.065455
0080310912	2010	11	7	311	0.06625
0080310912	2010	11	8	312	0.064727
0080310912	2010	11	9	313	0.069136
0080310912	2010	11	10	314	0.096955
0080310912	2010	11	11	315	0.09945
0080310912	2010	11	12	316	0.10113
0080310912	2010	11	13	317	0.10009
0080310912	2010	11	14	318	0.09625
0080310912	2010	11	15	319	0.0963
0080310912	2010	11	16	320	0.095625
0080310912	2010	11	17	321	0.0992
0080310912	2010	11	18	322	0.095136
0080310912	2010	11	19	323	0.090583
0080310912	2010	11	20	324	0.0929
0080310912	2010	11	21	325	0.088917
0080310912	2010	11	22	326	0.090955
0080310912	2010	11	23	327	0.083
0080310912	2010	11	24	328	0.082955
0080310912	2010	11	25	329	0.079
0080310912	2010	11	26	330	0.077455
0080310912	2010	11	27	331	0.080875
0080310912	2010	11	28	332	0.0779
0080310912	2010	11	29	333	0.081167
0080310912	2010	11	30	334	0.070545
0080310912	2010	12	1	335	0.078667
0080310912	2010	12	2	336	0.082375
0080310912	2010	12	3	337	0.078667
0080310912	2010	12	4	338	0.077864
0080310912	2010	12	5	339	0.072773
0080310912	2010	12	6	340	0.071318
0080310912	2010	12	7	341	0.072227
0080310912	2010	12	8	342	0.070727
0080310912	2010	12	9	343	0.068792
0080310912	2010	12	10	344	0.069875
0080310912	2010	12	11	345	0.064125
0080310912	2010	12	12	346	0.067591
0080310912	2010	12	13	347	0.070818
0080310912	2010	12	14	348	0.072417
0080310912	2010	12	15	349	0.071591
0080310912	2010	12	16	350	0.071333
0080310912	2010	12	17	351	0.0705
0080310912	2010	12	18	352	0.073125
0080310912	2010	12	19	353	0.071818
0080310912	2010	12	20	354	0.074917
0080310912	2010	12	21	355	0.06675
0080310912	2010	12	22	356	0.06815
0080310912	2010	12	23	357	0.067375
0080310912	2010	12	24	358	0.070083
0080310912	2010	12	25	359	0.06815
0080310912	2010	12	26	360	0.063909
0080310912	2010	12	27	361	0.063125
0080310912	2010	12	28	362	0.06025
0080310912	2010	12	29	363	0.062792
0080310912	2010	12	30	364	0.07075
0080310912	2010	12	31	365	0.11115
0080310912	2011	1	1	1	0.12123
0080310912	2011	1	2	2	0.109
0080310912	2011	1	3	3	0.1051
0080310912	2011	1	4	4	0.10914
0080310912	2011	1	5	5	0.0985
0080310912	2011	1	6	6	0.090409
0080310912	2011	1	7	7	0.085
0080310912	2011	1	8	8	0.085056
0080310912	2011	1	9	9	0.089917
0080310912	2011	1	10	10	0.14773
0080310912	2011	1	11	11	0.1653
0080310912	2011	1	12	12	0.15667
0080310912	2011	1	13	13	0.15355
0080310912	2011	1	14	14	0.13241
0080310912	2011	1	15	15	0.11492
0080310912	2011	1	16	16	0.11509
0080310912	2011	1	17	17	0.11892
0080310912	2011	1	18	18	0.10592
0080310912	2011	1	19	19	0.10323
0080310912	2011	1	20	20	0.143
0080310912	2011	1	21	21	0.13696
0080310912	2011	1	22	22	0.11775
0080310912	2011	1	23	23	0.11033
0080310912	2011	1	24	24	0.10525
0080310912	2011	1	25	25	0.10377
0080310912	2011	1	26	26	0.10513
0080310912	2011	1	27	27	0.10438
0080310912	2011	1	28	28	0.098542
0080310912	2011	1	29	29	0.09815
0080310912	2011	1	30	30	0.099375
0080310912	2011	1	31	31	0.097583
0080310912	2011	2	1	32	0.11729
0080310912	2011	2	2	33	0.11929
0080310912	2011	2	3	34	0.122
0080310912	2011	2	4	35	0.13608
0080310912	2011	2	5	36	0.12042
0080310912	2011	2	6	37	0.1868
0080310912	2011	2	7	38	0.22464
0080310912	2011	2	8	39	0.24142
0080310912	2011	2	9	40	0.28062
0080310912	2011	2	10	41	0.28274
0080310912	2011	2	11	42	0.28486
0080310912	2011	2	12	43	0.2619
0080310912	2011	2	13	44	0.23752
0080310912	2011	2	14	45	0.15914
0080310912	2011	2	15	46	0.14016
0080310912	2011	2	16	47	0.13181
0080310912	2011	2	17	48	0.12868
0080310912	2011	2	18	49	0.11959
0080310912	2011	2	19	50	0.11908
0080310912	2011	2	20	51	0.12165
0080310912	2011	2	21	52	0.11485
0080310912	2011	2	22	53	0.10792
0080310912	2011	2	23	54	0.10267
0080310912	2011	2	24	55	0.10061
0080310912	2011	2	25	56	0.11005
0080310912	2011	2	26	57	0.11788
0080310912	2011	2	27	58	0.10229
0080310912	2011	2	28	59	0.10773
0080310912	2011	3	1	60	0.094708
0080310912	2011	3	2	61	0.098417
0080310912	2011	3	3	62	0.10032
0080310912	2011	3	4	63	0.099375
0080310912	2011	3	5	64	0.093091
0080310912	2011	3	6	65	0.094389
0080310912	2011	3	7	66	0.10333
0080310912	2011	3	8	67	0.10346
0080310912	2011	3	9	68	0.0955
0080310912	2011	3	10	69	0.093944
0080310912	2011	3	11	70	0.094667
0080310912	2011	3	12	71	0.091909
0080310912	2011	3	13	72	0.10896
0080310912	2011	3	14	73	0.10625
0080310912	2011	3	15	74	0.098417
0080310912	2011	3	16	75	0.09955
0080310912	2011	3	17	76	0.090458
0080310912	2011	3	18	77	0.10635
0080310912	2011	3	19	78	0.098938
0080310912	2011	3	20	79	0.090619
0080310912	2011	3	21	80	0.08835
0080310912	2011	3	22	81	0.085955
0080310912	2011	3	23	82	0.08025
0080310912	2011	3	24	83	0.0855
0080310912	2011	3	25	84	0.082042
0080310912	2011	3	26	85	0.082364
0080310912	2011	3	27	86	0.085417
0080310912	2011	3	28	87	0.086208
0080310912	2011	3	29	88	0.10295
0080310912	2011	3	30	89	0.102
0080310912	2011	3	31	90	0.098773
0080310912	2011	4	1	91	0.097444
0080310912	2011	4	2	92	0.08835
0080310912	2011	4	3	93	0.099136
0080310912	2011	4	4	94	0.10975
0080310912	2011	4	5	95	0.10264
0080310912	2011	4	6	96	0.10595
0080310912	2011	4	7	97	0.10605
0080310912	2011	4	8	98	0.098833
0080310912	2011	4	9	99	0.10256
0080310912	2011	4	10	100	0.09275
0080310912	2011	4	11	101	0.0875
0080310912	2011	4	12	102	0.084625
0080310912	2011	4	13	103	0.0918
0080310912	2011	4	14	104	0.17371
0080310912	2011	4	15	105	0.14633
0080310912	2011	4	16	106	0.1298
0080310912	2011	4	17	107	0.1288
0080310912	2011	4	18	108	0.12729
0080310912	2011	4	19	109	0.14215
0080310912	2011	4	20	110	0.13264
0080310912	2011	4	21	111	0.14571
0080310912	2011	4	22	112	0.12992
0080310912	2011	4	23	113	0.12059
0080310912	2011	4	24	114	0.12823
0080310912	2011	4	25	115	0.16167
0080310912	2011	4	26	116	0.14646
0080310912	2011	4	27	117	0.1335
0080310912	2011	4	28	118	0.11621
0080310912	2011	4	29	119	0.11911
0080310912	2011	4	30	120	0.11056
0080310912	2011	5	1	121	0.10792
0080310912	2011	5	2	122	0.10759
0080310912	2011	5	3	123	0.099125
0080310912	2011	5	4	124	0.099524
0080310912	2011	5	5	125	0.097609
0080310912	2011	5	6	126	0.090591
0080310912	2011	5	7	127	0.0895
0080310912	2011	5	8	128	0.078417
0080310912	2011	5	9	129	0.076227
0080310912	2011	5	10	130	0.075667
0080310912	2011	5	11	131	0.12826
0080310912	2011	5	12	132	0.17685
0080310912	2011	5	13	133	0.1637
0080310912	2011	5	14	134	0.147
0080310912	2011	5	15	135	0.17004
0080310912	2011	5	16	136	0.1645
0080310912	2011	5	17	137	0.15979
0080310912	2011	5	18	138	0.16854
0080310912	2011	5	19	139	0.19188
0080310912	2011	5	20	140	0.17887
0080310912	2011	5	21	141	0.15767
0080310912	2011	5	22	142	0.14223
0080310912	2011	5	23	143	0.14279
0080310912	2011	5	24	144	0.15886
0080310912	2011	5	25	145	0.16641
0080310912	2011	5	26	146	0.16609
0080310912	2011	5	27	147	0.14745
0080310912	2011	5	28	148	0.14425
0080310912	2011	5	29	149	0.14945
0080310912	2011	5	30	150	0.14062
0080310912	2011	5	31	151	0.107
0080310912	2011	6	1	152	0.10377
0080310912	2011	6	2	153	0.10263
0080310912	2011	6	3	154	0.093
0080310912	2011	6	4	155	0.09725
0080310912	2011	6	5	156	0.0935
0080310912	2011	6	6	157	0.0915
0080310912	2011	6	7	158	0.0795
0080310912	2011	6	8	159	0.085
0080310912	2011	6	9	160	0.11345
0080310912	2011	6	10	161	0.12077
0080310912	2011	6	11	162	0.10229
0080310912	2011	6	12	163	0.099318
0080310912	2011	6	13	164	0.083045
0080310912	2011	6	14	165	0.088958
0080310912	2011	6	15	166	0.0785
0080310912	2011	6	16	167	0.079143
0080310912	2011	6	17	168	0.082652
0080310912	2011	6	18	169	0.078609
0080310912	2011	6	19	170	0.08105
0080310912	2011	6	20	171	0.1524
0080310912	2011	6	21	172	0.14942
0080310912	2011	6	22	173	0.13045
0080310912	2011	6	23	174	0.12791
0080310912	2011	6	24	175	0.12041
0080310912	2011	6	25	176	0.11541
0080310912	2011	6	26	177	0.087875
0080310912	2011	6	27	178	0.09265
0080310912	2011	6	28	179	0.090375
0080310912	2011	6	29	180	0.082375
0080310912	2011	6	30	181	0.086611
0080310912	2011	7	1	182	0.088833
0080310912	2011	7	2	183	0.0978
0080310912	2011	7	3	184	0.0855
0080310912	2011	7	4	185	0.074833
0080310912	2011	7	5	186	0.082083
0080310912	2011	7	6	187	0.092042
0080310912	2011	7	7	188	0.099545
0080310912	2011	7	8	189	0.18608
0080310912	2011	7	9	190	0.15387
0080310912	2011	7	10	191	0.18238
0080310912	2011	7	11	192	0.1994
0080310912	2011	7	12	193	0.20895
0080310912	2011	7	13	194	0.20186
0080310912	2011	7	14	195	0.21544
0080310912	2011	7	15	196	0.18306
0080310912	2011	7	16	197	0.1719
0080310912	2011	7	17	198	0.15077
0080310912	2011	7	18	199	0.13909
0080310912	2011	7	19	200	0.11791
0080310912	2011	7	20	201	0.13075
0080310912	2011	7	21	202	0.12045
0080310912	2011	7	22	203	0.1035
0080310912	2011	7	23	204	0.090313
0080310912	2011	7	24	205	0.097833
0080310912	2011	7	25	206	0.093273
0080310912	2011	7	26	207	0.09155
0080310912	2011	7	27	208	0.10664
0080310912	2011	7	28	209	0.12971
0080310912	2011	7	29	210	0.11741
0080310912	2011	7	30	211	0.0948
0080310912	2011	7	31	212	0.092875
0080310912	2011	8	1	213	0.092409
0080310912	2011	8	2	214	0.094955
0080310912	2011	8	3	215	0.099818
0080310912	2011	8	4	216	0.087556
0080310912	2011	8	5	217	0.08355
0080310912	2011	8	6	218	0.077955
0080310912	2011	8	7	219	0.075083
0080310912	2011	8	8	220	0.065458
0080310912	2011	8	9	221	0.068792
0080310912	2011	8	10	222	0.079
0080310912	2011	8	11	223	0.072364
0080310912	2011	8	12	224	0.070792
0080310912	2011	8	13	225	0.077917
0080310912	2011	8	14	226	0.081
0080310912	2011	8	15	227	0.076947
0080310912	2011	8	16	228	0.080045
0080310912	2011	8	17	229	0.099864
0080310912	2011	8	18	230	0.074875
0080310912	2011	8	19	231	0.071727
0080310912	2011	8	20	232	0.0967
0080310912	2011	8	21	233	0.087292
0080310912	2011	8	22	234	0.076333
0080310912	2011	8	23	235	0.074273
0080310912	2011	8	24	236	0.069389
0080310912	2011	8	25	237	0.071
0080310912	2011	8	26	238	0.069
0080310912	2011	8	27	239	0.073955
0080310912	2011	8	28	240	0.068409
0080310912	2011	8	29	241	0.085909
0080310912	2011	8	30	242	0.070455
0080310912	2011	8	31	243	0.065625
0080310912	2011	9	1	244	0.063417
0080310912	2011	9	2	245	0.068955
0080310912	2011	9	3	246	0.062636
0080310912	2011	9	4	247	0.061864
0080310912	2011	9	5	248	0.0589
0080310912	2011	9	6	249	0.060364
0080310912	2011	9	7	250	0.10182
0080310912	2011	9	8	251	0.14117
0080310912	2011	9	9	252	0.12758
0080310912	2011	9	10	253	0.11513
0080310912	2011	9	11	254	0.105
0080310912	2011	9	12	255	0.094
0080310912	2011	9	13	256	0.095818
0080310912	2011	9	14	257	0.09845
0080310912	2011	9	15	258	0.17482
0080310912	2011	9	16	259	0.15533
0080310912	2011	9	17	260	0.14391
0080310912	2011	9	18	261	0.13533
0080310912	2011	9	19	262	0.11862
0080310912	2011	9	20	263	0.11364
0080310912	2011	9	21	264	0.10737
0080310912	2011	9	22	265	0.1055
0080310912	2011	9	23	266	0.09575
0080310912	2011	9	24	267	0.090583
0080310912	2011	9	25	268	0.093167
0080310912	2011	9	26	269	0.08415
0080310912	2011	9	27	270	0.086625
0080310912	2011	9	28	271	0.08135
0080310912	2011	9	29	272	0.080353
0080310912	2011	9	30	273	0.078
0080310912	2011	10	1	274	0.076
0080310912	2011	10	2	275	0.07475
0080310912	2011	10	3	276	0.072917
0080310912	2011	10	4	277	0.072364
0080310912	2011	10	5	278	0.077682
0080310912	2011	10	6	279	0.074278
0080310912	2011	10	7	280	0.077314
0080310912	2011	10	8	281	0.08035
0080310912	2011	10	9	282	0.10596
0080310912	2011	10	10	283	0.093773
0080310912	2011	10	11	284	0.088136
0080310912	2011	10	12	285	0.078727
0080310912	2011	10	13	286	0.078
0080310912	2011	10	14	287	0.082625
0080310912	2011	10	15	288	0.081818
0080310912	2011	10	16	289	0.080273
0080310912	2011	10	17	290	0.07825
0080310912	2011	10	18	291	0.076211
0080310912	2011	10	19	292	0.072348
0080310912	2011	10	20	293	0.070364
0080310912	2011	10	21	294	0.07035
0080310912	2011	10	22	295	0.069958
0080310912	2011	10	23	296	0.067917
0080310912	2011	10	24	297	0.062
0080310912	2011	10	25	298	0.0705
0080310912	2011	10	26	299	0.20168
0080310912	2011	10	27	300	0.26478
0080310912	2011	10	28	301	0.22483
0080310912	2011	10	29	302	0.17058
0080310912	2011	10	30	303	0.13941
0080310912	2011	10	31	304	0.13468
0080310912	2011	11	1	305	0.12715
0080310912	2011	11	2	306	0.28433
0080310912	2011	11	3	307	0.266915
0080310912	2011	11	4	308	0.2495
0080310912	2011	11	5	309	0.21196
0080310912	2011	11	6	310	0.1509
0080310912	2011	11	7	311	0.1402
0080310912	2011	11	8	312	0.134
0080310912	2011	11	9	313	0.13254
0080310912	2011	11	10	314	0.12732
0080310912	2011	11	11	315	0.12515
0080310912	2011	11	12	316	0.12177
0080310912	2011	11	13	317	0.12215
0080310912	2011	11	14	318	0.11582
0080310912	2011	11	15	319	0.11465
0080310912	2011	11	16	320	0.11214
0080310912	2011	11	17	321	0.11
0080310912	2011	11	18	322	0.10675
0080310912	2011	11	19	323	0.1103
0080310912	2011	11	20	324	0.10955
0080310912	2011	11	21	325	0.10446
0080310912	2011	11	22	326	0.10904
0080310912	2011	11	23	327	0.10425
0080310912	2011	11	24	328	0.097273
0080310912	2011	11	25	329	0.10095
0080310912	2011	11	26	330	0.097688
0080310912	2011	11	27	331	0.095542
0080310912	2011	11	28	332	0.096458
0080310912	2011	11	29	333	0.097958
0080310912	2011	11	30	334	0.097318
0080310912	2011	12	1	335	0.15923
0080310912	2011	12	2	336	0.22382
0080310912	2011	12	3	337	0.24204
0080310912	2011	12	4	338	0.27654
0080310912	2011	12	5	339	0.284
0080310912	2011	12	6	340	0.26396
0080310912	2011	12	7	341	0.26455
0080310912	2011	12	8	342	0.2527
0080310912	2011	12	9	343	0.26268
0080310912	2011	12	10	344	0.26991
0080310912	2011	12	11	345	0.25536
0080310912	2011	12	12	346	0.25971
0080310912	2011	12	13	347	0.26375
0080310912	2011	12	14	348	0.23695
0080310912	2011	12	15	349	0.22523
0080310912	2011	12	16	350	0.2289
0080310912	2011	12	17	351	0.21829
0080310912	2011	12	18	352	0.22014
0080310912	2011	12	19	353	0.19746
0080310912	2011	12	20	354	0.20053
0080310912	2011	12	21	355	0.19496
0080310912	2011	12	22	356	0.227085
0080310912	2011	12	23	357	0.25921
0080310912	2011	12	24	358	0.25921
0080310912	2011	12	25	359	0.25921
0080310912	2011	12	26	360	0.25921
0080310912	2011	12	27	361	0.25921
0080310912	2011	12	28	362	0.25921
0080310912	2011	12	29	363	0.25921
0080310912	2011	12	30	364	0.14889
0080310912	2011	12	31	365	0.13468
0080310912	2012	1	1	1	0.13088
0080310912	2012	1	2	2	0.13814
0080310912	2012	1	3	3	0.13105
0080310912	2012	1	4	4	0.12577
0080310912	2012	1	5	5	0.12894
0080310912	2012	1	6	6	0.12527
0080310912	2012	1	7	7	0.12985
0080310912	2012	1	8	8	0.13955
0080310912	2012	1	9	9	0.13436
0080310912	2012	1	10	10	0.13814
0080310912	2012	1	11	11	0.12756
0080310912	2012	1	12	12	0.15941
0080310912	2012	1	13	13	0.15631
0080310912	2012	1	14	14	0.15631
0080310912	2012	1	15	15	-9999
0080310912	2012	1	16	16	-9999
0080310912	2012	1	17	17	-9999
0080310912	2012	1	18	18	-9999
0080310912	2012	1	19	19	-9999
0080310912	2012	1	20	20	-9999
0080310912	2012	1	21	21	-9999
0080310912	2012	1	22	22	-9999
0080310912	2012	1	23	23	-9999
0080310912	2012	1	24	24	-9999
0080310912	2012	1	25	25	0.2736
0080310912	2012	1	26	26	0.2736
0080310912	2012	1	27	27	0.2736
0080310912	2012	1	28	28	0.2736
0080310912	2012	1	29	29	0.2736
0080310912	2012	1	30	30	0.2736
0080310912	2012	1	31	31	0.2736
0080310912	2012	2	1	32	0.2736
0080310912	2012	2	2	33	0.2736
0080310912	2012	2	3	34	0.2736
0080310912	2012	2	4	35	0.2736
0080310912	2012	2	5	36	-9999
0080310912	2012	2	6	37	-9999
0080310912	2012	2	7	38	-9999
0080310912	2012	2	8	39	-9999
0080310912	2012	2	9	40	-9999
0080310912	2012	2	10	41	-9999
0080310912	2012	2	11	42	-9999
0080310912	2012	2	12	43	-9999
0080310912	2012	2	13	44	0.27375
0080310912	2012	2	14	45	0.27375
0080310912	2012	2	15	46	0.27375
0080310912	2012	2	16	47	0.27375
0080310912	2012	2	17	48	0.27375
0080310912	2012	2	18	49	0.27375
0080310912	2012	2	19	50	0.27375
0080310912	2012	2	20	51	0.27375
0080310912	2012	2	21	52	0.27375
0080310912	2012	2	22	53	0.27375
0080310912	2012	2	23	54	0.18418
0080310912	2012	2	24	55	0.18788
0080310912	2012	2	25	56	0.17492
0080310912	2012	2	26	57	0.14205
0080310912	2012	2	27	58	0.14677
0080310912	2012	2	28	59	0.14355
0080310912	2012	2	29	60	0.13718
0080310912	2012	3	1	61	0.13645
0080310912	2012	3	2	62	0.13082
0080310912	2012	3	3	63	0.12875
0080310912	2012	3	4	64	0.12625
0080310912	2012	3	5	65	0.12475
0080310912	2012	3	6	66	0.12777
0080310912	2012	3	7	67	0.13367
0080310912	2012	3	8	68	0.13171
0080310912	2012	3	9	69	0.13171
0080310912	2012	3	10	70	-9999
0080310912	2012	3	11	71	-9999
0080310912	2012	3	12	72	-9999
0080310912	2012	3	13	73	-9999
0080310912	2012	3	14	74	-9999
0080310912	2012	3	15	75	-9999
0080310912	2012	3	16	76	-9999
0080310912	2012	3	17	77	-9999
0080310912	2012	3	18	78	-9999
0080310912	2012	3	19	79	-9999
0080310912	2012	3	20	80	-9999
0080310912	2012	3	21	81	-9999
0080310912	2012	3	22	82	-9999
0080310912	2012	3	23	83	-9999
0080310912	2012	3	24	84	-9999
0080310912	2012	3	25	85	-9999
0080310912	2012	3	26	86	-9999
0080310912	2012	3	27	87	-9999
0080310912	2012	3	28	88	-9999
0080310912	2012	3	29	89	-9999
0080310912	2012	3	30	90	-9999
0080310912	2012	3	31	91	-9999
0080310912	2012	4	1	92	-9999
0080310912	2012	4	2	93	-9999
0080310912	2012	4	3	94	-9999
0080310912	2012	4	4	95	-9999
0080310912	2012	4	5	96	-9999
0080310912	2012	4	6	97	-9999
0080310912	2012	4	7	98	-9999
0080310912	2012	4	8	99	-9999
0080310912	2012	4	9	100	-9999
0080310912	2012	4	10	101	-9999
0080310912	2012	4	11	102	-9999
0080310912	2012	4	12	103	-9999
0080310912	2012	4	13	104	-9999
0080310912	2012	4	14	105	-9999
0080310912	2012	4	15	106	-9999
0080310912	2012	4	16	107	-9999
0080310912	2012	4	17	108	-9999
0080310912	2012	4	18	109	-9999
0080310912	2012	4	19	110	-9999
0080310912	2012	4	20	111	-9999
0080310912	2012	4	21	112	-9999
0080310912	2012	4	22	113	-9999
0080310912	2012	4	23	114	-9999
0080310912	2012	4	24	115	-9999
0080310912	2012	4	25	116	-9999
0080310912	2012	4	26	117	-9999
0080310912	2012	4	27	118	-9999
0080310912	2012	4	28	119	-9999
0080310912	2012	4	29	120	-9999
0080310912	2012	4	30	121	-9999
0080310912	2012	5	1	122	-9999
0080310912	2012	5	2	123	-9999
0080310912	2012	5	3	124	-9999
0080310912	2012	5	4	125	-9999
0080310912	2012	5	5	126	-9999
0080310912	2012	5	6	127	-9999
0080310912	2012	5	7	128	-9999
0080310912	2012	5	8	129	-9999
0080310912	2012	5	9	130	-9999
0080310912	2012	5	10	131	-9999
0080310912	2012	5	11	132	-9999
0080310912	2012	5	12	133	-9999
0080310912	2012	5	13	134	-9999
0080310912	2012	5	14	135	-9999
0080310912	2012	5	15	136	-9999
0080310912	2012	5	16	137	-9999
0080310912	2012	5	17	138	-9999
0080310912	2012	5	18	139	-9999
0080310912	2012	5	19	140	-9999
0080310912	2012	5	20	141	-9999
0080310912	2012	5	21	142	-9999
0080310912	2012	5	22	143	-9999
0080310912	2012	5	23	144	-9999
0080310912	2012	5	24	145	-9999
0080310912	2012	5	25	146	-9999
0080310912	2012	5	26	147	-9999
0080310912	2012	5	27	148	-9999
0080310912	2012	5	28	149	-9999
0080310912	2012	5	29	150	-9999
0080310912	2012	5	30	151	-9999
0080310912	2012	5	31	152	-9999
0080310912	2012	6	1	153	-9999
0080310912	2012	6	2	154	-9999
0080310912	2012	6	3	155	-9999
0080310912	2012	6	4	156	-9999
0080310912	2012	6	5	157	-9999
0080310912	2012	6	6	158	-9999
0080310912	2012	6	7	159	-9999
0080310912	2012	6	8	160	-9999
0080310912	2012	6	9	161	-9999
0080310912	2012	6	10	162	-9999
0080310912	2012	6	11	163	-9999
0080310912	2012	6	12	164	-9999
0080310912	2012	6	13	165	-9999
0080310912	2012	6	14	166	-9999
0080310912	2012	6	15	167	-9999
0080310912	2012	6	16	168	-9999
0080310912	2012	6	17	169	-9999
0080310912	2012	6	18	170	-9999
0080310912	2012	6	19	171	-9999
0080310912	2012	6	20	172	-9999
0080310912	2012	6	21	173	-9999
0080310912	2012	6	22	174	-9999
0080310912	2012	6	23	175	-9999
0080310912	2012	6	24	176	-9999
0080310912	2012	6	25	177	-9999
0080310912	2012	6	26	178	-9999
0080310912	2012	6	27	179	-9999
0080310912	2012	6	28	180	-9999
0080310912	2012	6	29	181	-9999
0080310912	2012	6	30	182	-9999
0080310912	2012	7	1	183	-9999
0080310912	2012	7	2	184	-9999
0080310912	2012	7	3	185	-9999
0080310912	2012	7	4	186	-9999
0080310912	2012	7	5	187	-9999
0080310912	2012	7	6	188	-9999
0080310912	2012	7	7	189	-9999
0080310912	2012	7	8	190	-9999
0080310912	2012	7	9	191	-9999
0080310912	2012	7	10	192	-9999
0080310912	2012	7	11	193	-9999
0080310912	2012	7	12	194	-9999
0080310912	2012	7	13	195	-9999
0080310912	2012	7	14	196	-9999
0080310912	2012	7	15	197	-9999
0080310912	2012	7	16	198	-9999
0080310912	2012	7	17	199	-9999
0080310912	2012	7	18	200	-9999
0080310912	2012	7	19	201	-9999
0080310912	2012	7	20	202	-9999
0080310912	2012	7	21	203	-9999
0080310912	2012	7	22	204	-9999
0080310912	2012	7	23	205	-9999
0080310912	2012	7	24	206	-9999
0080310912	2012	7	25	207	-9999
0080310912	2012	7	26	208	-9999
0080310912	2012	7	27	209	-9999
0080310912	2012	7	28	210	-9999
0080310912	2012	7	29	211	-9999
0080310912	2012	7	30	212	-9999
0080310912	2012	7	31	213	-9999
0080310912	2012	8	1	214	-9999
0080310912	2012	8	2	215	-9999
0080310912	2012	8	3	216	-9999
0080310912	2012	8	4	217	-9999
0080310912	2012	8	5	218	-9999
0080310912	2012	8	6	219	-9999
0080310912	2012	8	7	220	-9999
0080310912	2012	8	8	221	-9999
0080310912	2012	8	9	222	-9999
0080310912	2012	8	10	223	-9999
0080310912	2012	8	11	224	-9999
0080310912	2012	8	12	225	-9999
0080310912	2012	8	13	226	-9999
0080310912	2012	8	14	227	-9999
0080310912	2012	8	15	228	-9999
0080310912	2012	8	16	229	-9999
0080310912	2012	8	17	230	-9999
0080310912	2012	8	18	231	-9999
0080310912	2012	8	19	232	-9999
0080310912	2012	8	20	233	-9999
0080310912	2012	8	21	234	-9999
0080310912	2012	8	22	235	-9999
0080310912	2012	8	23	236	-9999
0080310912	2012	8	24	237	-9999
0080310912	2012	8	25	238	-9999
0080310912	2012	8	26	239	-9999
0080310912	2012	8	27	240	-9999
0080310912	2012	8	28	241	-9999
0080310912	2012	8	29	242	-9999
0080310912	2012	8	30	243	-9999
0080310912	2012	8	31	244	-9999
0080310912	2012	9	1	245	-9999
0080310912	2012	9	2	246	-9999
0080310912	2012	9	3	247	-9999
0080310912	2012	9	4	248	-9999
0080310912	2012	9	5	249	-9999
0080310912	2012	9	6	250	-9999
0080310912	2012	9	7	251	-9999
0080310912	2012	9	8	252	-9999
0080310912	2012	9	9	253	-9999
0080310912	2012	9	10	254	-9999
0080310912	2012	9	11	255	-9999
0080310912	2012	9	12	256	-9999
0080310912	2012	9	13	257	-9999
0080310912	2012	9	14	258	-9999
0080310912	2012	9	15	259	-9999
0080310912	2012	9	16	260	-9999
0080310912	2012	9	17	261	-9999
0080310912	2012	9	18	262	-9999
0080310912	2012	9	19	263	-9999
0080310912	2012	9	20	264	-9999
0080310912	2012	9	21	265	-9999
0080310912	2012	9	22	266	-9999
0080310912	2012	9	23	267	-9999
0080310912	2012	9	24	268	-9999
0080310912	2012	9	25	269	-9999
0080310912	2012	9	26	270	-9999
0080310912	2012	9	27	271	-9999
0080310912	2012	9	28	272	-9999
0080310912	2012	9	29	273	-9999
0080310912	2012	9	30	274	-9999
0080310912	2012	10	1	275	-9999
0080310912	2012	10	2	276	-9999
0080310912	2012	10	3	277	-9999
0080310912	2012	10	4	278	-9999
0080310912	2012	10	5	279	-9999
0080310912	2012	10	6	280	-9999
0080310912	2012	10	7	281	-9999
0080310912	2012	10	8	282	-9999
0080310912	2012	10	9	283	-9999
0080310912	2012	10	10	284	-9999
0080310912	2012	10	11	285	-9999
0080310912	2012	10	12	286	-9999
0080310912	2012	10	13	287	-9999
0080310912	2012	10	14	288	-9999
0080310912	2012	10	15	289	-9999
0080310912	2012	10	16	290	-9999
0080310912	2012	10	17	291	-9999
0080310912	2012	10	18	292	-9999
0080310912	2012	10	19	293	-9999
0080310912	2012	10	20	294	-9999
0080310912	2012	10	21	295	-9999
0080310912	2012	10	22	296	-9999
0080310912	2012	10	23	297	-9999
0080310912	2012	10	24	298	-9999
0080310912	2012	10	25	299	-9999
0080310912	2012	10	26	300	-9999
0080310912	2012	10	27	301	-9999
0080310912	2012	10	28	302	-9999
0080310912	2012	10	29	303	-9999
0080310912	2012	10	30	304	-9999
0080310912	2012	10	31	305	-9999
0080310912	2012	11	1	306	-9999
0080310912	2012	11	2	307	-9999
0080310912	2012	11	3	308	-9999
0080310912	2012	11	4	309	-9999
0080310912	2012	11	5	310	-9999
0080310912	2012	11	6	311	-9999
0080310912	2012	11	7	312	-9999
0080310912	2012	11	8	313	-9999
0080310912	2012	11	9	314	-9999
0080310912	2012	11	10	315	-9999
0080310912	2012	11	11	316	-9999
0080310912	2012	11	12	317	-9999
0080310912	2012	11	13	318	-9999
0080310912	2012	11	14	319	-9999
0080310912	2012	11	15	320	-9999
0080310912	2012	11	16	321	-9999
0080310912	2012	11	17	322	-9999
0080310912	2012	11	18	323	-9999
0080310912	2012	11	19	324	-9999
0080310912	2012	11	20	325	-9999
0080310912	2012	11	21	326	-9999
0080310912	2012	11	22	327	-9999
0080310912	2012	11	23	328	-9999
0080310912	2012	11	24	329	-9999
0080310912	2012	11	25	330	-9999
0080310912	2012	11	26	331	-9999
0080310912	2012	11	27	332	-9999
0080310912	2012	11	28	333	-9999
0080310912	2012	11	29	334	-9999
0080310912	2012	11	30	335	-9999
0080310912	2012	12	1	336	-9999
0080310912	2012	12	2	337	-9999
0080310912	2012	12	3	338	-9999
0080310912	2012	12	4	339	-9999
0080310912	2012	12	5	340	-9999
0080310912	2012	12	6	341	-9999
0080310912	2012	12	7	342	-9999
0080310912	2012	12	8	343	-9999
0080310912	2012	12	9	344	-9999
0080310912	2012	12	10	345	-9999
0080310912	2012	12	11	346	-9999
0080310912	2012	12	12	347	-9999
0080310912	2012	12	13	348	-9999
0080310912	2012	12	14	349	-9999
0080310912	2012	12	15	350	-9999
0080310912	2012	12	16	351	-9999
0080310912	2012	12	17	352	-9999
0080310912	2012	12	18	353	-9999
0080310912	2012	12	19	354	-9999
0080310912	2012	12	20	355	-9999
0080310912	2012	12	21	356	-9999
0080310912	2012	12	22	357	-9999
0080310912	2012	12	23	358	-9999
0080310912	2012	12	24	359	-9999
0080310912	2012	12	25	360	-9999
0080310912	2012	12	26	361	-9999
0080310912	2012	12	27	362	-9999
0080310912	2012	12	28	363	-9999
0080310912	2012	12	29	364	-9999
0080310912	2012	12	30	365	-9999
0080310912	2012	12	31	366	-9999
