stationID	Y	M	D	DOY	depth_26
0080040910	2011	1	1	1	-9999
0080040910	2011	1	2	2	-9999
0080040910	2011	1	3	3	-9999
0080040910	2011	1	4	4	-9999
0080040910	2011	1	5	5	-9999
0080040910	2011	1	6	6	-9999
0080040910	2011	1	7	7	-9999
0080040910	2011	1	8	8	-9999
0080040910	2011	1	9	9	-9999
0080040910	2011	1	10	10	0.092667
0080040910	2011	1	11	11	0.092667
0080040910	2011	1	12	12	0.092667
0080040910	2011	1	13	13	0.092667
0080040910	2011	1	14	14	0.092667
0080040910	2011	1	15	15	0.092667
0080040910	2011	1	16	16	0.092667
0080040910	2011	1	17	17	0.092667
0080040910	2011	1	18	18	0.092667
0080040910	2011	1	19	19	0.092667
0080040910	2011	1	20	20	0.089
0080040910	2011	1	21	21	0.08413
0080040910	2011	1	22	22	0.078905
0080040910	2011	1	23	23	0.077682
0080040910	2011	1	24	24	0.07725
0080040910	2011	1	25	25	0.072864
0080040910	2011	1	26	26	0.075917
0080040910	2011	1	27	27	0.072542
0080040910	2011	1	28	28	0.071619
0080040910	2011	1	29	29	0.075292
0080040910	2011	1	30	30	0.071167
0080040910	2011	1	31	31	0.076682
0080040910	2011	2	1	32	0.078429
0080040910	2011	2	2	33	0.069625
0080040910	2011	2	3	34	0.063
0080040910	2011	2	4	35	0.062524
0080040910	2011	2	5	36	0.062958
0080040910	2011	2	6	37	0.070375
0080040910	2011	2	7	38	0.068045
0080040910	2011	2	8	39	0.06915
0080040910	2011	2	9	40	0.076273
0080040910	2011	2	10	41	0.0725
0080040910	2011	2	11	42	0.071667
0080040910	2011	2	12	43	0.065458
0080040910	2011	2	13	44	0.067409
0080040910	2011	2	14	45	0.068708
0080040910	2011	2	15	46	0.069652
0080040910	2011	2	16	47	0.070174
0080040910	2011	2	17	48	0.078333
0080040910	2011	2	18	49	0.072
0080040910	2011	2	19	50	0.076292
0080040910	2011	2	20	51	0.072818
0080040910	2011	2	21	52	0.073083
0080040910	2011	2	22	53	0.061364
0080040910	2011	2	23	54	0.065636
0080040910	2011	2	24	55	0.06675
0080040910	2011	2	25	56	0.061545
0080040910	2011	2	26	57	0.063375
0080040910	2011	2	27	58	0.076292
0080040910	2011	2	28	59	0.071364
0080040910	2011	3	1	60	0.07275
0080040910	2011	3	2	61	0.069625
0080040910	2011	3	3	62	0.073955
0080040910	2011	3	4	63	0.068909
0080040910	2011	3	5	64	0.0635
0080040910	2011	3	6	65	0.063364
0080040910	2011	3	7	66	0.070455
0080040910	2011	3	8	67	0.067167
0080040910	2011	3	9	68	0.06495
0080040910	2011	3	10	69	0.057818
0080040910	2011	3	11	70	0.063
0080040910	2011	3	12	71	0.061792
0080040910	2011	3	13	72	0.062
0080040910	2011	3	14	73	0.060208
0080040910	2011	3	15	74	0.064318
0080040910	2011	3	16	75	0.063091
0080040910	2011	3	17	76	0.058333
0080040910	2011	3	18	77	0.064167
0080040910	2011	3	19	78	0.063364
0080040910	2011	3	20	79	0.059625
0080040910	2011	3	21	80	0.06275
0080040910	2011	3	22	81	0.0678
0080040910	2011	3	23	82	0.060417
0080040910	2011	3	24	83	0.0577
0080040910	2011	3	25	84	0.05885
0080040910	2011	3	26	85	0.063
0080040910	2011	3	27	86	0.064955
0080040910	2011	3	28	87	0.061292
0080040910	2011	3	29	88	0.060417
0080040910	2011	3	30	89	0.060125
0080040910	2011	3	31	90	0.058042
0080040910	2011	4	1	91	0.06
0080040910	2011	4	2	92	0.05775
0080040910	2011	4	3	93	0.060042
0080040910	2011	4	4	94	0.056545
0080040910	2011	4	5	95	0.055417
0080040910	2011	4	6	96	0.06075
0080040910	2011	4	7	97	0.065167
0080040910	2011	4	8	98	0.062136
0080040910	2011	4	9	99	0.067091
0080040910	2011	4	10	100	0.057818
0080040910	2011	4	11	101	0.055667
0080040910	2011	4	12	102	0.054913
0080040910	2011	4	13	103	0.05713
0080040910	2011	4	14	104	0.055591
0080040910	2011	4	15	105	0.055
0080040910	2011	4	16	106	0.054625
0080040910	2011	4	17	107	0.055917
0080040910	2011	4	18	108	0.056333
0080040910	2011	4	19	109	0.057292
0080040910	2011	4	20	110	0.057458
0080040910	2011	4	21	111	0.055762
0080040910	2011	4	22	112	0.057174
0080040910	2011	4	23	113	0.057409
0080040910	2011	4	24	114	0.058864
0080040910	2011	4	25	115	0.056773
0080040910	2011	4	26	116	0.05975
0080040910	2011	4	27	117	0.053727
0080040910	2011	4	28	118	0.0557
0080040910	2011	4	29	119	0.053409
0080040910	2011	4	30	120	0.0555
0080040910	2011	5	1	121	0.049136
0080040910	2011	5	2	122	0.04775
0080040910	2011	5	3	123	0.049292
0080040910	2011	5	4	124	0.048292
0080040910	2011	5	5	125	0.052042
0080040910	2011	5	6	126	0.049727
0080040910	2011	5	7	127	0.047458
0080040910	2011	5	8	128	0.047833
0080040910	2011	5	9	129	0.050955
0080040910	2011	5	10	130	0.053417
0080040910	2011	5	11	131	0.051333
0080040910	2011	5	12	132	0.051958
0080040910	2011	5	13	133	0.04995
0080040910	2011	5	14	134	0.050708
0080040910	2011	5	15	135	0.047542
0080040910	2011	5	16	136	0.047818
0080040910	2011	5	17	137	0.052458
0080040910	2011	5	18	138	0.05525
0080040910	2011	5	19	139	0.055167
0080040910	2011	5	20	140	0.049583
0080040910	2011	5	21	141	0.052958
0080040910	2011	5	22	142	0.049958
0080040910	2011	5	23	143	0.051333
0080040910	2011	5	24	144	0.047208
0080040910	2011	5	25	145	0.046864
0080040910	2011	5	26	146	0.049727
0080040910	2011	5	27	147	0.045833
0080040910	2011	5	28	148	0.055909
0080040910	2011	5	29	149	0.054792
0080040910	2011	5	30	150	0.055409
0080040910	2011	5	31	151	0.049222
0080040910	2011	6	1	152	0.051087
0080040910	2011	6	2	153	0.045739
0080040910	2011	6	3	154	0.049625
0080040910	2011	6	4	155	0.050333
0080040910	2011	6	5	156	0.046167
0080040910	2011	6	6	157	0.053045
0080040910	2011	6	7	158	0.050136
0080040910	2011	6	8	159	0.048455
0080040910	2011	6	9	160	0.046773
0080040910	2011	6	10	161	0.048792
0080040910	2011	6	11	162	0.046364
0080040910	2011	6	12	163	0.045955
0080040910	2011	6	13	164	0.0463
0080040910	2011	6	14	165	0.045304
0080040910	2011	6	15	166	0.048435
0080040910	2011	6	16	167	0.045682
0080040910	2011	6	17	168	0.045636
0080040910	2011	6	18	169	0.050167
0080040910	2011	6	19	170	0.0465
0080040910	2011	6	20	171	0.049167
0080040910	2011	6	21	172	0.047542
0080040910	2011	6	22	173	0.045
0080040910	2011	6	23	174	0.0465
0080040910	2011	6	24	175	0.050542
0080040910	2011	6	25	176	0.046727
0080040910	2011	6	26	177	0.048833
0080040910	2011	6	27	178	0.0485
0080040910	2011	6	28	179	0.048542
0080040910	2011	6	29	180	0.058375
0080040910	2011	6	30	181	0.1103
0080040910	2011	7	1	182	0.090792
0080040910	2011	7	2	183	0.084625
0080040910	2011	7	3	184	0.087042
0080040910	2011	7	4	185	0.10559
0080040910	2011	7	5	186	0.13458
0080040910	2011	7	6	187	0.11355
0080040910	2011	7	7	188	0.11154
0080040910	2011	7	8	189	0.10288
0080040910	2011	7	9	190	0.104
0080040910	2011	7	10	191	0.1185
0080040910	2011	7	11	192	0.11032
0080040910	2011	7	12	193	0.10367
0080040910	2011	7	13	194	0.08915
0080040910	2011	7	14	195	0.077
0080040910	2011	7	15	196	0.074913
0080040910	2011	7	16	197	0.069842
0080040910	2011	7	17	198	0.083818
0080040910	2011	7	18	199	0.14123
0080040910	2011	7	19	200	0.1868
0080040910	2011	7	20	201	0.17285
0080040910	2011	7	21	202	0.19867
0080040910	2011	7	22	203	0.1841
0080040910	2011	7	23	204	0.1619
0080040910	2011	7	24	205	0.21325
0080040910	2011	7	25	206	0.21535
0080040910	2011	7	26	207	0.21745
0080040910	2011	7	27	208	0.18591
0080040910	2011	7	28	209	0.17846
0080040910	2011	7	29	210	0.20629
0080040910	2011	7	30	211	0.19975
0080040910	2011	7	31	212	0.1751
0080040910	2011	8	1	213	0.202115
0080040910	2011	8	2	214	0.22913
0080040910	2011	8	3	215	0.22913
0080040910	2011	8	4	216	0.22913
0080040910	2011	8	5	217	0.22913
0080040910	2011	8	6	218	0.22329
0080040910	2011	8	7	219	0.21745
0080040910	2011	8	8	220	0.21188
0080040910	2011	8	9	221	0.19642
0080040910	2011	8	10	222	0.18527
0080040910	2011	8	11	223	0.19705
0080040910	2011	8	12	224	0.18767
0080040910	2011	8	13	225	0.19071
0080040910	2011	8	14	226	0.209195
0080040910	2011	8	15	227	0.22768
0080040910	2011	8	16	228	0.22768
0080040910	2011	8	17	229	0.22768
0080040910	2011	8	18	230	0.22768
0080040910	2011	8	19	231	0.22768
0080040910	2011	8	20	232	0.22768
0080040910	2011	8	21	233	0.22768
0080040910	2011	8	22	234	0.22768
0080040910	2011	8	23	235	0.20475
0080040910	2011	8	24	236	0.20083
0080040910	2011	8	25	237	0.20594
0080040910	2011	8	26	238	0.19504
0080040910	2011	8	27	239	0.1805
0080040910	2011	8	28	240	0.17172
0080040910	2011	8	29	241	0.16115
0080040910	2011	8	30	242	0.16083
0080040910	2011	8	31	243	0.14977
0080040910	2011	9	1	244	0.16192
0080040910	2011	9	2	245	0.1545
0080040910	2011	9	3	246	0.14145
0080040910	2011	9	4	247	0.13425
0080040910	2011	9	5	248	0.14638
0080040910	2011	9	6	249	0.14464
0080040910	2011	9	7	250	0.13304
0080040910	2011	9	8	251	0.1175
0080040910	2011	9	9	252	0.12488
0080040910	2011	9	10	253	0.22229
0080040910	2011	9	11	254	0.21327
0080040910	2011	9	12	255	0.20323
0080040910	2011	9	13	256	0.20959
0080040910	2011	9	14	257	0.216565
0080040910	2011	9	15	258	0.22354
0080040910	2011	9	16	259	0.22354
0080040910	2011	9	17	260	0.19808
0080040910	2011	9	18	261	0.187
0080040910	2011	9	19	262	0.16286
0080040910	2011	9	20	263	0.16371
0080040910	2011	9	21	264	0.1545
0080040910	2011	9	22	265	0.1694
0080040910	2011	9	23	266	0.1485
0080040910	2011	9	24	267	0.13918
0080040910	2011	9	25	268	0.13273
0080040910	2011	9	26	269	0.13513
0080040910	2011	9	27	270	0.1365
0080040910	2011	9	28	271	0.13263
0080040910	2011	9	29	272	0.13159
0080040910	2011	9	30	273	0.12357
0080040910	2011	10	1	274	0.12463
0080040910	2011	10	2	275	0.148
0080040910	2011	10	3	276	0.13879
0080040910	2011	10	4	277	0.14686
0080040910	2011	10	5	278	0.13125
0080040910	2011	10	6	279	0.12367
0080040910	2011	10	7	280	0.12618
0080040910	2011	10	8	281	0.0964
0080040910	2011	10	9	282	0.094583
0080040910	2011	10	10	283	0.092864
0080040910	2011	10	11	284	0.0897
0080040910	2011	10	12	285	0.090045
0080040910	2011	10	13	286	0.095042
0080040910	2011	10	14	287	0.097917
0080040910	2011	10	15	288	0.0938
0080040910	2011	10	16	289	0.096136
0080040910	2011	10	17	290	0.093458
0080040910	2011	10	18	291	0.0965
0080040910	2011	10	19	292	0.089292
0080040910	2011	10	20	293	0.090292
0080040910	2011	10	21	294	0.10117
0080040910	2011	10	22	295	0.1002
0080040910	2011	10	23	296	0.094708
0080040910	2011	10	24	297	0.095125
0080040910	2011	10	25	298	0.097208
0080040910	2011	10	26	299	0.0955
0080040910	2011	10	27	300	0.086455
0080040910	2011	10	28	301	0.083292
0080040910	2011	10	29	302	0.082091
0080040910	2011	10	30	303	0.081292
0080040910	2011	10	31	304	0.080042
0080040910	2011	11	1	305	0.077864
0080040910	2011	11	2	306	0.082583
0080040910	2011	11	3	307	0.071875
0080040910	2011	11	4	308	0.07575
0080040910	2011	11	5	309	0.084
0080040910	2011	11	6	310	0.077167
0080040910	2011	11	7	311	0.078833
0080040910	2011	11	8	312	0.072526
0080040910	2011	11	9	313	0.075542
0080040910	2011	11	10	314	0.072792
0080040910	2011	11	11	315	0.072667
0080040910	2011	11	12	316	0.075455
0080040910	2011	11	13	317	0.096708
0080040910	2011	11	14	318	0.11585
0080040910	2011	11	15	319	0.1043
0080040910	2011	11	16	320	0.1
0080040910	2011	11	17	321	0.0957
0080040910	2011	11	18	322	0.092708
0080040910	2011	11	19	323	0.084958
0080040910	2011	11	20	324	0.097864
0080040910	2011	11	21	325	0.088583
0080040910	2011	11	22	326	0.08525
0080040910	2011	11	23	327	0.077682
0080040910	2011	11	24	328	0.085045
0080040910	2011	11	25	329	0.095208
0080040910	2011	11	26	330	0.089083
0080040910	2011	11	27	331	0.075875
0080040910	2011	11	28	332	0.072636
0080040910	2011	11	29	333	0.076273
0080040910	2011	11	30	334	0.077591
0080040910	2011	12	1	335	0.082833
0080040910	2011	12	2	336	0.08725
0080040910	2011	12	3	337	0.076417
0080040910	2011	12	4	338	0.084
0080040910	2011	12	5	339	0.079095
0080040910	2011	12	6	340	0.073042
0080040910	2011	12	7	341	0.064167
0080040910	2011	12	8	342	0.06875
0080040910	2011	12	9	343	0.069042
0080040910	2011	12	10	344	0.07675
0080040910	2011	12	11	345	0.079364
0080040910	2011	12	12	346	0.09
0080040910	2011	12	13	347	0.1475
0080040910	2011	12	14	348	0.16833
0080040910	2011	12	15	349	0.16583
0080040910	2011	12	16	350	0.1555
0080040910	2011	12	17	351	0.16055
0080040910	2011	12	18	352	0.15408
0080040910	2011	12	19	353	0.15196
0080040910	2011	12	20	354	0.15308
0080040910	2011	12	21	355	0.14595
0080040910	2011	12	22	356	0.14054
0080040910	2011	12	23	357	0.13313
0080040910	2011	12	24	358	0.1284
0080040910	2011	12	25	359	0.118
0080040910	2011	12	26	360	0.12492
0080040910	2011	12	27	361	0.12259
0080040910	2011	12	28	362	0.12458
0080040910	2011	12	29	363	0.12655
0080040910	2011	12	30	364	0.12541
0080040910	2011	12	31	365	0.12767
0080040910	2012	1	1	1	0.12123
0080040910	2012	1	2	2	0.11718
0080040910	2012	1	3	3	0.11783
0080040910	2012	1	4	4	0.1122
0080040910	2012	1	5	5	0.11671
0080040910	2012	1	6	6	0.11332
0080040910	2012	1	7	7	0.10845
0080040910	2012	1	8	8	0.1105
0080040910	2012	1	9	9	0.11054
0080040910	2012	1	10	10	0.10945
0080040910	2012	1	11	11	0.10795
0080040910	2012	1	12	12	0.11079
0080040910	2012	1	13	13	0.108
0080040910	2012	1	14	14	0.10438
0080040910	2012	1	15	15	0.11709
0080040910	2012	1	16	16	0.1295
0080040910	2012	1	17	17	0.11688
0080040910	2012	1	18	18	0.11021
0080040910	2012	1	19	19	0.10364
0080040910	2012	1	20	20	0.097292
0080040910	2012	1	21	21	0.097174
0080040910	2012	1	22	22	0.10604
0080040910	2012	1	23	23	0.099542
0080040910	2012	1	24	24	0.10933
0080040910	2012	1	25	25	0.10095
0080040910	2012	1	26	26	0.098875
0080040910	2012	1	27	27	0.10132
0080040910	2012	1	28	28	0.10696
0080040910	2012	1	29	29	0.099591
0080040910	2012	1	30	30	0.10286
0080040910	2012	1	31	31	0.0943
0080040910	2012	2	1	32	0.099545
0080040910	2012	2	2	33	0.0939
0080040910	2012	2	3	34	0.095833
0080040910	2012	2	4	35	0.093417
0080040910	2012	2	5	36	0.094889
0080040910	2012	2	6	37	0.097
0080040910	2012	2	7	38	0.093917
0080040910	2012	2	8	39	0.0996
0080040910	2012	2	9	40	0.10218
0080040910	2012	2	10	41	0.095909
0080040910	2012	2	11	42	0.094591
0080040910	2012	2	12	43	0.099261
0080040910	2012	2	13	44	0.097522
0080040910	2012	2	14	45	0.099591
0080040910	2012	2	15	46	0.085318
0080040910	2012	2	16	47	0.090364
0080040910	2012	2	17	48	0.09755
0080040910	2012	2	18	49	0.10332
0080040910	2012	2	19	50	0.094773
0080040910	2012	2	20	51	0.089917
0080040910	2012	2	21	52	0.086318
0080040910	2012	2	22	53	0.083444
0080040910	2012	2	23	54	0.082136
0080040910	2012	2	24	55	0.081727
0080040910	2012	2	25	56	0.083364
0080040910	2012	2	26	57	0.08175
0080040910	2012	2	27	58	0.08885
0080040910	2012	2	28	59	0.083875
0080040910	2012	2	29	60	0.079409
0080040910	2012	3	1	61	0.0795
0080040910	2012	3	2	62	0.080958
0080040910	2012	3	3	63	0.0715
0080040910	2012	3	4	64	0.074045
0080040910	2012	3	5	65	0.073818
0080040910	2012	3	6	66	0.078455
0080040910	2012	3	7	67	0.082227
0080040910	2012	3	8	68	0.069273
0080040910	2012	3	9	69	0.072333
0080040910	2012	3	10	70	0.077045
0080040910	2012	3	11	71	0.073182
0080040910	2012	3	12	72	0.072625
0080040910	2012	3	13	73	0.067917
0080040910	2012	3	14	74	0.067727
0080040910	2012	3	15	75	0.065955
0080040910	2012	3	16	76	0.068773
0080040910	2012	3	17	77	0.070591
0080040910	2012	3	18	78	0.078792
0080040910	2012	3	19	79	0.074167
0080040910	2012	3	20	80	0.073
0080040910	2012	3	21	81	0.0685
0080040910	2012	3	22	82	0.074958
0080040910	2012	3	23	83	0.073917
0080040910	2012	3	24	84	0.072955
0080040910	2012	3	25	85	0.071708
0080040910	2012	3	26	86	0.070458
0080040910	2012	3	27	87	0.072091
0080040910	2012	3	28	88	0.069136
0080040910	2012	3	29	89	0.068409
0080040910	2012	3	30	90	0.066042
0080040910	2012	3	31	91	0.064208
0080040910	2012	4	1	92	0.066875
0080040910	2012	4	2	93	0.070227
0080040910	2012	4	3	94	0.065667
0080040910	2012	4	4	95	0.0625
0080040910	2012	4	5	96	0.062208
0080040910	2012	4	6	97	0.063833
0080040910	2012	4	7	98	0.062667
0080040910	2012	4	8	99	0.058545
0080040910	2012	4	9	100	0.0619
0080040910	2012	4	10	101	0.061917
0080040910	2012	4	11	102	0.066636
0080040910	2012	4	12	103	0.068042
0080040910	2012	4	13	104	0.065917
0080040910	2012	4	14	105	0.064917
0080040910	2012	4	15	106	0.068417
0080040910	2012	4	16	107	0.063208
0080040910	2012	4	17	108	0.061708
0080040910	2012	4	18	109	0.0605
0080040910	2012	4	19	110	0.063773
0080040910	2012	4	20	111	0.062542
0080040910	2012	4	21	112	0.062917
0080040910	2012	4	22	113	0.059
0080040910	2012	4	23	114	0.066
0080040910	2012	4	24	115	0.0632
0080040910	2012	4	25	116	0.056458
0080040910	2012	4	26	117	0.056045
0080040910	2012	4	27	118	0.056727
0080040910	2012	4	28	119	0.053833
0080040910	2012	4	29	120	0.056
0080040910	2012	4	30	121	0.0555
0080040910	2012	5	1	122	0.056542
0080040910	2012	5	2	123	0.056318
0080040910	2012	5	3	124	0.053583
0080040910	2012	5	4	125	0.05405
0080040910	2012	5	5	126	0.051952
0080040910	2012	5	6	127	0.054652
0080040910	2012	5	7	128	0.051364
0080040910	2012	5	8	129	0.049042
0080040910	2012	5	9	130	0.067409
0080040910	2012	5	10	131	0.13671
0080040910	2012	5	11	132	0.11936
0080040910	2012	5	12	133	0.098208
0080040910	2012	5	13	134	0.09545
0080040910	2012	5	14	135	0.092292
0080040910	2012	5	15	136	0.09
0080040910	2012	5	16	137	0.082375
0080040910	2012	5	17	138	0.084455
0080040910	2012	5	18	139	0.080583
0080040910	2012	5	19	140	0.074833
0080040910	2012	5	20	141	0.072125
0080040910	2012	5	21	142	0.068625
0080040910	2012	5	22	143	0.065909
0080040910	2012	5	23	144	0.068273
0080040910	2012	5	24	145	0.070083
0080040910	2012	5	25	146	0.065455
0080040910	2012	5	26	147	0.066
0080040910	2012	5	27	148	0.060042
0080040910	2012	5	28	149	0.051875
0080040910	2012	5	29	150	0.052
0080040910	2012	5	30	151	0.052143
0080040910	2012	5	31	152	0.052143
0080040910	2012	6	1	153	-9999
0080040910	2012	6	2	154	-9999
0080040910	2012	6	3	155	-9999
0080040910	2012	6	4	156	-9999
0080040910	2012	6	5	157	-9999
0080040910	2012	6	6	158	-9999
0080040910	2012	6	7	159	-9999
0080040910	2012	6	8	160	-9999
0080040910	2012	6	9	161	-9999
0080040910	2012	6	10	162	-9999
0080040910	2012	6	11	163	-9999
0080040910	2012	6	12	164	-9999
0080040910	2012	6	13	165	-9999
0080040910	2012	6	14	166	-9999
0080040910	2012	6	15	167	-9999
0080040910	2012	6	16	168	-9999
0080040910	2012	6	17	169	-9999
0080040910	2012	6	18	170	-9999
0080040910	2012	6	19	171	-9999
0080040910	2012	6	20	172	-9999
0080040910	2012	6	21	173	-9999
0080040910	2012	6	22	174	-9999
0080040910	2012	6	23	175	-9999
0080040910	2012	6	24	176	-9999
0080040910	2012	6	25	177	-9999
0080040910	2012	6	26	178	-9999
0080040910	2012	6	27	179	-9999
0080040910	2012	6	28	180	-9999
0080040910	2012	6	29	181	-9999
0080040910	2012	6	30	182	-9999
0080040910	2012	7	1	183	-9999
0080040910	2012	7	2	184	-9999
0080040910	2012	7	3	185	-9999
0080040910	2012	7	4	186	-9999
0080040910	2012	7	5	187	-9999
0080040910	2012	7	6	188	-9999
0080040910	2012	7	7	189	-9999
0080040910	2012	7	8	190	-9999
0080040910	2012	7	9	191	-9999
0080040910	2012	7	10	192	-9999
0080040910	2012	7	11	193	-9999
0080040910	2012	7	12	194	-9999
0080040910	2012	7	13	195	-9999
0080040910	2012	7	14	196	-9999
0080040910	2012	7	15	197	-9999
0080040910	2012	7	16	198	-9999
0080040910	2012	7	17	199	-9999
0080040910	2012	7	18	200	-9999
0080040910	2012	7	19	201	-9999
0080040910	2012	7	20	202	-9999
0080040910	2012	7	21	203	-9999
0080040910	2012	7	22	204	-9999
0080040910	2012	7	23	205	-9999
0080040910	2012	7	24	206	-9999
0080040910	2012	7	25	207	-9999
0080040910	2012	7	26	208	-9999
0080040910	2012	7	27	209	-9999
0080040910	2012	7	28	210	-9999
0080040910	2012	7	29	211	-9999
0080040910	2012	7	30	212	-9999
0080040910	2012	7	31	213	-9999
0080040910	2012	8	1	214	-9999
0080040910	2012	8	2	215	-9999
0080040910	2012	8	3	216	-9999
0080040910	2012	8	4	217	-9999
0080040910	2012	8	5	218	-9999
0080040910	2012	8	6	219	-9999
0080040910	2012	8	7	220	-9999
0080040910	2012	8	8	221	-9999
0080040910	2012	8	9	222	-9999
0080040910	2012	8	10	223	-9999
0080040910	2012	8	11	224	-9999
0080040910	2012	8	12	225	-9999
0080040910	2012	8	13	226	-9999
0080040910	2012	8	14	227	-9999
0080040910	2012	8	15	228	-9999
0080040910	2012	8	16	229	-9999
0080040910	2012	8	17	230	-9999
0080040910	2012	8	18	231	-9999
0080040910	2012	8	19	232	-9999
0080040910	2012	8	20	233	-9999
0080040910	2012	8	21	234	-9999
0080040910	2012	8	22	235	-9999
0080040910	2012	8	23	236	-9999
0080040910	2012	8	24	237	-9999
0080040910	2012	8	25	238	-9999
0080040910	2012	8	26	239	-9999
0080040910	2012	8	27	240	-9999
0080040910	2012	8	28	241	-9999
0080040910	2012	8	29	242	-9999
0080040910	2012	8	30	243	-9999
0080040910	2012	8	31	244	-9999
0080040910	2012	9	1	245	-9999
0080040910	2012	9	2	246	-9999
0080040910	2012	9	3	247	-9999
0080040910	2012	9	4	248	-9999
0080040910	2012	9	5	249	-9999
0080040910	2012	9	6	250	-9999
0080040910	2012	9	7	251	-9999
0080040910	2012	9	8	252	-9999
0080040910	2012	9	9	253	-9999
0080040910	2012	9	10	254	-9999
0080040910	2012	9	11	255	-9999
0080040910	2012	9	12	256	-9999
0080040910	2012	9	13	257	-9999
0080040910	2012	9	14	258	-9999
0080040910	2012	9	15	259	-9999
0080040910	2012	9	16	260	-9999
0080040910	2012	9	17	261	-9999
0080040910	2012	9	18	262	-9999
0080040910	2012	9	19	263	-9999
0080040910	2012	9	20	264	-9999
0080040910	2012	9	21	265	-9999
0080040910	2012	9	22	266	-9999
0080040910	2012	9	23	267	-9999
0080040910	2012	9	24	268	-9999
0080040910	2012	9	25	269	-9999
0080040910	2012	9	26	270	-9999
0080040910	2012	9	27	271	-9999
0080040910	2012	9	28	272	-9999
0080040910	2012	9	29	273	-9999
0080040910	2012	9	30	274	-9999
0080040910	2012	10	1	275	-9999
0080040910	2012	10	2	276	-9999
0080040910	2012	10	3	277	-9999
0080040910	2012	10	4	278	-9999
0080040910	2012	10	5	279	-9999
0080040910	2012	10	6	280	-9999
0080040910	2012	10	7	281	-9999
0080040910	2012	10	8	282	-9999
0080040910	2012	10	9	283	-9999
0080040910	2012	10	10	284	-9999
0080040910	2012	10	11	285	-9999
0080040910	2012	10	12	286	-9999
0080040910	2012	10	13	287	-9999
0080040910	2012	10	14	288	-9999
0080040910	2012	10	15	289	-9999
0080040910	2012	10	16	290	-9999
0080040910	2012	10	17	291	-9999
0080040910	2012	10	18	292	-9999
0080040910	2012	10	19	293	-9999
0080040910	2012	10	20	294	-9999
0080040910	2012	10	21	295	-9999
0080040910	2012	10	22	296	-9999
0080040910	2012	10	23	297	-9999
0080040910	2012	10	24	298	-9999
0080040910	2012	10	25	299	-9999
0080040910	2012	10	26	300	-9999
0080040910	2012	10	27	301	-9999
0080040910	2012	10	28	302	-9999
0080040910	2012	10	29	303	-9999
0080040910	2012	10	30	304	-9999
0080040910	2012	10	31	305	-9999
0080040910	2012	11	1	306	-9999
0080040910	2012	11	2	307	-9999
0080040910	2012	11	3	308	-9999
0080040910	2012	11	4	309	-9999
0080040910	2012	11	5	310	-9999
0080040910	2012	11	6	311	-9999
0080040910	2012	11	7	312	-9999
0080040910	2012	11	8	313	-9999
0080040910	2012	11	9	314	-9999
0080040910	2012	11	10	315	-9999
0080040910	2012	11	11	316	-9999
0080040910	2012	11	12	317	-9999
0080040910	2012	11	13	318	-9999
0080040910	2012	11	14	319	-9999
0080040910	2012	11	15	320	-9999
0080040910	2012	11	16	321	-9999
0080040910	2012	11	17	322	-9999
0080040910	2012	11	18	323	-9999
0080040910	2012	11	19	324	-9999
0080040910	2012	11	20	325	-9999
0080040910	2012	11	21	326	-9999
0080040910	2012	11	22	327	-9999
0080040910	2012	11	23	328	-9999
0080040910	2012	11	24	329	-9999
0080040910	2012	11	25	330	-9999
0080040910	2012	11	26	331	-9999
0080040910	2012	11	27	332	-9999
0080040910	2012	11	28	333	-9999
0080040910	2012	11	29	334	-9999
0080040910	2012	11	30	335	-9999
0080040910	2012	12	1	336	-9999
0080040910	2012	12	2	337	-9999
0080040910	2012	12	3	338	-9999
0080040910	2012	12	4	339	-9999
0080040910	2012	12	5	340	-9999
0080040910	2012	12	6	341	-9999
0080040910	2012	12	7	342	-9999
0080040910	2012	12	8	343	-9999
0080040910	2012	12	9	344	-9999
0080040910	2012	12	10	345	-9999
0080040910	2012	12	11	346	-9999
0080040910	2012	12	12	347	-9999
0080040910	2012	12	13	348	-9999
0080040910	2012	12	14	349	-9999
0080040910	2012	12	15	350	-9999
0080040910	2012	12	16	351	-9999
0080040910	2012	12	17	352	-9999
0080040910	2012	12	18	353	-9999
0080040910	2012	12	19	354	-9999
0080040910	2012	12	20	355	-9999
0080040910	2012	12	21	356	-9999
0080040910	2012	12	22	357	-9999
0080040910	2012	12	23	358	-9999
0080040910	2012	12	24	359	-9999
0080040910	2012	12	25	360	-9999
0080040910	2012	12	26	361	-9999
0080040910	2012	12	27	362	-9999
0080040910	2012	12	28	363	-9999
0080040910	2012	12	29	364	-9999
0080040910	2012	12	30	365	-9999
0080040910	2012	12	31	366	-9999
