stationID	Y	M	D	DOY	depth_5
0150140812	2008	1	1	1	-9999
0150140812	2008	1	2	2	-9999
0150140812	2008	1	3	3	-9999
0150140812	2008	1	4	4	-9999
0150140812	2008	1	5	5	-9999
0150140812	2008	1	6	6	-9999
0150140812	2008	1	7	7	-9999
0150140812	2008	1	8	8	-9999
0150140812	2008	1	9	9	-9999
0150140812	2008	1	10	10	-9999
0150140812	2008	1	11	11	-9999
0150140812	2008	1	12	12	-9999
0150140812	2008	1	13	13	-9999
0150140812	2008	1	14	14	-9999
0150140812	2008	1	15	15	-9999
0150140812	2008	1	16	16	-9999
0150140812	2008	1	17	17	-9999
0150140812	2008	1	18	18	-9999
0150140812	2008	1	19	19	-9999
0150140812	2008	1	20	20	-9999
0150140812	2008	1	21	21	-9999
0150140812	2008	1	22	22	-9999
0150140812	2008	1	23	23	-9999
0150140812	2008	1	24	24	-9999
0150140812	2008	1	25	25	-9999
0150140812	2008	1	26	26	-9999
0150140812	2008	1	27	27	-9999
0150140812	2008	1	28	28	-9999
0150140812	2008	1	29	29	-9999
0150140812	2008	1	30	30	-9999
0150140812	2008	1	31	31	-9999
0150140812	2008	2	1	32	-9999
0150140812	2008	2	2	33	-9999
0150140812	2008	2	3	34	-9999
0150140812	2008	2	4	35	-9999
0150140812	2008	2	5	36	-9999
0150140812	2008	2	6	37	-9999
0150140812	2008	2	7	38	-9999
0150140812	2008	2	8	39	-9999
0150140812	2008	2	9	40	-9999
0150140812	2008	2	10	41	-9999
0150140812	2008	2	11	42	-9999
0150140812	2008	2	12	43	-9999
0150140812	2008	2	13	44	-9999
0150140812	2008	2	14	45	-9999
0150140812	2008	2	15	46	-9999
0150140812	2008	2	16	47	-9999
0150140812	2008	2	17	48	-9999
0150140812	2008	2	18	49	-9999
0150140812	2008	2	19	50	-9999
0150140812	2008	2	20	51	-9999
0150140812	2008	2	21	52	-9999
0150140812	2008	2	22	53	-9999
0150140812	2008	2	23	54	-9999
0150140812	2008	2	24	55	-9999
0150140812	2008	2	25	56	-9999
0150140812	2008	2	26	57	-9999
0150140812	2008	2	27	58	-9999
0150140812	2008	2	28	59	-9999
0150140812	2008	2	29	60	-9999
0150140812	2008	3	1	61	-9999
0150140812	2008	3	2	62	-9999
0150140812	2008	3	3	63	-9999
0150140812	2008	3	4	64	-9999
0150140812	2008	3	5	65	-9999
0150140812	2008	3	6	66	-9999
0150140812	2008	3	7	67	-9999
0150140812	2008	3	8	68	-9999
0150140812	2008	3	9	69	-9999
0150140812	2008	3	10	70	-9999
0150140812	2008	3	11	71	-9999
0150140812	2008	3	12	72	-9999
0150140812	2008	3	13	73	-9999
0150140812	2008	3	14	74	-9999
0150140812	2008	3	15	75	-9999
0150140812	2008	3	16	76	-9999
0150140812	2008	3	17	77	-9999
0150140812	2008	3	18	78	-9999
0150140812	2008	3	19	79	-9999
0150140812	2008	3	20	80	-9999
0150140812	2008	3	21	81	-9999
0150140812	2008	3	22	82	-9999
0150140812	2008	3	23	83	-9999
0150140812	2008	3	24	84	-9999
0150140812	2008	3	25	85	-9999
0150140812	2008	3	26	86	-9999
0150140812	2008	3	27	87	-9999
0150140812	2008	3	28	88	-9999
0150140812	2008	3	29	89	-9999
0150140812	2008	3	30	90	-9999
0150140812	2008	3	31	91	-9999
0150140812	2008	4	1	92	-9999
0150140812	2008	4	2	93	-9999
0150140812	2008	4	3	94	-9999
0150140812	2008	4	4	95	-9999
0150140812	2008	4	5	96	-9999
0150140812	2008	4	6	97	-9999
0150140812	2008	4	7	98	-9999
0150140812	2008	4	8	99	-9999
0150140812	2008	4	9	100	-9999
0150140812	2008	4	10	101	-9999
0150140812	2008	4	11	102	-9999
0150140812	2008	4	12	103	-9999
0150140812	2008	4	13	104	-9999
0150140812	2008	4	14	105	-9999
0150140812	2008	4	15	106	-9999
0150140812	2008	4	16	107	-9999
0150140812	2008	4	17	108	-9999
0150140812	2008	4	18	109	-9999
0150140812	2008	4	19	110	-9999
0150140812	2008	4	20	111	-9999
0150140812	2008	4	21	112	-9999
0150140812	2008	4	22	113	-9999
0150140812	2008	4	23	114	-9999
0150140812	2008	4	24	115	-9999
0150140812	2008	4	25	116	-9999
0150140812	2008	4	26	117	-9999
0150140812	2008	4	27	118	-9999
0150140812	2008	4	28	119	-9999
0150140812	2008	4	29	120	-9999
0150140812	2008	4	30	121	-9999
0150140812	2008	5	1	122	-9999
0150140812	2008	5	2	123	-9999
0150140812	2008	5	3	124	-9999
0150140812	2008	5	4	125	-9999
0150140812	2008	5	5	126	-9999
0150140812	2008	5	6	127	-9999
0150140812	2008	5	7	128	-9999
0150140812	2008	5	8	129	-9999
0150140812	2008	5	9	130	-9999
0150140812	2008	5	10	131	-9999
0150140812	2008	5	11	132	-9999
0150140812	2008	5	12	133	-9999
0150140812	2008	5	13	134	-9999
0150140812	2008	5	14	135	-9999
0150140812	2008	5	15	136	-9999
0150140812	2008	5	16	137	-9999
0150140812	2008	5	17	138	-9999
0150140812	2008	5	18	139	-9999
0150140812	2008	5	19	140	-9999
0150140812	2008	5	20	141	-9999
0150140812	2008	5	21	142	-9999
0150140812	2008	5	22	143	-9999
0150140812	2008	5	23	144	-9999
0150140812	2008	5	24	145	-9999
0150140812	2008	5	25	146	-9999
0150140812	2008	5	26	147	-9999
0150140812	2008	5	27	148	-9999
0150140812	2008	5	28	149	-9999
0150140812	2008	5	29	150	-9999
0150140812	2008	5	30	151	-9999
0150140812	2008	5	31	152	-9999
0150140812	2008	6	1	153	-9999
0150140812	2008	6	2	154	-9999
0150140812	2008	6	3	155	-9999
0150140812	2008	6	4	156	-9999
0150140812	2008	6	5	157	-9999
0150140812	2008	6	6	158	-9999
0150140812	2008	6	7	159	-9999
0150140812	2008	6	8	160	-9999
0150140812	2008	6	9	161	-9999
0150140812	2008	6	10	162	-9999
0150140812	2008	6	11	163	-9999
0150140812	2008	6	12	164	-9999
0150140812	2008	6	13	165	-9999
0150140812	2008	6	14	166	-9999
0150140812	2008	6	15	167	-9999
0150140812	2008	6	16	168	-9999
0150140812	2008	6	17	169	-9999
0150140812	2008	6	18	170	-9999
0150140812	2008	6	19	171	-9999
0150140812	2008	6	20	172	-9999
0150140812	2008	6	21	173	-9999
0150140812	2008	6	22	174	-9999
0150140812	2008	6	23	175	-9999
0150140812	2008	6	24	176	-9999
0150140812	2008	6	25	177	-9999
0150140812	2008	6	26	178	-9999
0150140812	2008	6	27	179	-9999
0150140812	2008	6	28	180	-9999
0150140812	2008	6	29	181	-9999
0150140812	2008	6	30	182	-9999
0150140812	2008	7	1	183	-9999
0150140812	2008	7	2	184	-9999
0150140812	2008	7	3	185	-9999
0150140812	2008	7	4	186	-9999
0150140812	2008	7	5	187	-9999
0150140812	2008	7	6	188	-9999
0150140812	2008	7	7	189	-9999
0150140812	2008	7	8	190	-9999
0150140812	2008	7	9	191	-9999
0150140812	2008	7	10	192	-9999
0150140812	2008	7	11	193	-9999
0150140812	2008	7	12	194	-9999
0150140812	2008	7	13	195	-9999
0150140812	2008	7	14	196	-9999
0150140812	2008	7	15	197	-9999
0150140812	2008	7	16	198	-9999
0150140812	2008	7	17	199	-9999
0150140812	2008	7	18	200	-9999
0150140812	2008	7	19	201	-9999
0150140812	2008	7	20	202	-9999
0150140812	2008	7	21	203	-9999
0150140812	2008	7	22	204	-9999
0150140812	2008	7	23	205	-9999
0150140812	2008	7	24	206	-9999
0150140812	2008	7	25	207	-9999
0150140812	2008	7	26	208	-9999
0150140812	2008	7	27	209	-9999
0150140812	2008	7	28	210	-9999
0150140812	2008	7	29	211	-9999
0150140812	2008	7	30	212	-9999
0150140812	2008	7	31	213	-9999
0150140812	2008	8	1	214	-9999
0150140812	2008	8	2	215	-9999
0150140812	2008	8	3	216	-9999
0150140812	2008	8	4	217	-9999
0150140812	2008	8	5	218	-9999
0150140812	2008	8	6	219	-9999
0150140812	2008	8	7	220	-9999
0150140812	2008	8	8	221	-9999
0150140812	2008	8	9	222	-9999
0150140812	2008	8	10	223	-9999
0150140812	2008	8	11	224	-9999
0150140812	2008	8	12	225	-9999
0150140812	2008	8	13	226	-9999
0150140812	2008	8	14	227	-9999
0150140812	2008	8	15	228	-9999
0150140812	2008	8	16	229	-9999
0150140812	2008	8	17	230	-9999
0150140812	2008	8	18	231	-9999
0150140812	2008	8	19	232	-9999
0150140812	2008	8	20	233	-9999
0150140812	2008	8	21	234	-9999
0150140812	2008	8	22	235	-9999
0150140812	2008	8	23	236	-9999
0150140812	2008	8	24	237	-9999
0150140812	2008	8	25	238	-9999
0150140812	2008	8	26	239	-9999
0150140812	2008	8	27	240	-9999
0150140812	2008	8	28	241	-9999
0150140812	2008	8	29	242	-9999
0150140812	2008	8	30	243	-9999
0150140812	2008	8	31	244	-9999
0150140812	2008	9	1	245	-9999
0150140812	2008	9	2	246	-9999
0150140812	2008	9	3	247	-9999
0150140812	2008	9	4	248	-9999
0150140812	2008	9	5	249	-9999
0150140812	2008	9	6	250	-9999
0150140812	2008	9	7	251	-9999
0150140812	2008	9	8	252	-9999
0150140812	2008	9	9	253	-9999
0150140812	2008	9	10	254	-9999
0150140812	2008	9	11	255	-9999
0150140812	2008	9	12	256	-9999
0150140812	2008	9	13	257	-9999
0150140812	2008	9	14	258	-9999
0150140812	2008	9	15	259	-9999
0150140812	2008	9	16	260	-9999
0150140812	2008	9	17	261	-9999
0150140812	2008	9	18	262	-9999
0150140812	2008	9	19	263	-9999
0150140812	2008	9	20	264	-9999
0150140812	2008	9	21	265	-9999
0150140812	2008	9	22	266	-9999
0150140812	2008	9	23	267	0.239
0150140812	2008	9	24	268	0.239
0150140812	2008	9	25	269	0.239
0150140812	2008	9	26	270	0.239
0150140812	2008	9	27	271	0.239
0150140812	2008	9	28	272	0.239
0150140812	2008	9	29	273	0.239
0150140812	2008	9	30	274	0.239
0150140812	2008	10	1	275	0.239
0150140812	2008	10	2	276	0.239
0150140812	2008	10	3	277	0.252
0150140812	2008	10	4	278	0.246
0150140812	2008	10	5	279	0.238
0150140812	2008	10	6	280	0.232
0150140812	2008	10	7	281	0.231
0150140812	2008	10	8	282	0.229
0150140812	2008	10	9	283	0.225
0150140812	2008	10	10	284	0.217
0150140812	2008	10	11	285	0.217
0150140812	2008	10	12	286	0.216
0150140812	2008	10	13	287	0.213
0150140812	2008	10	14	288	0.21
0150140812	2008	10	15	289	0.206
0150140812	2008	10	16	290	0.202
0150140812	2008	10	17	291	0.198
0150140812	2008	10	18	292	0.201
0150140812	2008	10	19	293	0.202
0150140812	2008	10	20	294	0.201
0150140812	2008	10	21	295	0.2
0150140812	2008	10	22	296	0.198
0150140812	2008	10	23	297	0.196
0150140812	2008	10	24	298	0.194
0150140812	2008	10	25	299	0.192
0150140812	2008	10	26	300	0.189
0150140812	2008	10	27	301	0.208
0150140812	2008	10	28	302	0.21
0150140812	2008	10	29	303	0.27
0150140812	2008	10	30	304	0.271
0150140812	2008	10	31	305	0.26
0150140812	2008	11	1	306	0.252
0150140812	2008	11	2	307	0.242
0150140812	2008	11	3	308	0.239
0150140812	2008	11	4	309	0.235
0150140812	2008	11	5	310	0.232
0150140812	2008	11	6	311	0.233
0150140812	2008	11	7	312	0.24
0150140812	2008	11	8	313	0.243
0150140812	2008	11	9	314	0.247
0150140812	2008	11	10	315	0.259
0150140812	2008	11	11	316	0.261
0150140812	2008	11	12	317	0.261
0150140812	2008	11	13	318	0.256
0150140812	2008	11	14	319	0.274
0150140812	2008	11	15	320	0.285
0150140812	2008	11	16	321	0.289
0150140812	2008	11	17	322	0.297
0150140812	2008	11	18	323	0.291
0150140812	2008	11	19	324	0.29
0150140812	2008	11	20	325	0.289
0150140812	2008	11	21	326	0.284
0150140812	2008	11	22	327	0.286
0150140812	2008	11	23	328	0.29
0150140812	2008	11	24	329	0.286
0150140812	2008	11	25	330	0.283
0150140812	2008	11	26	331	0.316
0150140812	2008	11	27	332	0.305
0150140812	2008	11	28	333	0.298
0150140812	2008	11	29	334	0.294
0150140812	2008	11	30	335	0.292
0150140812	2008	12	1	336	0.312
0150140812	2008	12	2	337	0.312
0150140812	2008	12	3	338	0.309
0150140812	2008	12	4	339	0.304
0150140812	2008	12	5	340	0.297
0150140812	2008	12	6	341	0.299
0150140812	2008	12	7	342	0.295
0150140812	2008	12	8	343	0.295
0150140812	2008	12	9	344	0.292
0150140812	2008	12	10	345	0.288
0150140812	2008	12	11	346	0.299
0150140812	2008	12	12	347	0.328
0150140812	2008	12	13	348	0.322
0150140812	2008	12	14	349	0.312
0150140812	2008	12	15	350	0.303
0150140812	2008	12	16	351	0.295
0150140812	2008	12	17	352	0.313
0150140812	2008	12	18	353	0.328
0150140812	2008	12	19	354	0.315
0150140812	2008	12	20	355	0.325
0150140812	2008	12	21	356	0.323
0150140812	2008	12	22	357	0.326
0150140812	2008	12	23	358	0.312
0150140812	2008	12	24	359	0.292
0150140812	2008	12	25	360	0.286
0150140812	2008	12	26	361	0.301
0150140812	2008	12	27	362	0.3
0150140812	2008	12	28	363	0.31
0150140812	2008	12	29	364	0.302
0150140812	2008	12	30	365	0.308
0150140812	2008	12	31	366	0.306
0150140812	2009	1	1	1	0.302
0150140812	2009	1	2	2	0.293
0150140812	2009	1	3	3	0.284
0150140812	2009	1	4	4	0.279
0150140812	2009	1	5	5	0.273
0150140812	2009	1	6	6	0.27
0150140812	2009	1	7	7	0.271
0150140812	2009	1	8	8	0.332
0150140812	2009	1	9	9	0.325
0150140812	2009	1	10	10	0.307
0150140812	2009	1	11	11	0.295
0150140812	2009	1	12	12	0.293
0150140812	2009	1	13	13	0.29
0150140812	2009	1	14	14	0.283
0150140812	2009	1	15	15	0.278
0150140812	2009	1	16	16	0.272
0150140812	2009	1	17	17	0.247
0150140812	2009	1	18	18	0.218
0150140812	2009	1	19	19	0.207
0150140812	2009	1	20	20	0.207
0150140812	2009	1	21	21	0.206
0150140812	2009	1	22	22	0.202
0150140812	2009	1	23	23	0.195
0150140812	2009	1	24	24	0.192
0150140812	2009	1	25	25	0.196
0150140812	2009	1	26	26	0.195
0150140812	2009	1	27	27	0.191
0150140812	2009	1	28	28	0.19
0150140812	2009	1	29	29	0.194
0150140812	2009	1	30	30	0.201
0150140812	2009	1	31	31	0.2
0150140812	2009	2	1	32	0.19
0150140812	2009	2	2	33	0.179
0150140812	2009	2	3	34	0.18
0150140812	2009	2	4	35	0.187
0150140812	2009	2	5	36	0.194
0150140812	2009	2	6	37	0.2
0150140812	2009	2	7	38	0.2
0150140812	2009	2	8	39	0.205
0150140812	2009	2	9	40	0.223
0150140812	2009	2	10	41	0.23
0150140812	2009	2	11	42	0.235
0150140812	2009	2	12	43	0.256
0150140812	2009	2	13	44	0.303
0150140812	2009	2	14	45	0.305
0150140812	2009	2	15	46	0.301
0150140812	2009	2	16	47	0.298
0150140812	2009	2	17	48	0.293
0150140812	2009	2	18	49	0.287
0150140812	2009	2	19	50	0.285
0150140812	2009	2	20	51	0.306
0150140812	2009	2	21	52	0.292
0150140812	2009	2	22	53	0.28
0150140812	2009	2	23	54	0.28
0150140812	2009	2	24	55	0.279
0150140812	2009	2	25	56	0.272
0150140812	2009	2	26	57	0.266
0150140812	2009	2	27	58	0.266
0150140812	2009	2	28	59	0.27
0150140812	2009	3	1	60	0.278
0150140812	2009	3	2	61	0.285
0150140812	2009	3	3	62	0.293
0150140812	2009	3	4	63	0.294
0150140812	2009	3	5	64	0.29
0150140812	2009	3	6	65	0.295
0150140812	2009	3	7	66	0.31
0150140812	2009	3	8	67	0.296
0150140812	2009	3	9	68	0.284
0150140812	2009	3	10	69	0.28
0150140812	2009	3	11	70	0.28
0150140812	2009	3	12	71	0.277
0150140812	2009	3	13	72	0.278
0150140812	2009	3	14	73	0.275
0150140812	2009	3	15	74	0.271
0150140812	2009	3	16	75	0.269
0150140812	2009	3	17	76	0.268
0150140812	2009	3	18	77	0.266
0150140812	2009	3	19	78	0.264
0150140812	2009	3	20	79	0.264
0150140812	2009	3	21	80	0.277
0150140812	2009	3	22	81	0.281
0150140812	2009	3	23	82	0.276
0150140812	2009	3	24	83	0.274
0150140812	2009	3	25	84	0.272
0150140812	2009	3	26	85	0.266
0150140812	2009	3	27	86	0.264
0150140812	2009	3	28	87	0.272
0150140812	2009	3	29	88	0.292
0150140812	2009	3	30	89	0.305
0150140812	2009	3	31	90	0.305
0150140812	2009	4	1	91	0.295
0150140812	2009	4	2	92	0.292
0150140812	2009	4	3	93	0.293
0150140812	2009	4	4	94	0.312
0150140812	2009	4	5	95	0.299
0150140812	2009	4	6	96	0.288
0150140812	2009	4	7	97	0.287
0150140812	2009	4	8	98	0.306
0150140812	2009	4	9	99	0.299
0150140812	2009	4	10	100	0.288
0150140812	2009	4	11	101	0.278
0150140812	2009	4	12	102	0.303
0150140812	2009	4	13	103	0.313
0150140812	2009	4	14	104	0.3
0150140812	2009	4	15	105	0.332
0150140812	2009	4	16	106	0.335
0150140812	2009	4	17	107	0.316
0150140812	2009	4	18	108	0.298
0150140812	2009	4	19	109	0.284
0150140812	2009	4	20	110	0.275
0150140812	2009	4	21	111	0.294
0150140812	2009	4	22	112	0.31
0150140812	2009	4	23	113	0.313
0150140812	2009	4	24	114	0.305
0150140812	2009	4	25	115	0.291
0150140812	2009	4	26	116	0.275
0150140812	2009	4	27	117	0.261
0150140812	2009	4	28	118	0.251
0150140812	2009	4	29	119	0.244
0150140812	2009	4	30	120	0.247
0150140812	2009	5	1	121	0.247
0150140812	2009	5	2	122	0.244
0150140812	2009	5	3	123	0.245
0150140812	2009	5	4	124	0.261
0150140812	2009	5	5	125	0.312
0150140812	2009	5	6	126	0.318
0150140812	2009	5	7	127	0.315
0150140812	2009	5	8	128	0.318
0150140812	2009	5	9	129	0.296
0150140812	2009	5	10	130	0.278
0150140812	2009	5	11	131	0.275
0150140812	2009	5	12	132	0.274
0150140812	2009	5	13	133	0.268
0150140812	2009	5	14	134	0.261
0150140812	2009	5	15	135	0.254
0150140812	2009	5	16	136	0.262
0150140812	2009	5	17	137	0.262
0150140812	2009	5	18	138	0.268
0150140812	2009	5	19	139	0.271
0150140812	2009	5	20	140	0.264
0150140812	2009	5	21	141	0.253
0150140812	2009	5	22	142	0.242
0150140812	2009	5	23	143	0.235
0150140812	2009	5	24	144	0.226
0150140812	2009	5	25	145	0.22
0150140812	2009	5	26	146	0.214
0150140812	2009	5	27	147	0.219
0150140812	2009	5	28	148	0.217
0150140812	2009	5	29	149	0.209
0150140812	2009	5	30	150	0.207
0150140812	2009	5	31	151	0.207
0150140812	2009	6	1	152	0.205
0150140812	2009	6	2	153	0.203
0150140812	2009	6	3	154	0.198
0150140812	2009	6	4	155	0.2
0150140812	2009	6	5	156	0.235
0150140812	2009	6	6	157	0.297
0150140812	2009	6	7	158	0.282
0150140812	2009	6	8	159	0.264
0150140812	2009	6	9	160	0.253
0150140812	2009	6	10	161	0.253
0150140812	2009	6	11	162	0.251
0150140812	2009	6	12	163	0.252
0150140812	2009	6	13	164	0.263
0150140812	2009	6	14	165	0.259
0150140812	2009	6	15	166	0.264
0150140812	2009	6	16	167	0.256
0150140812	2009	6	17	168	0.255
0150140812	2009	6	18	169	0.255
0150140812	2009	6	19	170	0.287
0150140812	2009	6	20	171	0.283
0150140812	2009	6	21	172	0.289
0150140812	2009	6	22	173	0.286
0150140812	2009	6	23	174	0.269
0150140812	2009	6	24	175	0.258
0150140812	2009	6	25	176	0.252
0150140812	2009	6	26	177	0.243
0150140812	2009	6	27	178	0.237
0150140812	2009	6	28	179	0.233
0150140812	2009	6	29	180	0.228
0150140812	2009	6	30	181	0.221
0150140812	2009	7	1	182	0.215
0150140812	2009	7	2	183	0.209
0150140812	2009	7	3	184	0.214
0150140812	2009	7	4	185	0.218
0150140812	2009	7	5	186	0.217
0150140812	2009	7	6	187	0.213
0150140812	2009	7	7	188	0.208
0150140812	2009	7	8	189	0.203
0150140812	2009	7	9	190	0.199
0150140812	2009	7	10	191	0.195
0150140812	2009	7	11	192	0.189
0150140812	2009	7	12	193	0.185
0150140812	2009	7	13	194	0.188
0150140812	2009	7	14	195	0.188
0150140812	2009	7	15	196	0.186
0150140812	2009	7	16	197	0.18
0150140812	2009	7	17	198	0.176
0150140812	2009	7	18	199	0.179
0150140812	2009	7	19	200	0.181
0150140812	2009	7	20	201	0.18
0150140812	2009	7	21	202	0.178
0150140812	2009	7	22	203	0.178
0150140812	2009	7	23	204	0.175
0150140812	2009	7	24	205	0.178
0150140812	2009	7	25	206	0.185
0150140812	2009	7	26	207	0.188
0150140812	2009	7	27	208	0.188
0150140812	2009	7	28	209	0.19
0150140812	2009	7	29	210	0.19
0150140812	2009	7	30	211	0.19
0150140812	2009	7	31	212	0.189
0150140812	2009	8	1	213	0.198
0150140812	2009	8	2	214	0.218
0150140812	2009	8	3	215	0.24
0150140812	2009	8	4	216	0.243
0150140812	2009	8	5	217	0.233
0150140812	2009	8	6	218	0.226
0150140812	2009	8	7	219	0.226
0150140812	2009	8	8	220	0.225
0150140812	2009	8	9	221	0.218
0150140812	2009	8	10	222	0.242
0150140812	2009	8	11	223	0.251
0150140812	2009	8	12	224	0.239
0150140812	2009	8	13	225	0.241
0150140812	2009	8	14	226	0.28
0150140812	2009	8	15	227	0.265
0150140812	2009	8	16	228	0.254
0150140812	2009	8	17	229	0.246
0150140812	2009	8	18	230	0.239
0150140812	2009	8	19	231	0.235
0150140812	2009	8	20	232	0.245
0150140812	2009	8	21	233	0.243
0150140812	2009	8	22	234	0.24
0150140812	2009	8	23	235	0.276
0150140812	2009	8	24	236	0.274
0150140812	2009	8	25	237	0.262
0150140812	2009	8	26	238	0.255
0150140812	2009	8	27	239	0.248
0150140812	2009	8	28	240	0.242
0150140812	2009	8	29	241	0.262
0150140812	2009	8	30	242	0.28
0150140812	2009	8	31	243	0.28
0150140812	2009	9	1	244	0.271
0150140812	2009	9	2	245	0.267
0150140812	2009	9	3	246	0.26
0150140812	2009	9	4	247	0.253
0150140812	2009	9	5	248	0.247
0150140812	2009	9	6	249	0.241
0150140812	2009	9	7	250	0.237
0150140812	2009	9	8	251	0.234
0150140812	2009	9	9	252	0.231
0150140812	2009	9	10	253	0.227
0150140812	2009	9	11	254	0.23
0150140812	2009	9	12	255	0.31
0150140812	2009	9	13	256	0.306
0150140812	2009	9	14	257	0.29
0150140812	2009	9	15	258	0.277
0150140812	2009	9	16	259	0.268
0150140812	2009	9	17	260	0.264
0150140812	2009	9	18	261	0.264
0150140812	2009	9	19	262	0.261
0150140812	2009	9	20	263	0.259
0150140812	2009	9	21	264	0.257
0150140812	2009	9	22	265	0.252
0150140812	2009	9	23	266	0.244
0150140812	2009	9	24	267	0.238
0150140812	2009	9	25	268	0.233
0150140812	2009	9	26	269	0.233
0150140812	2009	9	27	270	0.235
0150140812	2009	9	28	271	0.284
0150140812	2009	9	29	272	0.291
0150140812	2009	9	30	273	0.297
0150140812	2009	10	1	274	0.288
0150140812	2009	10	2	275	0.286
0150140812	2009	10	3	276	0.279
0150140812	2009	10	4	277	0.272
0150140812	2009	10	5	278	0.273
0150140812	2009	10	6	279	0.272
0150140812	2009	10	7	280	0.269
0150140812	2009	10	8	281	0.263
0150140812	2009	10	9	282	0.263
0150140812	2009	10	10	283	0.254
0150140812	2009	10	11	284	0.251
0150140812	2009	10	12	285	0.257
0150140812	2009	10	13	286	0.258
0150140812	2009	10	14	287	0.255
0150140812	2009	10	15	288	0.255
0150140812	2009	10	16	289	0.26
0150140812	2009	10	17	290	0.294
0150140812	2009	10	18	291	0.333
0150140812	2009	10	19	292	0.337
0150140812	2009	10	20	293	0.321
0150140812	2009	10	21	294	0.31
0150140812	2009	10	22	295	0.299
0150140812	2009	10	23	296	0.291
0150140812	2009	10	24	297	0.287
0150140812	2009	10	25	298	0.304
0150140812	2009	10	26	299	0.312
0150140812	2009	10	27	300	0.307
0150140812	2009	10	28	301	0.322
0150140812	2009	10	29	302	0.327
0150140812	2009	10	30	303	0.31
0150140812	2009	10	31	304	0.305
0150140812	2009	11	1	305	0.307
0150140812	2009	11	2	306	0.323
0150140812	2009	11	3	307	0.314
0150140812	2009	11	4	308	0.311
0150140812	2009	11	5	309	0.309
0150140812	2009	11	6	310	0.305
0150140812	2009	11	7	311	0.308
0150140812	2009	11	8	312	0.307
0150140812	2009	11	9	313	0.299
0150140812	2009	11	10	314	0.294
0150140812	2009	11	11	315	0.29
0150140812	2009	11	12	316	0.292
0150140812	2009	11	13	317	0.333
0150140812	2009	11	14	318	0.333
0150140812	2009	11	15	319	0.328
0150140812	2009	11	16	320	0.314
0150140812	2009	11	17	321	0.315
0150140812	2009	11	18	322	0.316
0150140812	2009	11	19	323	0.318
0150140812	2009	11	20	324	0.318
0150140812	2009	11	21	325	0.343
0150140812	2009	11	22	326	0.34
0150140812	2009	11	23	327	0.338
0150140812	2009	11	24	328	0.334
0150140812	2009	11	25	329	0.352
0150140812	2009	11	26	330	0.347
0150140812	2009	11	27	331	0.343
0150140812	2009	11	28	332	0.342
0150140812	2009	11	29	333	0.341
0150140812	2009	11	30	334	0.338
0150140812	2009	12	1	335	0.339
0150140812	2009	12	2	336	0.359
0150140812	2009	12	3	337	0.359
0150140812	2009	12	4	338	0.354
0150140812	2009	12	5	339	0.349
0150140812	2009	12	6	340	0.358
0150140812	2009	12	7	341	0.372
0150140812	2009	12	8	342	0.368
0150140812	2009	12	9	343	0.372
0150140812	2009	12	10	344	0.376
0150140812	2009	12	11	345	0.363
0150140812	2009	12	12	346	0.358
0150140812	2009	12	13	347	0.35
0150140812	2009	12	14	348	0.37
0150140812	2009	12	15	349	0.384
0150140812	2009	12	16	350	0.363
0150140812	2009	12	17	351	0.364
0150140812	2009	12	18	352	0.355
0150140812	2009	12	19	353	0.348
0150140812	2009	12	20	354	0.345
0150140812	2009	12	21	355	0.346
0150140812	2009	12	22	356	0.35
0150140812	2009	12	23	357	0.351
0150140812	2009	12	24	358	0.356
0150140812	2009	12	25	359	0.36
0150140812	2009	12	26	360	0.37
0150140812	2009	12	27	361	0.396
0150140812	2009	12	28	362	0.371
0150140812	2009	12	29	363	0.368
0150140812	2009	12	30	364	0.36
0150140812	2009	12	31	365	0.348
0150140812	2010	1	1	1	0.343
0150140812	2010	1	2	2	0.36
0150140812	2010	1	3	3	0.374
0150140812	2010	1	4	4	0.34
0150140812	2010	1	5	5	0.315
0150140812	2010	1	6	6	0.305
0150140812	2010	1	7	7	0.299
0150140812	2010	1	8	8	0.295
0150140812	2010	1	9	9	0.292
0150140812	2010	1	10	10	0.291
0150140812	2010	1	11	11	0.285
0150140812	2010	1	12	12	0.276
0150140812	2010	1	13	13	0.271
0150140812	2010	1	14	14	0.267
0150140812	2010	1	15	15	0.263
0150140812	2010	1	16	16	0.26
0150140812	2010	1	17	17	0.261
0150140812	2010	1	18	18	0.301
0150140812	2010	1	19	19	0.367
0150140812	2010	1	20	20	0.367
0150140812	2010	1	21	21	0.363
0150140812	2010	1	22	22	0.355
0150140812	2010	1	23	23	0.354
0150140812	2010	1	24	24	0.351
0150140812	2010	1	25	25	0.361
0150140812	2010	1	26	26	0.363
0150140812	2010	1	27	27	0.365
0150140812	2010	1	28	28	0.359
0150140812	2010	1	29	29	0.352
0150140812	2010	1	30	30	0.341
0150140812	2010	1	31	31	0.325
0150140812	2010	2	1	32	0.315
0150140812	2010	2	2	33	0.308
0150140812	2010	2	3	34	0.301
0150140812	2010	2	4	35	0.298
0150140812	2010	2	5	36	0.299
0150140812	2010	2	6	37	0.3
0150140812	2010	2	7	38	0.302
0150140812	2010	2	8	39	0.304
0150140812	2010	2	9	40	0.308
0150140812	2010	2	10	41	0.311
0150140812	2010	2	11	42	0.314
0150140812	2010	2	12	43	0.317
0150140812	2010	2	13	44	0.32
0150140812	2010	2	14	45	0.324
0150140812	2010	2	15	46	0.328
0150140812	2010	2	16	47	0.333
0150140812	2010	2	17	48	0.337
0150140812	2010	2	18	49	0.341
0150140812	2010	2	19	50	0.346
0150140812	2010	2	20	51	0.361
0150140812	2010	2	21	52	0.366
0150140812	2010	2	22	53	0.364
0150140812	2010	2	23	54	0.367
0150140812	2010	2	24	55	0.387
0150140812	2010	2	25	56	0.407
0150140812	2010	2	26	57	0.385
0150140812	2010	2	27	58	0.379
0150140812	2010	2	28	59	0.376
0150140812	2010	3	1	60	0.3865
0150140812	2010	3	2	61	0.397
0150140812	2010	3	3	62	0.39
0150140812	2010	3	4	63	0.409
0150140812	2010	3	5	64	0.401
0150140812	2010	3	6	65	0.402
0150140812	2010	3	7	66	0.398
0150140812	2010	3	8	67	0.408
0150140812	2010	3	9	68	0.384
0150140812	2010	3	10	69	0.361
0150140812	2010	3	11	70	0.348
0150140812	2010	3	12	71	0.338
0150140812	2010	3	13	72	0.369
0150140812	2010	3	14	73	0.369
0150140812	2010	3	15	74	0.369
0150140812	2010	3	16	75	0.371
0150140812	2010	3	17	76	0.351
0150140812	2010	3	18	77	0.34
0150140812	2010	3	19	78	0.331
0150140812	2010	3	20	79	0.322
0150140812	2010	3	21	80	0.313
0150140812	2010	3	22	81	0.306
0150140812	2010	3	23	82	0.307
0150140812	2010	3	24	83	0.346
0150140812	2010	3	25	84	0.336
0150140812	2010	3	26	85	0.328
0150140812	2010	3	27	86	0.351
0150140812	2010	3	28	87	0.349
0150140812	2010	3	29	88	0.347
0150140812	2010	3	30	89	0.383
0150140812	2010	3	31	90	0.395
0150140812	2010	4	1	91	0.359
0150140812	2010	4	2	92	0.333
0150140812	2010	4	3	93	0.322
0150140812	2010	4	4	94	0.315
0150140812	2010	4	5	95	0.307
0150140812	2010	4	6	96	0.299
0150140812	2010	4	7	97	0.288
0150140812	2010	4	8	98	0.28
0150140812	2010	4	9	99	0.274
0150140812	2010	4	10	100	0.294
0150140812	2010	4	11	101	0.304
0150140812	2010	4	12	102	0.297
0150140812	2010	4	13	103	0.29
0150140812	2010	4	14	104	0.295
0150140812	2010	4	15	105	0.295
0150140812	2010	4	16	106	0.29
0150140812	2010	4	17	107	0.282
0150140812	2010	4	18	108	0.287
0150140812	2010	4	19	109	0.295
0150140812	2010	4	20	110	0.291
0150140812	2010	4	21	111	0.278
0150140812	2010	4	22	112	0.264
0150140812	2010	4	23	113	0.26
0150140812	2010	4	24	114	0.259
0150140812	2010	4	25	115	0.255
0150140812	2010	4	26	116	0.26
0150140812	2010	4	27	117	0.368
0150140812	2010	4	28	118	0.338
0150140812	2010	4	29	119	0.326
0150140812	2010	4	30	120	0.303
0150140812	2010	5	1	121	0.28
0150140812	2010	5	2	122	0.28
0150140812	2010	5	3	123	0.268
0150140812	2010	5	4	124	0.265
0150140812	2010	5	5	125	0.266
0150140812	2010	5	6	126	0.265
0150140812	2010	5	7	127	0.257
0150140812	2010	5	8	128	0.251
0150140812	2010	5	9	129	0.246
0150140812	2010	5	10	130	0.246
0150140812	2010	5	11	131	0.241
0150140812	2010	5	12	132	0.238
0150140812	2010	5	13	133	0.239
0150140812	2010	5	14	134	0.237
0150140812	2010	5	15	135	0.233
0150140812	2010	5	16	136	0.242
0150140812	2010	5	17	137	0.246
0150140812	2010	5	18	138	0.249
0150140812	2010	5	19	139	0.28
0150140812	2010	5	20	140	0.295
0150140812	2010	5	21	141	0.281
0150140812	2010	5	22	142	0.267
0150140812	2010	5	23	143	0.263
0150140812	2010	5	24	144	0.262
0150140812	2010	5	25	145	0.26
0150140812	2010	5	26	146	0.254
0150140812	2010	5	27	147	0.247
0150140812	2010	5	28	148	0.238
0150140812	2010	5	29	149	0.238
0150140812	2010	5	30	150	0.236
0150140812	2010	5	31	151	0.231
0150140812	2010	6	1	152	0.225
0150140812	2010	6	2	153	0.221
0150140812	2010	6	3	154	0.215
0150140812	2010	6	4	155	0.206
0150140812	2010	6	5	156	0.201
0150140812	2010	6	6	157	0.197
0150140812	2010	6	7	158	0.192
0150140812	2010	6	8	159	0.188
0150140812	2010	6	9	160	0.18
0150140812	2010	6	10	161	0.178
0150140812	2010	6	11	162	0.174
0150140812	2010	6	12	163	0.172
0150140812	2010	6	13	164	0.168
0150140812	2010	6	14	165	0.164
0150140812	2010	6	15	166	0.162
0150140812	2010	6	16	167	0.159
0150140812	2010	6	17	168	0.157
0150140812	2010	6	18	169	0.153
0150140812	2010	6	19	170	0.148
0150140812	2010	6	20	171	0.142
0150140812	2010	6	21	172	0.137
0150140812	2010	6	22	173	0.133
0150140812	2010	6	23	174	0.13
0150140812	2010	6	24	175	0.128
0150140812	2010	6	25	176	0.127
0150140812	2010	6	26	177	0.128
0150140812	2010	6	27	178	0.127
0150140812	2010	6	28	179	0.125
0150140812	2010	6	29	180	0.123
0150140812	2010	6	30	181	0.123
0150140812	2010	7	1	182	0.122
0150140812	2010	7	2	183	0.121
0150140812	2010	7	3	184	0.119
0150140812	2010	7	4	185	0.117
0150140812	2010	7	5	186	0.114
0150140812	2010	7	6	187	0.112
0150140812	2010	7	7	188	0.111
0150140812	2010	7	8	189	0.11
0150140812	2010	7	9	190	0.11
0150140812	2010	7	10	191	0.109
0150140812	2010	7	11	192	0.138
0150140812	2010	7	12	193	0.153
0150140812	2010	7	13	194	0.184
0150140812	2010	7	14	195	0.215
0150140812	2010	7	15	196	0.261
0150140812	2010	7	16	197	0.251
0150140812	2010	7	17	198	0.235
0150140812	2010	7	18	199	0.227
0150140812	2010	7	19	200	0.219
0150140812	2010	7	20	201	0.215
0150140812	2010	7	21	202	0.223
0150140812	2010	7	22	203	0.222
0150140812	2010	7	23	204	0.217
0150140812	2010	7	24	205	0.21
0150140812	2010	7	25	206	0.204
0150140812	2010	7	26	207	0.229
0150140812	2010	7	27	208	0.252
0150140812	2010	7	28	209	0.242
0150140812	2010	7	29	210	0.235
0150140812	2010	7	30	211	0.231
0150140812	2010	7	31	212	0.234
0150140812	2010	8	1	213	0.231
0150140812	2010	8	2	214	0.226
0150140812	2010	8	3	215	0.224
0150140812	2010	8	4	216	0.22
0150140812	2010	8	5	217	0.216
0150140812	2010	8	6	218	0.231
0150140812	2010	8	7	219	0.228
0150140812	2010	8	8	220	0.226
0150140812	2010	8	9	221	0.221
0150140812	2010	8	10	222	0.215
0150140812	2010	8	11	223	0.21
0150140812	2010	8	12	224	0.206
0150140812	2010	8	13	225	0.213
0150140812	2010	8	14	226	0.233
0150140812	2010	8	15	227	0.233
0150140812	2010	8	16	228	0.234
0150140812	2010	8	17	229	0.234
0150140812	2010	8	18	230	0.23
0150140812	2010	8	19	231	0.23
0150140812	2010	8	20	232	0.227
0150140812	2010	8	21	233	0.223
0150140812	2010	8	22	234	0.219
0150140812	2010	8	23	235	0.217
0150140812	2010	8	24	236	0.225
0150140812	2010	8	25	237	0.228
0150140812	2010	8	26	238	0.227
0150140812	2010	8	27	239	0.224
0150140812	2010	8	28	240	0.223
0150140812	2010	8	29	241	0.219
0150140812	2010	8	30	242	0.213
0150140812	2010	8	31	243	0.207
0150140812	2010	9	1	244	0.201
0150140812	2010	9	2	245	0.194
0150140812	2010	9	3	246	0.188
0150140812	2010	9	4	247	0.185
0150140812	2010	9	5	248	0.182
0150140812	2010	9	6	249	0.176
0150140812	2010	9	7	250	0.17
0150140812	2010	9	8	251	0.163
0150140812	2010	9	9	252	0.156
0150140812	2010	9	10	253	0.152
0150140812	2010	9	11	254	0.148
0150140812	2010	9	12	255	0.144
0150140812	2010	9	13	256	0.144
0150140812	2010	9	14	257	0.145
0150140812	2010	9	15	258	0.146
0150140812	2010	9	16	259	0.146
0150140812	2010	9	17	260	0.145
0150140812	2010	9	18	261	0.145
0150140812	2010	9	19	262	0.146
0150140812	2010	9	20	263	0.146
0150140812	2010	9	21	264	0.146
0150140812	2010	9	22	265	0.145
0150140812	2010	9	23	266	0.141
0150140812	2010	9	24	267	0.139
0150140812	2010	9	25	268	0.137
0150140812	2010	9	26	269	0.135
0150140812	2010	9	27	270	0.137
0150140812	2010	9	28	271	0.149
0150140812	2010	9	29	272	0.166
0150140812	2010	9	30	273	0.177
0150140812	2010	10	1	274	0.283
0150140812	2010	10	2	275	0.306
0150140812	2010	10	3	276	0.286
0150140812	2010	10	4	277	0.281
0150140812	2010	10	5	278	0.308
0150140812	2010	10	6	279	0.316
0150140812	2010	10	7	280	0.299
0150140812	2010	10	8	281	0.29
0150140812	2010	10	9	282	0.283
0150140812	2010	10	10	283	0.276
0150140812	2010	10	11	284	0.272
0150140812	2010	10	12	285	0.264
0150140812	2010	10	13	286	0.261
0150140812	2010	10	14	287	0.264
0150140812	2010	10	15	288	0.291
0150140812	2010	10	16	289	0.309
0150140812	2010	10	17	290	0.295
0150140812	2010	10	18	291	0.287
0150140812	2010	10	19	292	0.28
0150140812	2010	10	20	293	0.293
0150140812	2010	10	21	294	0.3
0150140812	2010	10	22	295	0.294
0150140812	2010	10	23	296	0.291
0150140812	2010	10	24	297	0.286
0150140812	2010	10	25	298	0.277
0150140812	2010	10	26	299	0.272
0150140812	2010	10	27	300	0.266
0150140812	2010	10	28	301	0.284
0150140812	2010	10	29	302	0.296
0150140812	2010	10	30	303	0.296
0150140812	2010	10	31	304	0.292
0150140812	2010	11	1	305	0.288
0150140812	2010	11	2	306	0.288
0150140812	2010	11	3	307	0.287
0150140812	2010	11	4	308	0.284
0150140812	2010	11	5	309	0.338
0150140812	2010	11	6	310	0.322
0150140812	2010	11	7	311	0.315
0150140812	2010	11	8	312	0.311
0150140812	2010	11	9	313	0.305
0150140812	2010	11	10	314	0.297
0150140812	2010	11	11	315	0.292
0150140812	2010	11	12	316	0.292
0150140812	2010	11	13	317	0.291
0150140812	2010	11	14	318	0.288
0150140812	2010	11	15	319	0.285
0150140812	2010	11	16	320	0.279
0150140812	2010	11	17	321	0.279
0150140812	2010	11	18	322	0.318
0150140812	2010	11	19	323	0.315
0150140812	2010	11	20	324	0.313
0150140812	2010	11	21	325	0.31
0150140812	2010	11	22	326	0.306
0150140812	2010	11	23	327	0.299
0150140812	2010	11	24	328	0.296
0150140812	2010	11	25	329	0.297
0150140812	2010	11	26	330	0.298
0150140812	2010	11	27	331	0.303
0150140812	2010	11	28	332	0.31
0150140812	2010	11	29	333	0.309
0150140812	2010	11	30	334	0.3265
0150140812	2010	12	1	335	0.344
0150140812	2010	12	2	336	0.344
0150140812	2010	12	3	337	0.334
0150140812	2010	12	4	338	0.327
0150140812	2010	12	5	339	0.325
0150140812	2010	12	6	340	0.322
0150140812	2010	12	7	341	0.319
0150140812	2010	12	8	342	0.316
0150140812	2010	12	9	343	0.313
0150140812	2010	12	10	344	0.309
0150140812	2010	12	11	345	0.303
0150140812	2010	12	12	346	0.299
0150140812	2010	12	13	347	0.375
0150140812	2010	12	14	348	0.351
0150140812	2010	12	15	349	0.336
0150140812	2010	12	16	350	0.323
0150140812	2010	12	17	351	0.312
0150140812	2010	12	18	352	0.304
0150140812	2010	12	19	353	0.295
0150140812	2010	12	20	354	0.287
0150140812	2010	12	21	355	0.279
0150140812	2010	12	22	356	0.273
0150140812	2010	12	23	357	0.27
0150140812	2010	12	24	358	0.269
0150140812	2010	12	25	359	0.269
0150140812	2010	12	26	360	0.267
0150140812	2010	12	27	361	0.266
0150140812	2010	12	28	362	0.268
0150140812	2010	12	29	363	0.269
0150140812	2010	12	30	364	0.269
0150140812	2010	12	31	365	0.268
0150140812	2011	1	1	1	0.269
0150140812	2011	1	2	2	0.27
0150140812	2011	1	3	3	0.362
0150140812	2011	1	4	4	0.361
0150140812	2011	1	5	5	0.337
0150140812	2011	1	6	6	0.323
0150140812	2011	1	7	7	0.309
0150140812	2011	1	8	8	0.3
0150140812	2011	1	9	9	0.297
0150140812	2011	1	10	10	0.296
0150140812	2011	1	11	11	0.294
0150140812	2011	1	12	12	0.291
0150140812	2011	1	13	13	0.29
0150140812	2011	1	14	14	0.292
0150140812	2011	1	15	15	0.293
0150140812	2011	1	16	16	0.294
0150140812	2011	1	17	17	0.296
0150140812	2011	1	18	18	0.297
0150140812	2011	1	19	19	0.306
0150140812	2011	1	20	20	0.333
0150140812	2011	1	21	21	0.346
0150140812	2011	1	22	22	0.344
0150140812	2011	1	23	23	0.338
0150140812	2011	1	24	24	0.321
0150140812	2011	1	25	25	0.304
0150140812	2011	1	26	26	0.294
0150140812	2011	1	27	27	0.29
0150140812	2011	1	28	28	0.289
0150140812	2011	1	29	29	0.291
0150140812	2011	1	30	30	0.294
0150140812	2011	1	31	31	0.301
0150140812	2011	2	1	32	0.308
0150140812	2011	2	2	33	0.308
0150140812	2011	2	3	34	0.324
0150140812	2011	2	4	35	0.339
0150140812	2011	2	5	36	0.34
0150140812	2011	2	6	37	0.339
0150140812	2011	2	7	38	0.345
0150140812	2011	2	8	39	0.346
0150140812	2011	2	9	40	0.357
0150140812	2011	2	10	41	0.355
0150140812	2011	2	11	42	0.343
0150140812	2011	2	12	43	0.33
0150140812	2011	2	13	44	0.319
0150140812	2011	2	14	45	0.312
0150140812	2011	2	15	46	0.309
0150140812	2011	2	16	47	0.314
0150140812	2011	2	17	48	0.322
0150140812	2011	2	18	49	0.326
0150140812	2011	2	19	50	0.365
0150140812	2011	2	20	51	0.362
0150140812	2011	2	21	52	0.345
0150140812	2011	2	22	53	0.341
0150140812	2011	2	23	54	0.339
0150140812	2011	2	24	55	0.337
0150140812	2011	2	25	56	0.341
0150140812	2011	2	26	57	0.401
0150140812	2011	2	27	58	0.35
0150140812	2011	2	28	59	0.335
0150140812	2011	3	1	60	0.359
0150140812	2011	3	2	61	0.35
0150140812	2011	3	3	62	0.336
0150140812	2011	3	4	63	0.331
0150140812	2011	3	5	64	0.325
0150140812	2011	3	6	65	0.314
0150140812	2011	3	7	66	0.352
0150140812	2011	3	8	67	0.352
0150140812	2011	3	9	68	0.336
0150140812	2011	3	10	69	0.329
0150140812	2011	3	11	70	0.4
0150140812	2011	3	12	71	0.351
0150140812	2011	3	13	72	0.334
0150140812	2011	3	14	73	0.326
0150140812	2011	3	15	74	0.321
0150140812	2011	3	16	75	0.316
0150140812	2011	3	17	76	0.353
0150140812	2011	3	18	77	0.327
0150140812	2011	3	19	78	0.315
0150140812	2011	3	20	79	0.306
0150140812	2011	3	21	80	0.306
0150140812	2011	3	22	81	0.338
0150140812	2011	3	23	82	0.333
0150140812	2011	3	24	83	0.346
0150140812	2011	3	25	84	0.358
0150140812	2011	3	26	85	0.342
0150140812	2011	3	27	86	0.334
0150140812	2011	3	28	87	0.325
0150140812	2011	3	29	88	0.321
0150140812	2011	3	30	89	0.316
0150140812	2011	3	31	90	0.31
0150140812	2011	4	1	91	0.308
0150140812	2011	4	2	92	0.329
0150140812	2011	4	3	93	0.342
0150140812	2011	4	4	94	0.33
0150140812	2011	4	5	95	0.315
0150140812	2011	4	6	96	0.313
0150140812	2011	4	7	97	0.326
0150140812	2011	4	8	98	0.316
0150140812	2011	4	9	99	0.341
0150140812	2011	4	10	100	0.346
0150140812	2011	4	11	101	0.326
0150140812	2011	4	12	102	0.31
0150140812	2011	4	13	103	0.324
0150140812	2011	4	14	104	0.356
0150140812	2011	4	15	105	0.335
0150140812	2011	4	16	106	0.317
0150140812	2011	4	17	107	0.353
0150140812	2011	4	18	108	0.341
0150140812	2011	4	19	109	0.322
0150140812	2011	4	20	110	0.317
0150140812	2011	4	21	111	0.311
0150140812	2011	4	22	112	0.304
0150140812	2011	4	23	113	0.302
0150140812	2011	4	24	114	0.313
0150140812	2011	4	25	115	0.325
0150140812	2011	4	26	116	0.303
0150140812	2011	4	27	117	0.292
0150140812	2011	4	28	118	0.285
0150140812	2011	4	29	119	0.304
0150140812	2011	4	30	120	0.317
0150140812	2011	5	1	121	0.308
0150140812	2011	5	2	122	0.299
0150140812	2011	5	3	123	0.29
0150140812	2011	5	4	124	0.278
0150140812	2011	5	5	125	0.295
0150140812	2011	5	6	126	0.308
0150140812	2011	5	7	127	0.298
0150140812	2011	5	8	128	0.29
0150140812	2011	5	9	129	0.284
0150140812	2011	5	10	130	0.278
0150140812	2011	5	11	131	0.269
0150140812	2011	5	12	132	0.26
0150140812	2011	5	13	133	0.252
0150140812	2011	5	14	134	0.249
0150140812	2011	5	15	135	0.248
0150140812	2011	5	16	136	0.254
0150140812	2011	5	17	137	0.278
0150140812	2011	5	18	138	0.301
0150140812	2011	5	19	139	0.315
0150140812	2011	5	20	140	0.318
0150140812	2011	5	21	141	0.331
0150140812	2011	5	22	142	0.317
0150140812	2011	5	23	143	0.306
0150140812	2011	5	24	144	0.301
0150140812	2011	5	25	145	0.289
0150140812	2011	5	26	146	0.278
0150140812	2011	5	27	147	0.268
0150140812	2011	5	28	148	0.259
0150140812	2011	5	29	149	0.252
0150140812	2011	5	30	150	0.246
0150140812	2011	5	31	151	0.236
0150140812	2011	6	1	152	0.228
0150140812	2011	6	2	153	0.22
0150140812	2011	6	3	154	0.217
0150140812	2011	6	4	155	0.212
0150140812	2011	6	5	156	0.203
0150140812	2011	6	6	157	0.196
0150140812	2011	6	7	158	0.188
0150140812	2011	6	8	159	0.179
0150140812	2011	6	9	160	0.167
0150140812	2011	6	10	161	0.158
0150140812	2011	6	11	162	0.159
0150140812	2011	6	12	163	0.178
0150140812	2011	6	13	164	0.181
0150140812	2011	6	14	165	0.181
0150140812	2011	6	15	166	0.203
0150140812	2011	6	16	167	0.236
0150140812	2011	6	17	168	0.235
0150140812	2011	6	18	169	0.296
0150140812	2011	6	19	170	0.274
0150140812	2011	6	20	171	0.261
0150140812	2011	6	21	172	0.248
0150140812	2011	6	22	173	0.249
0150140812	2011	6	23	174	0.328
0150140812	2011	6	24	175	0.317
0150140812	2011	6	25	176	0.312
0150140812	2011	6	26	177	0.307
0150140812	2011	6	27	178	0.298
0150140812	2011	6	28	179	0.29
0150140812	2011	6	29	180	0.317
0150140812	2011	6	30	181	0.322
0150140812	2011	7	1	182	0.313
0150140812	2011	7	2	183	0.3
0150140812	2011	7	3	184	0.285
0150140812	2011	7	4	185	0.271
0150140812	2011	7	5	186	0.26
0150140812	2011	7	6	187	0.249
0150140812	2011	7	7	188	0.237
0150140812	2011	7	8	189	0.227
0150140812	2011	7	9	190	0.263
0150140812	2011	7	10	191	0.324
0150140812	2011	7	11	192	0.302
0150140812	2011	7	12	193	0.283
0150140812	2011	7	13	194	0.267
0150140812	2011	7	14	195	0.254
0150140812	2011	7	15	196	0.243
0150140812	2011	7	16	197	0.234
0150140812	2011	7	17	198	0.225
0150140812	2011	7	18	199	0.216
0150140812	2011	7	19	200	0.206
0150140812	2011	7	20	201	0.197
0150140812	2011	7	21	202	0.191
0150140812	2011	7	22	203	0.186
0150140812	2011	7	23	204	0.18
0150140812	2011	7	24	205	0.174
0150140812	2011	7	25	206	0.168
0150140812	2011	7	26	207	0.176
0150140812	2011	7	27	208	0.245
0150140812	2011	7	28	209	0.226
0150140812	2011	7	29	210	0.216
0150140812	2011	7	30	211	0.215
0150140812	2011	7	31	212	0.21
0150140812	2011	8	1	213	0.201
0150140812	2011	8	2	214	0.191
0150140812	2011	8	3	215	0.182
0150140812	2011	8	4	216	0.174
0150140812	2011	8	5	217	0.178
0150140812	2011	8	6	218	0.181
0150140812	2011	8	7	219	0.178
0150140812	2011	8	8	220	0.175
0150140812	2011	8	9	221	0.174
0150140812	2011	8	10	222	0.239
0150140812	2011	8	11	223	0.301
0150140812	2011	8	12	224	0.278
0150140812	2011	8	13	225	0.262
0150140812	2011	8	14	226	0.251
0150140812	2011	8	15	227	0.336
0150140812	2011	8	16	228	0.332
0150140812	2011	8	17	229	0.326
0150140812	2011	8	18	230	0.312
0150140812	2011	8	19	231	0.334
0150140812	2011	8	20	232	0.353
0150140812	2011	8	21	233	0.343
0150140812	2011	8	22	234	0.332
0150140812	2011	8	23	235	0.33
0150140812	2011	8	24	236	0.326
0150140812	2011	8	25	237	0.316
0150140812	2011	8	26	238	0.323
0150140812	2011	8	27	239	0.331
0150140812	2011	8	28	240	0.351
0150140812	2011	8	29	241	0.379
0150140812	2011	8	30	242	0.358
0150140812	2011	8	31	243	0.347
0150140812	2011	9	1	244	0.334
0150140812	2011	9	2	245	0.323
0150140812	2011	9	3	246	0.32
0150140812	2011	9	4	247	0.313
0150140812	2011	9	5	248	0.303
0150140812	2011	9	6	249	0.309
0150140812	2011	9	7	250	0.349
0150140812	2011	9	8	251	0.389
0150140812	2011	9	9	252	0.369
0150140812	2011	9	10	253	0.357
0150140812	2011	9	11	254	0.347
0150140812	2011	9	12	255	0.352
0150140812	2011	9	13	256	0.371
0150140812	2011	9	14	257	0.357
0150140812	2011	9	15	258	0.347
0150140812	2011	9	16	259	0.35
0150140812	2011	9	17	260	0.371
0150140812	2011	9	18	261	0.371
0150140812	2011	9	19	262	0.366
0150140812	2011	9	20	263	0.359
0150140812	2011	9	21	264	0.35
0150140812	2011	9	22	265	0.348
0150140812	2011	9	23	266	0.338
0150140812	2011	9	24	267	0.38
0150140812	2011	9	25	268	0.381
0150140812	2011	9	26	269	0.369
0150140812	2011	9	27	270	0.366
0150140812	2011	9	28	271	0.353
0150140812	2011	9	29	272	0.38
0150140812	2011	9	30	273	0.378
0150140812	2011	10	1	274	0.378
0150140812	2011	10	2	275	-9999
0150140812	2011	10	3	276	-9999
0150140812	2011	10	4	277	-9999
0150140812	2011	10	5	278	-9999
0150140812	2011	10	6	279	-9999
0150140812	2011	10	7	280	-9999
0150140812	2011	10	8	281	-9999
0150140812	2011	10	9	282	-9999
0150140812	2011	10	10	283	-9999
0150140812	2011	10	11	284	-9999
0150140812	2011	10	12	285	-9999
0150140812	2011	10	13	286	-9999
0150140812	2011	10	14	287	-9999
0150140812	2011	10	15	288	-9999
0150140812	2011	10	16	289	-9999
0150140812	2011	10	17	290	-9999
0150140812	2011	10	18	291	-9999
0150140812	2011	10	19	292	-9999
0150140812	2011	10	20	293	-9999
0150140812	2011	10	21	294	-9999
0150140812	2011	10	22	295	-9999
0150140812	2011	10	23	296	-9999
0150140812	2011	10	24	297	-9999
0150140812	2011	10	25	298	-9999
0150140812	2011	10	26	299	-9999
0150140812	2011	10	27	300	-9999
0150140812	2011	10	28	301	-9999
0150140812	2011	10	29	302	-9999
0150140812	2011	10	30	303	-9999
0150140812	2011	10	31	304	-9999
0150140812	2011	11	1	305	-9999
0150140812	2011	11	2	306	-9999
0150140812	2011	11	3	307	-9999
0150140812	2011	11	4	308	-9999
0150140812	2011	11	5	309	-9999
0150140812	2011	11	6	310	-9999
0150140812	2011	11	7	311	-9999
0150140812	2011	11	8	312	-9999
0150140812	2011	11	9	313	-9999
0150140812	2011	11	10	314	-9999
0150140812	2011	11	11	315	-9999
0150140812	2011	11	12	316	-9999
0150140812	2011	11	13	317	-9999
0150140812	2011	11	14	318	-9999
0150140812	2011	11	15	319	-9999
0150140812	2011	11	16	320	-9999
0150140812	2011	11	17	321	-9999
0150140812	2011	11	18	322	-9999
0150140812	2011	11	19	323	-9999
0150140812	2011	11	20	324	-9999
0150140812	2011	11	21	325	-9999
0150140812	2011	11	22	326	-9999
0150140812	2011	11	23	327	-9999
0150140812	2011	11	24	328	-9999
0150140812	2011	11	25	329	-9999
0150140812	2011	11	26	330	-9999
0150140812	2011	11	27	331	-9999
0150140812	2011	11	28	332	-9999
0150140812	2011	11	29	333	-9999
0150140812	2011	11	30	334	-9999
0150140812	2011	12	1	335	-9999
0150140812	2011	12	2	336	-9999
0150140812	2011	12	3	337	-9999
0150140812	2011	12	4	338	-9999
0150140812	2011	12	5	339	-9999
0150140812	2011	12	6	340	-9999
0150140812	2011	12	7	341	-9999
0150140812	2011	12	8	342	-9999
0150140812	2011	12	9	343	-9999
0150140812	2011	12	10	344	-9999
0150140812	2011	12	11	345	-9999
0150140812	2011	12	12	346	-9999
0150140812	2011	12	13	347	-9999
0150140812	2011	12	14	348	-9999
0150140812	2011	12	15	349	-9999
0150140812	2011	12	16	350	-9999
0150140812	2011	12	17	351	-9999
0150140812	2011	12	18	352	-9999
0150140812	2011	12	19	353	-9999
0150140812	2011	12	20	354	-9999
0150140812	2011	12	21	355	-9999
0150140812	2011	12	22	356	-9999
0150140812	2011	12	23	357	-9999
0150140812	2011	12	24	358	-9999
0150140812	2011	12	25	359	-9999
0150140812	2011	12	26	360	-9999
0150140812	2011	12	27	361	0.236
0150140812	2011	12	28	362	0.236
0150140812	2011	12	29	363	0.236
0150140812	2011	12	30	364	0.236
0150140812	2011	12	31	365	0.236
0150140812	2012	1	1	1	0.236
0150140812	2012	1	2	2	0.236
0150140812	2012	1	3	3	0.236
0150140812	2012	1	4	4	0.236
0150140812	2012	1	5	5	0.236
0150140812	2012	1	6	6	0.266
0150140812	2012	1	7	7	0.274
0150140812	2012	1	8	8	0.38
0150140812	2012	1	9	9	0.406
0150140812	2012	1	10	10	0.379
0150140812	2012	1	11	11	0.39
0150140812	2012	1	12	12	0.402
0150140812	2012	1	13	13	0.377
0150140812	2012	1	14	14	0.352
0150140812	2012	1	15	15	0.352
0150140812	2012	1	16	16	0.352
0150140812	2012	1	17	17	0.3045
0150140812	2012	1	18	18	0.257
0150140812	2012	1	19	19	0.363
0150140812	2012	1	20	20	0.338
0150140812	2012	1	21	21	0.308
0150140812	2012	1	22	22	0.291
0150140812	2012	1	23	23	0.307
0150140812	2012	1	24	24	0.357
0150140812	2012	1	25	25	0.3855
0150140812	2012	1	26	26	0.414
0150140812	2012	1	27	27	0.397
0150140812	2012	1	28	28	0.4085
0150140812	2012	1	29	29	0.42
0150140812	2012	1	30	30	0.405
0150140812	2012	1	31	31	0.394
0150140812	2012	2	1	32	0.387
0150140812	2012	2	2	33	0.379
0150140812	2012	2	3	34	0.374
0150140812	2012	2	4	35	0.375
0150140812	2012	2	5	36	0.374
0150140812	2012	2	6	37	0.38
0150140812	2012	2	7	38	0.367
0150140812	2012	2	8	39	0.365
0150140812	2012	2	9	40	0.367
0150140812	2012	2	10	41	0.392
0150140812	2012	2	11	42	0.384
0150140812	2012	2	12	43	0.402
0150140812	2012	2	13	44	0.42
0150140812	2012	2	14	45	0.42
0150140812	2012	2	15	46	0.42
0150140812	2012	2	16	47	0.405
0150140812	2012	2	17	48	0.421
0150140812	2012	2	18	49	0.417
0150140812	2012	2	19	50	0.4
0150140812	2012	2	20	51	0.393
0150140812	2012	2	21	52	0.385
0150140812	2012	2	22	53	0.375
0150140812	2012	2	23	54	0.366
0150140812	2012	2	24	55	0.358
0150140812	2012	2	25	56	0.401
0150140812	2012	2	26	57	0.418
0150140812	2012	2	27	58	0.398
0150140812	2012	2	28	59	0.386
0150140812	2012	2	29	60	0.378
0150140812	2012	3	1	61	0.3995
0150140812	2012	3	2	62	0.421
0150140812	2012	3	3	63	0.421
0150140812	2012	3	4	64	0.418
0150140812	2012	3	5	65	0.415
0150140812	2012	3	6	66	0.412
0150140812	2012	3	7	67	0.403
0150140812	2012	3	8	68	0.391
0150140812	2012	3	9	69	0.37
0150140812	2012	3	10	70	0.369
0150140812	2012	3	11	71	0.376
0150140812	2012	3	12	72	0.367
0150140812	2012	3	13	73	0.355
0150140812	2012	3	14	74	0.338
0150140812	2012	3	15	75	0.335
0150140812	2012	3	16	76	0.33
0150140812	2012	3	17	77	0.324
0150140812	2012	3	18	78	0.318
0150140812	2012	3	19	79	0.312
0150140812	2012	3	20	80	0.307
0150140812	2012	3	21	81	0.296
0150140812	2012	3	22	82	0.292
0150140812	2012	3	23	83	0.291
0150140812	2012	3	24	84	0.289
0150140812	2012	3	25	85	0.291
0150140812	2012	3	26	86	0.305
0150140812	2012	3	27	87	0.305
0150140812	2012	3	28	88	0.302
0150140812	2012	3	29	89	0.29
0150140812	2012	3	30	90	0.28
0150140812	2012	3	31	91	0.275
0150140812	2012	4	1	92	0.277
0150140812	2012	4	2	93	0.279
0150140812	2012	4	3	94	0.32
0150140812	2012	4	4	95	0.302
0150140812	2012	4	5	96	0.279
0150140812	2012	4	6	97	0.268
0150140812	2012	4	7	98	0.259
0150140812	2012	4	8	99	0.25
0150140812	2012	4	9	100	0.239
0150140812	2012	4	10	101	0.228
0150140812	2012	4	11	102	0.219
0150140812	2012	4	12	103	0.214
0150140812	2012	4	13	104	0.211
0150140812	2012	4	14	105	0.207
0150140812	2012	4	15	106	0.199
0150140812	2012	4	16	107	0.194
0150140812	2012	4	17	108	0.191
0150140812	2012	4	18	109	0.185
0150140812	2012	4	19	110	0.179
0150140812	2012	4	20	111	0.176
0150140812	2012	4	21	112	0.175
0150140812	2012	4	22	113	0.172
0150140812	2012	4	23	114	0.259
0150140812	2012	4	24	115	0.395
0150140812	2012	4	25	116	0.353
0150140812	2012	4	26	117	0.336
0150140812	2012	4	27	118	0.341
0150140812	2012	4	28	119	0.352
0150140812	2012	4	29	120	0.347
0150140812	2012	4	30	121	0.332
0150140812	2012	5	1	122	0.324
0150140812	2012	5	2	123	0.312
0150140812	2012	5	3	124	0.326
0150140812	2012	5	4	125	0.366
0150140812	2012	5	5	126	0.338
0150140812	2012	5	6	127	0.33
0150140812	2012	5	7	128	0.325
0150140812	2012	5	8	129	0.323
0150140812	2012	5	9	130	0.313
0150140812	2012	5	10	131	0.367
0150140812	2012	5	11	132	0.377
0150140812	2012	5	12	133	0.353
0150140812	2012	5	13	134	0.332
0150140812	2012	5	14	135	0.297
0150140812	2012	5	15	136	0.301
0150140812	2012	5	16	137	0.356
0150140812	2012	5	17	138	0.364
0150140812	2012	5	18	139	0.344
0150140812	2012	5	19	140	0.338
0150140812	2012	5	20	141	0.325
0150140812	2012	5	21	142	0.309
0150140812	2012	5	22	143	0.303
0150140812	2012	5	23	144	0.305
0150140812	2012	5	24	145	0.298
0150140812	2012	5	25	146	0.287
0150140812	2012	5	26	147	0.276
0150140812	2012	5	27	148	0.267
0150140812	2012	5	28	149	0.254
0150140812	2012	5	29	150	0.242
0150140812	2012	5	30	151	0.229
0150140812	2012	5	31	152	0.233
0150140812	2012	6	1	153	0.234
0150140812	2012	6	2	154	0.235
0150140812	2012	6	3	155	0.311
0150140812	2012	6	4	156	0.285
0150140812	2012	6	5	157	0.313
0150140812	2012	6	6	158	0.328
0150140812	2012	6	7	159	0.312
0150140812	2012	6	8	160	0.29
0150140812	2012	6	9	161	0.276
0150140812	2012	6	10	162	0.261
0150140812	2012	6	11	163	0.243
0150140812	2012	6	12	164	0.23
0150140812	2012	6	13	165	0.304
0150140812	2012	6	14	166	0.339
0150140812	2012	6	15	167	0.322
0150140812	2012	6	16	168	0.31
0150140812	2012	6	17	169	0.294
0150140812	2012	6	18	170	0.284
0150140812	2012	6	19	171	0.28
0150140812	2012	6	20	172	0.27
0150140812	2012	6	21	173	0.27
0150140812	2012	6	22	174	-9999
0150140812	2012	6	23	175	-9999
0150140812	2012	6	24	176	-9999
0150140812	2012	6	25	177	-9999
0150140812	2012	6	26	178	-9999
0150140812	2012	6	27	179	-9999
0150140812	2012	6	28	180	-9999
0150140812	2012	6	29	181	-9999
0150140812	2012	6	30	182	-9999
0150140812	2012	7	1	183	-9999
0150140812	2012	7	2	184	-9999
0150140812	2012	7	3	185	-9999
0150140812	2012	7	4	186	-9999
0150140812	2012	7	5	187	-9999
0150140812	2012	7	6	188	-9999
0150140812	2012	7	7	189	-9999
0150140812	2012	7	8	190	-9999
0150140812	2012	7	9	191	-9999
0150140812	2012	7	10	192	-9999
0150140812	2012	7	11	193	-9999
0150140812	2012	7	12	194	-9999
0150140812	2012	7	13	195	-9999
0150140812	2012	7	14	196	-9999
0150140812	2012	7	15	197	-9999
0150140812	2012	7	16	198	-9999
0150140812	2012	7	17	199	-9999
0150140812	2012	7	18	200	-9999
0150140812	2012	7	19	201	-9999
0150140812	2012	7	20	202	-9999
0150140812	2012	7	21	203	-9999
0150140812	2012	7	22	204	-9999
0150140812	2012	7	23	205	-9999
0150140812	2012	7	24	206	-9999
0150140812	2012	7	25	207	-9999
0150140812	2012	7	26	208	-9999
0150140812	2012	7	27	209	-9999
0150140812	2012	7	28	210	-9999
0150140812	2012	7	29	211	-9999
0150140812	2012	7	30	212	-9999
0150140812	2012	7	31	213	-9999
0150140812	2012	8	1	214	-9999
0150140812	2012	8	2	215	-9999
0150140812	2012	8	3	216	-9999
0150140812	2012	8	4	217	-9999
0150140812	2012	8	5	218	-9999
0150140812	2012	8	6	219	-9999
0150140812	2012	8	7	220	-9999
0150140812	2012	8	8	221	-9999
0150140812	2012	8	9	222	-9999
0150140812	2012	8	10	223	-9999
0150140812	2012	8	11	224	-9999
0150140812	2012	8	12	225	-9999
0150140812	2012	8	13	226	-9999
0150140812	2012	8	14	227	-9999
0150140812	2012	8	15	228	-9999
0150140812	2012	8	16	229	-9999
0150140812	2012	8	17	230	-9999
0150140812	2012	8	18	231	-9999
0150140812	2012	8	19	232	-9999
0150140812	2012	8	20	233	-9999
0150140812	2012	8	21	234	-9999
0150140812	2012	8	22	235	-9999
0150140812	2012	8	23	236	-9999
0150140812	2012	8	24	237	-9999
0150140812	2012	8	25	238	-9999
0150140812	2012	8	26	239	-9999
0150140812	2012	8	27	240	-9999
0150140812	2012	8	28	241	-9999
0150140812	2012	8	29	242	-9999
0150140812	2012	8	30	243	-9999
0150140812	2012	8	31	244	-9999
0150140812	2012	9	1	245	-9999
0150140812	2012	9	2	246	-9999
0150140812	2012	9	3	247	-9999
0150140812	2012	9	4	248	-9999
0150140812	2012	9	5	249	-9999
0150140812	2012	9	6	250	-9999
0150140812	2012	9	7	251	-9999
0150140812	2012	9	8	252	-9999
0150140812	2012	9	9	253	-9999
0150140812	2012	9	10	254	-9999
0150140812	2012	9	11	255	-9999
0150140812	2012	9	12	256	-9999
0150140812	2012	9	13	257	-9999
0150140812	2012	9	14	258	-9999
0150140812	2012	9	15	259	-9999
0150140812	2012	9	16	260	-9999
0150140812	2012	9	17	261	-9999
0150140812	2012	9	18	262	-9999
0150140812	2012	9	19	263	-9999
0150140812	2012	9	20	264	-9999
0150140812	2012	9	21	265	-9999
0150140812	2012	9	22	266	-9999
0150140812	2012	9	23	267	-9999
0150140812	2012	9	24	268	-9999
0150140812	2012	9	25	269	-9999
0150140812	2012	9	26	270	-9999
0150140812	2012	9	27	271	-9999
0150140812	2012	9	28	272	-9999
0150140812	2012	9	29	273	-9999
0150140812	2012	9	30	274	-9999
0150140812	2012	10	1	275	-9999
0150140812	2012	10	2	276	-9999
0150140812	2012	10	3	277	-9999
0150140812	2012	10	4	278	-9999
0150140812	2012	10	5	279	-9999
0150140812	2012	10	6	280	-9999
0150140812	2012	10	7	281	-9999
0150140812	2012	10	8	282	-9999
0150140812	2012	10	9	283	-9999
0150140812	2012	10	10	284	-9999
0150140812	2012	10	11	285	-9999
0150140812	2012	10	12	286	-9999
0150140812	2012	10	13	287	-9999
0150140812	2012	10	14	288	-9999
0150140812	2012	10	15	289	-9999
0150140812	2012	10	16	290	-9999
0150140812	2012	10	17	291	-9999
0150140812	2012	10	18	292	-9999
0150140812	2012	10	19	293	-9999
0150140812	2012	10	20	294	-9999
0150140812	2012	10	21	295	-9999
0150140812	2012	10	22	296	-9999
0150140812	2012	10	23	297	-9999
0150140812	2012	10	24	298	-9999
0150140812	2012	10	25	299	-9999
0150140812	2012	10	26	300	-9999
0150140812	2012	10	27	301	-9999
0150140812	2012	10	28	302	-9999
0150140812	2012	10	29	303	-9999
0150140812	2012	10	30	304	-9999
0150140812	2012	10	31	305	-9999
0150140812	2012	11	1	306	-9999
0150140812	2012	11	2	307	-9999
0150140812	2012	11	3	308	-9999
0150140812	2012	11	4	309	-9999
0150140812	2012	11	5	310	-9999
0150140812	2012	11	6	311	-9999
0150140812	2012	11	7	312	-9999
0150140812	2012	11	8	313	-9999
0150140812	2012	11	9	314	-9999
0150140812	2012	11	10	315	-9999
0150140812	2012	11	11	316	-9999
0150140812	2012	11	12	317	-9999
0150140812	2012	11	13	318	-9999
0150140812	2012	11	14	319	-9999
0150140812	2012	11	15	320	-9999
0150140812	2012	11	16	321	-9999
0150140812	2012	11	17	322	-9999
0150140812	2012	11	18	323	-9999
0150140812	2012	11	19	324	-9999
0150140812	2012	11	20	325	-9999
0150140812	2012	11	21	326	-9999
0150140812	2012	11	22	327	-9999
0150140812	2012	11	23	328	-9999
0150140812	2012	11	24	329	-9999
0150140812	2012	11	25	330	-9999
0150140812	2012	11	26	331	-9999
0150140812	2012	11	27	332	-9999
0150140812	2012	11	28	333	-9999
0150140812	2012	11	29	334	-9999
0150140812	2012	11	30	335	-9999
0150140812	2012	12	1	336	-9999
0150140812	2012	12	2	337	-9999
0150140812	2012	12	3	338	-9999
0150140812	2012	12	4	339	-9999
0150140812	2012	12	5	340	-9999
0150140812	2012	12	6	341	-9999
0150140812	2012	12	7	342	-9999
0150140812	2012	12	8	343	-9999
0150140812	2012	12	9	344	-9999
0150140812	2012	12	10	345	-9999
0150140812	2012	12	11	346	-9999
0150140812	2012	12	12	347	-9999
0150140812	2012	12	13	348	-9999
0150140812	2012	12	14	349	-9999
0150140812	2012	12	15	350	-9999
0150140812	2012	12	16	351	-9999
0150140812	2012	12	17	352	-9999
0150140812	2012	12	18	353	-9999
0150140812	2012	12	19	354	-9999
0150140812	2012	12	20	355	-9999
0150140812	2012	12	21	356	-9999
0150140812	2012	12	22	357	-9999
0150140812	2012	12	23	358	-9999
0150140812	2012	12	24	359	-9999
0150140812	2012	12	25	360	-9999
0150140812	2012	12	26	361	-9999
0150140812	2012	12	27	362	-9999
0150140812	2012	12	28	363	-9999
0150140812	2012	12	29	364	-9999
0150140812	2012	12	30	365	-9999
0150140812	2012	12	31	366	-9999
