stationID	Y	M	D	DOY	depth_5
0150071012	2010	1	1	1	-9999
0150071012	2010	1	2	2	-9999
0150071012	2010	1	3	3	-9999
0150071012	2010	1	4	4	-9999
0150071012	2010	1	5	5	-9999
0150071012	2010	1	6	6	-9999
0150071012	2010	1	7	7	-9999
0150071012	2010	1	8	8	-9999
0150071012	2010	1	9	9	-9999
0150071012	2010	1	10	10	-9999
0150071012	2010	1	11	11	-9999
0150071012	2010	1	12	12	-9999
0150071012	2010	1	13	13	-9999
0150071012	2010	1	14	14	-9999
0150071012	2010	1	15	15	-9999
0150071012	2010	1	16	16	-9999
0150071012	2010	1	17	17	-9999
0150071012	2010	1	18	18	-9999
0150071012	2010	1	19	19	-9999
0150071012	2010	1	20	20	-9999
0150071012	2010	1	21	21	-9999
0150071012	2010	1	22	22	-9999
0150071012	2010	1	23	23	-9999
0150071012	2010	1	24	24	-9999
0150071012	2010	1	25	25	-9999
0150071012	2010	1	26	26	-9999
0150071012	2010	1	27	27	-9999
0150071012	2010	1	28	28	-9999
0150071012	2010	1	29	29	-9999
0150071012	2010	1	30	30	-9999
0150071012	2010	1	31	31	-9999
0150071012	2010	2	1	32	-9999
0150071012	2010	2	2	33	-9999
0150071012	2010	2	3	34	-9999
0150071012	2010	2	4	35	-9999
0150071012	2010	2	5	36	-9999
0150071012	2010	2	6	37	-9999
0150071012	2010	2	7	38	-9999
0150071012	2010	2	8	39	-9999
0150071012	2010	2	9	40	-9999
0150071012	2010	2	10	41	-9999
0150071012	2010	2	11	42	-9999
0150071012	2010	2	12	43	-9999
0150071012	2010	2	13	44	-9999
0150071012	2010	2	14	45	-9999
0150071012	2010	2	15	46	-9999
0150071012	2010	2	16	47	-9999
0150071012	2010	2	17	48	-9999
0150071012	2010	2	18	49	-9999
0150071012	2010	2	19	50	-9999
0150071012	2010	2	20	51	-9999
0150071012	2010	2	21	52	-9999
0150071012	2010	2	22	53	-9999
0150071012	2010	2	23	54	-9999
0150071012	2010	2	24	55	-9999
0150071012	2010	2	25	56	-9999
0150071012	2010	2	26	57	-9999
0150071012	2010	2	27	58	-9999
0150071012	2010	2	28	59	-9999
0150071012	2010	3	1	60	-9999
0150071012	2010	3	2	61	-9999
0150071012	2010	3	3	62	-9999
0150071012	2010	3	4	63	-9999
0150071012	2010	3	5	64	-9999
0150071012	2010	3	6	65	-9999
0150071012	2010	3	7	66	-9999
0150071012	2010	3	8	67	-9999
0150071012	2010	3	9	68	-9999
0150071012	2010	3	10	69	-9999
0150071012	2010	3	11	70	-9999
0150071012	2010	3	12	71	-9999
0150071012	2010	3	13	72	-9999
0150071012	2010	3	14	73	-9999
0150071012	2010	3	15	74	-9999
0150071012	2010	3	16	75	-9999
0150071012	2010	3	17	76	-9999
0150071012	2010	3	18	77	-9999
0150071012	2010	3	19	78	-9999
0150071012	2010	3	20	79	-9999
0150071012	2010	3	21	80	-9999
0150071012	2010	3	22	81	-9999
0150071012	2010	3	23	82	-9999
0150071012	2010	3	24	83	-9999
0150071012	2010	3	25	84	-9999
0150071012	2010	3	26	85	-9999
0150071012	2010	3	27	86	-9999
0150071012	2010	3	28	87	-9999
0150071012	2010	3	29	88	-9999
0150071012	2010	3	30	89	-9999
0150071012	2010	3	31	90	-9999
0150071012	2010	4	1	91	-9999
0150071012	2010	4	2	92	-9999
0150071012	2010	4	3	93	-9999
0150071012	2010	4	4	94	-9999
0150071012	2010	4	5	95	-9999
0150071012	2010	4	6	96	-9999
0150071012	2010	4	7	97	-9999
0150071012	2010	4	8	98	-9999
0150071012	2010	4	9	99	-9999
0150071012	2010	4	10	100	-9999
0150071012	2010	4	11	101	-9999
0150071012	2010	4	12	102	-9999
0150071012	2010	4	13	103	-9999
0150071012	2010	4	14	104	-9999
0150071012	2010	4	15	105	-9999
0150071012	2010	4	16	106	-9999
0150071012	2010	4	17	107	-9999
0150071012	2010	4	18	108	-9999
0150071012	2010	4	19	109	-9999
0150071012	2010	4	20	110	-9999
0150071012	2010	4	21	111	-9999
0150071012	2010	4	22	112	-9999
0150071012	2010	4	23	113	-9999
0150071012	2010	4	24	114	-9999
0150071012	2010	4	25	115	-9999
0150071012	2010	4	26	116	-9999
0150071012	2010	4	27	117	-9999
0150071012	2010	4	28	118	-9999
0150071012	2010	4	29	119	-9999
0150071012	2010	4	30	120	-9999
0150071012	2010	5	1	121	-9999
0150071012	2010	5	2	122	-9999
0150071012	2010	5	3	123	-9999
0150071012	2010	5	4	124	-9999
0150071012	2010	5	5	125	-9999
0150071012	2010	5	6	126	-9999
0150071012	2010	5	7	127	-9999
0150071012	2010	5	8	128	-9999
0150071012	2010	5	9	129	-9999
0150071012	2010	5	10	130	-9999
0150071012	2010	5	11	131	-9999
0150071012	2010	5	12	132	-9999
0150071012	2010	5	13	133	-9999
0150071012	2010	5	14	134	-9999
0150071012	2010	5	15	135	-9999
0150071012	2010	5	16	136	-9999
0150071012	2010	5	17	137	-9999
0150071012	2010	5	18	138	-9999
0150071012	2010	5	19	139	-9999
0150071012	2010	5	20	140	-9999
0150071012	2010	5	21	141	-9999
0150071012	2010	5	22	142	-9999
0150071012	2010	5	23	143	-9999
0150071012	2010	5	24	144	-9999
0150071012	2010	5	25	145	-9999
0150071012	2010	5	26	146	-9999
0150071012	2010	5	27	147	-9999
0150071012	2010	5	28	148	-9999
0150071012	2010	5	29	149	-9999
0150071012	2010	5	30	150	-9999
0150071012	2010	5	31	151	-9999
0150071012	2010	6	1	152	-9999
0150071012	2010	6	2	153	-9999
0150071012	2010	6	3	154	-9999
0150071012	2010	6	4	155	-9999
0150071012	2010	6	5	156	-9999
0150071012	2010	6	6	157	-9999
0150071012	2010	6	7	158	-9999
0150071012	2010	6	8	159	-9999
0150071012	2010	6	9	160	-9999
0150071012	2010	6	10	161	-9999
0150071012	2010	6	11	162	-9999
0150071012	2010	6	12	163	-9999
0150071012	2010	6	13	164	-9999
0150071012	2010	6	14	165	-9999
0150071012	2010	6	15	166	-9999
0150071012	2010	6	16	167	-9999
0150071012	2010	6	17	168	-9999
0150071012	2010	6	18	169	-9999
0150071012	2010	6	19	170	-9999
0150071012	2010	6	20	171	-9999
0150071012	2010	6	21	172	-9999
0150071012	2010	6	22	173	-9999
0150071012	2010	6	23	174	-9999
0150071012	2010	6	24	175	-9999
0150071012	2010	6	25	176	-9999
0150071012	2010	6	26	177	-9999
0150071012	2010	6	27	178	-9999
0150071012	2010	6	28	179	-9999
0150071012	2010	6	29	180	-9999
0150071012	2010	6	30	181	-9999
0150071012	2010	7	1	182	-9999
0150071012	2010	7	2	183	-9999
0150071012	2010	7	3	184	-9999
0150071012	2010	7	4	185	-9999
0150071012	2010	7	5	186	-9999
0150071012	2010	7	6	187	-9999
0150071012	2010	7	7	188	-9999
0150071012	2010	7	8	189	-9999
0150071012	2010	7	9	190	-9999
0150071012	2010	7	10	191	-9999
0150071012	2010	7	11	192	-9999
0150071012	2010	7	12	193	-9999
0150071012	2010	7	13	194	-9999
0150071012	2010	7	14	195	-9999
0150071012	2010	7	15	196	-9999
0150071012	2010	7	16	197	-9999
0150071012	2010	7	17	198	-9999
0150071012	2010	7	18	199	-9999
0150071012	2010	7	19	200	-9999
0150071012	2010	7	20	201	-9999
0150071012	2010	7	21	202	-9999
0150071012	2010	7	22	203	-9999
0150071012	2010	7	23	204	-9999
0150071012	2010	7	24	205	-9999
0150071012	2010	7	25	206	-9999
0150071012	2010	7	26	207	-9999
0150071012	2010	7	27	208	-9999
0150071012	2010	7	28	209	-9999
0150071012	2010	7	29	210	-9999
0150071012	2010	7	30	211	-9999
0150071012	2010	7	31	212	-9999
0150071012	2010	8	1	213	-9999
0150071012	2010	8	2	214	-9999
0150071012	2010	8	3	215	-9999
0150071012	2010	8	4	216	-9999
0150071012	2010	8	5	217	-9999
0150071012	2010	8	6	218	-9999
0150071012	2010	8	7	219	-9999
0150071012	2010	8	8	220	-9999
0150071012	2010	8	9	221	-9999
0150071012	2010	8	10	222	0.057
0150071012	2010	8	11	223	0.057
0150071012	2010	8	12	224	0.057
0150071012	2010	8	13	225	0.057
0150071012	2010	8	14	226	0.057
0150071012	2010	8	15	227	0.057
0150071012	2010	8	16	228	0.057
0150071012	2010	8	17	229	0.057
0150071012	2010	8	18	230	0.057
0150071012	2010	8	19	231	0.057
0150071012	2010	8	20	232	0.074
0150071012	2010	8	21	233	0.071
0150071012	2010	8	22	234	0.07
0150071012	2010	8	23	235	0.07
0150071012	2010	8	24	236	0.073
0150071012	2010	8	25	237	0.074
0150071012	2010	8	26	238	0.074
0150071012	2010	8	27	239	0.073
0150071012	2010	8	28	240	0.072
0150071012	2010	8	29	241	0.071
0150071012	2010	8	30	242	0.069
0150071012	2010	8	31	243	0.067
0150071012	2010	9	1	244	0.066
0150071012	2010	9	2	245	0.064
0150071012	2010	9	3	246	0.062
0150071012	2010	9	4	247	0.062
0150071012	2010	9	5	248	0.061
0150071012	2010	9	6	249	0.06
0150071012	2010	9	7	250	0.059
0150071012	2010	9	8	251	0.057
0150071012	2010	9	9	252	0.056
0150071012	2010	9	10	253	0.056
0150071012	2010	9	11	254	0.056
0150071012	2010	9	12	255	0.055
0150071012	2010	9	13	256	0.056
0150071012	2010	9	14	257	0.055
0150071012	2010	9	15	258	0.055
0150071012	2010	9	16	259	0.055
0150071012	2010	9	17	260	0.054
0150071012	2010	9	18	261	0.054
0150071012	2010	9	19	262	0.054
0150071012	2010	9	20	263	0.053
0150071012	2010	9	21	264	0.053
0150071012	2010	9	22	265	0.052
0150071012	2010	9	23	266	0.051
0150071012	2010	9	24	267	0.05
0150071012	2010	9	25	268	0.049
0150071012	2010	9	26	269	0.048
0150071012	2010	9	27	270	0.0805
0150071012	2010	9	28	271	0.113
0150071012	2010	9	29	272	0.164
0150071012	2010	9	30	273	0.146
0150071012	2010	10	1	274	0.197
0150071012	2010	10	2	275	0.213
0150071012	2010	10	3	276	0.2
0150071012	2010	10	4	277	0.202
0150071012	2010	10	5	278	0.225
0150071012	2010	10	6	279	0.211
0150071012	2010	10	7	280	0.204
0150071012	2010	10	8	281	0.194
0150071012	2010	10	9	282	0.186
0150071012	2010	10	10	283	0.178
0150071012	2010	10	11	284	0.171
0150071012	2010	10	12	285	0.162
0150071012	2010	10	13	286	0.157
0150071012	2010	10	14	287	0.153
0150071012	2010	10	15	288	0.156
0150071012	2010	10	16	289	0.172
0150071012	2010	10	17	290	0.171
0150071012	2010	10	18	291	0.166
0150071012	2010	10	19	292	0.161
0150071012	2010	10	20	293	0.157
0150071012	2010	10	21	294	0.165
0150071012	2010	10	22	295	0.187
0150071012	2010	10	23	296	0.186
0150071012	2010	10	24	297	0.181
0150071012	2010	10	25	298	0.173
0150071012	2010	10	26	299	0.167
0150071012	2010	10	27	300	0.163
0150071012	2010	10	28	301	0.158
0150071012	2010	10	29	302	0.171
0150071012	2010	10	30	303	0.176
0150071012	2010	10	31	304	0.175
0150071012	2010	11	1	305	0.171
0150071012	2010	11	2	306	0.169
0150071012	2010	11	3	307	0.167
0150071012	2010	11	4	308	0.164
0150071012	2010	11	5	309	0.175
0150071012	2010	11	6	310	0.2
0150071012	2010	11	7	311	0.199
0150071012	2010	11	8	312	0.196
0150071012	2010	11	9	313	0.191
0150071012	2010	11	10	314	0.185
0150071012	2010	11	11	315	0.181
0150071012	2010	11	12	316	0.179
0150071012	2010	11	13	317	0.177
0150071012	2010	11	14	318	0.174
0150071012	2010	11	15	319	0.171
0150071012	2010	11	16	320	0.167
0150071012	2010	11	17	321	0.165
0150071012	2010	11	18	322	0.173
0150071012	2010	11	19	323	0.18
0150071012	2010	11	20	324	0.181
0150071012	2010	11	21	325	0.179
0150071012	2010	11	22	326	0.176
0150071012	2010	11	23	327	0.173
0150071012	2010	11	24	328	0.168
0150071012	2010	11	25	329	0.169
0150071012	2010	11	26	330	0.167
0150071012	2010	11	27	331	0.164
0150071012	2010	11	28	332	0.166
0150071012	2010	11	29	333	0.165
0150071012	2010	11	30	334	0.164
0150071012	2010	12	1	335	0.159
0150071012	2010	12	2	336	0.158
0150071012	2010	12	3	337	0.169
0150071012	2010	12	4	338	0.172
0150071012	2010	12	5	339	0.173
0150071012	2010	12	6	340	0.172
0150071012	2010	12	7	341	0.172
0150071012	2010	12	8	342	0.172
0150071012	2010	12	9	343	0.171
0150071012	2010	12	10	344	0.169
0150071012	2010	12	11	345	0.168
0150071012	2010	12	12	346	0.166
0150071012	2010	12	13	347	0.193
0150071012	2010	12	14	348	0.232
0150071012	2010	12	15	349	0.226
0150071012	2010	12	16	350	0.216
0150071012	2010	12	17	351	0.205
0150071012	2010	12	18	352	0.201
0150071012	2010	12	19	353	0.199
0150071012	2010	12	20	354	0.199
0150071012	2010	12	21	355	0.199
0150071012	2010	12	22	356	0.197
0150071012	2010	12	23	357	0.195
0150071012	2010	12	24	358	0.194
0150071012	2010	12	25	359	0.192
0150071012	2010	12	26	360	0.191
0150071012	2010	12	27	361	0.192
0150071012	2010	12	28	362	0.193
0150071012	2010	12	29	363	0.195
0150071012	2010	12	30	364	0.196
0150071012	2010	12	31	365	0.196
0150071012	2011	1	1	1	0.196
0150071012	2011	1	2	2	0.223
0150071012	2011	1	3	3	0.243
0150071012	2011	1	4	4	0.24
0150071012	2011	1	5	5	0.232
0150071012	2011	1	6	6	0.226
0150071012	2011	1	7	7	0.221
0150071012	2011	1	8	8	0.217
0150071012	2011	1	9	9	0.214
0150071012	2011	1	10	10	0.211
0150071012	2011	1	11	11	0.206
0150071012	2011	1	12	12	0.201
0150071012	2011	1	13	13	0.201
0150071012	2011	1	14	14	0.202
0150071012	2011	1	15	15	0.198
0150071012	2011	1	16	16	0.194
0150071012	2011	1	17	17	0.193
0150071012	2011	1	18	18	0.195
0150071012	2011	1	19	19	0.216
0150071012	2011	1	20	20	0.237
0150071012	2011	1	21	21	0.237
0150071012	2011	1	22	22	0.234
0150071012	2011	1	23	23	0.226
0150071012	2011	1	24	24	0.214
0150071012	2011	1	25	25	0.2
0150071012	2011	1	26	26	0.195
0150071012	2011	1	27	27	0.23
0150071012	2011	1	28	28	0.234
0150071012	2011	1	29	29	0.238
0150071012	2011	1	30	30	0.238
0150071012	2011	1	31	31	0.238
0150071012	2011	2	1	32	0.233
0150071012	2011	2	2	33	0.229
0150071012	2011	2	3	34	0.243
0150071012	2011	2	4	35	0.235
0150071012	2011	2	5	36	0.229
0150071012	2011	2	6	37	0.222
0150071012	2011	2	7	38	0.22
0150071012	2011	2	8	39	0.216
0150071012	2011	2	9	40	0.212
0150071012	2011	2	10	41	0.21
0150071012	2011	2	11	42	0.208
0150071012	2011	2	12	43	0.207
0150071012	2011	2	13	44	0.205
0150071012	2011	2	14	45	0.202
0150071012	2011	2	15	46	0.196
0150071012	2011	2	16	47	0.193
0150071012	2011	2	17	48	0.19
0150071012	2011	2	18	49	0.183
0150071012	2011	2	19	50	0.176
0150071012	2011	2	20	51	0.175
0150071012	2011	2	21	52	0.174
0150071012	2011	2	22	53	0.171
0150071012	2011	2	23	54	0.173
0150071012	2011	2	24	55	0.178
0150071012	2011	2	25	56	0.179
0150071012	2011	2	26	57	0.181
0150071012	2011	2	27	58	0.189
0150071012	2011	2	28	59	0.187
0150071012	2011	3	1	60	0.195
0150071012	2011	3	2	61	0.231
0150071012	2011	3	3	62	0.223
0150071012	2011	3	4	63	0.217
0150071012	2011	3	5	64	0.211
0150071012	2011	3	6	65	0.203
0150071012	2011	3	7	66	0.21
0150071012	2011	3	8	67	0.228
0150071012	2011	3	9	68	0.219
0150071012	2011	3	10	69	0.213
0150071012	2011	3	11	70	0.215
0150071012	2011	3	12	71	0.231
0150071012	2011	3	13	72	0.218
0150071012	2011	3	14	73	0.21
0150071012	2011	3	15	74	0.205
0150071012	2011	3	16	75	0.2
0150071012	2011	3	17	76	0.206
0150071012	2011	3	18	77	0.206
0150071012	2011	3	19	78	0.199
0150071012	2011	3	20	79	0.192
0150071012	2011	3	21	80	0.189
0150071012	2011	3	22	81	0.188
0150071012	2011	3	23	82	0.187
0150071012	2011	3	24	83	0.189
0150071012	2011	3	25	84	0.233
0150071012	2011	3	26	85	0.227
0150071012	2011	3	27	86	0.217
0150071012	2011	3	28	87	0.212
0150071012	2011	3	29	88	0.21
0150071012	2011	3	30	89	0.204
0150071012	2011	3	31	90	0.199
0150071012	2011	4	1	91	0.2
0150071012	2011	4	2	92	0.209
0150071012	2011	4	3	93	0.208
0150071012	2011	4	4	94	0.203
0150071012	2011	4	5	95	0.196
0150071012	2011	4	6	96	0.195
0150071012	2011	4	7	97	0.205
0150071012	2011	4	8	98	0.198
0150071012	2011	4	9	99	0.195
0150071012	2011	4	10	100	0.198
0150071012	2011	4	11	101	0.192
0150071012	2011	4	12	102	0.185
0150071012	2011	4	13	103	0.179
0150071012	2011	4	14	104	0.181
0150071012	2011	4	15	105	0.179
0150071012	2011	4	16	106	0.174
0150071012	2011	4	17	107	0.178
0150071012	2011	4	18	108	0.218
0150071012	2011	4	19	109	0.206
0150071012	2011	4	20	110	0.196
0150071012	2011	4	21	111	0.187
0150071012	2011	4	22	112	0.179
0150071012	2011	4	23	113	0.177
0150071012	2011	4	24	114	0.174
0150071012	2011	4	25	115	0.167
0150071012	2011	4	26	116	0.159
0150071012	2011	4	27	117	0.152
0150071012	2011	4	28	118	0.147
0150071012	2011	4	29	119	0.143
0150071012	2011	4	30	120	0.145
0150071012	2011	5	1	121	0.148
0150071012	2011	5	2	122	0.147
0150071012	2011	5	3	123	0.145
0150071012	2011	5	4	124	0.141
0150071012	2011	5	5	125	0.148
0150071012	2011	5	6	126	0.163
0150071012	2011	5	7	127	0.159
0150071012	2011	5	8	128	0.153
0150071012	2011	5	9	129	0.148
0150071012	2011	5	10	130	0.143
0150071012	2011	5	11	131	0.138
0150071012	2011	5	12	132	0.132
0150071012	2011	5	13	133	0.127
0150071012	2011	5	14	134	0.123
0150071012	2011	5	15	135	0.123
0150071012	2011	5	16	136	0.122
0150071012	2011	5	17	137	0.12
0150071012	2011	5	18	138	0.121
0150071012	2011	5	19	139	0.121
0150071012	2011	5	20	140	0.121
0150071012	2011	5	21	141	0.122
0150071012	2011	5	22	142	0.121
0150071012	2011	5	23	143	0.118
0150071012	2011	5	24	144	0.116
0150071012	2011	5	25	145	0.111
0150071012	2011	5	26	146	0.106
0150071012	2011	5	27	147	0.101
0150071012	2011	5	28	148	0.095
0150071012	2011	5	29	149	0.091
0150071012	2011	5	30	150	0.087
0150071012	2011	5	31	151	0.082
0150071012	2011	6	1	152	0.076
0150071012	2011	6	2	153	0.071
0150071012	2011	6	3	154	0.068
0150071012	2011	6	4	155	0.065
0150071012	2011	6	5	156	0.063
0150071012	2011	6	6	157	0.062
0150071012	2011	6	7	158	0.061
0150071012	2011	6	8	159	0.058
0150071012	2011	6	9	160	0.055
0150071012	2011	6	10	161	0.052
0150071012	2011	6	11	162	0.061
0150071012	2011	6	12	163	0.081
0150071012	2011	6	13	164	0.079
0150071012	2011	6	14	165	0.077
0150071012	2011	6	15	166	0.075
0150071012	2011	6	16	167	0.071
0150071012	2011	6	17	168	0.068
0150071012	2011	6	18	169	0.065
0150071012	2011	6	19	170	0.063
0150071012	2011	6	20	171	0.061
0150071012	2011	6	21	172	0.065
0150071012	2011	6	22	173	0.068
0150071012	2011	6	23	174	0.068
0150071012	2011	6	24	175	0.067
0150071012	2011	6	25	176	0.065
0150071012	2011	6	26	177	0.061
0150071012	2011	6	27	178	0.058
0150071012	2011	6	28	179	0.055
0150071012	2011	6	29	180	0.053
0150071012	2011	6	30	181	0.051
0150071012	2011	7	1	182	0.049
0150071012	2011	7	2	183	0.048
0150071012	2011	7	3	184	0.047
0150071012	2011	7	4	185	0.046
0150071012	2011	7	5	186	0.045
0150071012	2011	7	6	187	0.044
0150071012	2011	7	7	188	0.051
0150071012	2011	7	8	189	0.057
0150071012	2011	7	9	190	0.069
0150071012	2011	7	10	191	0.12
0150071012	2011	7	11	192	0.103
0150071012	2011	7	12	193	0.093
0150071012	2011	7	13	194	0.084
0150071012	2011	7	14	195	0.077
0150071012	2011	7	15	196	0.072
0150071012	2011	7	16	197	0.066
0150071012	2011	7	17	198	0.061
0150071012	2011	7	18	199	0.057
0150071012	2011	7	19	200	0.052
0150071012	2011	7	20	201	0.05
0150071012	2011	7	21	202	0.049
0150071012	2011	7	22	203	0.047
0150071012	2011	7	23	204	0.045
0150071012	2011	7	24	205	0.043
0150071012	2011	7	25	206	0.052
0150071012	2011	7	26	207	0.071
0150071012	2011	7	27	208	0.075
0150071012	2011	7	28	209	0.071
0150071012	2011	7	29	210	0.066
0150071012	2011	7	30	211	0.061
0150071012	2011	7	31	212	0.054
0150071012	2011	8	1	213	0.05
0150071012	2011	8	2	214	0.047
0150071012	2011	8	3	215	0.046
0150071012	2011	8	4	216	0.046
0150071012	2011	8	5	217	0.046
0150071012	2011	8	6	218	0.046
0150071012	2011	8	7	219	0.045
0150071012	2011	8	8	220	0.043
0150071012	2011	8	9	221	0.042
0150071012	2011	8	10	222	0.042
0150071012	2011	8	11	223	0.042
0150071012	2011	8	12	224	0.041
0150071012	2011	8	13	225	0.041
0150071012	2011	8	14	226	0.042
0150071012	2011	8	15	227	0.061
0150071012	2011	8	16	228	0.095
0150071012	2011	8	17	229	0.088
0150071012	2011	8	18	230	0.083
0150071012	2011	8	19	231	0.077
0150071012	2011	8	20	232	0.072
0150071012	2011	8	21	233	0.069
0150071012	2011	8	22	234	0.08
0150071012	2011	8	23	235	0.118
0150071012	2011	8	24	236	0.101
0150071012	2011	8	25	237	0.091
0150071012	2011	8	26	238	0.085
0150071012	2011	8	27	239	0.089
0150071012	2011	8	28	240	0.148
0150071012	2011	8	29	241	0.193
0150071012	2011	8	30	242	0.171
0150071012	2011	8	31	243	0.16
0150071012	2011	9	1	244	0.153
0150071012	2011	9	2	245	0.146
0150071012	2011	9	3	246	0.142
0150071012	2011	9	4	247	0.137
0150071012	2011	9	5	248	0.132
0150071012	2011	9	6	249	0.127
0150071012	2011	9	7	250	0.125
0150071012	2011	9	8	251	0.125
0150071012	2011	9	9	252	0.19
0150071012	2011	9	10	253	0.182
0150071012	2011	9	11	254	0.171
0150071012	2011	9	12	255	0.163
0150071012	2011	9	13	256	0.157
0150071012	2011	9	14	257	0.151
0150071012	2011	9	15	258	0.145
0150071012	2011	9	16	259	0.14
0150071012	2011	9	17	260	0.139
0150071012	2011	9	18	261	0.138
0150071012	2011	9	19	262	0.139
0150071012	2011	9	20	263	0.139
0150071012	2011	9	21	264	0.137
0150071012	2011	9	22	265	0.135
0150071012	2011	9	23	266	0.131
0150071012	2011	9	24	267	0.13
0150071012	2011	9	25	268	0.139
0150071012	2011	9	26	269	0.141
0150071012	2011	9	27	270	0.141
0150071012	2011	9	28	271	0.138
0150071012	2011	9	29	272	0.136
0150071012	2011	9	30	273	0.135
0150071012	2011	10	1	274	0.135
0150071012	2011	10	2	275	0.153
0150071012	2011	10	3	276	0.158
0150071012	2011	10	4	277	0.158
0150071012	2011	10	5	278	0.156
0150071012	2011	10	6	279	0.152
0150071012	2011	10	7	280	0.149
0150071012	2011	10	8	281	0.146
0150071012	2011	10	9	282	0.142
0150071012	2011	10	10	283	0.138
0150071012	2011	10	11	284	0.135
0150071012	2011	10	12	285	0.132
0150071012	2011	10	13	286	0.131
0150071012	2011	10	14	287	0.129
0150071012	2011	10	15	288	0.128
0150071012	2011	10	16	289	0.13
0150071012	2011	10	17	290	0.129
0150071012	2011	10	18	291	0.126
0150071012	2011	10	19	292	0.123
0150071012	2011	10	20	293	0.126
0150071012	2011	10	21	294	0.141
0150071012	2011	10	22	295	0.145
0150071012	2011	10	23	296	0.144
0150071012	2011	10	24	297	0.142
0150071012	2011	10	25	298	0.14
0150071012	2011	10	26	299	0.138
0150071012	2011	10	27	300	0.135
0150071012	2011	10	28	301	0.132
0150071012	2011	10	29	302	0.132
0150071012	2011	10	30	303	0.155
0150071012	2011	10	31	304	0.191
0150071012	2011	11	1	305	0.188
0150071012	2011	11	2	306	0.183
0150071012	2011	11	3	307	0.181
0150071012	2011	11	4	308	0.177
0150071012	2011	11	5	309	0.174
0150071012	2011	11	6	310	0.172
0150071012	2011	11	7	311	0.169
0150071012	2011	11	8	312	0.166
0150071012	2011	11	9	313	0.163
0150071012	2011	11	10	314	0.16
0150071012	2011	11	11	315	0.156
0150071012	2011	11	12	316	0.157
0150071012	2011	11	13	317	0.157
0150071012	2011	11	14	318	0.154
0150071012	2011	11	15	319	0.149
0150071012	2011	11	16	320	0.144
0150071012	2011	11	17	321	0.152
0150071012	2011	11	18	322	0.218
0150071012	2011	11	19	323	0.212
0150071012	2011	11	20	324	0.206
0150071012	2011	11	21	325	0.196
0150071012	2011	11	22	326	0.193
0150071012	2011	11	23	327	0.193
0150071012	2011	11	24	328	0.209
0150071012	2011	11	25	329	0.206
0150071012	2011	11	26	330	0.2
0150071012	2011	11	27	331	0.196
0150071012	2011	11	28	332	0.191
0150071012	2011	11	29	333	0.184
0150071012	2011	11	30	334	0.186
0150071012	2011	12	1	335	0.209
0150071012	2011	12	2	336	0.206
0150071012	2011	12	3	337	0.202
0150071012	2011	12	4	338	0.199
0150071012	2011	12	5	339	0.195
0150071012	2011	12	6	340	0.19
0150071012	2011	12	7	341	0.184
0150071012	2011	12	8	342	0.19
0150071012	2011	12	9	343	0.219
0150071012	2011	12	10	344	0.211
0150071012	2011	12	11	345	0.206
0150071012	2011	12	12	346	0.206
0150071012	2011	12	13	347	0.203
0150071012	2011	12	14	348	0.2
0150071012	2011	12	15	349	0.197
0150071012	2011	12	16	350	0.191
0150071012	2011	12	17	351	0.186
0150071012	2011	12	18	352	0.186
0150071012	2011	12	19	353	0.185
0150071012	2011	12	20	354	0.184
0150071012	2011	12	21	355	0.179
0150071012	2011	12	22	356	0.176
0150071012	2011	12	23	357	0.179
0150071012	2011	12	24	358	0.189
0150071012	2011	12	25	359	0.193
0150071012	2011	12	26	360	0.194
0150071012	2011	12	27	361	0.192
0150071012	2011	12	28	362	0.192
0150071012	2011	12	29	363	0.216
0150071012	2011	12	30	364	0.214
0150071012	2011	12	31	365	0.209
0150071012	2012	1	1	1	0.202
0150071012	2012	1	2	2	0.199
0150071012	2012	1	3	3	0.197
0150071012	2012	1	4	4	0.197
0150071012	2012	1	5	5	0.196
0150071012	2012	1	6	6	0.194
0150071012	2012	1	7	7	0.192
0150071012	2012	1	8	8	0.188
0150071012	2012	1	9	9	0.186
0150071012	2012	1	10	10	0.186
0150071012	2012	1	11	11	0.187
0150071012	2012	1	12	12	0.19
0150071012	2012	1	13	13	0.223
0150071012	2012	1	14	14	0.219
0150071012	2012	1	15	15	0.216
0150071012	2012	1	16	16	0.214
0150071012	2012	1	17	17	0.21
0150071012	2012	1	18	18	0.208
0150071012	2012	1	19	19	0.217
0150071012	2012	1	20	20	0.216
0150071012	2012	1	21	21	0.212
0150071012	2012	1	22	22	0.223
0150071012	2012	1	23	23	0.231
0150071012	2012	1	24	24	0.22
0150071012	2012	1	25	25	0.21
0150071012	2012	1	26	26	0.208
0150071012	2012	1	27	27	0.204
0150071012	2012	1	28	28	0.203
0150071012	2012	1	29	29	0.211
0150071012	2012	1	30	30	0.209
0150071012	2012	1	31	31	0.207
0150071012	2012	2	1	32	0.202
0150071012	2012	2	2	33	0.195
0150071012	2012	2	3	34	0.196
0150071012	2012	2	4	35	0.203
0150071012	2012	2	5	36	0.203
0150071012	2012	2	6	37	0.205
0150071012	2012	2	7	38	0.205
0150071012	2012	2	8	39	0.202
0150071012	2012	2	9	40	0.201
0150071012	2012	2	10	41	0.206
0150071012	2012	2	11	42	0.205
0150071012	2012	2	12	43	0.203
0150071012	2012	2	13	44	0.208
0150071012	2012	2	14	45	0.206
0150071012	2012	2	15	46	0.203
0150071012	2012	2	16	47	0.198
0150071012	2012	2	17	48	0.196
0150071012	2012	2	18	49	0.193
0150071012	2012	2	19	50	0.193
0150071012	2012	2	20	51	0.191
0150071012	2012	2	21	52	0.194
0150071012	2012	2	22	53	0.196
0150071012	2012	2	23	54	0.191
0150071012	2012	2	24	55	0.194
0150071012	2012	2	25	56	0.207
0150071012	2012	2	26	57	0.225
0150071012	2012	2	27	58	0.217
0150071012	2012	2	28	59	0.211
0150071012	2012	2	29	60	0.203
0150071012	2012	3	1	61	0.222
0150071012	2012	3	2	62	0.224
0150071012	2012	3	3	63	0.214
0150071012	2012	3	4	64	0.216
0150071012	2012	3	5	65	0.213
0150071012	2012	3	6	66	0.212
0150071012	2012	3	7	67	0.21
0150071012	2012	3	8	68	0.204
0150071012	2012	3	9	69	0.194
0150071012	2012	3	10	70	0.191
0150071012	2012	3	11	71	0.195
0150071012	2012	3	12	72	0.193
0150071012	2012	3	13	73	0.188
0150071012	2012	3	14	74	0.18
0150071012	2012	3	15	75	0.176
0150071012	2012	3	16	76	0.173
0150071012	2012	3	17	77	0.17
0150071012	2012	3	18	78	0.166
0150071012	2012	3	19	79	0.164
0150071012	2012	3	20	80	0.161
0150071012	2012	3	21	81	0.158
0150071012	2012	3	22	82	0.155
0150071012	2012	3	23	83	0.151
0150071012	2012	3	24	84	0.148
0150071012	2012	3	25	85	0.147
0150071012	2012	3	26	86	0.147
0150071012	2012	3	27	87	0.147
0150071012	2012	3	28	88	0.146
0150071012	2012	3	29	89	0.143
0150071012	2012	3	30	90	0.138
0150071012	2012	3	31	91	0.136
0150071012	2012	4	1	92	0.134
0150071012	2012	4	2	93	0.133
0150071012	2012	4	3	94	0.131
0150071012	2012	4	4	95	0.129
0150071012	2012	4	5	96	0.125
0150071012	2012	4	6	97	0.122
0150071012	2012	4	7	98	0.119
0150071012	2012	4	8	99	0.115
0150071012	2012	4	9	100	0.111
0150071012	2012	4	10	101	0.105
0150071012	2012	4	11	102	0.102
0150071012	2012	4	12	103	0.099
0150071012	2012	4	13	104	0.097
0150071012	2012	4	14	105	0.093
0150071012	2012	4	15	106	0.089
0150071012	2012	4	16	107	0.084
0150071012	2012	4	17	108	0.078
0150071012	2012	4	18	109	0.074
0150071012	2012	4	19	110	0.073
0150071012	2012	4	20	111	0.072
0150071012	2012	4	21	112	0.071
0150071012	2012	4	22	113	0.069
0150071012	2012	4	23	114	0.117
0150071012	2012	4	24	115	0.195
0150071012	2012	4	25	116	0.182
0150071012	2012	4	26	117	0.169
0150071012	2012	4	27	118	0.159
0150071012	2012	4	28	119	0.152
0150071012	2012	4	29	120	0.148
0150071012	2012	4	30	121	0.156
0150071012	2012	5	1	122	0.157
0150071012	2012	5	2	123	0.153
0150071012	2012	5	3	124	0.154
0150071012	2012	5	4	125	0.152
0150071012	2012	5	5	126	0.147
0150071012	2012	5	6	127	0.142
0150071012	2012	5	7	128	0.138
0150071012	2012	5	8	129	0.134
0150071012	2012	5	9	130	0.128
0150071012	2012	5	10	131	0.128
0150071012	2012	5	11	132	0.171
0150071012	2012	5	12	133	0.168
0150071012	2012	5	13	134	0.158
0150071012	2012	5	14	135	0.146
0150071012	2012	5	15	136	0.141
0150071012	2012	5	16	137	0.136
0150071012	2012	5	17	138	0.133
0150071012	2012	5	18	139	0.128
0150071012	2012	5	19	140	0.125
0150071012	2012	5	20	141	0.119
0150071012	2012	5	21	142	0.115
0150071012	2012	5	22	143	0.133
0150071012	2012	5	23	144	0.133
0150071012	2012	5	24	145	0.13
0150071012	2012	5	25	146	0.126
0150071012	2012	5	26	147	0.121
0150071012	2012	5	27	148	0.117
0150071012	2012	5	28	149	0.111
0150071012	2012	5	29	150	0.105
0150071012	2012	5	30	151	0.098
0150071012	2012	5	31	152	0.095
0150071012	2012	6	1	153	0.096
0150071012	2012	6	2	154	0.095
0150071012	2012	6	3	155	0.098
0150071012	2012	6	4	156	0.099
0150071012	2012	6	5	157	0.098
0150071012	2012	6	6	158	0.097
0150071012	2012	6	7	159	0.095
0150071012	2012	6	8	160	0.092
0150071012	2012	6	9	161	0.089
0150071012	2012	6	10	162	0.084
0150071012	2012	6	11	163	0.079
0150071012	2012	6	12	164	0.074
0150071012	2012	6	13	165	0.073
0150071012	2012	6	14	166	0.072
0150071012	2012	6	15	167	0.072
0150071012	2012	6	16	168	0.07
0150071012	2012	6	17	169	0.068
0150071012	2012	6	18	170	0.066
0150071012	2012	6	19	171	0.064
0150071012	2012	6	20	172	0.062
0150071012	2012	6	21	173	0.062
0150071012	2012	6	22	174	-9999
0150071012	2012	6	23	175	-9999
0150071012	2012	6	24	176	-9999
0150071012	2012	6	25	177	-9999
0150071012	2012	6	26	178	-9999
0150071012	2012	6	27	179	-9999
0150071012	2012	6	28	180	-9999
0150071012	2012	6	29	181	-9999
0150071012	2012	6	30	182	-9999
0150071012	2012	7	1	183	-9999
0150071012	2012	7	2	184	-9999
0150071012	2012	7	3	185	-9999
0150071012	2012	7	4	186	-9999
0150071012	2012	7	5	187	-9999
0150071012	2012	7	6	188	-9999
0150071012	2012	7	7	189	-9999
0150071012	2012	7	8	190	-9999
0150071012	2012	7	9	191	-9999
0150071012	2012	7	10	192	-9999
0150071012	2012	7	11	193	-9999
0150071012	2012	7	12	194	-9999
0150071012	2012	7	13	195	-9999
0150071012	2012	7	14	196	-9999
0150071012	2012	7	15	197	-9999
0150071012	2012	7	16	198	-9999
0150071012	2012	7	17	199	-9999
0150071012	2012	7	18	200	-9999
0150071012	2012	7	19	201	-9999
0150071012	2012	7	20	202	-9999
0150071012	2012	7	21	203	-9999
0150071012	2012	7	22	204	-9999
0150071012	2012	7	23	205	-9999
0150071012	2012	7	24	206	-9999
0150071012	2012	7	25	207	-9999
0150071012	2012	7	26	208	-9999
0150071012	2012	7	27	209	-9999
0150071012	2012	7	28	210	-9999
0150071012	2012	7	29	211	-9999
0150071012	2012	7	30	212	-9999
0150071012	2012	7	31	213	-9999
0150071012	2012	8	1	214	-9999
0150071012	2012	8	2	215	-9999
0150071012	2012	8	3	216	-9999
0150071012	2012	8	4	217	-9999
0150071012	2012	8	5	218	-9999
0150071012	2012	8	6	219	-9999
0150071012	2012	8	7	220	-9999
0150071012	2012	8	8	221	-9999
0150071012	2012	8	9	222	-9999
0150071012	2012	8	10	223	-9999
0150071012	2012	8	11	224	-9999
0150071012	2012	8	12	225	-9999
0150071012	2012	8	13	226	-9999
0150071012	2012	8	14	227	-9999
0150071012	2012	8	15	228	-9999
0150071012	2012	8	16	229	-9999
0150071012	2012	8	17	230	-9999
0150071012	2012	8	18	231	-9999
0150071012	2012	8	19	232	-9999
0150071012	2012	8	20	233	-9999
0150071012	2012	8	21	234	-9999
0150071012	2012	8	22	235	-9999
0150071012	2012	8	23	236	-9999
0150071012	2012	8	24	237	-9999
0150071012	2012	8	25	238	-9999
0150071012	2012	8	26	239	-9999
0150071012	2012	8	27	240	-9999
0150071012	2012	8	28	241	-9999
0150071012	2012	8	29	242	-9999
0150071012	2012	8	30	243	-9999
0150071012	2012	8	31	244	-9999
0150071012	2012	9	1	245	-9999
0150071012	2012	9	2	246	-9999
0150071012	2012	9	3	247	-9999
0150071012	2012	9	4	248	-9999
0150071012	2012	9	5	249	-9999
0150071012	2012	9	6	250	-9999
0150071012	2012	9	7	251	-9999
0150071012	2012	9	8	252	-9999
0150071012	2012	9	9	253	-9999
0150071012	2012	9	10	254	-9999
0150071012	2012	9	11	255	-9999
0150071012	2012	9	12	256	-9999
0150071012	2012	9	13	257	-9999
0150071012	2012	9	14	258	-9999
0150071012	2012	9	15	259	-9999
0150071012	2012	9	16	260	-9999
0150071012	2012	9	17	261	-9999
0150071012	2012	9	18	262	-9999
0150071012	2012	9	19	263	-9999
0150071012	2012	9	20	264	-9999
0150071012	2012	9	21	265	-9999
0150071012	2012	9	22	266	-9999
0150071012	2012	9	23	267	-9999
0150071012	2012	9	24	268	-9999
0150071012	2012	9	25	269	-9999
0150071012	2012	9	26	270	-9999
0150071012	2012	9	27	271	-9999
0150071012	2012	9	28	272	-9999
0150071012	2012	9	29	273	-9999
0150071012	2012	9	30	274	-9999
0150071012	2012	10	1	275	-9999
0150071012	2012	10	2	276	-9999
0150071012	2012	10	3	277	-9999
0150071012	2012	10	4	278	-9999
0150071012	2012	10	5	279	-9999
0150071012	2012	10	6	280	-9999
0150071012	2012	10	7	281	-9999
0150071012	2012	10	8	282	-9999
0150071012	2012	10	9	283	-9999
0150071012	2012	10	10	284	-9999
0150071012	2012	10	11	285	-9999
0150071012	2012	10	12	286	-9999
0150071012	2012	10	13	287	-9999
0150071012	2012	10	14	288	-9999
0150071012	2012	10	15	289	-9999
0150071012	2012	10	16	290	-9999
0150071012	2012	10	17	291	-9999
0150071012	2012	10	18	292	-9999
0150071012	2012	10	19	293	-9999
0150071012	2012	10	20	294	-9999
0150071012	2012	10	21	295	-9999
0150071012	2012	10	22	296	-9999
0150071012	2012	10	23	297	-9999
0150071012	2012	10	24	298	-9999
0150071012	2012	10	25	299	-9999
0150071012	2012	10	26	300	-9999
0150071012	2012	10	27	301	-9999
0150071012	2012	10	28	302	-9999
0150071012	2012	10	29	303	-9999
0150071012	2012	10	30	304	-9999
0150071012	2012	10	31	305	-9999
0150071012	2012	11	1	306	-9999
0150071012	2012	11	2	307	-9999
0150071012	2012	11	3	308	-9999
0150071012	2012	11	4	309	-9999
0150071012	2012	11	5	310	-9999
0150071012	2012	11	6	311	-9999
0150071012	2012	11	7	312	-9999
0150071012	2012	11	8	313	-9999
0150071012	2012	11	9	314	-9999
0150071012	2012	11	10	315	-9999
0150071012	2012	11	11	316	-9999
0150071012	2012	11	12	317	-9999
0150071012	2012	11	13	318	-9999
0150071012	2012	11	14	319	-9999
0150071012	2012	11	15	320	-9999
0150071012	2012	11	16	321	-9999
0150071012	2012	11	17	322	-9999
0150071012	2012	11	18	323	-9999
0150071012	2012	11	19	324	-9999
0150071012	2012	11	20	325	-9999
0150071012	2012	11	21	326	-9999
0150071012	2012	11	22	327	-9999
0150071012	2012	11	23	328	-9999
0150071012	2012	11	24	329	-9999
0150071012	2012	11	25	330	-9999
0150071012	2012	11	26	331	-9999
0150071012	2012	11	27	332	-9999
0150071012	2012	11	28	333	-9999
0150071012	2012	11	29	334	-9999
0150071012	2012	11	30	335	-9999
0150071012	2012	12	1	336	-9999
0150071012	2012	12	2	337	-9999
0150071012	2012	12	3	338	-9999
0150071012	2012	12	4	339	-9999
0150071012	2012	12	5	340	-9999
0150071012	2012	12	6	341	-9999
0150071012	2012	12	7	342	-9999
0150071012	2012	12	8	343	-9999
0150071012	2012	12	9	344	-9999
0150071012	2012	12	10	345	-9999
0150071012	2012	12	11	346	-9999
0150071012	2012	12	12	347	-9999
0150071012	2012	12	13	348	-9999
0150071012	2012	12	14	349	-9999
0150071012	2012	12	15	350	-9999
0150071012	2012	12	16	351	-9999
0150071012	2012	12	17	352	-9999
0150071012	2012	12	18	353	-9999
0150071012	2012	12	19	354	-9999
0150071012	2012	12	20	355	-9999
0150071012	2012	12	21	356	-9999
0150071012	2012	12	22	357	-9999
0150071012	2012	12	23	358	-9999
0150071012	2012	12	24	359	-9999
0150071012	2012	12	25	360	-9999
0150071012	2012	12	26	361	-9999
0150071012	2012	12	27	362	-9999
0150071012	2012	12	28	363	-9999
0150071012	2012	12	29	364	-9999
0150071012	2012	12	30	365	-9999
0150071012	2012	12	31	366	-9999
