stationID	Y	M	D	DOY	depth_10	depth_15
0180220713	2007	1	1	1		
0180220713	2007	1	2	2		
0180220713	2007	1	3	3		
0180220713	2007	1	4	4		
0180220713	2007	1	5	5		
0180220713	2007	1	6	6		
0180220713	2007	1	7	7		
0180220713	2007	1	8	8		
0180220713	2007	1	9	9		
0180220713	2007	1	10	10		
0180220713	2007	1	11	11		
0180220713	2007	1	12	12		
0180220713	2007	1	13	13		
0180220713	2007	1	14	14		
0180220713	2007	1	15	15		
0180220713	2007	1	16	16		
0180220713	2007	1	17	17		
0180220713	2007	1	18	18		
0180220713	2007	1	19	19		
0180220713	2007	1	20	20		
0180220713	2007	1	21	21		
0180220713	2007	1	22	22		
0180220713	2007	1	23	23		
0180220713	2007	1	24	24		
0180220713	2007	1	25	25		
0180220713	2007	1	26	26		
0180220713	2007	1	27	27		
0180220713	2007	1	28	28		
0180220713	2007	1	29	29		
0180220713	2007	1	30	30		
0180220713	2007	1	31	31		
0180220713	2007	2	1	32		
0180220713	2007	2	2	33		
0180220713	2007	2	3	34		
0180220713	2007	2	4	35		
0180220713	2007	2	5	36		
0180220713	2007	2	6	37		
0180220713	2007	2	7	38		
0180220713	2007	2	8	39		
0180220713	2007	2	9	40		
0180220713	2007	2	10	41		
0180220713	2007	2	11	42		
0180220713	2007	2	12	43		
0180220713	2007	2	13	44		
0180220713	2007	2	14	45		
0180220713	2007	2	15	46		
0180220713	2007	2	16	47		
0180220713	2007	2	17	48		
0180220713	2007	2	18	49		
0180220713	2007	2	19	50		
0180220713	2007	2	20	51		
0180220713	2007	2	21	52		
0180220713	2007	2	22	53		
0180220713	2007	2	23	54		
0180220713	2007	2	24	55		
0180220713	2007	2	25	56		
0180220713	2007	2	26	57		
0180220713	2007	2	27	58		
0180220713	2007	2	28	59		
0180220713	2007	3	1	60		
0180220713	2007	3	2	61		
0180220713	2007	3	3	62		
0180220713	2007	3	4	63		
0180220713	2007	3	5	64		
0180220713	2007	3	6	65		
0180220713	2007	3	7	66		
0180220713	2007	3	8	67		
0180220713	2007	3	9	68		
0180220713	2007	3	10	69		
0180220713	2007	3	11	70		
0180220713	2007	3	12	71		
0180220713	2007	3	13	72		
0180220713	2007	3	14	73		
0180220713	2007	3	15	74		
0180220713	2007	3	16	75		
0180220713	2007	3	17	76		
0180220713	2007	3	18	77		
0180220713	2007	3	19	78		
0180220713	2007	3	20	79		
0180220713	2007	3	21	80		
0180220713	2007	3	22	81		
0180220713	2007	3	23	82		
0180220713	2007	3	24	83		
0180220713	2007	3	25	84		
0180220713	2007	3	26	85		
0180220713	2007	3	27	86		
0180220713	2007	3	28	87		
0180220713	2007	3	29	88		
0180220713	2007	3	30	89		
0180220713	2007	3	31	90		
0180220713	2007	4	1	91		
0180220713	2007	4	2	92		
0180220713	2007	4	3	93		
0180220713	2007	4	4	94		
0180220713	2007	4	5	95		
0180220713	2007	4	6	96		
0180220713	2007	4	7	97		
0180220713	2007	4	8	98		
0180220713	2007	4	9	99		
0180220713	2007	4	10	100		
0180220713	2007	4	11	101		
0180220713	2007	4	12	102		
0180220713	2007	4	13	103		
0180220713	2007	4	14	104		
0180220713	2007	4	15	105		
0180220713	2007	4	16	106		
0180220713	2007	4	17	107		
0180220713	2007	4	18	108		
0180220713	2007	4	19	109		
0180220713	2007	4	20	110		
0180220713	2007	4	21	111		
0180220713	2007	4	22	112		
0180220713	2007	4	23	113		
0180220713	2007	4	24	114		
0180220713	2007	4	25	115		
0180220713	2007	4	26	116		
0180220713	2007	4	27	117		
0180220713	2007	4	28	118		
0180220713	2007	4	29	119		
0180220713	2007	4	30	120		
0180220713	2007	5	1	121		
0180220713	2007	5	2	122		
0180220713	2007	5	3	123		
0180220713	2007	5	4	124		
0180220713	2007	5	5	125		
0180220713	2007	5	6	126		
0180220713	2007	5	7	127		
0180220713	2007	5	8	128		
0180220713	2007	5	9	129		
0180220713	2007	5	10	130		
0180220713	2007	5	11	131		
0180220713	2007	5	12	132		
0180220713	2007	5	13	133		
0180220713	2007	5	14	134		
0180220713	2007	5	15	135		
0180220713	2007	5	16	136		
0180220713	2007	5	17	137		
0180220713	2007	5	18	138		
0180220713	2007	5	19	139		
0180220713	2007	5	20	140		
0180220713	2007	5	21	141		
0180220713	2007	5	22	142		
0180220713	2007	5	23	143		
0180220713	2007	5	24	144		
0180220713	2007	5	25	145		
0180220713	2007	5	26	146		
0180220713	2007	5	27	147		
0180220713	2007	5	28	148		
0180220713	2007	5	29	149		
0180220713	2007	5	30	150		
0180220713	2007	5	31	151		
0180220713	2007	6	1	152		
0180220713	2007	6	2	153		
0180220713	2007	6	3	154		
0180220713	2007	6	4	155		
0180220713	2007	6	5	156		
0180220713	2007	6	6	157		
0180220713	2007	6	7	158		
0180220713	2007	6	8	159		
0180220713	2007	6	9	160		
0180220713	2007	6	10	161		
0180220713	2007	6	11	162		
0180220713	2007	6	12	163		
0180220713	2007	6	13	164		
0180220713	2007	6	14	165		
0180220713	2007	6	15	166		
0180220713	2007	6	16	167		
0180220713	2007	6	17	168		
0180220713	2007	6	18	169		
0180220713	2007	6	19	170		
0180220713	2007	6	20	171		
0180220713	2007	6	21	172		
0180220713	2007	6	22	173		
0180220713	2007	6	23	174		
0180220713	2007	6	24	175		
0180220713	2007	6	25	176		
0180220713	2007	6	26	177		
0180220713	2007	6	27	178		
0180220713	2007	6	28	179		
0180220713	2007	6	29	180		
0180220713	2007	6	30	181		
0180220713	2007	7	1	182		
0180220713	2007	7	2	183		
0180220713	2007	7	3	184		
0180220713	2007	7	4	185		
0180220713	2007	7	5	186		
0180220713	2007	7	6	187		
0180220713	2007	7	7	188		
0180220713	2007	7	8	189		
0180220713	2007	7	9	190		
0180220713	2007	7	10	191		
0180220713	2007	7	11	192		
0180220713	2007	7	12	193		
0180220713	2007	7	13	194		
0180220713	2007	7	14	195		
0180220713	2007	7	15	196		
0180220713	2007	7	16	197		
0180220713	2007	7	17	198		
0180220713	2007	7	18	199		
0180220713	2007	7	19	200		
0180220713	2007	7	20	201		
0180220713	2007	7	21	202		
0180220713	2007	7	22	203		
0180220713	2007	7	23	204		
0180220713	2007	7	24	205		
0180220713	2007	7	25	206		
0180220713	2007	7	26	207		
0180220713	2007	7	27	208		
0180220713	2007	7	28	209		
0180220713	2007	7	29	210		
0180220713	2007	7	30	211		
0180220713	2007	7	31	212		
0180220713	2007	8	1	213		
0180220713	2007	8	2	214		
0180220713	2007	8	3	215		
0180220713	2007	8	4	216		
0180220713	2007	8	5	217		
0180220713	2007	8	6	218		
0180220713	2007	8	7	219		
0180220713	2007	8	8	220		
0180220713	2007	8	9	221		
0180220713	2007	8	10	222		
0180220713	2007	8	11	223		
0180220713	2007	8	12	224		
0180220713	2007	8	13	225		
0180220713	2007	8	14	226		
0180220713	2007	8	15	227		
0180220713	2007	8	16	228		
0180220713	2007	8	17	229		
0180220713	2007	8	18	230		
0180220713	2007	8	19	231		
0180220713	2007	8	20	232		
0180220713	2007	8	21	233		
0180220713	2007	8	22	234		
0180220713	2007	8	23	235		
0180220713	2007	8	24	236		
0180220713	2007	8	25	237		
0180220713	2007	8	26	238		
0180220713	2007	8	27	239		
0180220713	2007	8	28	240		
0180220713	2007	8	29	241		
0180220713	2007	8	30	242		
0180220713	2007	8	31	243		
0180220713	2007	9	1	244		
0180220713	2007	9	2	245		
0180220713	2007	9	3	246		
0180220713	2007	9	4	247		
0180220713	2007	9	5	248		
0180220713	2007	9	6	249		
0180220713	2007	9	7	250		
0180220713	2007	9	8	251		
0180220713	2007	9	9	252		
0180220713	2007	9	10	253		
0180220713	2007	9	11	254		
0180220713	2007	9	12	255		
0180220713	2007	9	13	256		
0180220713	2007	9	14	257		
0180220713	2007	9	15	258		
0180220713	2007	9	16	259		
0180220713	2007	9	17	260		
0180220713	2007	9	18	261		
0180220713	2007	9	19	262		
0180220713	2007	9	20	263		
0180220713	2007	9	21	264		
0180220713	2007	9	22	265		
0180220713	2007	9	23	266		
0180220713	2007	9	24	267		
0180220713	2007	9	25	268		
0180220713	2007	9	26	269		
0180220713	2007	9	27	270		
0180220713	2007	9	28	271		
0180220713	2007	9	29	272		
0180220713	2007	9	30	273		
0180220713	2007	10	1	274		
0180220713	2007	10	2	275		
0180220713	2007	10	3	276		
0180220713	2007	10	4	277		
0180220713	2007	10	5	278		
0180220713	2007	10	6	279		
0180220713	2007	10	7	280		
0180220713	2007	10	8	281		
0180220713	2007	10	9	282		
0180220713	2007	10	10	283		
0180220713	2007	10	11	284		
0180220713	2007	10	12	285		
0180220713	2007	10	13	286		
0180220713	2007	10	14	287		
0180220713	2007	10	15	288		
0180220713	2007	10	16	289		
0180220713	2007	10	17	290		
0180220713	2007	10	18	291		
0180220713	2007	10	19	292		
0180220713	2007	10	20	293		
0180220713	2007	10	21	294		
0180220713	2007	10	22	295		
0180220713	2007	10	23	296		
0180220713	2007	10	24	297	0.23457	0.32461
0180220713	2007	10	25	298	0.23147	0.31967
0180220713	2007	10	26	299	0.22657	0.31526
0180220713	2007	10	27	300	0.21867	0.31062
0180220713	2007	10	28	301	0.2186	0.3059
0180220713	2007	10	29	302	0.21598	0.30101
0180220713	2007	10	30	303	0.21652	0.30046
0180220713	2007	10	31	304	0.21923	0.30282
0180220713	2007	11	1	305	0.21906	0.30283
0180220713	2007	11	2	306	0.21881	0.30178
0180220713	2007	11	3	307	0.21847	0.30057
0180220713	2007	11	4	308	0.21778	0.29845
0180220713	2007	11	5	309	0.217	0.29718
0180220713	2007	11	6	310	0.21576	0.29495
0180220713	2007	11	7	311	0.21407	0.29271
0180220713	2007	11	8	312	0.21248	0.28971
0180220713	2007	11	9	313	0.21055	0.28747
0180220713	2007	11	10	314	0.20891	0.28469
0180220713	2007	11	11	315	0.26249	0.34597
0180220713	2007	11	12	316	0.26888	0.37983
0180220713	2007	11	13	317	0.25597	0.36084
0180220713	2007	11	14	318	0.24803	0.34877
0180220713	2007	11	15	319	0.24378	0.34146
0180220713	2007	11	16	320	0.24021	0.33564
0180220713	2007	11	17	321	0.23736	0.33053
0180220713	2007	11	18	322	0.23589	0.32706
0180220713	2007	11	19	323	0.23484	0.32479
0180220713	2007	11	20	324	0.2361	0.32533
0180220713	2007	11	21	325	0.23798	0.3274
0180220713	2007	11	22	326	0.23834	0.32797
0180220713	2007	11	23	327	0.23829	0.32752
0180220713	2007	11	24	328	0.23779	0.3264
0180220713	2007	11	25	329	0.23703	0.32528
0180220713	2007	11	26	330	0.2363	0.32379
0180220713	2007	11	27	331	0.23532	0.32209
0180220713	2007	11	28	332	0.23409	0.32117
0180220713	2007	11	29	333	0.23302	0.31983
0180220713	2007	11	30	334	0.23257	0.31901
0180220713	2007	12	1	335	0.23219	0.31798
0180220713	2007	12	2	336	0.23094	0.31647
0180220713	2007	12	3	337	0.22909	0.31447
0180220713	2007	12	4	338	0.22944	0.31229
0180220713	2007	12	5	339	0.25204	0.33199
0180220713	2007	12	6	340	0.25604	0.34712
0180220713	2007	12	7	341	0.25626	0.34867
0180220713	2007	12	8	342	0.26646	0.36434
0180220713	2007	12	9	343	0.26054	0.36176
0180220713	2007	12	10	344	0.25543	0.35626
0180220713	2007	12	11	345	0.25153	0.35147
0180220713	2007	12	12	346	0.24796	0.34757
0180220713	2007	12	13	347	0.24541	0.34388
0180220713	2007	12	14	348	0.24321	0.34063
0180220713	2007	12	15	349	0.24123	0.33779
0180220713	2007	12	16	350	0.24054	0.33538
0180220713	2007	12	17	351	0.24121	0.33288
0180220713	2007	12	18	352	0.24042	0.33122
0180220713	2007	12	19	353	0.23998	0.32993
0180220713	2007	12	20	354	0.24	0.32935
0180220713	2007	12	21	355	0.24053	0.32918
0180220713	2007	12	22	356	0.24059	0.32907
0180220713	2007	12	23	357	0.24052	0.32913
0180220713	2007	12	24	358	0.24217	0.33015
0180220713	2007	12	25	359	0.24825	0.33534
0180220713	2007	12	26	360	0.24872	0.33804
0180220713	2007	12	27	361	0.24846	0.33847
0180220713	2007	12	28	362	0.24809	0.3386
0180220713	2007	12	29	363	0.24741	0.33819
0180220713	2007	12	30	364	0.24664	0.33733
0180220713	2007	12	31	365	0.26073	0.35022
0180220713	2008	1	1	1	0.25914	0.35276
0180220713	2008	1	2	2	0.25726	0.35116
0180220713	2008	1	3	3	0.25589	0.34945
0180220713	2008	1	4	4	0.28288	0.37398
0180220713	2008	1	5	5	0.33469	0.45581
0180220713	2008	1	6	6	0.30423	0.42095
0180220713	2008	1	7	7	0.29479	0.40609
0180220713	2008	1	8	8	0.28928	0.39721
0180220713	2008	1	9	9	0.28561	0.3915
0180220713	2008	1	10	10	0.28376	0.3881
0180220713	2008	1	11	11	0.32362	0.44409
0180220713	2008	1	12	12	0.30443	0.41995
0180220713	2008	1	13	13	0.29884	0.41006
0180220713	2008	1	14	14	0.2941	0.40299
0180220713	2008	1	15	15	0.29048	0.3974
0180220713	2008	1	16	16	0.28835	0.39393
0180220713	2008	1	17	17	0.28662	0.39146
0180220713	2008	1	18	18	0.28499	0.38908
0180220713	2008	1	19	19	0.28622	0.38923
0180220713	2008	1	20	20	0.28646	0.38946
0180220713	2008	1	21	21	0.28525	0.3883
0180220713	2008	1	22	22	0.28382	0.38692
0180220713	2008	1	23	23	0.28278	0.3858
0180220713	2008	1	24	24	0.2821	0.38464
0180220713	2008	1	25	25	0.28133	0.38358
0180220713	2008	1	26	26	0.28065	0.3827
0180220713	2008	1	27	27	0.31455	0.41099
0180220713	2008	1	28	28	0.31813	0.43018
0180220713	2008	1	29	29	0.30081	0.40931
0180220713	2008	1	30	30	0.29588	0.40311
0180220713	2008	1	31	31	0.2929	0.39873
0180220713	2008	2	1	32		
0180220713	2008	2	2	33		
0180220713	2008	2	3	34		
0180220713	2008	2	4	35		
0180220713	2008	2	5	36		
0180220713	2008	2	6	37		
0180220713	2008	2	7	38		
0180220713	2008	2	8	39		
0180220713	2008	2	9	40		
0180220713	2008	2	10	41		
0180220713	2008	2	11	42		
0180220713	2008	2	12	43		
0180220713	2008	2	13	44		
0180220713	2008	2	14	45		
0180220713	2008	2	15	46		
0180220713	2008	2	16	47		
0180220713	2008	2	17	48		
0180220713	2008	2	18	49		
0180220713	2008	2	19	50		
0180220713	2008	2	20	51		
0180220713	2008	2	21	52		
0180220713	2008	2	22	53		
0180220713	2008	2	23	54		
0180220713	2008	2	24	55		
0180220713	2008	2	25	56		
0180220713	2008	2	26	57		
0180220713	2008	2	27	58		
0180220713	2008	2	28	59		
0180220713	2008	2	29	60		
0180220713	2008	3	1	61		
0180220713	2008	3	2	62		
0180220713	2008	3	3	63		
0180220713	2008	3	4	64		
0180220713	2008	3	5	65		
0180220713	2008	3	6	66		
0180220713	2008	3	7	67		
0180220713	2008	3	8	68		
0180220713	2008	3	9	69		
0180220713	2008	3	10	70		
0180220713	2008	3	11	71		
0180220713	2008	3	12	72		
0180220713	2008	3	13	73		
0180220713	2008	3	14	74		
0180220713	2008	3	15	75		
0180220713	2008	3	16	76		
0180220713	2008	3	17	77		
0180220713	2008	3	18	78		
0180220713	2008	3	19	79		
0180220713	2008	3	20	80		
0180220713	2008	3	21	81		
0180220713	2008	3	22	82		
0180220713	2008	3	23	83		
0180220713	2008	3	24	84		
0180220713	2008	3	25	85		
0180220713	2008	3	26	86		
0180220713	2008	3	27	87		
0180220713	2008	3	28	88		
0180220713	2008	3	29	89		
0180220713	2008	3	30	90		
0180220713	2008	3	31	91		
0180220713	2008	4	1	92		
0180220713	2008	4	2	93		
0180220713	2008	4	3	94		
0180220713	2008	4	4	95		
0180220713	2008	4	5	96		
0180220713	2008	4	6	97		
0180220713	2008	4	7	98		
0180220713	2008	4	8	99		
0180220713	2008	4	9	100		
0180220713	2008	4	10	101		
0180220713	2008	4	11	102		
0180220713	2008	4	12	103		
0180220713	2008	4	13	104		
0180220713	2008	4	14	105		
0180220713	2008	4	15	106		
0180220713	2008	4	16	107		
0180220713	2008	4	17	108		
0180220713	2008	4	18	109		
0180220713	2008	4	19	110		
0180220713	2008	4	20	111		
0180220713	2008	4	21	112		
0180220713	2008	4	22	113		
0180220713	2008	4	23	114		
0180220713	2008	4	24	115		
0180220713	2008	4	25	116		
0180220713	2008	4	26	117		
0180220713	2008	4	27	118		
0180220713	2008	4	28	119		
0180220713	2008	4	29	120		
0180220713	2008	4	30	121		
0180220713	2008	5	1	122		
0180220713	2008	5	2	123		
0180220713	2008	5	3	124		
0180220713	2008	5	4	125		
0180220713	2008	5	5	126		
0180220713	2008	5	6	127		
0180220713	2008	5	7	128		
0180220713	2008	5	8	129		
0180220713	2008	5	9	130		
0180220713	2008	5	10	131		
0180220713	2008	5	11	132		
0180220713	2008	5	12	133		
0180220713	2008	5	13	134		
0180220713	2008	5	14	135		
0180220713	2008	5	15	136		
0180220713	2008	5	16	137		
0180220713	2008	5	17	138		
0180220713	2008	5	18	139		
0180220713	2008	5	19	140		
0180220713	2008	5	20	141		
0180220713	2008	5	21	142		
0180220713	2008	5	22	143		
0180220713	2008	5	23	144		
0180220713	2008	5	24	145		
0180220713	2008	5	25	146		
0180220713	2008	5	26	147		
0180220713	2008	5	27	148		
0180220713	2008	5	28	149		
0180220713	2008	5	29	150		
0180220713	2008	5	30	151		
0180220713	2008	5	31	152		
0180220713	2008	6	1	153		
0180220713	2008	6	2	154		
0180220713	2008	6	3	155		
0180220713	2008	6	4	156		
0180220713	2008	6	5	157		
0180220713	2008	6	6	158		
0180220713	2008	6	7	159		
0180220713	2008	6	8	160		
0180220713	2008	6	9	161		
0180220713	2008	6	10	162		
0180220713	2008	6	11	163		
0180220713	2008	6	12	164		
0180220713	2008	6	13	165		
0180220713	2008	6	14	166		
0180220713	2008	6	15	167		
0180220713	2008	6	16	168		
0180220713	2008	6	17	169		
0180220713	2008	6	18	170		
0180220713	2008	6	19	171		
0180220713	2008	6	20	172		
0180220713	2008	6	21	173		
0180220713	2008	6	22	174		
0180220713	2008	6	23	175		
0180220713	2008	6	24	176		
0180220713	2008	6	25	177		
0180220713	2008	6	26	178		
0180220713	2008	6	27	179		
0180220713	2008	6	28	180		
0180220713	2008	6	29	181		
0180220713	2008	6	30	182		
0180220713	2008	7	1	183		
0180220713	2008	7	2	184		
0180220713	2008	7	3	185		
0180220713	2008	7	4	186		
0180220713	2008	7	5	187		
0180220713	2008	7	6	188		
0180220713	2008	7	7	189		
0180220713	2008	7	8	190		
0180220713	2008	7	9	191		
0180220713	2008	7	10	192		
0180220713	2008	7	11	193		
0180220713	2008	7	12	194		
0180220713	2008	7	13	195		
0180220713	2008	7	14	196		
0180220713	2008	7	15	197		
0180220713	2008	7	16	198		
0180220713	2008	7	17	199		
0180220713	2008	7	18	200		
0180220713	2008	7	19	201		
0180220713	2008	7	20	202		
0180220713	2008	7	21	203		
0180220713	2008	7	22	204		
0180220713	2008	7	23	205		
0180220713	2008	7	24	206		
0180220713	2008	7	25	207		
0180220713	2008	7	26	208		
0180220713	2008	7	27	209		
0180220713	2008	7	28	210		
0180220713	2008	7	29	211		
0180220713	2008	7	30	212		
0180220713	2008	7	31	213		
0180220713	2008	8	1	214		
0180220713	2008	8	2	215		
0180220713	2008	8	3	216		
0180220713	2008	8	4	217		
0180220713	2008	8	5	218		
0180220713	2008	8	6	219		
0180220713	2008	8	7	220		
0180220713	2008	8	8	221		
0180220713	2008	8	9	222		
0180220713	2008	8	10	223		
0180220713	2008	8	11	224		
0180220713	2008	8	12	225		
0180220713	2008	8	13	226		
0180220713	2008	8	14	227		
0180220713	2008	8	15	228		
0180220713	2008	8	16	229		
0180220713	2008	8	17	230		
0180220713	2008	8	18	231		
0180220713	2008	8	19	232		
0180220713	2008	8	20	233		
0180220713	2008	8	21	234		
0180220713	2008	8	22	235		
0180220713	2008	8	23	236		
0180220713	2008	8	24	237		
0180220713	2008	8	25	238		
0180220713	2008	8	26	239		
0180220713	2008	8	27	240		
0180220713	2008	8	28	241		
0180220713	2008	8	29	242		
0180220713	2008	8	30	243		
0180220713	2008	8	31	244		
0180220713	2008	9	1	245		
0180220713	2008	9	2	246		
0180220713	2008	9	3	247		
0180220713	2008	9	4	248		
0180220713	2008	9	5	249		
0180220713	2008	9	6	250		
0180220713	2008	9	7	251		
0180220713	2008	9	8	252		
0180220713	2008	9	9	253		
0180220713	2008	9	10	254		
0180220713	2008	9	11	255		
0180220713	2008	9	12	256		
0180220713	2008	9	13	257		
0180220713	2008	9	14	258		
0180220713	2008	9	15	259		
0180220713	2008	9	16	260		
0180220713	2008	9	17	261		
0180220713	2008	9	18	262		
0180220713	2008	9	19	263		
0180220713	2008	9	20	264		
0180220713	2008	9	21	265		
0180220713	2008	9	22	266		
0180220713	2008	9	23	267		
0180220713	2008	9	24	268		
0180220713	2008	9	25	269		
0180220713	2008	9	26	270		
0180220713	2008	9	27	271		
0180220713	2008	9	28	272		
0180220713	2008	9	29	273		
0180220713	2008	9	30	274		
0180220713	2008	10	1	275		
0180220713	2008	10	2	276		
0180220713	2008	10	3	277		
0180220713	2008	10	4	278		
0180220713	2008	10	5	279		
0180220713	2008	10	6	280		
0180220713	2008	10	7	281		
0180220713	2008	10	8	282		
0180220713	2008	10	9	283		
0180220713	2008	10	10	284		
0180220713	2008	10	11	285		
0180220713	2008	10	12	286		
0180220713	2008	10	13	287		
0180220713	2008	10	14	288		
0180220713	2008	10	15	289		
0180220713	2008	10	16	290		
0180220713	2008	10	17	291		
0180220713	2008	10	18	292		
0180220713	2008	10	19	293		
0180220713	2008	10	20	294		
0180220713	2008	10	21	295		
0180220713	2008	10	22	296		
0180220713	2008	10	23	297		
0180220713	2008	10	24	298		
0180220713	2008	10	25	299		
0180220713	2008	10	26	300		
0180220713	2008	10	27	301		
0180220713	2008	10	28	302		
0180220713	2008	10	29	303		
0180220713	2008	10	30	304		
0180220713	2008	10	31	305		
0180220713	2008	11	1	306		
0180220713	2008	11	2	307		
0180220713	2008	11	3	308		
0180220713	2008	11	4	309		
0180220713	2008	11	5	310		
0180220713	2008	11	6	311		
0180220713	2008	11	7	312		
0180220713	2008	11	8	313		
0180220713	2008	11	9	314		
0180220713	2008	11	10	315		
0180220713	2008	11	11	316		
0180220713	2008	11	12	317		
0180220713	2008	11	13	318		
0180220713	2008	11	14	319		
0180220713	2008	11	15	320		
0180220713	2008	11	16	321		
0180220713	2008	11	17	322		
0180220713	2008	11	18	323		
0180220713	2008	11	19	324		
0180220713	2008	11	20	325		
0180220713	2008	11	21	326		
0180220713	2008	11	22	327		
0180220713	2008	11	23	328		
0180220713	2008	11	24	329		
0180220713	2008	11	25	330		
0180220713	2008	11	26	331		
0180220713	2008	11	27	332		
0180220713	2008	11	28	333		
0180220713	2008	11	29	334		
0180220713	2008	11	30	335		
0180220713	2008	12	1	336		
0180220713	2008	12	2	337		
0180220713	2008	12	3	338		
0180220713	2008	12	4	339		
0180220713	2008	12	5	340		
0180220713	2008	12	6	341		
0180220713	2008	12	7	342		
0180220713	2008	12	8	343		
0180220713	2008	12	9	344		
0180220713	2008	12	10	345		
0180220713	2008	12	11	346		
0180220713	2008	12	12	347		
0180220713	2008	12	13	348		
0180220713	2008	12	14	349		
0180220713	2008	12	15	350		
0180220713	2008	12	16	351		
0180220713	2008	12	17	352		
0180220713	2008	12	18	353		
0180220713	2008	12	19	354		
0180220713	2008	12	20	355		
0180220713	2008	12	21	356		
0180220713	2008	12	22	357		
0180220713	2008	12	23	358		
0180220713	2008	12	24	359		
0180220713	2008	12	25	360		
0180220713	2008	12	26	361		
0180220713	2008	12	27	362		
0180220713	2008	12	28	363		
0180220713	2008	12	29	364		
0180220713	2008	12	30	365		
0180220713	2008	12	31	366		
0180220713	2009	1	1	1		
0180220713	2009	1	2	2		
0180220713	2009	1	3	3		
0180220713	2009	1	4	4		
0180220713	2009	1	5	5		
0180220713	2009	1	6	6		
0180220713	2009	1	7	7		
0180220713	2009	1	8	8		
0180220713	2009	1	9	9		
0180220713	2009	1	10	10		
0180220713	2009	1	11	11		
0180220713	2009	1	12	12		
0180220713	2009	1	13	13		
0180220713	2009	1	14	14		
0180220713	2009	1	15	15		
0180220713	2009	1	16	16		
0180220713	2009	1	17	17		
0180220713	2009	1	18	18		
0180220713	2009	1	19	19		
0180220713	2009	1	20	20		
0180220713	2009	1	21	21		
0180220713	2009	1	22	22		
0180220713	2009	1	23	23		
0180220713	2009	1	24	24		
0180220713	2009	1	25	25		
0180220713	2009	1	26	26		
0180220713	2009	1	27	27		
0180220713	2009	1	28	28		
0180220713	2009	1	29	29		
0180220713	2009	1	30	30		
0180220713	2009	1	31	31		
0180220713	2009	2	1	32		
0180220713	2009	2	2	33		
0180220713	2009	2	3	34		
0180220713	2009	2	4	35		
0180220713	2009	2	5	36		
0180220713	2009	2	6	37		
0180220713	2009	2	7	38		
0180220713	2009	2	8	39		
0180220713	2009	2	9	40		
0180220713	2009	2	10	41		
0180220713	2009	2	11	42		
0180220713	2009	2	12	43		
0180220713	2009	2	13	44		
0180220713	2009	2	14	45		
0180220713	2009	2	15	46		
0180220713	2009	2	16	47		
0180220713	2009	2	17	48		
0180220713	2009	2	18	49		
0180220713	2009	2	19	50		
0180220713	2009	2	20	51		
0180220713	2009	2	21	52		
0180220713	2009	2	22	53		
0180220713	2009	2	23	54		
0180220713	2009	2	24	55		
0180220713	2009	2	25	56		
0180220713	2009	2	26	57		
0180220713	2009	2	27	58		
0180220713	2009	2	28	59		
0180220713	2009	3	1	60		
0180220713	2009	3	2	61		
0180220713	2009	3	3	62		
0180220713	2009	3	4	63		
0180220713	2009	3	5	64		
0180220713	2009	3	6	65		
0180220713	2009	3	7	66		
0180220713	2009	3	8	67		
0180220713	2009	3	9	68		
0180220713	2009	3	10	69		
0180220713	2009	3	11	70		
0180220713	2009	3	12	71		
0180220713	2009	3	13	72		
0180220713	2009	3	14	73		
0180220713	2009	3	15	74		
0180220713	2009	3	16	75		
0180220713	2009	3	17	76		
0180220713	2009	3	18	77		
0180220713	2009	3	19	78		
0180220713	2009	3	20	79		
0180220713	2009	3	21	80		
0180220713	2009	3	22	81		
0180220713	2009	3	23	82		
0180220713	2009	3	24	83		
0180220713	2009	3	25	84		
0180220713	2009	3	26	85		
0180220713	2009	3	27	86		
0180220713	2009	3	28	87		
0180220713	2009	3	29	88		
0180220713	2009	3	30	89		
0180220713	2009	3	31	90		
0180220713	2009	4	1	91		
0180220713	2009	4	2	92		
0180220713	2009	4	3	93		
0180220713	2009	4	4	94		
0180220713	2009	4	5	95		
0180220713	2009	4	6	96		
0180220713	2009	4	7	97		
0180220713	2009	4	8	98		
0180220713	2009	4	9	99		
0180220713	2009	4	10	100		
0180220713	2009	4	11	101		
0180220713	2009	4	12	102		
0180220713	2009	4	13	103		
0180220713	2009	4	14	104		
0180220713	2009	4	15	105		
0180220713	2009	4	16	106		
0180220713	2009	4	17	107		
0180220713	2009	4	18	108		
0180220713	2009	4	19	109		
0180220713	2009	4	20	110		
0180220713	2009	4	21	111		
0180220713	2009	4	22	112		
0180220713	2009	4	23	113		
0180220713	2009	4	24	114		
0180220713	2009	4	25	115		
0180220713	2009	4	26	116		
0180220713	2009	4	27	117		
0180220713	2009	4	28	118		
0180220713	2009	4	29	119		
0180220713	2009	4	30	120		
0180220713	2009	5	1	121		
0180220713	2009	5	2	122		
0180220713	2009	5	3	123		
0180220713	2009	5	4	124		
0180220713	2009	5	5	125		
0180220713	2009	5	6	126		
0180220713	2009	5	7	127		
0180220713	2009	5	8	128		
0180220713	2009	5	9	129		
0180220713	2009	5	10	130		
0180220713	2009	5	11	131		
0180220713	2009	5	12	132		
0180220713	2009	5	13	133		
0180220713	2009	5	14	134		
0180220713	2009	5	15	135		
0180220713	2009	5	16	136		
0180220713	2009	5	17	137		
0180220713	2009	5	18	138		
0180220713	2009	5	19	139		
0180220713	2009	5	20	140		
0180220713	2009	5	21	141		
0180220713	2009	5	22	142		
0180220713	2009	5	23	143		
0180220713	2009	5	24	144		
0180220713	2009	5	25	145		
0180220713	2009	5	26	146		
0180220713	2009	5	27	147		
0180220713	2009	5	28	148		
0180220713	2009	5	29	149		
0180220713	2009	5	30	150		
0180220713	2009	5	31	151		
0180220713	2009	6	1	152		
0180220713	2009	6	2	153		
0180220713	2009	6	3	154		
0180220713	2009	6	4	155		
0180220713	2009	6	5	156		
0180220713	2009	6	6	157		
0180220713	2009	6	7	158		
0180220713	2009	6	8	159		
0180220713	2009	6	9	160		
0180220713	2009	6	10	161		
0180220713	2009	6	11	162		
0180220713	2009	6	12	163		
0180220713	2009	6	13	164		
0180220713	2009	6	14	165		
0180220713	2009	6	15	166		
0180220713	2009	6	16	167		
0180220713	2009	6	17	168		
0180220713	2009	6	18	169		
0180220713	2009	6	19	170		
0180220713	2009	6	20	171		
0180220713	2009	6	21	172		
0180220713	2009	6	22	173		
0180220713	2009	6	23	174		
0180220713	2009	6	24	175		
0180220713	2009	6	25	176		
0180220713	2009	6	26	177		
0180220713	2009	6	27	178		
0180220713	2009	6	28	179		
0180220713	2009	6	29	180		
0180220713	2009	6	30	181		
0180220713	2009	7	1	182		
0180220713	2009	7	2	183		
0180220713	2009	7	3	184		
0180220713	2009	7	4	185		
0180220713	2009	7	5	186		
0180220713	2009	7	6	187		
0180220713	2009	7	7	188		
0180220713	2009	7	8	189		
0180220713	2009	7	9	190		
0180220713	2009	7	10	191		
0180220713	2009	7	11	192		
0180220713	2009	7	12	193		
0180220713	2009	7	13	194		
0180220713	2009	7	14	195		
0180220713	2009	7	15	196		
0180220713	2009	7	16	197		
0180220713	2009	7	17	198		
0180220713	2009	7	18	199		
0180220713	2009	7	19	200		
0180220713	2009	7	20	201		
0180220713	2009	7	21	202		
0180220713	2009	7	22	203		
0180220713	2009	7	23	204		
0180220713	2009	7	24	205		
0180220713	2009	7	25	206		
0180220713	2009	7	26	207		
0180220713	2009	7	27	208		
0180220713	2009	7	28	209		
0180220713	2009	7	29	210		
0180220713	2009	7	30	211		
0180220713	2009	7	31	212		
0180220713	2009	8	1	213		
0180220713	2009	8	2	214		
0180220713	2009	8	3	215		
0180220713	2009	8	4	216		
0180220713	2009	8	5	217		
0180220713	2009	8	6	218		
0180220713	2009	8	7	219		
0180220713	2009	8	8	220		
0180220713	2009	8	9	221		
0180220713	2009	8	10	222		
0180220713	2009	8	11	223		
0180220713	2009	8	12	224		
0180220713	2009	8	13	225		
0180220713	2009	8	14	226		
0180220713	2009	8	15	227		
0180220713	2009	8	16	228		
0180220713	2009	8	17	229		
0180220713	2009	8	18	230		
0180220713	2009	8	19	231		
0180220713	2009	8	20	232		
0180220713	2009	8	21	233		
0180220713	2009	8	22	234		
0180220713	2009	8	23	235		
0180220713	2009	8	24	236		
0180220713	2009	8	25	237		
0180220713	2009	8	26	238		
0180220713	2009	8	27	239		
0180220713	2009	8	28	240		
0180220713	2009	8	29	241		
0180220713	2009	8	30	242		
0180220713	2009	8	31	243		
0180220713	2009	9	1	244		
0180220713	2009	9	2	245		
0180220713	2009	9	3	246		
0180220713	2009	9	4	247		
0180220713	2009	9	5	248		
0180220713	2009	9	6	249		
0180220713	2009	9	7	250		
0180220713	2009	9	8	251		
0180220713	2009	9	9	252		
0180220713	2009	9	10	253		
0180220713	2009	9	11	254		
0180220713	2009	9	12	255		
0180220713	2009	9	13	256		
0180220713	2009	9	14	257		
0180220713	2009	9	15	258		
0180220713	2009	9	16	259		
0180220713	2009	9	17	260		
0180220713	2009	9	18	261		
0180220713	2009	9	19	262		
0180220713	2009	9	20	263		
0180220713	2009	9	21	264		
0180220713	2009	9	22	265		
0180220713	2009	9	23	266		
0180220713	2009	9	24	267		
0180220713	2009	9	25	268		
0180220713	2009	9	26	269		
0180220713	2009	9	27	270		
0180220713	2009	9	28	271		
0180220713	2009	9	29	272		
0180220713	2009	9	30	273		
0180220713	2009	10	1	274		
0180220713	2009	10	2	275		
0180220713	2009	10	3	276		
0180220713	2009	10	4	277		
0180220713	2009	10	5	278		
0180220713	2009	10	6	279		
0180220713	2009	10	7	280		
0180220713	2009	10	8	281		
0180220713	2009	10	9	282		
0180220713	2009	10	10	283		
0180220713	2009	10	11	284		
0180220713	2009	10	12	285		
0180220713	2009	10	13	286		
0180220713	2009	10	14	287		
0180220713	2009	10	15	288		
0180220713	2009	10	16	289		
0180220713	2009	10	17	290		
0180220713	2009	10	18	291		
0180220713	2009	10	19	292		
0180220713	2009	10	20	293		
0180220713	2009	10	21	294		
0180220713	2009	10	22	295		
0180220713	2009	10	23	296		
0180220713	2009	10	24	297		
0180220713	2009	10	25	298		
0180220713	2009	10	26	299		
0180220713	2009	10	27	300		
0180220713	2009	10	28	301		
0180220713	2009	10	29	302		
0180220713	2009	10	30	303		
0180220713	2009	10	31	304		
0180220713	2009	11	1	305		
0180220713	2009	11	2	306		
0180220713	2009	11	3	307		
0180220713	2009	11	4	308		
0180220713	2009	11	5	309		
0180220713	2009	11	6	310		
0180220713	2009	11	7	311		
0180220713	2009	11	8	312		
0180220713	2009	11	9	313		
0180220713	2009	11	10	314		
0180220713	2009	11	11	315		
0180220713	2009	11	12	316		
0180220713	2009	11	13	317		
0180220713	2009	11	14	318		
0180220713	2009	11	15	319		
0180220713	2009	11	16	320		
0180220713	2009	11	17	321		
0180220713	2009	11	18	322		
0180220713	2009	11	19	323		
0180220713	2009	11	20	324		
0180220713	2009	11	21	325		
0180220713	2009	11	22	326		
0180220713	2009	11	23	327		
0180220713	2009	11	24	328		
0180220713	2009	11	25	329		
0180220713	2009	11	26	330		
0180220713	2009	11	27	331		
0180220713	2009	11	28	332		
0180220713	2009	11	29	333		
0180220713	2009	11	30	334		
0180220713	2009	12	1	335		
0180220713	2009	12	2	336		
0180220713	2009	12	3	337		
0180220713	2009	12	4	338		
0180220713	2009	12	5	339		
0180220713	2009	12	6	340		
0180220713	2009	12	7	341		
0180220713	2009	12	8	342		
0180220713	2009	12	9	343		
0180220713	2009	12	10	344		
0180220713	2009	12	11	345		
0180220713	2009	12	12	346		
0180220713	2009	12	13	347		
0180220713	2009	12	14	348		
0180220713	2009	12	15	349		
0180220713	2009	12	16	350		
0180220713	2009	12	17	351		
0180220713	2009	12	18	352		
0180220713	2009	12	19	353		
0180220713	2009	12	20	354		
0180220713	2009	12	21	355		
0180220713	2009	12	22	356		
0180220713	2009	12	23	357		
0180220713	2009	12	24	358		
0180220713	2009	12	25	359		
0180220713	2009	12	26	360		
0180220713	2009	12	27	361		
0180220713	2009	12	28	362		
0180220713	2009	12	29	363		
0180220713	2009	12	30	364		
0180220713	2009	12	31	365		
0180220713	2010	1	1	1	0.27574	0.36748
0180220713	2010	1	2	2	0.30876	0.40918
0180220713	2010	1	3	3	0.30279	0.41783
0180220713	2010	1	4	4	0.29684	0.40796
0180220713	2010	1	5	5	0.29227	0.40105
0180220713	2010	1	6	6	0.29212	0.39915
0180220713	2010	1	7	7	0.29671	0.40746
0180220713	2010	1	8	8	0.30652	0.42909
0180220713	2010	1	9	9	0.30944	0.44346
0180220713	2010	1	10	10	0.31212	0.45528
0180220713	2010	1	11	11	0.31012	0.45067
0180220713	2010	1	12	12	0.35638	0.47157
0180220713	2010	1	13	13		0.56672
0180220713	2010	1	14	14	0.34477	0.51102
0180220713	2010	1	15	15	0.32551	0.47769
0180220713	2010	1	16	16	0.3142	0.45702
0180220713	2010	1	17	17	0.30642	0.44345
0180220713	2010	1	18	18	0.3009	0.43346
0180220713	2010	1	19	19	0.30014	0.42858
0180220713	2010	1	20	20	0.2977	0.42514
0180220713	2010	1	21	21	0.29297	0.41287
0180220713	2010	1	22	22	0.296	0.41359
0180220713	2010	1	23	23	0.29116	0.40459
0180220713	2010	1	24	24	0.29168	0.40146
0180220713	2010	1	25	25	0.29064	0.40654
0180220713	2010	1	26	26	0.28902	0.41052
0180220713	2010	1	27	27	0.29274	0.41231
0180220713	2010	1	28	28	0.29371	0.41361
0180220713	2010	1	29	29	0.29285	0.41268
0180220713	2010	1	30	30	0.29164	0.41183
0180220713	2010	1	31	31	0.29088	0.41108
0180220713	2010	2	1	32	0.29026	0.4104
0180220713	2010	2	2	33	0.28999	0.40992
0180220713	2010	2	3	34	0.28975	0.40927
0180220713	2010	2	4	35	0.29364	0.41392
0180220713	2010	2	5	36	0.29405	0.41502
0180220713	2010	2	6	37	0.30531	0.4302
0180220713	2010	2	7	38	0.30605	0.43631
0180220713	2010	2	8	39	0.30887	0.43965
0180220713	2010	2	9	40	0.30316	0.43308
0180220713	2010	2	10	41	0.30141	0.42836
0180220713	2010	2	11	42	0.29902	0.42645
0180220713	2010	2	12	43	0.30115	0.43865
0180220713	2010	2	13	44	0.31791	0.4891
0180220713	2010	2	14	45	0.31391	0.47209
0180220713	2010	2	15	46	0.31271	0.46631
0180220713	2010	2	16	47	0.32226	0.49522
0180220713	2010	2	17	48	0.32793	0.50975
0180220713	2010	2	18	49	0.33103	0.51407
0180220713	2010	2	19	50	0.33076	0.51194
0180220713	2010	2	20	51	0.3256	0.50036
0180220713	2010	2	21	52	0.31767	0.48185
0180220713	2010	2	22	53	0.31172	0.46614
0180220713	2010	2	23	54	0.30776	0.45592
0180220713	2010	2	24	55	0.31542	0.46714
0180220713	2010	2	25	56	0.35334	0.538
0180220713	2010	2	26	57	0.33027	0.49928
0180220713	2010	2	27	58	0.33354	0.50792
0180220713	2010	2	28	59	0.33425	0.50705
0180220713	2010	3	1	60	0.3326	0.50282
0180220713	2010	3	2	61	0.3378	0.51535
0180220713	2010	3	3	62	0.33772	0.51212
0180220713	2010	3	4	63	0.32719	0.49602
0180220713	2010	3	5	64	0.32168	0.48686
0180220713	2010	3	6	65	0.32062	0.48484
0180220713	2010	3	7	66	0.32341	0.49097
0180220713	2010	3	8	67	0.33184	0.51461
0180220713	2010	3	9	68	0.32902	0.50632
0180220713	2010	3	10	69	0.32474	0.49745
0180220713	2010	3	11	70	0.32264	0.49313
0180220713	2010	3	12	71	0.32307	0.49535
0180220713	2010	3	13	72	0.32433	0.50045
0180220713	2010	3	14	73	0.32331	0.49927
0180220713	2010	3	15	74	0.32717	0.50602
0180220713	2010	3	16	75	0.33762	0.53595
0180220713	2010	3	17	76	0.34374	0.5497
0180220713	2010	3	18	77	0.35167	0.56145
0180220713	2010	3	19	78	0.35188	0.56205
0180220713	2010	3	20	79	0.35663	0.56965
0180220713	2010	3	21	80	0.36224	0.57995
0180220713	2010	3	22	81	0.36786	0.59267
0180220713	2010	3	23	82	0.37683	0.60941
0180220713	2010	3	24	83	0.37932	0.61557
0180220713	2010	3	25	84	0.3837	0.62543
0180220713	2010	3	26	85	0.37677	0.61891
0180220713	2010	3	27	86	0.37731	0.61818
0180220713	2010	3	28	87	0.38441	0.62933
0180220713	2010	3	29	88	0.39342	0.64641
0180220713	2010	3	30	89	0.43009	0.82064
0180220713	2010	3	31	90	0.42047	0.75811
0180220713	2010	4	1	91	0.40301	0.72275
0180220713	2010	4	2	92	0.39901	0.71332
0180220713	2010	4	3	93	0.39527	0.70707
0180220713	2010	4	4	94	0.39591	0.70351
0180220713	2010	4	5	95	0.38929	0.69763
0180220713	2010	4	6	96	0.3897	0.6944
0180220713	2010	4	7	97	0.39715	0.6991
0180220713	2010	4	8	98	0.41502	0.71598
0180220713	2010	4	9	99	0.42388	0.73428
0180220713	2010	4	10	100	0.42405	0.73694
0180220713	2010	4	11	101	0.41992	0.73249
0180220713	2010	4	12	102	0.41397	0.72821
0180220713	2010	4	13	103	0.40678	0.71967
0180220713	2010	4	14	104	0.42997	0.72953
0180220713	2010	4	15	105	0.4201	0.72793
0180220713	2010	4	16	106	0.42808	0.74237
0180220713	2010	4	17	107	0.43007	0.75107
0180220713	2010	4	18	108	0.43508	0.78328
0180220713	2010	4	19	109	0.44451	0.86314
0180220713	2010	4	20	110	0.45029	0.87329
0180220713	2010	4	21	111	0.43948	0.86269
0180220713	2010	4	22	112	0.42145	0.80264
0180220713	2010	4	23	113	0.416	0.79127
0180220713	2010	4	24	114	0.43826	0.83141
0180220713	2010	4	25	115	0.44514	0.84389
0180220713	2010	4	26	116	0.45237	0.8469
0180220713	2010	4	27	117	0.49179	0.85557
0180220713	2010	4	28	118		0.86538
0180220713	2010	4	29	119	0.46277	0.84935
0180220713	2010	4	30	120	0.45037	0.82699
0180220713	2010	5	1	121	0.45452	0.83155
0180220713	2010	5	2	122	0.46639	0.84968
0180220713	2010	5	3	123	0.47083	0.85743
0180220713	2010	5	4	124	0.50593	0.87534
0180220713	2010	5	5	125	0.49511	0.87859
0180220713	2010	5	6	126	0.48841	0.87742
0180220713	2010	5	7	127	0.47939	0.87832
0180220713	2010	5	8	128	0.48499	0.8835
0180220713	2010	5	9	129	0.48058	0.88409
0180220713	2010	5	10	130	0.4727	0.88101
0180220713	2010	5	11	131	0.45614	0.85112
0180220713	2010	5	12	132	0.45067	0.85096
0180220713	2010	5	13	133	0.45676	0.87244
0180220713	2010	5	14	134	0.46637	0.88234
0180220713	2010	5	15	135	0.46603	0.88832
0180220713	2010	5	16	136	0.48209	0.89549
0180220713	2010	5	17	137	0.48434	0.89977
0180220713	2010	5	18	138	0.46814	0.9023
0180220713	2010	5	19	139	0.46368	0.90655
0180220713	2010	5	20	140	0.45763	0.91508
0180220713	2010	5	21	141	0.46557	0.91481
0180220713	2010	5	22	142	0.45706	0.89305
0180220713	2010	5	23	143	0.4505	0.84674
0180220713	2010	5	24	144	0.45013	0.84042
0180220713	2010	5	25	145	0.45025	0.8405
0180220713	2010	5	26	146	0.45247	0.86516
0180220713	2010	5	27	147	0.4543	0.87159
0180220713	2010	5	28	148	0.44965	0.8576
0180220713	2010	5	29	149	0.4497	0.86101
0180220713	2010	5	30	150	0.45168	0.87466
0180220713	2010	5	31	151	0.44515	0.87392
0180220713	2010	6	1	152	0.43253	0.8611
0180220713	2010	6	2	153	0.41934	0.84258
0180220713	2010	6	3	154	0.40594	0.82282
0180220713	2010	6	4	155	0.40163	0.81419
0180220713	2010	6	5	156	0.39886	0.80518
0180220713	2010	6	6	157	0.3814	0.75244
0180220713	2010	6	7	158	0.37091	0.71949
0180220713	2010	6	8	159	0.36876	0.70749
0180220713	2010	6	9	160	0.35956	0.6935
0180220713	2010	6	10	161	0.36374	0.69436
0180220713	2010	6	11	162	0.36345	0.69383
0180220713	2010	6	12	163	0.35769	0.68238
0180220713	2010	6	13	164	0.35053	0.6699
0180220713	2010	6	14	165	0.34116	0.65415
0180220713	2010	6	15	166	0.33299	0.63783
0180220713	2010	6	16	167	0.33236	0.62981
0180220713	2010	6	17	168	0.33513	0.62499
0180220713	2010	6	18	169	0.33323	0.6228
0180220713	2010	6	19	170	0.33014	0.6156
0180220713	2010	6	20	171	0.33079	0.6137
0180220713	2010	6	21	172	0.32605	0.6078
0180220713	2010	6	22	173	0.31731	0.59231
0180220713	2010	6	23	174	0.31001	0.57901
0180220713	2010	6	24	175	0.30308	0.56588
0180220713	2010	6	25	176	0.29746	0.55438
0180220713	2010	6	26	177	0.29696	0.55006
0180220713	2010	6	27	178	0.29049	0.53962
0180220713	2010	6	28	179	0.28412	0.52686
0180220713	2010	6	29	180	0.28044	0.51656
0180220713	2010	6	30	181	0.28029	0.51117
0180220713	2010	7	1	182	0.28412	0.51065
0180220713	2010	7	2	183	0.28556	0.50838
0180220713	2010	7	3	184	0.28298	0.50219
0180220713	2010	7	4	185	0.28004	0.49298
0180220713	2010	7	5	186	0.27526	0.48174
0180220713	2010	7	6	187	0.27063	0.46973
0180220713	2010	7	7	188	0.26546	0.45788
0180220713	2010	7	8	189	0.26089	0.44792
0180220713	2010	7	9	190	0.25514	0.4355
0180220713	2010	7	10	191	0.25272	0.42643
0180220713	2010	7	11	192	0.25295	0.42119
0180220713	2010	7	12	193	0.25092	0.41535
0180220713	2010	7	13	194	0.24872	0.40788
0180220713	2010	7	14	195	0.24739	0.40248
0180220713	2010	7	15	196	0.24426	0.39597
0180220713	2010	7	16	197	0.23939	0.3866
0180220713	2010	7	17	198	0.2363	0.37889
0180220713	2010	7	18	199	0.23496	0.37329
0180220713	2010	7	19	200	0.23695	0.37131
0180220713	2010	7	20	201	0.23875	0.3715
0180220713	2010	7	21	202	0.23842	0.36945
0180220713	2010	7	22	203	0.23827	0.36697
0180220713	2010	7	23	204	0.23511	0.36195
0180220713	2010	7	24	205	0.2316	0.35527
0180220713	2010	7	25	206	0.22878	0.34928
0180220713	2010	7	26	207	0.22641	0.34466
0180220713	2010	7	27	208	0.22627	0.34155
0180220713	2010	7	28	209	0.2266	0.33957
0180220713	2010	7	29	210	0.2276	0.33866
0180220713	2010	7	30	211	0.22801	0.3375
0180220713	2010	7	31	212	0.22845	0.33621
0180220713	2010	8	1	213	0.22923	0.3359
0180220713	2010	8	2	214	0.22912	0.33449
0180220713	2010	8	3	215	0.22952	0.33353
0180220713	2010	8	4	216	0.2287	0.33162
0180220713	2010	8	5	217	0.22724	0.32901
0180220713	2010	8	6	218	0.22567	0.32572
0180220713	2010	8	7	219	0.22506	0.32332
0180220713	2010	8	8	220	0.22268	0.32013
0180220713	2010	8	9	221	0.22037	0.31628
0180220713	2010	8	10	222	0.22063	0.31421
0180220713	2010	8	11	223	0.22013	0.31271
0180220713	2010	8	12	224	0.22114	0.31194
0180220713	2010	8	13	225	0.21962	0.30998
0180220713	2010	8	14	226	0.21703	0.30599
0180220713	2010	8	15	227	0.21477	0.30229
0180220713	2010	8	16	228	0.2136	0.29889
0180220713	2010	8	17	229	0.21053	0.29393
0180220713	2010	8	18	230	0.20999	0.29102
0180220713	2010	8	19	231	0.21003	0.28951
0180220713	2010	8	20	232	0.20944	0.28777
0180220713	2010	8	21	233	0.20802	0.2851
0180220713	2010	8	22	234	0.20802	0.28366
0180220713	2010	8	23	235	0.2074	0.28211
0180220713	2010	8	24	236	0.20359	0.27696
0180220713	2010	8	25	237	0.19931	0.27041
0180220713	2010	8	26	238	0.19421	0.26311
0180220713	2010	8	27	239	0.19224	0.25752
0180220713	2010	8	28	240	0.19215	0.25525
0180220713	2010	8	29	241	0.19216	0.25509
0180220713	2010	8	30	242	0.19467	0.25697
0180220713	2010	8	31	243	0.19519	0.25736
0180220713	2010	9	1	244	0.19305	0.2545
0180220713	2010	9	2	245	0.18878	0.24913
0180220713	2010	9	3	246	0.18498	0.24311
0180220713	2010	9	4	247	0.18209	0.23813
0180220713	2010	9	5	248	0.17984	0.2341
0180220713	2010	9	6	249	0.17719	0.23022
0180220713	2010	9	7	250	0.17395	0.22567
0180220713	2010	9	8	251	0.1713	0.22219
0180220713	2010	9	9	252	0.17251	0.2227
0180220713	2010	9	10	253	0.17343	0.22305
0180220713	2010	9	11	254	0.17105	0.22033
0180220713	2010	9	12	255	0.16823	0.21685
0180220713	2010	9	13	256	0.16526	0.2131
0180220713	2010	9	14	257	0.16276	0.20959
0180220713	2010	9	15	258	0.16058	0.2065
0180220713	2010	9	16	259	0.15794	0.203
0180220713	2010	9	17	260	0.15491	0.19929
0180220713	2010	9	18	261	0.15199	0.19562
0180220713	2010	9	19	262	0.14927	0.19242
0180220713	2010	9	20	263	0.14755	0.18995
0180220713	2010	9	21	264	0.14593	0.18736
0180220713	2010	9	22	265	0.14394	0.18512
0180220713	2010	9	23	266	0.1427	0.18333
0180220713	2010	9	24	267	0.14116	0.18106
0180220713	2010	9	25	268	0.13817	0.17797
0180220713	2010	9	26	269	0.13491	0.17439
0180220713	2010	9	27	270	0.13159	0.17084
0180220713	2010	9	28	271	0.12804	0.16682
0180220713	2010	9	29	272	0.12447	0.16289
0180220713	2010	9	30	273	0.12095	0.15885
0180220713	2010	10	1	274	0.11755	0.15501
0180220713	2010	10	2	275	0.11442	0.15133
0180220713	2010	10	3	276	0.11719	0.16228
0180220713	2010	10	4	277	0.14536	0.28422
0180220713	2010	10	5	278	0.18638	0.3566
0180220713	2010	10	6	279	0.22232	0.37152
0180220713	2010	10	7	280	0.23059	0.35129
0180220713	2010	10	8	281	0.23464	0.33594
0180220713	2010	10	9	282	0.23334	0.32399
0180220713	2010	10	10	283	0.22584	0.31122
0180220713	2010	10	11	284	0.21964	0.29922
0180220713	2010	10	12	285	0.21647	0.28992
0180220713	2010	10	13	286	0.21423	0.28197
0180220713	2010	10	14	287	0.21181	0.27517
0180220713	2010	10	15	288	0.20971	0.26974
0180220713	2010	10	16	289	0.20728	0.26431
0180220713	2010	10	17	290	0.20541	0.26042
0180220713	2010	10	18	291	0.234	0.31092
0180220713	2010	10	19	292	0.2348	0.31538
0180220713	2010	10	20	293	0.23062	0.30576
0180220713	2010	10	21	294	0.22472	0.29682
0180220713	2010	10	22	295	0.22314	0.29132
0180220713	2010	10	23	296	0.23126	0.30748
0180220713	2010	10	24	297	0.32485	0.50925
0180220713	2010	10	25	298	0.32082	0.50469
0180220713	2010	10	26	299	0.28875	0.44233
0180220713	2010	10	27	300	0.28441	0.4251
0180220713	2010	10	28	301	0.28212	0.42083
0180220713	2010	10	29	302	0.27833	0.41357
0180220713	2010	10	30	303	0.27513	0.40997
0180220713	2010	10	31	304	0.28215	0.42558
0180220713	2010	11	1	305	0.27869	0.41631
0180220713	2010	11	2	306	0.27434	0.40877
0180220713	2010	11	3	307	0.26917	0.39971
0180220713	2010	11	4	308	0.26535	0.39247
0180220713	2010	11	5	309	0.26336	0.38765
0180220713	2010	11	6	310	0.26249	0.38448
0180220713	2010	11	7	311	0.27532	0.40902
0180220713	2010	11	8	312	0.30734	0.47843
0180220713	2010	11	9	313	0.29255	0.44549
0180220713	2010	11	10	314	0.29376	0.44391
0180220713	2010	11	11	315	0.29881	0.45749
0180220713	2010	11	12	316	0.29646	0.44714
0180220713	2010	11	13	317	0.29761	0.44821
0180220713	2010	11	14	318	0.29916	0.45492
0180220713	2010	11	15	319	0.29512	0.46088
0180220713	2010	11	16	320	0.29151	0.44876
0180220713	2010	11	17	321	0.29264	0.44673
0180220713	2010	11	18	322	0.29344	0.44584
0180220713	2010	11	19	323	0.29347	0.44573
0180220713	2010	11	20	324	0.294	0.44772
0180220713	2010	11	21	325	0.2949	0.44786
0180220713	2010	11	22	326	0.29577	0.44835
0180220713	2010	11	23	327	0.2967	0.44919
0180220713	2010	11	24	328	0.2975	0.45032
0180220713	2010	11	25	329	0.29758	0.45042
0180220713	2010	11	26	330	0.30002	0.4546
0180220713	2010	11	27	331	0.30129	0.45588
0180220713	2010	11	28	332	0.30051	0.45467
0180220713	2010	11	29	333	0.30001	0.4537
0180220713	2010	11	30	334	0.29956	0.45292
0180220713	2010	12	1	335	0.29954	0.45285
0180220713	2010	12	2	336	0.30138	0.45727
0180220713	2010	12	3	337	0.30326	0.46339
0180220713	2010	12	4	338	0.31527	0.4992
0180220713	2010	12	5	339	0.32031	0.50692
0180220713	2010	12	6	340	0.37123	0.59608
0180220713	2010	12	7	341	0.35059	0.56561
0180220713	2010	12	8	342	0.3355	0.53969
0180220713	2010	12	9	343	0.36415	0.58534
0180220713	2010	12	10	344	0.37779	0.61023
0180220713	2010	12	11	345	0.3735	0.61829
0180220713	2010	12	12	346	0.36957	0.61446
0180220713	2010	12	13	347	0.36672	0.61151
0180220713	2010	12	14	348	0.38102	0.6398
0180220713	2010	12	15	349	0.3888	0.66335
0180220713	2010	12	16	350	0.38297	0.6593
0180220713	2010	12	17	351	0.37934	0.65217
0180220713	2010	12	18	352	0.46729	0.81689
0180220713	2010	12	19	353		0.8768
0180220713	2010	12	20	354	0.49482	0.86703
0180220713	2010	12	21	355	0.45643	0.82349
0180220713	2010	12	22	356	0.44449	0.78976
0180220713	2010	12	23	357	0.44016	0.78587
0180220713	2010	12	24	358	0.43706	0.78206
0180220713	2010	12	25	359	0.43397	0.77741
0180220713	2010	12	26	360	0.42891	0.77068
0180220713	2010	12	27	361	0.4242	0.76424
0180220713	2010	12	28	362	0.42307	0.763
0180220713	2010	12	29	363	0.42283	0.7597
0180220713	2010	12	30	364	0.41843	0.75538
0180220713	2010	12	31	365	0.41894	0.75489
0180220713	2011	1	1	1	0.41685	0.75093
0180220713	2011	1	2	2	0.41548	0.74957
0180220713	2011	1	3	3	0.41428	0.74767
0180220713	2011	1	4	4	0.41285	0.74507
0180220713	2011	1	5	5	0.41152	0.74303
0180220713	2011	1	6	6	0.41057	0.74161
0180220713	2011	1	7	7	0.41024	0.74088
0180220713	2011	1	8	8	0.40985	0.74017
0180220713	2011	1	9	9	0.40921	0.73894
0180220713	2011	1	10	10	0.4081	0.73711
0180220713	2011	1	11	11	0.40689	0.7354
0180220713	2011	1	12	12	0.40683	0.73545
0180220713	2011	1	13	13	0.40977	0.74114
0180220713	2011	1	14	14	0.41382	0.74898
0180220713	2011	1	15	15	0.41267	0.74654
0180220713	2011	1	16	16	0.41336	0.74657
0180220713	2011	1	17	17	0.41467	0.74862
0180220713	2011	1	18	18	0.41495	0.74955
0180220713	2011	1	19	19	0.4143	0.74793
0180220713	2011	1	20	20	0.41275	0.74507
0180220713	2011	1	21	21	0.4121	0.74363
0180220713	2011	1	22	22	0.41305	0.74484
0180220713	2011	1	23	23	0.41319	0.74544
0180220713	2011	1	24	24	0.41228	0.7442
0180220713	2011	1	25	25	0.41197	0.74383
0180220713	2011	1	26	26	0.4121	0.74417
0180220713	2011	1	27	27	0.41217	0.74443
0180220713	2011	1	28	28	0.41266	0.74519
0180220713	2011	1	29	29	0.41262	0.74502
0180220713	2011	1	30	30	0.412	0.74397
0180220713	2011	1	31	31	0.41087	0.74246
0180220713	2011	2	1	32	0.40985	0.74079
0180220713	2011	2	2	33	0.40854	0.73877
0180220713	2011	2	3	34	0.40717	0.73671
0180220713	2011	2	4	35	0.40614	0.73521
0180220713	2011	2	5	36	0.407	0.73648
0180220713	2011	2	6	37	0.40991	0.74077
0180220713	2011	2	7	38	0.41202	0.74547
0180220713	2011	2	8	39	0.41225	0.74592
0180220713	2011	2	9	40	0.41076	0.743
0180220713	2011	2	10	41	0.40941	0.74008
0180220713	2011	2	11	42	0.40824	0.73803
0180220713	2011	2	12	43	0.40766	0.73731
0180220713	2011	2	13	44	0.40811	0.73769
0180220713	2011	2	14	45	0.40824	0.73753
0180220713	2011	2	15	46	0.41244	0.74457
0180220713	2011	2	16	47	0.41385	0.74731
0180220713	2011	2	17	48	0.411	0.74254
0180220713	2011	2	18	49	0.40994	0.73969
0180220713	2011	2	19	50	0.40884	0.73708
0180220713	2011	2	20	51	0.40719	0.73488
0180220713	2011	2	21	52	0.40623	0.73364
0180220713	2011	2	22	53	0.40522	0.73233
0180220713	2011	2	23	54	0.40429	0.73111
0180220713	2011	2	24	55	0.40349	0.72971
0180220713	2011	2	25	56	0.40322	0.72849
0180220713	2011	2	26	57	0.4029	0.72683
0180220713	2011	2	27	58	0.40209	0.72504
0180220713	2011	2	28	59	0.40118	0.72395
0180220713	2011	3	1	60	0.40075	0.72321
0180220713	2011	3	2	61	0.4193	0.72866
0180220713	2011	3	3	62	0.44394	0.75243
0180220713	2011	3	4	63	0.42603	0.74445
0180220713	2011	3	5	64	0.41841	0.73962
0180220713	2011	3	6	65	0.41895	0.73883
0180220713	2011	3	7	66	0.42127	0.74006
0180220713	2011	3	8	67	0.41801	0.73846
0180220713	2011	3	9	68	0.41944	0.73866
0180220713	2011	3	10	69	0.41973	0.73899
0180220713	2011	3	11	70	0.42242	0.74065
0180220713	2011	3	12	71	0.43186	0.74849
0180220713	2011	3	13	72	0.42923	0.74827
0180220713	2011	3	14	73	0.48273	0.7755
0180220713	2011	3	15	74	0.49508	0.79581
0180220713	2011	3	16	75	0.49362	0.85908
0180220713	2011	3	17	76	0.45994	0.79699
0180220713	2011	3	18	77	0.44347	0.77775
0180220713	2011	3	19	78	0.43607	0.77027
0180220713	2011	3	20	79	0.43179	0.76437
0180220713	2011	3	21	80	0.42869	0.76032
0180220713	2011	3	22	81	0.42533	0.75346
0180220713	2011	3	23	82	0.42403	0.75303
0180220713	2011	3	24	83	0.42303	0.75083
0180220713	2011	3	25	84	0.42146	0.74919
0180220713	2011	3	26	85	0.42038	0.74815
0180220713	2011	3	27	86	0.40002	0.68418
0180220713	2011	3	28	87	0.4185	0.7453
0180220713	2011	3	29	88	0.4267	0.75155
0180220713	2011	3	30	89	0.42904	0.75646
0180220713	2011	3	31	90	0.48323	0.78326
0180220713	2011	4	1	91	0.47878	0.80995
0180220713	2011	4	2	92		
0180220713	2011	4	3	93	0.47624	0.82217
0180220713	2011	4	4	94	0.46675	0.80342
0180220713	2011	4	5	95	0.48336	0.82837
0180220713	2011	4	6	96	0.48576	0.8257
0180220713	2011	4	7	97	0.50027	0.83958
0180220713	2011	4	8	98		
0180220713	2011	4	9	99	0.45001	0.78916
0180220713	2011	4	10	100	0.44154	0.78249
0180220713	2011	4	11	101		
0180220713	2011	4	12	102		
0180220713	2011	4	13	103	0.45634	0.81199
0180220713	2011	4	14	104	0.45189	0.79047
0180220713	2011	4	15	105	0.46335	0.76404
0180220713	2011	4	16	106	0.4709	0.80344
0180220713	2011	4	17	107	0.49968	0.85965
0180220713	2011	4	18	108	0.52163	0.8763
0180220713	2011	4	19	109		0.8624
0180220713	2011	4	20	110	0.51098	0.88688
0180220713	2011	4	21	111	0.51908	0.88877
0180220713	2011	4	22	112	0.51044	0.88799
0180220713	2011	4	23	113	0.48921	0.8696
0180220713	2011	4	24	114	0.50541	0.87334
0180220713	2011	4	25	115	0.50234	0.83565
0180220713	2011	4	26	116	0.48416	0.84643
0180220713	2011	4	27	117	0.46277	0.85539
0180220713	2011	4	28	118		
0180220713	2011	4	29	119	0.49637	0.8728
0180220713	2011	4	30	120	0.49558	0.88104
0180220713	2011	5	1	121	0.49511	0.8809
0180220713	2011	5	2	122		
0180220713	2011	5	3	123		
0180220713	2011	5	4	124		
0180220713	2011	5	5	125		
0180220713	2011	5	6	126	0.5079	0.9125
0180220713	2011	5	7	127	0.51529	0.91709
0180220713	2011	5	8	128	0.51907	0.89309
0180220713	2011	5	9	129	0.51378	0.92236
0180220713	2011	5	10	130		
0180220713	2011	5	11	131		
0180220713	2011	5	12	132		
0180220713	2011	5	13	133		
0180220713	2011	5	14	134		
0180220713	2011	5	15	135		
0180220713	2011	5	16	136		
0180220713	2011	5	17	137	0.46657	0.83298
0180220713	2011	5	18	138	0.45919	0.83185
0180220713	2011	5	19	139	0.47353	0.83226
0180220713	2011	5	20	140		
0180220713	2011	5	21	141		
0180220713	2011	5	22	142		
0180220713	2011	5	23	143		
0180220713	2011	5	24	144	0.47242	0.84573
0180220713	2011	5	25	145	0.49192	0.9029
0180220713	2011	5	26	146	0.48528	0.8753
0180220713	2011	5	27	147	0.48622	0.87398
0180220713	2011	5	28	148	0.47535	0.85259
0180220713	2011	5	29	149	0.47282	0.85045
0180220713	2011	5	30	150	0.47255	0.84863
0180220713	2011	5	31	151	0.48426	0.88048
0180220713	2011	6	1	152	0.482	0.87883
0180220713	2011	6	2	153	0.479	0.86615
0180220713	2011	6	3	154	0.47635	0.85989
0180220713	2011	6	4	155	0.47718	0.85997
0180220713	2011	6	5	156	0.48447	0.88514
0180220713	2011	6	6	157		0.92669
0180220713	2011	6	7	158	0.51339	0.92293
0180220713	2011	6	8	159	0.5158	0.92512
0180220713	2011	6	9	160	0.50364	0.90731
0180220713	2011	6	10	161		
0180220713	2011	6	11	162		
0180220713	2011	6	12	163	0.44194	0.85578
0180220713	2011	6	13	164	0.5043	0.92743
0180220713	2011	6	14	165	0.51001	0.91637
0180220713	2011	6	15	166	0.50947	0.91119
0180220713	2011	6	16	167	0.50594	0.91544
0180220713	2011	6	17	168		
0180220713	2011	6	18	169		
0180220713	2011	6	19	170	0.41955	0.80928
0180220713	2011	6	20	171	0.40539	0.76615
0180220713	2011	6	21	172	0.38104	0.72748
0180220713	2011	6	22	173	0.36264	0.69799
0180220713	2011	6	23	174	0.35478	0.65743
0180220713	2011	6	24	175	0.3515	0.6272
0180220713	2011	6	25	176	0.35039	0.66211
0180220713	2011	6	26	177	0.34246	0.65374
0180220713	2011	6	27	178	0.3429	0.64916
0180220713	2011	6	28	179	0.33776	0.64037
0180220713	2011	6	29	180		
0180220713	2011	6	30	181	0.34846	0.64653
0180220713	2011	7	1	182	0.34518	0.6479
0180220713	2011	7	2	183	0.33631	0.62546
0180220713	2011	7	3	184	0.33542	0.42896
0180220713	2011	7	4	185		
0180220713	2011	7	5	186		
0180220713	2011	7	6	187		
0180220713	2011	7	7	188		
0180220713	2011	7	8	189		
0180220713	2011	7	9	190		
0180220713	2011	7	10	191		
0180220713	2011	7	11	192		
0180220713	2011	7	12	193		
0180220713	2011	7	13	194	0.29624	0.55244
0180220713	2011	7	14	195	0.29913	0.54921
0180220713	2011	7	15	196	0.29696	0.544
0180220713	2011	7	16	197	0.29714	0.54157
0180220713	2011	7	17	198	0.29579	0.53683
0180220713	2011	7	18	199	0.29239	0.52893
0180220713	2011	7	19	200	0.28762	0.51805
0180220713	2011	7	20	201	0.28504	0.50855
0180220713	2011	7	21	202	0.28132	0.49653
0180220713	2011	7	22	203	0.27742	0.48505
0180220713	2011	7	23	204	0.27338	0.47323
0180220713	2011	7	24	205	0.26764	0.45952
0180220713	2011	7	25	206	0.26539	0.44911
0180220713	2011	7	26	207	0.26599	0.4438
0180220713	2011	7	27	208	0.26583	0.43907
0180220713	2011	7	28	209	0.26352	0.43241
0180220713	2011	7	29	210	0.257	0.42006
0180220713	2011	7	30	211	0.25193	0.40847
0180220713	2011	7	31	212	0.24878	0.39946
0180220713	2011	8	1	213	0.24654	0.39264
0180220713	2011	8	2	214	0.24737	0.38909
0180220713	2011	8	3	215	0.2492	0.38789
0180220713	2011	8	4	216	0.24932	0.38613
0180220713	2011	8	5	217	0.25106	0.38505
0180220713	2011	8	6	218	0.25113	0.3839
0180220713	2011	8	7	219	0.25038	0.38131
0180220713	2011	8	8	220	0.25048	0.37875
0180220713	2011	8	9	221	0.25019	0.37683
0180220713	2011	8	10	222	0.24946	0.37413
0180220713	2011	8	11	223	0.24888	0.37181
0180220713	2011	8	12	224	0.24785	0.36918
0180220713	2011	8	13	225	0.24517	0.36472
0180220713	2011	8	14	226	0.24338	0.36064
0180220713	2011	8	15	227	0.24423	0.35916
0180220713	2011	8	16	228	0.245	0.35902
0180220713	2011	8	17	229	0.2441	0.35714
0180220713	2011	8	18	230	0.24264	0.35427
0180220713	2011	8	19	231	0.24135	0.35145
0180220713	2011	8	20	232	0.23983	0.34897
0180220713	2011	8	21	233	0.23836	0.34599
0180220713	2011	8	22	234	0.23719	0.34344
0180220713	2011	8	23	235	0.23598	0.34082
0180220713	2011	8	24	236	0.23169	0.33568
0180220713	2011	8	25	237	0.22893	0.33039
0180220713	2011	8	26	238	0.22754	0.32716
0180220713	2011	8	27	239	0.22372	0.32219
0180220713	2011	8	28	240	0.22094	0.31664
0180220713	2011	8	29	241	0.22124	0.31441
0180220713	2011	8	30	242	0.22212	0.31378
0180220713	2011	8	31	243	0.22211	0.31308
0180220713	2011	9	1	244	0.22187	0.31207
0180220713	2011	9	2	245	0.22068	0.30989
0180220713	2011	9	3	246	0.21841	0.30633
0180220713	2011	9	4	247	0.21565	0.302
0180220713	2011	9	5	248	0.21394	0.29852
0180220713	2011	9	6	249	0.21319	0.29596
0180220713	2011	9	7	250	0.21113	0.29272
0180220713	2011	9	8	251	0.20818	0.28869
0180220713	2011	9	9	252	0.20554	0.28412
0180220713	2011	9	10	253	0.20323	0.27959
0180220713	2011	9	11	254	0.20293	0.27808
0180220713	2011	9	12	255	0.20555	0.28272
0180220713	2011	9	13	256	0.20623	0.28497
0180220713	2011	9	14	257	0.20621	0.28381
0180220713	2011	9	15	258	0.21338	0.30347
0180220713	2011	9	16	259	0.21334	0.30039
0180220713	2011	9	17	260	0.2142	0.29605
0180220713	2011	9	18	261	0.21397	0.29369
0180220713	2011	9	19	262	0.21095	0.28925
0180220713	2011	9	20	263	0.20892	0.28494
0180220713	2011	9	21	264	0.20695	0.28113
0180220713	2011	9	22	265	0.20467	0.27645
0180220713	2011	9	23	266	0.20181	0.27122
0180220713	2011	9	24	267	0.1985	0.26558
0180220713	2011	9	25	268	0.19695	0.2617
0180220713	2011	9	26	269	0.19698	0.25968
0180220713	2011	9	27	270	0.19496	0.25695
0180220713	2011	9	28	271	0.19177	0.25243
0180220713	2011	9	29	272	0.18831	0.24744
0180220713	2011	9	30	273	0.18467	0.24226
0180220713	2011	10	1	274	0.18218	0.23802
0180220713	2011	10	2	275	0.18137	0.23601
0180220713	2011	10	3	276	0.17996	0.23434
0180220713	2011	10	4	277	0.18192	0.23494
0180220713	2011	10	5	278	0.25317	0.36043
0180220713	2011	10	6	279	0.28529	0.42985
0180220713	2011	10	7	280	0.28468	0.42182
0180220713	2011	10	8	281	0.28367	0.41789
0180220713	2011	10	9	282	0.28096	0.41699
0180220713	2011	10	10	283	0.28429	0.43247
0180220713	2011	10	11	284	0.29966	0.48587
0180220713	2011	10	12	285	0.28104	0.43302
0180220713	2011	10	13	286	0.27302	0.40988
0180220713	2011	10	14	287	0.26567	0.39349
0180220713	2011	10	15	288	0.2602	0.38333
0180220713	2011	10	16	289	0.25707	0.37147
0180220713	2011	10	17	290	0.25521	0.36644
0180220713	2011	10	18	291	0.2541	0.36219
0180220713	2011	10	19	292	0.25166	0.35735
0180220713	2011	10	20	293	0.25031	0.3535
0180220713	2011	10	21	294	0.25033	0.35112
0180220713	2011	10	22	295	0.25033	0.34942
0180220713	2011	10	23	296	0.2491	0.34677
0180220713	2011	10	24	297	0.248	0.3438
0180220713	2011	10	25	298	0.24783	0.34231
0180220713	2011	10	26	299	0.24959	0.34252
0180220713	2011	10	27	300	0.25237	0.34419
0180220713	2011	10	28	301	0.25199	0.34421
0180220713	2011	10	29	302	0.25078	0.34283
0180220713	2011	10	30	303	0.24889	0.34013
0180220713	2011	10	31	304	0.24718	0.33746
0180220713	2011	11	1	305	0.24635	0.33546
0180220713	2011	11	2	306	0.24842	0.33584
0180220713	2011	11	3	307	0.24824	0.33503
0180220713	2011	11	4	308	0.24833	0.33519
0180220713	2011	11	5	309	0.24978	0.33595
0180220713	2011	11	6	310	0.2509	0.33741
0180220713	2011	11	7	311	0.25115	0.33815
0180220713	2011	11	8	312	0.25207	0.3393
0180220713	2011	11	9	313	0.25312	0.34045
0180220713	2011	11	10	314	0.25449	0.3414
0180220713	2011	11	11	315	0.25628	0.34316
0180220713	2011	11	12	316	0.27142	0.36364
0180220713	2011	11	13	317	0.29365	0.42405
0180220713	2011	11	14	318	0.29072	0.42117
0180220713	2011	11	15	319	0.28678	0.41504
0180220713	2011	11	16	320	0.28489	0.40985
0180220713	2011	11	17	321	0.28255	0.40611
0180220713	2011	11	18	322	0.28031	0.40656
0180220713	2011	11	19	323	0.28098	0.40596
0180220713	2011	11	20	324	0.28002	0.40056
0180220713	2011	11	21	325	0.27895	0.3969
0180220713	2011	11	22	326	0.27941	0.39816
0180220713	2011	11	23	327	0.27957	0.39731
0180220713	2011	11	24	328	0.27919	0.39477
0180220713	2011	11	25	329	0.28304	0.40345
0180220713	2011	11	26	330	0.28784	0.41267
0180220713	2011	11	27	331	0.28931	0.41346
0180220713	2011	11	28	332	0.29128	0.41592
0180220713	2011	11	29	333	0.29156	0.41648
0180220713	2011	11	30	334	0.29247	0.41718
0180220713	2011	12	1	335	0.28802	0.40955
0180220713	2011	12	2	336	0.28421	0.40244
0180220713	2011	12	3	337	0.2816	0.39746
0180220713	2011	12	4	338	0.279	0.39257
0180220713	2011	12	5	339	0.27672	0.38821
0180220713	2011	12	6	340	0.27429	0.38435
0180220713	2011	12	7	341	0.27233	0.38056
0180220713	2011	12	8	342	0.27242	0.37903
0180220713	2011	12	9	343	0.27345	0.37995
0180220713	2011	12	10	344	0.27085	0.37728
0180220713	2011	12	11	345	0.26667	0.37289
0180220713	2011	12	12	346	0.26224	0.36877
0180220713	2011	12	13	347	0.25388	0.36426
0180220713	2011	12	14	348	0.24088	0.35908
0180220713	2011	12	15	349	0.2222	0.35544
0180220713	2011	12	16	350	0.21369	0.35632
0180220713	2011	12	17	351	0.20559	0.35715
0180220713	2011	12	18	352	0.1976	0.35755
0180220713	2011	12	19	353	0.18216	0.35624
0180220713	2011	12	20	354	0.16866	0.35602
0180220713	2011	12	21	355	0.15115	0.35433
0180220713	2011	12	22	356	0.125	0.34963
0180220713	2011	12	23	357	0.10772	0.33855
0180220713	2011	12	24	358	0.10642	0.33319
0180220713	2011	12	25	359	0.10473	0.32979
0180220713	2011	12	26	360	0.10252	0.32351
0180220713	2011	12	27	361	0.10111	0.31479
0180220713	2011	12	28	362	0.10553	0.31211
0180220713	2011	12	29	363	0.11164	0.3201
0180220713	2011	12	30	364	0.11766	0.32902
0180220713	2011	12	31	365	0.12277	0.33881
0180220713	2012	1	1	1	0.12664	0.34571
0180220713	2012	1	2	2	0.12804	0.34885
0180220713	2012	1	3	3	0.12861	0.35096
0180220713	2012	1	4	4	0.12884	0.35168
0180220713	2012	1	5	5	0.12985	0.35244
0180220713	2012	1	6	6	0.13027	0.35348
0180220713	2012	1	7	7	0.12732	0.35329
0180220713	2012	1	8	8	0.1201	0.35022
0180220713	2012	1	9	9	0.12104	0.34728
0180220713	2012	1	10	10	0.12349	0.34852
0180220713	2012	1	11	11	0.12352	0.34901
0180220713	2012	1	12	12	0.12085	0.3476
0180220713	2012	1	13	13	0.11506	0.34386
0180220713	2012	1	14	14	0.11245	0.33898
0180220713	2012	1	15	15	0.10901	0.33305
0180220713	2012	1	16	16	0.10626	0.32295
0180220713	2012	1	17	17	0.10039	0.29466
0180220713	2012	1	18	18	0.099719	0.25346
0180220713	2012	1	19	19	0.10241	0.23415
0180220713	2012	1	20	20	0.10625	0.22391
0180220713	2012	1	21	21	0.11232	0.25073
0180220713	2012	1	22	22	0.11807	0.26192
0180220713	2012	1	23	23	0.12301	0.27092
0180220713	2012	1	24	24	0.12587	0.28253
0180220713	2012	1	25	25	0.12904	0.29508
0180220713	2012	1	26	26	0.13222	0.30814
0180220713	2012	1	27	27	0.13533	0.32474
0180220713	2012	1	28	28	0.13818	0.33895
0180220713	2012	1	29	29	0.14099	0.35152
0180220713	2012	1	30	30	0.14362	0.36422
0180220713	2012	1	31	31	0.14622	0.37769
0180220713	2012	2	1	32	0.14881	0.39132
0180220713	2012	2	2	33	0.15141	0.40626
0180220713	2012	2	3	34	0.15364	0.42049
0180220713	2012	2	4	35	0.15577	0.4298
0180220713	2012	2	5	36	0.15627	0.43521
0180220713	2012	2	6	37	0.15136	0.43971
0180220713	2012	2	7	38	0.1416	0.44309
0180220713	2012	2	8	39	0.14192	0.44557
0180220713	2012	2	9	40	0.14415	0.44773
0180220713	2012	2	10	41	0.1465	0.45387
0180220713	2012	2	11	42	0.14854	0.46187
0180220713	2012	2	12	43	0.15072	0.46642
0180220713	2012	2	13	44	0.15159	0.46538
0180220713	2012	2	14	45	0.15331	0.46515
0180220713	2012	2	15	46	0.15541	0.466
0180220713	2012	2	16	47	0.15775	0.46713
0180220713	2012	2	17	48	0.16009	0.46814
0180220713	2012	2	18	49	0.16234	0.47128
0180220713	2012	2	19	50	0.16463	0.47256
0180220713	2012	2	20	51	0.16701	0.47344
0180220713	2012	2	21	52	0.16828	0.47411
0180220713	2012	2	22	53	0.17039	0.47558
0180220713	2012	2	23	54	0.17351	0.47973
0180220713	2012	2	24	55	0.17723	0.48337
0180220713	2012	2	25	56	0.18176	0.48979
0180220713	2012	2	26	57	0.18343	0.49149
0180220713	2012	2	27	58	0.17053	0.49216
0180220713	2012	2	28	59	0.1606	0.49292
0180220713	2012	2	29	60	0.15981	0.49369
0180220713	2012	3	1	61	0.16181	0.49481
0180220713	2012	3	2	62	0.16518	0.49514
0180220713	2012	3	3	63	0.16994	0.49624
0180220713	2012	3	4	64	0.17621	0.49917
0180220713	2012	3	5	65	0.18362	0.50304
0180220713	2012	3	6	66	0.19104	0.50806
0180220713	2012	3	7	67	0.19943	0.51202
0180220713	2012	3	8	68	0.20805	0.51367
0180220713	2012	3	9	69	0.21637	0.51654
0180220713	2012	3	10	70	0.22621	0.52392
0180220713	2012	3	11	71	0.23511	0.53326
0180220713	2012	3	12	72	0.2439	0.54141
0180220713	2012	3	13	73	0.25238	0.54543
0180220713	2012	3	14	74	0.2583	0.55209
0180220713	2012	3	15	75	0.2847	0.60729
0180220713	2012	3	16	76	0.4477	0.83453
0180220713	2012	3	17	77		
0180220713	2012	3	18	78	0.43518	0.88151
0180220713	2012	3	19	79	0.4062	0.81674
0180220713	2012	3	20	80	0.39866	0.80482
0180220713	2012	3	21	81	0.40397	0.80922
0180220713	2012	3	22	82	0.41727	0.82565
0180220713	2012	3	23	83	0.41929	0.82867
0180220713	2012	3	24	84	0.41631	0.82335
0180220713	2012	3	25	85	0.41516	0.82006
0180220713	2012	3	26	86	0.41065	0.81415
0180220713	2012	3	27	87	0.40666	0.80938
0180220713	2012	3	28	88	0.40544	0.8063
0180220713	2012	3	29	89	0.40919	0.80995
0180220713	2012	3	30	90	0.41618	0.82118
0180220713	2012	3	31	91	0.43628	0.89954
0180220713	2012	4	1	92	0.43135	0.88858
0180220713	2012	4	2	93	0.42528	0.85628
0180220713	2012	4	3	94	0.42636	0.84783
0180220713	2012	4	4	95	0.43221	0.86035
0180220713	2012	4	5	96	0.42784	0.84815
0180220713	2012	4	6	97	0.42321	0.83543
0180220713	2012	4	7	98	0.42246	0.83204
0180220713	2012	4	8	99	0.42632	0.83667
0180220713	2012	4	9	100	0.42932	0.84121
0180220713	2012	4	10	101	0.43281	0.84798
0180220713	2012	4	11	102	0.43472	0.85245
0180220713	2012	4	12	103	0.4296	0.84025
0180220713	2012	4	13	104	0.42653	0.83399
0180220713	2012	4	14	105	0.42313	0.82904
0180220713	2012	4	15	106	0.42446	0.83089
0180220713	2012	4	16	107	0.4294	0.83812
0180220713	2012	4	17	108	0.43603	0.85237
0180220713	2012	4	18	109	0.4475	0.906
0180220713	2012	4	19	110	0.45052	0.9098
0180220713	2012	4	20	111	0.48892	0.92252
0180220713	2012	4	21	112	0.52068	0.93559
0180220713	2012	4	22	113		0.94232
0180220713	2012	4	23	114	0.52238	0.94224
0180220713	2012	4	24	115	0.51872	0.94211
0180220713	2012	4	25	116	0.51572	0.94628
0180220713	2012	4	26	117		0.95609
0180220713	2012	4	27	118		0.95311
0180220713	2012	4	28	119	0.49035	0.95023
0180220713	2012	4	29	120	0.47025	0.94073
0180220713	2012	4	30	121	0.45202	0.92296
0180220713	2012	5	1	122	0.43417	0.89345
0180220713	2012	5	2	123	0.43335	0.86889
0180220713	2012	5	3	124	0.4288	0.84416
0180220713	2012	5	4	125	0.41809	0.82388
0180220713	2012	5	5	126	0.41343	0.81481
0180220713	2012	5	6	127	0.40825	0.80889
0180220713	2012	5	7	128	0.39938	0.79655
0180220713	2012	5	8	129	0.38919	0.78012
0180220713	2012	5	9	130	0.3767	0.75969
0180220713	2012	5	10	131	0.36802	0.74211
0180220713	2012	5	11	132	0.36137	0.72809
0180220713	2012	5	12	133	0.35491	0.71445
0180220713	2012	5	13	134	0.34738	0.6991
0180220713	2012	5	14	135	0.33745	0.68115
0180220713	2012	5	15	136	0.3313	0.66786
0180220713	2012	5	16	137	0.32672	0.65644
0180220713	2012	5	17	138	0.32226	0.64249
0180220713	2012	5	18	139	0.32534	0.64333
0180220713	2012	5	19	140	0.32281	0.63788
0180220713	2012	5	20	141	0.31844	0.62635
0180220713	2012	5	21	142	0.31112	0.61201
0180220713	2012	5	22	143	0.30904	0.60391
0180220713	2012	5	23	144	0.30781	0.60023
0180220713	2012	5	24	145	0.30898	0.5972
0180220713	2012	5	25	146	0.31138	0.59943
0180220713	2012	5	26	147	0.32356	0.61934
0180220713	2012	5	27	148	0.32777	0.63333
0180220713	2012	5	28	149	0.32259	0.62678
0180220713	2012	5	29	150	0.31572	0.61389
0180220713	2012	5	30	151	0.30875	0.59993
0180220713	2012	5	31	152	0.29886	0.58065
0180220713	2012	6	1	153	0.28786	0.55839
0180220713	2012	6	2	154	0.28032	0.53891
0180220713	2012	6	3	155	0.27695	0.52739
0180220713	2012	6	4	156	0.2774	0.52337
0180220713	2012	6	5	157	0.30134	0.5641
0180220713	2012	6	6	158	0.30321	0.57363
0180220713	2012	6	7	159	0.29836	0.56788
0180220713	2012	6	8	160	0.29273	0.55737
0180220713	2012	6	9	161	0.29116	0.55057
0180220713	2012	6	10	162	0.28979	0.54593
0180220713	2012	6	11	163	0.28489	0.53631
0180220713	2012	6	12	164	0.27786	0.52208
0180220713	2012	6	13	165	0.27256	0.509
0180220713	2012	6	14	166	0.26657	0.49559
0180220713	2012	6	15	167	0.26148	0.48238
0180220713	2012	6	16	168	0.2571	0.47069
0180220713	2012	6	17	169	0.25189	0.45786
0180220713	2012	6	18	170	0.24853	0.44727
0180220713	2012	6	19	171	0.25015	0.44384
0180220713	2012	6	20	172	0.24936	0.44068
0180220713	2012	6	21	173	0.24667	0.43368
0180220713	2012	6	22	174	0.24679	0.42843
0180220713	2012	6	23	175	0.24832	0.42867
0180220713	2012	6	24	176	0.25367	0.4354
0180220713	2012	6	25	177	0.2541	0.43609
0180220713	2012	6	26	178	0.25276	0.43204
0180220713	2012	6	27	179	0.25064	0.42657
0180220713	2012	6	28	180	0.2471	0.41948
0180220713	2012	6	29	181	0.24446	0.41253
0180220713	2012	6	30	182	0.24235	0.40619
0180220713	2012	7	1	183	0.23993	0.40058
0180220713	2012	7	2	184	0.2364	0.39384
0180220713	2012	7	3	185	0.23235	0.38538
0180220713	2012	7	4	186	0.2304	0.37875
0180220713	2012	7	5	187	0.22931	0.37395
0180220713	2012	7	6	188	0.22822	0.3701
0180220713	2012	7	7	189	0.22632	0.36504
0180220713	2012	7	8	190	0.22317	0.3586
0180220713	2012	7	9	191	0.22016	0.35193
0180220713	2012	7	10	192	0.21806	0.34644
0180220713	2012	7	11	193	0.21499	0.34
0180220713	2012	7	12	194	0.21204	0.33341
0180220713	2012	7	13	195	0.20851	0.3265
0180220713	2012	7	14	196	0.2069	0.32133
0180220713	2012	7	15	197	0.20621	0.31808
0180220713	2012	7	16	198	0.20509	0.31485
0180220713	2012	7	17	199	0.20519	0.31344
0180220713	2012	7	18	200	0.20605	0.31375
0180220713	2012	7	19	201	0.20441	0.31183
0180220713	2012	7	20	202	0.20437	0.3119
0180220713	2012	7	21	203	0.20085	0.30532
0180220713	2012	7	22	204	0.19631	0.29731
0180220713	2012	7	23	205	0.19746	0.304
0180220713	2012	7	24	206	0.19966	0.30723
0180220713	2012	7	25	207	0.19784	0.29959
0180220713	2012	7	26	208	0.19662	0.29443
0180220713	2012	7	27	209	0.19517	0.29057
0180220713	2012	7	28	210	0.19408	0.28656
0180220713	2012	7	29	211	0.19222	0.28223
0180220713	2012	7	30	212	0.18957	0.27688
0180220713	2012	7	31	213	0.18692	0.271
0180220713	2012	8	1	214	0.1837	0.26495
0180220713	2012	8	2	215	0.1805	0.25881
0180220713	2012	8	3	216	0.17627	0.25213
0180220713	2012	8	4	217	0.17044	0.24374
0180220713	2012	8	5	218	0.16492	0.23567
0180220713	2012	8	6	219	0.16124	0.22902
0180220713	2012	8	7	220	0.15637	0.22185
0180220713	2012	8	8	221	0.15041	0.21427
0180220713	2012	8	9	222	0.14371	0.20599
0180220713	2012	8	10	223	0.13625	0.19703
0180220713	2012	8	11	224	0.12886	0.18852
0180220713	2012	8	12	225	0.12124	0.18001
0180220713	2012	8	13	226	0.11307	0.17101
0180220713	2012	8	14	227	0.10933	0.16605
0180220713	2012	8	15	228	0.10541	0.1599
0180220713	2012	8	16	229	0.10155	0.15389
0180220713	2012	8	17	230	0.098286	0.14957
0180220713	2012	8	18	231	0.09469	0.14548
0180220713	2012	8	19	232	0.091461	0.14173
0180220713	2012	8	20	233	0.089459	0.13903
0180220713	2012	8	21	234	0.087484	0.13689
0180220713	2012	8	22	235	0.085772	0.13494
0180220713	2012	8	23	236	0.083975	0.13305
0180220713	2012	8	24	237	0.082223	0.13115
0180220713	2012	8	25	238	0.080762	0.12938
0180220713	2012	8	26	239	0.079355	0.12779
0180220713	2012	8	27	240	0.078527	0.12662
0180220713	2012	8	28	241	0.077588	0.12562
0180220713	2012	8	29	242	0.076673	0.12452
0180220713	2012	8	30	243	0.075527	0.12323
0180220713	2012	8	31	244	0.074413	0.12192
0180220713	2012	9	1	245	0.073812	0.1208
0180220713	2012	9	2	246	0.073239	0.12011
0180220713	2012	9	3	247	0.072327	0.11894
0180220713	2012	9	4	248	0.071606	0.11777
0180220713	2012	9	5	249	0.071048	0.11698
0180220713	2012	9	6	250	0.070614	0.1162
0180220713	2012	9	7	251	0.070873	0.11562
0180220713	2012	9	8	252	0.070943	0.11516
0180220713	2012	9	9	253	0.070777	0.11463
0180220713	2012	9	10	254	0.07081	0.11431
0180220713	2012	9	11	255	0.070794	0.11405
0180220713	2012	9	12	256	0.07058	0.11366
0180220713	2012	9	13	257	0.070348	0.11326
0180220713	2012	9	14	258	0.069888	0.11272
0180220713	2012	9	15	259	0.069584	0.11218
0180220713	2012	9	16	260	0.069366	0.11174
0180220713	2012	9	17	261	0.06911	0.11128
0180220713	2012	9	18	262	0.068812	0.11084
0180220713	2012	9	19	263	0.068508	0.11039
0180220713	2012	9	20	264	0.068186	0.10982
0180220713	2012	9	21	265	0.067738	0.10914
0180220713	2012	9	22	266	0.067279	0.10844
0180220713	2012	9	23	267	0.066926	0.10793
0180220713	2012	9	24	268	0.066784	0.10767
0180220713	2012	9	25	269	0.066781	0.10742
0180220713	2012	9	26	270	0.066514	0.10692
0180220713	2012	9	27	271	0.06617	0.1063
0180220713	2012	9	28	272	0.065848	0.10572
0180220713	2012	9	29	273	0.065418	0.1052
0180220713	2012	9	30	274	0.064977	0.10466
0180220713	2012	10	1	275	0.064514	0.10404
0180220713	2012	10	2	276	0.064052	0.10338
0180220713	2012	10	3	277	0.063792	0.10285
0180220713	2012	10	4	278	0.063619	0.10251
0180220713	2012	10	5	279	0.063506	0.10231
0180220713	2012	10	6	280	0.063441	0.1021
0180220713	2012	10	7	281	0.063479	0.10196
0180220713	2012	10	8	282	0.063391	0.10175
0180220713	2012	10	9	283	0.063316	0.10153
0180220713	2012	10	10	284	0.063191	0.10126
0180220713	2012	10	11	285	0.063066	0.10106
0180220713	2012	10	12	286	0.062782	0.10082
0180220713	2012	10	13	287	0.062934	0.1007
0180220713	2012	10	14	288	0.062917	0.10068
0180220713	2012	10	15	289	0.062721	0.10049
0180220713	2012	10	16	290	0.062407	0.10013
0180220713	2012	10	17	291	0.062233	0.099797
0180220713	2012	10	18	292	0.062017	0.099526
0180220713	2012	10	19	293	0.061638	0.099226
0180220713	2012	10	20	294	0.061483	0.09897
0180220713	2012	10	21	295	0.061522	0.098812
0180220713	2012	10	22	296	0.061664	0.098837
0180220713	2012	10	23	297	0.062233	0.099159
0180220713	2012	10	24	298	0.062717	0.099531
0180220713	2012	10	25	299	0.063172	0.099755
0180220713	2012	10	26	300	0.063563	0.1002
0180220713	2012	10	27	301	0.063823	0.10053
0180220713	2012	10	28	302	0.064095	0.10081
0180220713	2012	10	29	303	0.064329	0.10102
0180220713	2012	10	30	304	0.064638	0.10125
0180220713	2012	10	31	305	0.06494	0.10143
0180220713	2012	11	1	306	0.065842	0.11861
0180220713	2012	11	2	307	0.069524	0.14004
0180220713	2012	11	3	308	0.075922	0.14956
0180220713	2012	11	4	309	0.082166	0.16332
0180220713	2012	11	5	310	0.092711	0.23803
0180220713	2012	11	6	311	0.12281	0.28209
0180220713	2012	11	7	312	0.15411	0.29397
0180220713	2012	11	8	313	0.16842	0.30378
0180220713	2012	11	9	314	0.17531	0.30296
0180220713	2012	11	10	315	0.17788	0.29968
0180220713	2012	11	11	316	0.17883	0.29647
0180220713	2012	11	12	317	0.17919	0.29316
0180220713	2012	11	13	318	0.17925	0.29025
0180220713	2012	11	14	319	0.17914	0.28834
0180220713	2012	11	15	320	0.17908	0.28723
0180220713	2012	11	16	321	0.17933	0.28648
0180220713	2012	11	17	322	0.18489	0.32115
0180220713	2012	11	18	323	0.23709	0.45741
0180220713	2012	11	19	324	0.23663	0.4322
0180220713	2012	11	20	325	0.23372	0.41369
0180220713	2012	11	21	326	0.24709	0.45708
0180220713	2012	11	22	327	0.25233	0.45179
0180220713	2012	11	23	328	0.24139	0.40438
0180220713	2012	11	24	329	0.23493	0.38524
0180220713	2012	11	25	330	0.23112	0.37326
0180220713	2012	11	26	331	0.22804	0.36305
0180220713	2012	11	27	332	0.22504	0.35388
0180220713	2012	11	28	333	0.2252	0.36134
0180220713	2012	11	29	334	0.2616	0.49724
0180220713	2012	11	30	335	0.30003	0.6155
0180220713	2012	12	1	336	0.30863	0.60075
0180220713	2012	12	2	337	0.35861	0.71694
0180220713	2012	12	3	338	0.3622	0.72213
0180220713	2012	12	4	339	0.34042	0.66587
0180220713	2012	12	5	340	0.36948	0.75198
0180220713	2012	12	6	341	0.37382	0.76401
0180220713	2012	12	7	342	0.35658	0.70707
0180220713	2012	12	8	343	0.35314	0.69265
0180220713	2012	12	9	344	0.35151	0.68593
0180220713	2012	12	10	345	0.34859	0.67905
0180220713	2012	12	11	346	0.34682	0.67405
0180220713	2012	12	12	347	0.34667	0.67192
0180220713	2012	12	13	348	0.34576	0.6699
0180220713	2012	12	14	349	0.34518	0.66712
0180220713	2012	12	15	350	0.34383	0.66405
0180220713	2012	12	16	351	0.34285	0.66158
0180220713	2012	12	17	352	0.36984	0.71878
0180220713	2012	12	18	353	0.37787	0.75889
0180220713	2012	12	19	354	0.36458	0.72458
0180220713	2012	12	20	355	0.36054	0.71156
0180220713	2012	12	21	356	0.35943	0.70677
0180220713	2012	12	22	357	0.35956	0.70403
0180220713	2012	12	23	358	0.35978	0.70395
0180220713	2012	12	24	359		
0180220713	2012	12	25	360		
0180220713	2012	12	26	361	0.35848	0.69948
0180220713	2012	12	27	362	0.34827	0.6957
0180220713	2012	12	28	363		
0180220713	2012	12	29	364		
0180220713	2012	12	30	365	0.35063	0.67598
0180220713	2012	12	31	366	0.35318	0.68713
0180220713	2013	1	1	1	0.35231	0.68601
0180220713	2013	1	2	2	0.35138	0.68355
0180220713	2013	1	3	3	0.35132	0.6828
0180220713	2013	1	4	4	0.35067	0.68133
0180220713	2013	1	5	5	0.35054	0.6807
0180220713	2013	1	6	6	0.3507	0.68053
0180220713	2013	1	7	7	0.34989	0.67919
0180220713	2013	1	8	8	0.35041	0.67929
0180220713	2013	1	9	9	0.35224	0.68224
0180220713	2013	1	10	10	0.35275	0.68286
0180220713	2013	1	11	11	0.35209	0.68211
0180220713	2013	1	12	12	0.35135	0.68077
0180220713	2013	1	13	13	0.35056	0.67914
0180220713	2013	1	14	14	0.34946	0.67737
0180220713	2013	1	15	15	0.34812	0.67384
0180220713	2013	1	16	16	0.34775	0.67238
0180220713	2013	1	17	17	0.34841	0.67344
0180220713	2013	1	18	18	0.34911	0.67486
0180220713	2013	1	19	19	0.34936	0.6755
0180220713	2013	1	20	20	0.3495	0.67587
0180220713	2013	1	21	21	0.34961	0.67595
0180220713	2013	1	22	22	0.35037	0.67736
0180220713	2013	1	23	23	0.35091	0.67825
0180220713	2013	1	24	24	0.35201	0.67967
0180220713	2013	1	25	25	0.35705	0.69052
0180220713	2013	1	26	26	0.36264	0.70812
0180220713	2013	1	27	27	0.36135	0.70636
0180220713	2013	1	28	28	0.35842	0.69966
0180220713	2013	1	29	29	0.35734	0.69671
0180220713	2013	1	30	30	0.35752	0.6964
0180220713	2013	1	31	31	0.35799	0.69714
0180220713	2013	2	1	32	0.35853	0.69838
0180220713	2013	2	2	33	0.35856	0.69849
0180220713	2013	2	3	34	0.35828	0.69733
0180220713	2013	2	4	35	0.35823	0.69697
0180220713	2013	2	5	36	0.3585	0.69768
0180220713	2013	2	6	37	0.35821	0.69711
0180220713	2013	2	7	38	0.35779	0.69581
0180220713	2013	2	8	39	0.35722	0.69379
0180220713	2013	2	9	40	0.35602	0.69123
0180220713	2013	2	10	41	0.35486	0.68895
0180220713	2013	2	11	42	0.35415	0.68638
0180220713	2013	2	12	43	0.35289	0.68321
0180220713	2013	2	13	44	0.35257	0.68243
0180220713	2013	2	14	45	0.35348	0.68347
0180220713	2013	2	15	46	0.35445	0.68577
0180220713	2013	2	16	47	0.35579	0.68936
0180220713	2013	2	17	48	0.35632	0.69024
0180220713	2013	2	18	49	0.35657	0.6908
0180220713	2013	2	19	50	0.35665	0.69065
0180220713	2013	2	20	51	0.35576	0.68884
0180220713	2013	2	21	52	0.35446	0.68592
0180220713	2013	2	22	53	0.35311	0.68316
0180220713	2013	2	23	54	0.35328	0.68318
0180220713	2013	2	24	55	0.35245	0.6818
0180220713	2013	2	25	56	0.35146	0.67997
0180220713	2013	2	26	57	0.35148	0.67947
0180220713	2013	2	27	58	0.35093	0.67814
0180220713	2013	2	28	59	0.35104	0.67818
0180220713	2013	3	1	60	0.3537	0.68269
0180220713	2013	3	2	61	0.35624	0.68822
0180220713	2013	3	3	62	0.35965	0.69575
0180220713	2013	3	4	63	0.36202	0.70359
0180220713	2013	3	5	64	0.36115	0.70275
0180220713	2013	3	6	65	0.36281	0.70595
0180220713	2013	3	7	66	0.35997	0.70034
0180220713	2013	3	8	67	0.35883	0.69679
0180220713	2013	3	9	68	0.35838	0.69543
0180220713	2013	3	10	69	0.3584	0.69579
0180220713	2013	3	11	70	0.35921	0.698
0180220713	2013	3	12	71	0.36195	0.70437
0180220713	2013	3	13	72	0.364	0.71051
0180220713	2013	3	14	73	0.36549	0.71434
0180220713	2013	3	15	74	0.36712	0.71876
0180220713	2013	3	16	75		
0180220713	2013	3	17	76	0.36382	0.71357
0180220713	2013	3	18	77	0.36447	0.71498
0180220713	2013	3	19	78	0.36429	0.71504
0180220713	2013	3	20	79	0.368	0.72767
0180220713	2013	3	21	80	0.37929	0.78641
0180220713	2013	3	22	81	0.37557	0.76897
0180220713	2013	3	23	82	0.37238	0.7527
0180220713	2013	3	24	83	0.37208	0.74817
0180220713	2013	3	25	84	0.37223	0.75009
0180220713	2013	3	26	85	0.36924	0.74764
0180220713	2013	3	27	86	0.36493	0.74342
0180220713	2013	3	28	87	0.36291	0.74351
0180220713	2013	3	29	88	0.36129	0.74009
0180220713	2013	3	30	89	0.35943	0.73564
0180220713	2013	3	31	90	0.35735	0.73342
0180220713	2013	4	1	91	0.35909	0.73423
0180220713	2013	4	2	92	0.35909	0.73102
0180220713	2013	4	3	93	0.35637	0.72526
0180220713	2013	4	4	94	0.35372	0.71946
0180220713	2013	4	5	95	0.3559	0.72415
0180220713	2013	4	6	96	0.35192	0.71446
0180220713	2013	4	7	97	0.34911	0.70831
0180220713	2013	4	8	98	0.34973	0.70556
0180220713	2013	4	9	99	0.35425	0.70928
0180220713	2013	4	10	100	0.35248	0.70672
0180220713	2013	4	11	101	0.34423	0.69404
0180220713	2013	4	12	102	0.3402	0.68206
0180220713	2013	4	13	103	0.33861	0.67624
0180220713	2013	4	14	104	0.33662	0.66934
0180220713	2013	4	15	105	0.33691	0.66776
0180220713	2013	4	16	106	0.34147	0.67213
0180220713	2013	4	17	107	0.34414	0.67557
0180220713	2013	4	18	108	0.34552	0.67704
0180220713	2013	4	19	109	0.34089	0.67039
0180220713	2013	4	20	110	0.33573	0.65762
0180220713	2013	4	21	111	0.33069	0.64533
0180220713	2013	4	22	112	0.32396	0.6298
0180220713	2013	4	23	113	0.32016	0.61826
0180220713	2013	4	24	114	0.31823	0.61063
0180220713	2013	4	25	115	0.31695	0.60474
0180220713	2013	4	26	116	0.31311	0.59683
0180220713	2013	4	27	117	0.30675	0.58423
0180220713	2013	4	28	118	0.30209	0.57196
0180220713	2013	4	29	119	0.29727	0.5614
0180220713	2013	4	30	120	0.2917	0.54821
0180220713	2013	5	1	121	0.2907	0.54095
0180220713	2013	5	2	122	0.29062	0.53729
0180220713	2013	5	3	123	0.28534	0.52581
0180220713	2013	5	4	124	0.28046	0.51355
0180220713	2013	5	5	125	0.27919	0.50702
0180220713	2013	5	6	126	0.28287	0.51353
0180220713	2013	5	7	127	0.29207	0.53706
0180220713	2013	5	8	128	0.29857	0.56092
0180220713	2013	5	9	129	0.29392	0.55833
0180220713	2013	5	10	130		
0180220713	2013	5	11	131		
0180220713	2013	5	12	132		
0180220713	2013	5	13	133		
0180220713	2013	5	14	134		
0180220713	2013	5	15	135		
0180220713	2013	5	16	136		
0180220713	2013	5	17	137		
0180220713	2013	5	18	138		
0180220713	2013	5	19	139		
0180220713	2013	5	20	140		
0180220713	2013	5	21	141		
0180220713	2013	5	22	142		
0180220713	2013	5	23	143		
0180220713	2013	5	24	144		
0180220713	2013	5	25	145		
0180220713	2013	5	26	146		
0180220713	2013	5	27	147		
0180220713	2013	5	28	148		
0180220713	2013	5	29	149		
0180220713	2013	5	30	150		
0180220713	2013	5	31	151		
0180220713	2013	6	1	152		
0180220713	2013	6	2	153		
0180220713	2013	6	3	154		
0180220713	2013	6	4	155		
0180220713	2013	6	5	156		
0180220713	2013	6	6	157		
0180220713	2013	6	7	158		
0180220713	2013	6	8	159		
0180220713	2013	6	9	160		
0180220713	2013	6	10	161		
0180220713	2013	6	11	162		
0180220713	2013	6	12	163		
0180220713	2013	6	13	164		
0180220713	2013	6	14	165		
0180220713	2013	6	15	166		
0180220713	2013	6	16	167		
0180220713	2013	6	17	168		
0180220713	2013	6	18	169		
0180220713	2013	6	19	170		
0180220713	2013	6	20	171		
0180220713	2013	6	21	172		
0180220713	2013	6	22	173		
0180220713	2013	6	23	174		
0180220713	2013	6	24	175		
0180220713	2013	6	25	176		
0180220713	2013	6	26	177		
0180220713	2013	6	27	178		
0180220713	2013	6	28	179		
0180220713	2013	6	29	180		
0180220713	2013	6	30	181		
0180220713	2013	7	1	182		
0180220713	2013	7	2	183		
0180220713	2013	7	3	184		
0180220713	2013	7	4	185		
0180220713	2013	7	5	186		
0180220713	2013	7	6	187		
0180220713	2013	7	7	188		
0180220713	2013	7	8	189		
0180220713	2013	7	9	190		
0180220713	2013	7	10	191		
0180220713	2013	7	11	192		
0180220713	2013	7	12	193		
0180220713	2013	7	13	194		
0180220713	2013	7	14	195		
0180220713	2013	7	15	196		
0180220713	2013	7	16	197		
0180220713	2013	7	17	198		
0180220713	2013	7	18	199		
0180220713	2013	7	19	200		
0180220713	2013	7	20	201		
0180220713	2013	7	21	202		
0180220713	2013	7	22	203		
0180220713	2013	7	23	204		
0180220713	2013	7	24	205		
0180220713	2013	7	25	206		
0180220713	2013	7	26	207		
0180220713	2013	7	27	208		
0180220713	2013	7	28	209		
0180220713	2013	7	29	210		
0180220713	2013	7	30	211		
0180220713	2013	7	31	212		
0180220713	2013	8	1	213		
0180220713	2013	8	2	214		
0180220713	2013	8	3	215		
0180220713	2013	8	4	216		
0180220713	2013	8	5	217		
0180220713	2013	8	6	218		
0180220713	2013	8	7	219		
0180220713	2013	8	8	220		
0180220713	2013	8	9	221		
0180220713	2013	8	10	222		
0180220713	2013	8	11	223		
0180220713	2013	8	12	224		
0180220713	2013	8	13	225		
0180220713	2013	8	14	226		
0180220713	2013	8	15	227		
0180220713	2013	8	16	228		
0180220713	2013	8	17	229		
0180220713	2013	8	18	230		
0180220713	2013	8	19	231		
0180220713	2013	8	20	232		
0180220713	2013	8	21	233		
0180220713	2013	8	22	234		
0180220713	2013	8	23	235		
0180220713	2013	8	24	236		
0180220713	2013	8	25	237		
0180220713	2013	8	26	238		
0180220713	2013	8	27	239		
0180220713	2013	8	28	240		
0180220713	2013	8	29	241		
0180220713	2013	8	30	242		
0180220713	2013	8	31	243		
0180220713	2013	9	1	244		
0180220713	2013	9	2	245		
0180220713	2013	9	3	246		
0180220713	2013	9	4	247		
0180220713	2013	9	5	248		
0180220713	2013	9	6	249		
0180220713	2013	9	7	250		
0180220713	2013	9	8	251		
0180220713	2013	9	9	252		
0180220713	2013	9	10	253		
0180220713	2013	9	11	254		
0180220713	2013	9	12	255		
0180220713	2013	9	13	256		
0180220713	2013	9	14	257		
0180220713	2013	9	15	258		
0180220713	2013	9	16	259		
0180220713	2013	9	17	260		
0180220713	2013	9	18	261		
0180220713	2013	9	19	262		
0180220713	2013	9	20	263		
0180220713	2013	9	21	264		
0180220713	2013	9	22	265		
0180220713	2013	9	23	266		
0180220713	2013	9	24	267		
0180220713	2013	9	25	268		
0180220713	2013	9	26	269		
0180220713	2013	9	27	270		
0180220713	2013	9	28	271		
0180220713	2013	9	29	272		
0180220713	2013	9	30	273		
0180220713	2013	10	1	274		
0180220713	2013	10	2	275		
0180220713	2013	10	3	276		
0180220713	2013	10	4	277		
0180220713	2013	10	5	278		
0180220713	2013	10	6	279		
0180220713	2013	10	7	280		
0180220713	2013	10	8	281		
0180220713	2013	10	9	282		
0180220713	2013	10	10	283		
0180220713	2013	10	11	284		
0180220713	2013	10	12	285		
0180220713	2013	10	13	286		
0180220713	2013	10	14	287		
0180220713	2013	10	15	288		
0180220713	2013	10	16	289		
0180220713	2013	10	17	290		
0180220713	2013	10	18	291		
0180220713	2013	10	19	292		
0180220713	2013	10	20	293		
0180220713	2013	10	21	294		
0180220713	2013	10	22	295		
0180220713	2013	10	23	296		
0180220713	2013	10	24	297		
0180220713	2013	10	25	298		
0180220713	2013	10	26	299		
0180220713	2013	10	27	300		
0180220713	2013	10	28	301		
0180220713	2013	10	29	302		
0180220713	2013	10	30	303		
0180220713	2013	10	31	304		
0180220713	2013	11	1	305		
0180220713	2013	11	2	306		
0180220713	2013	11	3	307		
0180220713	2013	11	4	308		
0180220713	2013	11	5	309		
0180220713	2013	11	6	310		
0180220713	2013	11	7	311		
0180220713	2013	11	8	312		
0180220713	2013	11	9	313		
0180220713	2013	11	10	314		
0180220713	2013	11	11	315		
0180220713	2013	11	12	316		
0180220713	2013	11	13	317		
0180220713	2013	11	14	318		
0180220713	2013	11	15	319		
0180220713	2013	11	16	320		
0180220713	2013	11	17	321		
0180220713	2013	11	18	322		
0180220713	2013	11	19	323		
0180220713	2013	11	20	324		
0180220713	2013	11	21	325		
0180220713	2013	11	22	326		
0180220713	2013	11	23	327		
0180220713	2013	11	24	328		
0180220713	2013	11	25	329		
0180220713	2013	11	26	330		
0180220713	2013	11	27	331		
0180220713	2013	11	28	332		
0180220713	2013	11	29	333		
0180220713	2013	11	30	334		
0180220713	2013	12	1	335		
0180220713	2013	12	2	336		
0180220713	2013	12	3	337		
0180220713	2013	12	4	338		
0180220713	2013	12	5	339		
0180220713	2013	12	6	340		
0180220713	2013	12	7	341		
0180220713	2013	12	8	342		
0180220713	2013	12	9	343		
0180220713	2013	12	10	344		
0180220713	2013	12	11	345		
0180220713	2013	12	12	346		
0180220713	2013	12	13	347		
0180220713	2013	12	14	348		
0180220713	2013	12	15	349		
0180220713	2013	12	16	350		
0180220713	2013	12	17	351		
0180220713	2013	12	18	352		
0180220713	2013	12	19	353		
0180220713	2013	12	20	354		
0180220713	2013	12	21	355		
0180220713	2013	12	22	356		
0180220713	2013	12	23	357		
0180220713	2013	12	24	358		
0180220713	2013	12	25	359		
0180220713	2013	12	26	360		
0180220713	2013	12	27	361		
0180220713	2013	12	28	362		
0180220713	2013	12	29	363		
0180220713	2013	12	30	364		
0180220713	2013	12	31	365		
