stationID	Y	M	D	DOY	depth_5	depth_10
0180090813	2008	1	1	1		
0180090813	2008	1	2	2		
0180090813	2008	1	3	3		
0180090813	2008	1	4	4		
0180090813	2008	1	5	5		
0180090813	2008	1	6	6		
0180090813	2008	1	7	7		
0180090813	2008	1	8	8		
0180090813	2008	1	9	9		
0180090813	2008	1	10	10		
0180090813	2008	1	11	11		
0180090813	2008	1	12	12		
0180090813	2008	1	13	13		
0180090813	2008	1	14	14		
0180090813	2008	1	15	15		
0180090813	2008	1	16	16		
0180090813	2008	1	17	17		
0180090813	2008	1	18	18		
0180090813	2008	1	19	19		
0180090813	2008	1	20	20		
0180090813	2008	1	21	21		
0180090813	2008	1	22	22		
0180090813	2008	1	23	23		
0180090813	2008	1	24	24		
0180090813	2008	1	25	25		
0180090813	2008	1	26	26		
0180090813	2008	1	27	27		
0180090813	2008	1	28	28		
0180090813	2008	1	29	29		
0180090813	2008	1	30	30		
0180090813	2008	1	31	31		
0180090813	2008	2	1	32		
0180090813	2008	2	2	33		
0180090813	2008	2	3	34		
0180090813	2008	2	4	35		
0180090813	2008	2	5	36		
0180090813	2008	2	6	37		
0180090813	2008	2	7	38		
0180090813	2008	2	8	39		
0180090813	2008	2	9	40		
0180090813	2008	2	10	41		
0180090813	2008	2	11	42		
0180090813	2008	2	12	43		
0180090813	2008	2	13	44		
0180090813	2008	2	14	45		
0180090813	2008	2	15	46		
0180090813	2008	2	16	47		
0180090813	2008	2	17	48		
0180090813	2008	2	18	49		
0180090813	2008	2	19	50		
0180090813	2008	2	20	51		
0180090813	2008	2	21	52		
0180090813	2008	2	22	53		
0180090813	2008	2	23	54		
0180090813	2008	2	24	55		
0180090813	2008	2	25	56		
0180090813	2008	2	26	57		
0180090813	2008	2	27	58		
0180090813	2008	2	28	59		
0180090813	2008	2	29	60		
0180090813	2008	3	1	61		
0180090813	2008	3	2	62		
0180090813	2008	3	3	63		
0180090813	2008	3	4	64		
0180090813	2008	3	5	65		
0180090813	2008	3	6	66		
0180090813	2008	3	7	67		
0180090813	2008	3	8	68		
0180090813	2008	3	9	69		
0180090813	2008	3	10	70		
0180090813	2008	3	11	71		
0180090813	2008	3	12	72		
0180090813	2008	3	13	73		
0180090813	2008	3	14	74		
0180090813	2008	3	15	75		
0180090813	2008	3	16	76		
0180090813	2008	3	17	77		
0180090813	2008	3	18	78		
0180090813	2008	3	19	79		
0180090813	2008	3	20	80		
0180090813	2008	3	21	81		
0180090813	2008	3	22	82		
0180090813	2008	3	23	83		
0180090813	2008	3	24	84		
0180090813	2008	3	25	85		
0180090813	2008	3	26	86		
0180090813	2008	3	27	87		
0180090813	2008	3	28	88		
0180090813	2008	3	29	89		
0180090813	2008	3	30	90		
0180090813	2008	3	31	91		
0180090813	2008	4	1	92		
0180090813	2008	4	2	93		
0180090813	2008	4	3	94		
0180090813	2008	4	4	95		
0180090813	2008	4	5	96		
0180090813	2008	4	6	97		
0180090813	2008	4	7	98		
0180090813	2008	4	8	99		
0180090813	2008	4	9	100		
0180090813	2008	4	10	101		
0180090813	2008	4	11	102		
0180090813	2008	4	12	103		
0180090813	2008	4	13	104		
0180090813	2008	4	14	105		
0180090813	2008	4	15	106		
0180090813	2008	4	16	107		
0180090813	2008	4	17	108		
0180090813	2008	4	18	109		
0180090813	2008	4	19	110		
0180090813	2008	4	20	111		
0180090813	2008	4	21	112		
0180090813	2008	4	22	113		
0180090813	2008	4	23	114		
0180090813	2008	4	24	115		
0180090813	2008	4	25	116		
0180090813	2008	4	26	117		
0180090813	2008	4	27	118		
0180090813	2008	4	28	119		
0180090813	2008	4	29	120		
0180090813	2008	4	30	121		
0180090813	2008	5	1	122		
0180090813	2008	5	2	123		
0180090813	2008	5	3	124		
0180090813	2008	5	4	125		
0180090813	2008	5	5	126		
0180090813	2008	5	6	127		
0180090813	2008	5	7	128		
0180090813	2008	5	8	129		
0180090813	2008	5	9	130		
0180090813	2008	5	10	131		
0180090813	2008	5	11	132		
0180090813	2008	5	12	133		
0180090813	2008	5	13	134		
0180090813	2008	5	14	135		
0180090813	2008	5	15	136		
0180090813	2008	5	16	137		
0180090813	2008	5	17	138		
0180090813	2008	5	18	139		
0180090813	2008	5	19	140		
0180090813	2008	5	20	141	0.059732	0.12946
0180090813	2008	5	21	142	0.057714	0.12549
0180090813	2008	5	22	143	0.054158	0.12405
0180090813	2008	5	23	144	0.081384	0.12239
0180090813	2008	5	24	145	0.096608	0.12086
0180090813	2008	5	25	146	0.087652	0.12249
0180090813	2008	5	26	147	0.079016	0.12351
0180090813	2008	5	27	148	0.071371	0.12385
0180090813	2008	5	28	149	0.099284	0.1505
0180090813	2008	5	29	150	0.096417	0.15186
0180090813	2008	5	30	151	0.093849	0.15221
0180090813	2008	5	31	152	0.091908	0.15255
0180090813	2008	6	1	153	0.090474	0.153
0180090813	2008	6	2	154	0.089529	0.15345
0180090813	2008	6	3	155	0.08903	0.15351
0180090813	2008	6	4	156	0.088386	0.15323
0180090813	2008	6	5	157	0.088316	0.15273
0180090813	2008	6	6	158	0.087984	0.15237
0180090813	2008	6	7	159	0.08814	0.15315
0180090813	2008	6	8	160	0.088118	0.15311
0180090813	2008	6	9	161	0.087861	0.1531
0180090813	2008	6	10	162	0.087457	0.15341
0180090813	2008	6	11	163	0.080984	0.14871
0180090813	2008	6	12	164	0.014021	0.10017
0180090813	2008	6	13	165	0.013414	0.10021
0180090813	2008	6	14	166	0.013192	0.10043
0180090813	2008	6	15	167	0.01304	0.10052
0180090813	2008	6	16	168	0.013502	0.10027
0180090813	2008	6	17	169	0.01334	0.10047
0180090813	2008	6	18	170	0.013272	0.10032
0180090813	2008	6	19	171	0.012999	0.09986
0180090813	2008	6	20	172	0.012473	0.099439
0180090813	2008	6	21	173	0.012239	0.099408
0180090813	2008	6	22	174	0.013151	0.098587
0180090813	2008	6	23	175	0.013177	0.098661
0180090813	2008	6	24	176	0.013222	0.098319
0180090813	2008	6	25	177	0.013411	0.098351
0180090813	2008	6	26	178	0.022545	0.096534
0180090813	2008	6	27	179	0.096405	0.094158
0180090813	2008	6	28	180	0.070009	0.09678
0180090813	2008	6	29	181	0.057453	0.099016
0180090813	2008	6	30	182	0.055592	0.10017
0180090813	2008	7	1	183	0.053382	0.1022
0180090813	2008	7	2	184	0.049532	0.10207
0180090813	2008	7	3	185	0.044143	0.10478
0180090813	2008	7	4	186	0.041351	0.10544
0180090813	2008	7	5	187	0.04106	0.10629
0180090813	2008	7	6	188	0.038764	0.10534
0180090813	2008	7	7	189	0.035685	0.1064
0180090813	2008	7	8	190	0.030992	0.10654
0180090813	2008	7	9	191	0.04272	0.10473
0180090813	2008	7	10	192	0.06118	0.10335
0180090813	2008	7	11	193	0.10325	0.10288
0180090813	2008	7	12	194	0.1198	0.10338
0180090813	2008	7	13	195		0.10368
0180090813	2008	7	14	196		0.104
0180090813	2008	7	15	197		0.10449
0180090813	2008	7	16	198	0.099143	0.10768
0180090813	2008	7	17	199	0.082573	0.11096
0180090813	2008	7	18	200	0.0702	0.11087
0180090813	2008	7	19	201	0.10662	0.11042
0180090813	2008	7	20	202		0.10948
0180090813	2008	7	21	203		0.10891
0180090813	2008	7	22	204	0.11412	0.10995
0180090813	2008	7	23	205		0.11096
0180090813	2008	7	24	206	0.11979	0.11436
0180090813	2008	7	25	207	0.094537	0.11713
0180090813	2008	7	26	208	0.10701	0.11641
0180090813	2008	7	27	209	0.08885	0.11716
0180090813	2008	7	28	210	0.072366	0.11998
0180090813	2008	7	29	211	0.057075	0.12198
0180090813	2008	7	30	212	0.044744	0.12348
0180090813	2008	7	31	213	0.036481	0.12475
0180090813	2008	8	1	214	0.03121	0.12597
0180090813	2008	8	2	215	0.027745	0.12639
0180090813	2008	8	3	216	0.079864	0.12466
0180090813	2008	8	4	217	0.11414	0.12194
0180090813	2008	8	5	218	0.087808	0.12351
0180090813	2008	8	6	219	0.092292	0.12247
0180090813	2008	8	7	220	0.079065	0.12216
0180090813	2008	8	8	221	0.064376	0.12227
0180090813	2008	8	9	222	0.059091	0.12202
0180090813	2008	8	10	223	0.058765	0.12152
0180090813	2008	8	11	224	0.04843	0.12356
0180090813	2008	8	12	225	0.039905	0.12423
0180090813	2008	8	13	226	0.03536	0.12357
0180090813	2008	8	14	227	0.03408	0.12333
0180090813	2008	8	15	228	0.043464	0.12236
0180090813	2008	8	16	229	0.042086	0.12218
0180090813	2008	8	17	230	0.037116	0.12284
0180090813	2008	8	18	231	0.035354	0.12154
0180090813	2008	8	19	232	0.030905	0.12191
0180090813	2008	8	20	233	0.027393	0.12183
0180090813	2008	8	21	234	0.024934	0.12178
0180090813	2008	8	22	235	0.023344	0.12161
0180090813	2008	8	23	236	0.022497	0.12033
0180090813	2008	8	24	237	0.021651	0.11929
0180090813	2008	8	25	238	0.021521	0.11855
0180090813	2008	8	26	239	0.040217	0.11559
0180090813	2008	8	27	240	0.099543	0.11448
0180090813	2008	8	28	241	0.081586	0.1145
0180090813	2008	8	29	242	0.086948	0.11463
0180090813	2008	8	30	243	0.077753	0.1156
0180090813	2008	8	31	244	0.069388	0.11581
0180090813	2008	9	1	245	0.089639	0.11454
0180090813	2008	9	2	246	0.078655	0.11552
0180090813	2008	9	3	247	0.082828	0.11505
0180090813	2008	9	4	248	0.08289	0.1154
0180090813	2008	9	5	249	0.068933	0.11646
0180090813	2008	9	6	250	0.05238	0.1176
0180090813	2008	9	7	251	0.044807	0.11785
0180090813	2008	9	8	252	0.041156	0.1179
0180090813	2008	9	9	253	0.039209	0.11636
0180090813	2008	9	10	254	0.033891	0.11769
0180090813	2008	9	11	255	0.046449	0.11698
0180090813	2008	9	12	256	0.065083	0.11588
0180090813	2008	9	13	257	0.061892	0.11508
0180090813	2008	9	14	258	0.049599	0.11585
0180090813	2008	9	15	259	0.038955	0.11659
0180090813	2008	9	16	260	0.033822	0.11621
0180090813	2008	9	17	261	0.030723	0.11682
0180090813	2008	9	18	262	0.027752	0.11686
0180090813	2008	9	19	263	0.025504	0.11681
0180090813	2008	9	20	264	0.024175	0.1165
0180090813	2008	9	21	265	0.023215	0.11653
0180090813	2008	9	22	266	0.021937	0.11644
0180090813	2008	9	23	267	0.021363	0.11578
0180090813	2008	9	24	268	0.020447	0.11561
0180090813	2008	9	25	269	0.019711	0.11508
0180090813	2008	9	26	270	0.020304	0.11426
0180090813	2008	9	27	271	0.020257	0.11371
0180090813	2008	9	28	272	0.019717	0.1134
0180090813	2008	9	29	273	0.019225	0.11332
0180090813	2008	9	30	274	0.018683	0.11493
0180090813	2008	10	1	275	0.018794	0.11436
0180090813	2008	10	2	276	0.018114	0.11432
0180090813	2008	10	3	277	0.018211	0.11384
0180090813	2008	10	4	278	0.018285	0.11301
0180090813	2008	10	5	279	0.018609	0.11251
0180090813	2008	10	6	280	0.017876	0.11119
0180090813	2008	10	7	281	0.017431	0.11101
0180090813	2008	10	8	282	0.017362	0.11065
0180090813	2008	10	9	283	0.017481	0.11129
0180090813	2008	10	10	284	0.017697	0.11121
0180090813	2008	10	11	285	0.054213	0.11055
0180090813	2008	10	12	286	0.098331	0.10744
0180090813	2008	10	13	287	0.073775	0.10618
0180090813	2008	10	14	288	0.063221	0.106
0180090813	2008	10	15	289	0.055907	0.10646
0180090813	2008	10	16	290	0.050126	0.10737
0180090813	2008	10	17	291	0.04434	0.10836
0180090813	2008	10	18	292	0.039683	0.10892
0180090813	2008	10	19	293	0.035821	0.11005
0180090813	2008	10	20	294	0.032115	0.11038
0180090813	2008	10	21	295	0.029823	0.11042
0180090813	2008	10	22	296	0.027349	0.10979
0180090813	2008	10	23	297	0.025404	0.10881
0180090813	2008	10	24	298	0.024128	0.10857
0180090813	2008	10	25	299	0.022681	0.10841
0180090813	2008	10	26	300	0.021112	0.1087
0180090813	2008	10	27	301	0.019997	0.10904
0180090813	2008	10	28	302	0.019927	0.10819
0180090813	2008	10	29	303	0.019798	0.10819
0180090813	2008	10	30	304	0.019647	0.10858
0180090813	2008	10	31	305	0.019221	0.10847
0180090813	2008	11	1	306	0.018964	0.10768
0180090813	2008	11	2	307	0.018479	0.10763
0180090813	2008	11	3	308	0.018657	0.10748
0180090813	2008	11	4	309	0.018988	0.10744
0180090813	2008	11	5	310	0.018525	0.10627
0180090813	2008	11	6	311	0.017318	0.10441
0180090813	2008	11	7	312	0.016643	0.10352
0180090813	2008	11	8	313	0.016143	0.10284
0180090813	2008	11	9	314	0.016114	0.10343
0180090813	2008	11	10	315	0.017043	0.10365
0180090813	2008	11	11	316	0.01672	0.10278
0180090813	2008	11	12	317	0.01657	0.10224
0180090813	2008	11	13	318	0.016629	0.1023
0180090813	2008	11	14	319	0.016877	0.10252
0180090813	2008	11	15	320	0.016577	0.10287
0180090813	2008	11	16	321	0.016248	0.10182
0180090813	2008	11	17	322	0.01626	0.10163
0180090813	2008	11	18	323	0.015965	0.10166
0180090813	2008	11	19	324	0.015982	0.10166
0180090813	2008	11	20	325	0.01587	0.10196
0180090813	2008	11	21	326	0.015572	0.1019
0180090813	2008	11	22	327	0.015485	0.10056
0180090813	2008	11	23	328	0.015809	0.10121
0180090813	2008	11	24	329	0.015355	0.10092
0180090813	2008	11	25	330	0.015696	0.10065
0180090813	2008	11	26	331	0.016743	0.10162
0180090813	2008	11	27	332		0.10153
0180090813	2008	11	28	333		0.099136
0180090813	2008	11	29	334	0.10651	0.098565
0180090813	2008	11	30	335	0.091017	0.099273
0180090813	2008	12	1	336	0.08187	0.099944
0180090813	2008	12	2	337	0.07559	0.10079
0180090813	2008	12	3	338	0.07008	0.10209
0180090813	2008	12	4	339	0.064084	0.10176
0180090813	2008	12	5	340	0.061515	0.10128
0180090813	2008	12	6	341	0.058893	0.10217
0180090813	2008	12	7	342	0.055608	0.10205
0180090813	2008	12	8	343	0.054369	0.10268
0180090813	2008	12	9	344	0.052062	0.1025
0180090813	2008	12	10	345	0.049896	0.10141
0180090813	2008	12	11	346	0.048533	0.10149
0180090813	2008	12	12	347	0.047013	0.10235
0180090813	2008	12	13	348	0.045489	0.10345
0180090813	2008	12	14	349	0.044057	0.10403
0180090813	2008	12	15	350	0.042874	0.10325
0180090813	2008	12	16	351	0.041887	0.10312
0180090813	2008	12	17	352	0.041459	0.10344
0180090813	2008	12	18	353	0.050701	0.10378
0180090813	2008	12	19	354	0.061427	0.10093
0180090813	2008	12	20	355	0.0616	0.10138
0180090813	2008	12	21	356	0.057695	0.1012
0180090813	2008	12	22	357	0.055416	0.10208
0180090813	2008	12	23	358	0.051589	0.10376
0180090813	2008	12	24	359	0.050898	0.10263
0180090813	2008	12	25	360	0.050836	0.10316
0180090813	2008	12	26	361	0.054046	0.10272
0180090813	2008	12	27	362	0.060421	0.098878
0180090813	2008	12	28	363	0.054348	0.096612
0180090813	2008	12	29	364	0.061031	0.098128
0180090813	2008	12	30	365	0.062373	0.09957
0180090813	2008	12	31	366	0.061779	0.10133
0180090813	2009	1	1	1	0.058048	0.10229
0180090813	2009	1	2	2	0.054118	0.10238
0180090813	2009	1	3	3	0.051593	0.10294
0180090813	2009	1	4	4	0.048694	0.1032
0180090813	2009	1	5	5	0.047737	0.10238
0180090813	2009	1	6	6	0.047604	0.10133
0180090813	2009	1	7	7	0.046643	0.10089
0180090813	2009	1	8	8	0.045098	0.10126
0180090813	2009	1	9	9	0.043228	0.10243
0180090813	2009	1	10	10	0.040567	0.10204
0180090813	2009	1	11	11	0.038942	0.10069
0180090813	2009	1	12	12	0.037952	0.10109
0180090813	2009	1	13	13	0.036526	0.10192
0180090813	2009	1	14	14	0.035078	0.10151
0180090813	2009	1	15	15	0.033935	0.10161
0180090813	2009	1	16	16	0.032938	0.10186
0180090813	2009	1	17	17	0.032258	0.10275
0180090813	2009	1	18	18	0.031292	0.10345
0180090813	2009	1	19	19	0.030752	0.10402
0180090813	2009	1	20	20	0.029841	0.10449
0180090813	2009	1	21	21	0.029625	0.10557
0180090813	2009	1	22	22	0.029459	0.10645
0180090813	2009	1	23	23	0.035704	0.1052
0180090813	2009	1	24	24	0.05691	0.1046
0180090813	2009	1	25	25	0.058419	0.104
0180090813	2009	1	26	26	0.053759	0.10398
0180090813	2009	1	27	27	0.048649	0.10234
0180090813	2009	1	28	28	0.044606	0.10053
0180090813	2009	1	29	29	0.042281	0.10084
0180090813	2009	1	30	30	0.039341	0.1007
0180090813	2009	1	31	31	0.037115	0.10104
0180090813	2009	2	1	32	0.034812	0.1021
0180090813	2009	2	2	33	0.032543	0.10204
0180090813	2009	2	3	34	0.030744	0.10164
0180090813	2009	2	4	35	0.029335	0.10152
0180090813	2009	2	5	36	0.028528	0.10255
0180090813	2009	2	6	37	0.02778	0.10448
0180090813	2009	2	7	38	0.026454	0.10428
0180090813	2009	2	8	39	0.029969	0.10368
0180090813	2009	2	9	40	0.045635	0.10157
0180090813	2009	2	10	41	0.057237	0.10088
0180090813	2009	2	11	42	0.061653	0.09886
0180090813	2009	2	12	43	0.065453	0.10133
0180090813	2009	2	13	44	0.058167	0.10113
0180090813	2009	2	14	45	0.05368	0.10086
0180090813	2009	2	15	46	0.048988	0.10039
0180090813	2009	2	16	47	0.046487	0.10006
0180090813	2009	2	17	48	0.043597	0.10175
0180090813	2009	2	18	49	0.040513	0.10173
0180090813	2009	2	19	50	0.037831	0.10179
0180090813	2009	2	20	51	0.035633	0.10179
0180090813	2009	2	21	52	0.033331	0.10246
0180090813	2009	2	22	53	0.031239	0.10345
0180090813	2009	2	23	54	0.030003	0.10516
0180090813	2009	2	24	55	0.028419	0.1061
0180090813	2009	2	25	56	0.027581	0.10636
0180090813	2009	2	26	57	0.025904	0.10648
0180090813	2009	2	27	58	0.024309	0.10562
0180090813	2009	2	28	59	0.023026	0.10518
0180090813	2009	3	1	60	0.022187	0.10524
0180090813	2009	3	2	61	0.021341	0.10474
0180090813	2009	3	3	62	0.020732	0.10576
0180090813	2009	3	4	63	0.020069	0.10603
0180090813	2009	3	5	64	0.020125	0.10553
0180090813	2009	3	6	65	0.019763	0.10502
0180090813	2009	3	7	66	0.0196	0.10443
0180090813	2009	3	8	67	0.018161	0.10306
0180090813	2009	3	9	68	0.047156	0.10241
0180090813	2009	3	10	69	0.06583	0.10199
0180090813	2009	3	11	70	0.059014	0.10327
0180090813	2009	3	12	71	0.052507	0.10235
0180090813	2009	3	13	72	0.047286	0.10251
0180090813	2009	3	14	73	0.041609	0.10238
0180090813	2009	3	15	74	0.039195	0.10136
0180090813	2009	3	16	75	0.035676	0.10273
0180090813	2009	3	17	76	0.031821	0.10402
0180090813	2009	3	18	77	0.02837	0.10512
0180090813	2009	3	19	78	0.025637	0.1056
0180090813	2009	3	20	79	0.023743	0.10611
0180090813	2009	3	21	80	0.022738	0.10603
0180090813	2009	3	22	81	0.021899	0.10695
0180090813	2009	3	23	82	0.020272	0.10588
0180090813	2009	3	24	83	0.01879	0.10396
0180090813	2009	3	25	84	0.018429	0.10405
0180090813	2009	3	26	85	0.017636	0.10394
0180090813	2009	3	27	86	0.017335	0.10353
0180090813	2009	3	28	87	0.016617	0.10261
0180090813	2009	3	29	88	0.016544	0.10352
0180090813	2009	3	30	89	0.016786	0.10384
0180090813	2009	3	31	90	0.01679	0.10347
0180090813	2009	4	1	91	0.016231	0.10369
0180090813	2009	4	2	92	0.016465	0.10339
0180090813	2009	4	3	93	0.016657	0.10444
0180090813	2009	4	4	94	0.016883	0.1036
0180090813	2009	4	5	95	0.016256	0.10248
0180090813	2009	4	6	96	0.015933	0.10293
0180090813	2009	4	7	97	0.015806	0.10339
0180090813	2009	4	8	98	0.01597	0.10447
0180090813	2009	4	9	99	0.015546	0.10344
0180090813	2009	4	10	100	0.015364	0.1036
0180090813	2009	4	11	101	0.018533	0.10219
0180090813	2009	4	12	102	0.026359	0.099293
0180090813	2009	4	13	103	0.027672	0.10066
0180090813	2009	4	14	104	0.023509	0.10253
0180090813	2009	4	15	105	0.020071	0.10275
0180090813	2009	4	16	106	0.017824	0.10107
0180090813	2009	4	17	107	0.016563	0.10045
0180090813	2009	4	18	108	0.015985	0.10073
0180090813	2009	4	19	109	0.015786	0.10218
0180090813	2009	4	20	110	0.01541	0.10303
0180090813	2009	4	21	111	0.014944	0.10323
0180090813	2009	4	22	112	0.014782	0.10417
0180090813	2009	4	23	113	0.014607	0.10386
0180090813	2009	4	24	114	0.014356	0.10363
0180090813	2009	4	25	115	0.014481	0.10327
0180090813	2009	4	26	116	0.014301	0.10254
0180090813	2009	4	27	117	0.013831	0.10179
0180090813	2009	4	28	118	0.013903	0.10164
0180090813	2009	4	29	119	0.01403	0.10192
0180090813	2009	4	30	120	0.013808	0.10217
0180090813	2009	5	1	121	0.013621	0.10239
0180090813	2009	5	2	122	0.013922	0.10227
0180090813	2009	5	3	123	0.014443	0.10155
0180090813	2009	5	4	124	0.014286	0.10207
0180090813	2009	5	5	125	0.014215	0.10212
0180090813	2009	5	6	126	0.014277	0.10173
0180090813	2009	5	7	127	0.014125	0.10221
0180090813	2009	5	8	128	0.014031	0.10234
0180090813	2009	5	9	129	0.013937	0.10219
0180090813	2009	5	10	130	0.013667	0.10204
0180090813	2009	5	11	131	0.01338	0.10157
0180090813	2009	5	12	132	0.013255	0.10123
0180090813	2009	5	13	133	0.013408	0.10082
0180090813	2009	5	14	134	0.012566	0.10071
0180090813	2009	5	15	135		
0180090813	2009	5	16	136		
0180090813	2009	5	17	137		
0180090813	2009	5	18	138		
0180090813	2009	5	19	139		
0180090813	2009	5	20	140		
0180090813	2009	5	21	141		
0180090813	2009	5	22	142		
0180090813	2009	5	23	143		
0180090813	2009	5	24	144	0.053715	0.098221
0180090813	2009	5	25	145	0.042152	0.098342
0180090813	2009	5	26	146	0.03286	0.099093
0180090813	2009	5	27	147	0.027615	0.099355
0180090813	2009	5	28	148	0.024995	0.098702
0180090813	2009	5	29	149	0.023246	0.098866
0180090813	2009	5	30	150	0.021822	0.099612
0180090813	2009	5	31	151	0.019232	0.10044
0180090813	2009	6	1	152	0.017675	0.099977
0180090813	2009	6	2	153	0.016914	0.097808
0180090813	2009	6	3	154	0.016059	0.098071
0180090813	2009	6	4	155	0.015198	0.098293
0180090813	2009	6	5	156	0.015149	0.097777
0180090813	2009	6	6	157	0.015365	0.096579
0180090813	2009	6	7	158	0.014789	0.096545
0180090813	2009	6	8	159	0.014496	0.096408
0180090813	2009	6	9	160	0.014683	0.096472
0180090813	2009	6	10	161	0.019544	0.095261
0180090813	2009	6	11	162	0.019647	0.095268
0180090813	2009	6	12	163	0.016667	0.095476
0180090813	2009	6	13	164	0.015728	0.095961
0180090813	2009	6	14	165	0.016669	0.096143
0180090813	2009	6	15	166	0.015513	0.096193
0180090813	2009	6	16	167	0.014726	0.09624
0180090813	2009	6	17	168	0.014327	0.096057
0180090813	2009	6	18	169	0.01456	0.09578
0180090813	2009	6	19	170	0.015019	0.095686
0180090813	2009	6	20	171	0.016032	0.094383
0180090813	2009	6	21	172	0.016141	0.095123
0180090813	2009	6	22	173	0.014975	0.096083
0180090813	2009	6	23	174	0.015153	0.09658
0180090813	2009	6	24	175	0.014755	0.097608
0180090813	2009	6	25	176	0.01579	0.096821
0180090813	2009	6	26	177	0.018705	0.096554
0180090813	2009	6	27	178	0.039165	0.095808
0180090813	2009	6	28	179	0.043148	0.095525
0180090813	2009	6	29	180	0.041334	0.095789
0180090813	2009	6	30	181	0.076324	0.096304
0180090813	2009	7	1	182	0.10201	0.096363
0180090813	2009	7	2	183	0.099938	0.094982
0180090813	2009	7	3	184	0.088851	0.095494
0180090813	2009	7	4	185	0.076962	0.096565
0180090813	2009	7	5	186	0.063912	0.099004
0180090813	2009	7	6	187	0.05162	0.10012
0180090813	2009	7	7	188	0.055459	0.10051
0180090813	2009	7	8	189	0.10795	0.098583
0180090813	2009	7	9	190	0.10045	0.098939
0180090813	2009	7	10	191	0.082229	0.10139
0180090813	2009	7	11	192	0.070984	0.10151
0180090813	2009	7	12	193	0.059059	0.10201
0180090813	2009	7	13	194	0.048704	0.10279
0180090813	2009	7	14	195	0.044626	0.10354
0180090813	2009	7	15	196		0.10188
0180090813	2009	7	16	197	0.086857	0.10404
0180090813	2009	7	17	198	0.069606	0.10623
0180090813	2009	7	18	199	0.054907	0.10844
0180090813	2009	7	19	200	0.046474	0.10935
0180090813	2009	7	20	201	0.075663	0.10818
0180090813	2009	7	21	202	0.065705	0.10958
0180090813	2009	7	22	203	0.067085	0.11012
0180090813	2009	7	23	204	0.099906	0.10735
0180090813	2009	7	24	205	0.08841	0.10848
0180090813	2009	7	25	206	0.11159	0.10849
0180090813	2009	7	26	207	0.09001	0.10993
0180090813	2009	7	27	208	0.072493	0.11488
0180090813	2009	7	28	209	0.057006	0.11711
0180090813	2009	7	29	210	0.04587	0.11811
0180090813	2009	7	30	211	0.040606	0.1186
0180090813	2009	7	31	212	0.034789	0.11948
0180090813	2009	8	1	213	0.031743	0.1188
0180090813	2009	8	2	214	0.028165	0.12002
0180090813	2009	8	3	215	0.04887	0.11763
0180090813	2009	8	4	216	0.042785	0.11779
0180090813	2009	8	5	217	0.032004	0.11799
0180090813	2009	8	6	218	0.028331	0.11661
0180090813	2009	8	7	219	0.02461	0.11656
0180090813	2009	8	8	220	0.022743	0.11563
0180090813	2009	8	9	221	0.022069	0.11504
0180090813	2009	8	10	222	0.021412	0.1146
0180090813	2009	8	11	223	0.022716	0.11231
0180090813	2009	8	12	224	0.022034	0.11259
0180090813	2009	8	13	225	0.11069	0.10964
0180090813	2009	8	14	226		0.10898
0180090813	2009	8	15	227	0.095576	0.11283
0180090813	2009	8	16	228	0.079445	0.1157
0180090813	2009	8	17	229	0.066791	0.118
0180090813	2009	8	18	230	0.055218	0.11987
0180090813	2009	8	19	231	0.045344	0.12178
0180090813	2009	8	20	232	0.039726	0.12192
0180090813	2009	8	21	233	0.060276	0.12019
0180090813	2009	8	22	234	0.078512	0.11817
0180090813	2009	8	23	235	0.076559	0.11828
0180090813	2009	8	24	236	0.097267	0.11727
0180090813	2009	8	25	237	0.079211	0.11757
0180090813	2009	8	26	238	0.065067	0.11996
0180090813	2009	8	27	239	0.052369	0.12074
0180090813	2009	8	28	240	0.043201	0.12124
0180090813	2009	8	29	241	0.036461	0.12141
0180090813	2009	8	30	242	0.032199	0.12176
0180090813	2009	8	31	243	0.029541	0.12166
0180090813	2009	9	1	244	0.02777	0.12114
0180090813	2009	9	2	245	0.026745	0.12082
0180090813	2009	9	3	246	0.027279	0.11929
0180090813	2009	9	4	247	0.070039	0.11681
0180090813	2009	9	5	248	0.062937	0.11807
0180090813	2009	9	6	249	0.068338	0.1171
0180090813	2009	9	7	250	0.081483	0.11646
0180090813	2009	9	8	251	0.087923	0.11584
0180090813	2009	9	9	252	0.096635	0.11441
0180090813	2009	9	10	253	0.076646	0.11744
0180090813	2009	9	11	254	0.064887	0.1178
0180090813	2009	9	12	255	0.055666	0.11802
0180090813	2009	9	13	256	0.08692	0.11591
0180090813	2009	9	14	257	0.081123	0.1173
0180090813	2009	9	15	258	0.067501	0.11826
0180090813	2009	9	16	259	0.055402	0.11873
0180090813	2009	9	17	260	0.045559	0.119
0180090813	2009	9	18	261	0.039696	0.11874
0180090813	2009	9	19	262	0.036232	0.11849
0180090813	2009	9	20	263	0.034579	0.11807
0180090813	2009	9	21	264	0.031206	0.11836
0180090813	2009	9	22	265	0.028488	0.11821
0180090813	2009	9	23	266	0.025574	0.11743
0180090813	2009	9	24	267	0.024393	0.11657
0180090813	2009	9	25	268	0.023284	0.11654
0180090813	2009	9	26	269	0.02229	0.1165
0180090813	2009	9	27	270	0.021166	0.11633
0180090813	2009	9	28	271	0.020027	0.11596
0180090813	2009	9	29	272	0.019775	0.11533
0180090813	2009	9	30	273	0.018368	0.11534
0180090813	2009	10	1	274	0.017319	0.11526
0180090813	2009	10	2	275	0.016283	0.1139
0180090813	2009	10	3	276	0.055786	0.11248
0180090813	2009	10	4	277	0.10646	0.11001
0180090813	2009	10	5	278	0.075098	0.11112
0180090813	2009	10	6	279	0.061751	0.11221
0180090813	2009	10	7	280	0.052966	0.11344
0180090813	2009	10	8	281	0.045447	0.11298
0180090813	2009	10	9	282	0.039955	0.11167
0180090813	2009	10	10	283	0.035139	0.11274
0180090813	2009	10	11	284	0.032305	0.11298
0180090813	2009	10	12	285	0.030581	0.11387
0180090813	2009	10	13	286	0.029368	0.11495
0180090813	2009	10	14	287	0.027619	0.11513
0180090813	2009	10	15	288	0.025648	0.11579
0180090813	2009	10	16	289	0.023805	0.1164
0180090813	2009	10	17	290	0.022173	0.11674
0180090813	2009	10	18	291	0.021715	0.11722
0180090813	2009	10	19	292	0.021721	0.11589
0180090813	2009	10	20	293	0.022378	0.11387
0180090813	2009	10	21	294	0.027716	0.11319
0180090813	2009	10	22	295	0.024664	0.11264
0180090813	2009	10	23	296	0.021803	0.11235
0180090813	2009	10	24	297	0.020253	0.11212
0180090813	2009	10	25	298	0.019154	0.11181
0180090813	2009	10	26	299	0.018709	0.11162
0180090813	2009	10	27	300	0.018267	0.1113
0180090813	2009	10	28	301	0.028119	0.11107
0180090813	2009	10	29	302	0.037233	0.11006
0180090813	2009	10	30	303	0.036524	0.10949
0180090813	2009	10	31	304	0.033023	0.10959
0180090813	2009	11	1	305	0.028474	0.10973
0180090813	2009	11	2	306	0.024608	0.11003
0180090813	2009	11	3	307	0.022336	0.1101
0180090813	2009	11	4	308	0.021249	0.10999
0180090813	2009	11	5	309	0.020495	0.10979
0180090813	2009	11	6	310	0.019247	0.10981
0180090813	2009	11	7	311	0.019215	0.10957
0180090813	2009	11	8	312	0.019113	0.10932
0180090813	2009	11	9	313	0.019323	0.10906
0180090813	2009	11	10	314	0.019095	0.10881
0180090813	2009	11	11	315	0.019304	0.10849
0180090813	2009	11	12	316	0.019279	0.10827
0180090813	2009	11	13	317	0.019555	0.10804
0180090813	2009	11	14	318	0.020762	0.10778
0180090813	2009	11	15	319	0.022669	0.10737
0180090813	2009	11	16	320	0.022519	0.10702
0180090813	2009	11	17	321	0.022131	0.1066
0180090813	2009	11	18	322	0.021593	0.10647
0180090813	2009	11	19	323	0.021395	0.10645
0180090813	2009	11	20	324	0.021311	0.10641
0180090813	2009	11	21	325	0.020962	0.10623
0180090813	2009	11	22	326	0.020809	0.10606
0180090813	2009	11	23	327	0.020733	0.10597
0180090813	2009	11	24	328	0.020804	0.10587
0180090813	2009	11	25	329	0.020971	0.10565
0180090813	2009	11	26	330	0.020985	0.10544
0180090813	2009	11	27	331	0.021209	0.10528
0180090813	2009	11	28	332	0.021555	0.1053
0180090813	2009	11	29	333	0.023433	0.10505
0180090813	2009	11	30	334	0.027048	0.10493
0180090813	2009	12	1	335	0.033345	0.10435
0180090813	2009	12	2	336	0.035816	0.10428
0180090813	2009	12	3	337	0.034434	0.10436
0180090813	2009	12	4	338	0.031996	0.10436
0180090813	2009	12	5	339	0.030398	0.10413
0180090813	2009	12	6	340	0.028802	0.10416
0180090813	2009	12	7	341	0.027767	0.10441
0180090813	2009	12	8	342	0.037035	0.10443
0180090813	2009	12	9	343	0.054021	0.1042
0180090813	2009	12	10	344	0.051719	0.10425
0180090813	2009	12	11	345	0.048708	0.10423
0180090813	2009	12	12	346	0.044773	0.10436
0180090813	2009	12	13	347	0.041221	0.10448
0180090813	2009	12	14	348	0.038491	0.10461
0180090813	2009	12	15	349		
0180090813	2009	12	16	350		
0180090813	2009	12	17	351		
0180090813	2009	12	18	352		
0180090813	2009	12	19	353		
0180090813	2009	12	20	354		
0180090813	2009	12	21	355		
0180090813	2009	12	22	356		
0180090813	2009	12	23	357		
0180090813	2009	12	24	358		
0180090813	2009	12	25	359		
0180090813	2009	12	26	360		
0180090813	2009	12	27	361		
0180090813	2009	12	28	362		
0180090813	2009	12	29	363		
0180090813	2009	12	30	364		
0180090813	2009	12	31	365		
0180090813	2010	1	1	1		
0180090813	2010	1	2	2		
0180090813	2010	1	3	3		
0180090813	2010	1	4	4		
0180090813	2010	1	5	5		
0180090813	2010	1	6	6		
0180090813	2010	1	7	7		
0180090813	2010	1	8	8		
0180090813	2010	1	9	9		
0180090813	2010	1	10	10		
0180090813	2010	1	11	11		
0180090813	2010	1	12	12		
0180090813	2010	1	13	13		
0180090813	2010	1	14	14		
0180090813	2010	1	15	15		
0180090813	2010	1	16	16		
0180090813	2010	1	17	17		
0180090813	2010	1	18	18		
0180090813	2010	1	19	19		
0180090813	2010	1	20	20		
0180090813	2010	1	21	21		
0180090813	2010	1	22	22		
0180090813	2010	1	23	23		
0180090813	2010	1	24	24		
0180090813	2010	1	25	25		
0180090813	2010	1	26	26		
0180090813	2010	1	27	27		
0180090813	2010	1	28	28		
0180090813	2010	1	29	29		
0180090813	2010	1	30	30		
0180090813	2010	1	31	31		
0180090813	2010	2	1	32		
0180090813	2010	2	2	33		
0180090813	2010	2	3	34		
0180090813	2010	2	4	35		
0180090813	2010	2	5	36		
0180090813	2010	2	6	37		
0180090813	2010	2	7	38		
0180090813	2010	2	8	39		
0180090813	2010	2	9	40		
0180090813	2010	2	10	41		
0180090813	2010	2	11	42		
0180090813	2010	2	12	43		
0180090813	2010	2	13	44		
0180090813	2010	2	14	45		
0180090813	2010	2	15	46		
0180090813	2010	2	16	47		
0180090813	2010	2	17	48		
0180090813	2010	2	18	49		
0180090813	2010	2	19	50		
0180090813	2010	2	20	51		
0180090813	2010	2	21	52		
0180090813	2010	2	22	53		
0180090813	2010	2	23	54		
0180090813	2010	2	24	55		
0180090813	2010	2	25	56		
0180090813	2010	2	26	57		
0180090813	2010	2	27	58		
0180090813	2010	2	28	59		
0180090813	2010	3	1	60		
0180090813	2010	3	2	61		
0180090813	2010	3	3	62		
0180090813	2010	3	4	63		
0180090813	2010	3	5	64		
0180090813	2010	3	6	65		
0180090813	2010	3	7	66		
0180090813	2010	3	8	67		
0180090813	2010	3	9	68		
0180090813	2010	3	10	69		
0180090813	2010	3	11	70		
0180090813	2010	3	12	71		
0180090813	2010	3	13	72		
0180090813	2010	3	14	73		
0180090813	2010	3	15	74		
0180090813	2010	3	16	75		
0180090813	2010	3	17	76		
0180090813	2010	3	18	77		
0180090813	2010	3	19	78		
0180090813	2010	3	20	79		
0180090813	2010	3	21	80		
0180090813	2010	3	22	81		
0180090813	2010	3	23	82		
0180090813	2010	3	24	83		
0180090813	2010	3	25	84		
0180090813	2010	3	26	85		
0180090813	2010	3	27	86		
0180090813	2010	3	28	87		
0180090813	2010	3	29	88		
0180090813	2010	3	30	89		
0180090813	2010	3	31	90		
0180090813	2010	4	1	91		
0180090813	2010	4	2	92		
0180090813	2010	4	3	93		
0180090813	2010	4	4	94		
0180090813	2010	4	5	95		
0180090813	2010	4	6	96		
0180090813	2010	4	7	97		
0180090813	2010	4	8	98		
0180090813	2010	4	9	99		
0180090813	2010	4	10	100		
0180090813	2010	4	11	101		
0180090813	2010	4	12	102		
0180090813	2010	4	13	103		
0180090813	2010	4	14	104		
0180090813	2010	4	15	105		
0180090813	2010	4	16	106		
0180090813	2010	4	17	107		
0180090813	2010	4	18	108		
0180090813	2010	4	19	109		
0180090813	2010	4	20	110		
0180090813	2010	4	21	111		
0180090813	2010	4	22	112		
0180090813	2010	4	23	113		
0180090813	2010	4	24	114		
0180090813	2010	4	25	115		
0180090813	2010	4	26	116		
0180090813	2010	4	27	117		
0180090813	2010	4	28	118		
0180090813	2010	4	29	119		
0180090813	2010	4	30	120		
0180090813	2010	5	1	121		
0180090813	2010	5	2	122		
0180090813	2010	5	3	123		
0180090813	2010	5	4	124		
0180090813	2010	5	5	125		
0180090813	2010	5	6	126		
0180090813	2010	5	7	127		
0180090813	2010	5	8	128		
0180090813	2010	5	9	129		
0180090813	2010	5	10	130		
0180090813	2010	5	11	131		
0180090813	2010	5	12	132		
0180090813	2010	5	13	133		
0180090813	2010	5	14	134		
0180090813	2010	5	15	135		
0180090813	2010	5	16	136		
0180090813	2010	5	17	137		
0180090813	2010	5	18	138		
0180090813	2010	5	19	139		
0180090813	2010	5	20	140		
0180090813	2010	5	21	141		
0180090813	2010	5	22	142		
0180090813	2010	5	23	143		
0180090813	2010	5	24	144		
0180090813	2010	5	25	145		
0180090813	2010	5	26	146		
0180090813	2010	5	27	147		
0180090813	2010	5	28	148		
0180090813	2010	5	29	149		
0180090813	2010	5	30	150		
0180090813	2010	5	31	151		
0180090813	2010	6	1	152		
0180090813	2010	6	2	153		
0180090813	2010	6	3	154		
0180090813	2010	6	4	155		
0180090813	2010	6	5	156		
0180090813	2010	6	6	157		
0180090813	2010	6	7	158		
0180090813	2010	6	8	159		
0180090813	2010	6	9	160		
0180090813	2010	6	10	161		
0180090813	2010	6	11	162		
0180090813	2010	6	12	163		
0180090813	2010	6	13	164		
0180090813	2010	6	14	165		
0180090813	2010	6	15	166		
0180090813	2010	6	16	167		
0180090813	2010	6	17	168		
0180090813	2010	6	18	169		
0180090813	2010	6	19	170		
0180090813	2010	6	20	171		
0180090813	2010	6	21	172		
0180090813	2010	6	22	173		
0180090813	2010	6	23	174		
0180090813	2010	6	24	175		
0180090813	2010	6	25	176		
0180090813	2010	6	26	177		
0180090813	2010	6	27	178		
0180090813	2010	6	28	179		
0180090813	2010	6	29	180		
0180090813	2010	6	30	181		
0180090813	2010	7	1	182		
0180090813	2010	7	2	183		
0180090813	2010	7	3	184		
0180090813	2010	7	4	185		
0180090813	2010	7	5	186		
0180090813	2010	7	6	187		
0180090813	2010	7	7	188		
0180090813	2010	7	8	189		
0180090813	2010	7	9	190		
0180090813	2010	7	10	191		
0180090813	2010	7	11	192		
0180090813	2010	7	12	193		
0180090813	2010	7	13	194		
0180090813	2010	7	14	195		
0180090813	2010	7	15	196		
0180090813	2010	7	16	197		
0180090813	2010	7	17	198		
0180090813	2010	7	18	199		
0180090813	2010	7	19	200		
0180090813	2010	7	20	201		
0180090813	2010	7	21	202		
0180090813	2010	7	22	203		
0180090813	2010	7	23	204		
0180090813	2010	7	24	205		
0180090813	2010	7	25	206		
0180090813	2010	7	26	207		
0180090813	2010	7	27	208		
0180090813	2010	7	28	209		
0180090813	2010	7	29	210		
0180090813	2010	7	30	211		
0180090813	2010	7	31	212		
0180090813	2010	8	1	213		
0180090813	2010	8	2	214		
0180090813	2010	8	3	215		
0180090813	2010	8	4	216		
0180090813	2010	8	5	217		
0180090813	2010	8	6	218		
0180090813	2010	8	7	219		
0180090813	2010	8	8	220		
0180090813	2010	8	9	221		
0180090813	2010	8	10	222		
0180090813	2010	8	11	223		
0180090813	2010	8	12	224		
0180090813	2010	8	13	225		
0180090813	2010	8	14	226		
0180090813	2010	8	15	227		
0180090813	2010	8	16	228		
0180090813	2010	8	17	229		
0180090813	2010	8	18	230		
0180090813	2010	8	19	231		
0180090813	2010	8	20	232		
0180090813	2010	8	21	233		
0180090813	2010	8	22	234		
0180090813	2010	8	23	235		
0180090813	2010	8	24	236		
0180090813	2010	8	25	237		
0180090813	2010	8	26	238		
0180090813	2010	8	27	239		
0180090813	2010	8	28	240		
0180090813	2010	8	29	241		
0180090813	2010	8	30	242		
0180090813	2010	8	31	243		
0180090813	2010	9	1	244		
0180090813	2010	9	2	245		
0180090813	2010	9	3	246		
0180090813	2010	9	4	247		
0180090813	2010	9	5	248		
0180090813	2010	9	6	249		
0180090813	2010	9	7	250		
0180090813	2010	9	8	251		
0180090813	2010	9	9	252		
0180090813	2010	9	10	253		
0180090813	2010	9	11	254		
0180090813	2010	9	12	255		
0180090813	2010	9	13	256		
0180090813	2010	9	14	257		
0180090813	2010	9	15	258		
0180090813	2010	9	16	259		
0180090813	2010	9	17	260		
0180090813	2010	9	18	261		
0180090813	2010	9	19	262		
0180090813	2010	9	20	263		
0180090813	2010	9	21	264		
0180090813	2010	9	22	265		
0180090813	2010	9	23	266		
0180090813	2010	9	24	267		
0180090813	2010	9	25	268		
0180090813	2010	9	26	269		
0180090813	2010	9	27	270		
0180090813	2010	9	28	271		
0180090813	2010	9	29	272		
0180090813	2010	9	30	273		
0180090813	2010	10	1	274		
0180090813	2010	10	2	275		
0180090813	2010	10	3	276		
0180090813	2010	10	4	277		
0180090813	2010	10	5	278		
0180090813	2010	10	6	279		
0180090813	2010	10	7	280		
0180090813	2010	10	8	281		
0180090813	2010	10	9	282		
0180090813	2010	10	10	283		
0180090813	2010	10	11	284		
0180090813	2010	10	12	285		
0180090813	2010	10	13	286		
0180090813	2010	10	14	287		
0180090813	2010	10	15	288		
0180090813	2010	10	16	289		
0180090813	2010	10	17	290		
0180090813	2010	10	18	291		
0180090813	2010	10	19	292		
0180090813	2010	10	20	293		
0180090813	2010	10	21	294		
0180090813	2010	10	22	295		
0180090813	2010	10	23	296		
0180090813	2010	10	24	297		
0180090813	2010	10	25	298		
0180090813	2010	10	26	299		
0180090813	2010	10	27	300		
0180090813	2010	10	28	301		
0180090813	2010	10	29	302		
0180090813	2010	10	30	303		
0180090813	2010	10	31	304		
0180090813	2010	11	1	305		
0180090813	2010	11	2	306		
0180090813	2010	11	3	307		
0180090813	2010	11	4	308		
0180090813	2010	11	5	309		
0180090813	2010	11	6	310		
0180090813	2010	11	7	311		
0180090813	2010	11	8	312		
0180090813	2010	11	9	313		
0180090813	2010	11	10	314		
0180090813	2010	11	11	315		
0180090813	2010	11	12	316		
0180090813	2010	11	13	317		
0180090813	2010	11	14	318		
0180090813	2010	11	15	319		
0180090813	2010	11	16	320		
0180090813	2010	11	17	321		
0180090813	2010	11	18	322		
0180090813	2010	11	19	323		
0180090813	2010	11	20	324		
0180090813	2010	11	21	325		
0180090813	2010	11	22	326		
0180090813	2010	11	23	327		
0180090813	2010	11	24	328		
0180090813	2010	11	25	329		
0180090813	2010	11	26	330		
0180090813	2010	11	27	331		
0180090813	2010	11	28	332		
0180090813	2010	11	29	333		
0180090813	2010	11	30	334		
0180090813	2010	12	1	335		
0180090813	2010	12	2	336		
0180090813	2010	12	3	337		
0180090813	2010	12	4	338		
0180090813	2010	12	5	339		
0180090813	2010	12	6	340		
0180090813	2010	12	7	341		
0180090813	2010	12	8	342		
0180090813	2010	12	9	343		
0180090813	2010	12	10	344		
0180090813	2010	12	11	345		
0180090813	2010	12	12	346		
0180090813	2010	12	13	347		
0180090813	2010	12	14	348		
0180090813	2010	12	15	349		
0180090813	2010	12	16	350		
0180090813	2010	12	17	351		
0180090813	2010	12	18	352		
0180090813	2010	12	19	353		
0180090813	2010	12	20	354		
0180090813	2010	12	21	355		
0180090813	2010	12	22	356		
0180090813	2010	12	23	357		
0180090813	2010	12	24	358		
0180090813	2010	12	25	359		
0180090813	2010	12	26	360		
0180090813	2010	12	27	361		
0180090813	2010	12	28	362		
0180090813	2010	12	29	363		
0180090813	2010	12	30	364		
0180090813	2010	12	31	365		
0180090813	2011	1	1	1	0.099744	0.1197
0180090813	2011	1	2	2	0.093493	0.11973
0180090813	2011	1	3	3	0.094155	0.12021
0180090813	2011	1	4	4	0.085494	0.12095
0180090813	2011	1	5	5	0.08241	0.12164
0180090813	2011	1	6	6	0.081549	0.12219
0180090813	2011	1	7	7	0.076782	0.12328
0180090813	2011	1	8	8	0.070641	0.12438
0180090813	2011	1	9	9	0.066579	0.12482
0180090813	2011	1	10	10	0.06314	0.12558
0180090813	2011	1	11	11	0.05992	0.12625
0180090813	2011	1	12	12	0.057366	0.1268
0180090813	2011	1	13	13	0.054733	0.1274
0180090813	2011	1	14	14	0.052272	0.12797
0180090813	2011	1	15	15	0.050031	0.12865
0180090813	2011	1	16	16	0.048115	0.12914
0180090813	2011	1	17	17	0.046046	0.12976
0180090813	2011	1	18	18	0.043928	0.13063
0180090813	2011	1	19	19	0.041907	0.13133
0180090813	2011	1	20	20	0.0405	0.13182
0180090813	2011	1	21	21	0.040161	0.1318
0180090813	2011	1	22	22	0.038893	0.13178
0180090813	2011	1	23	23	0.03768	0.13189
0180090813	2011	1	24	24	0.037276	0.13151
0180090813	2011	1	25	25	0.03651	0.1313
0180090813	2011	1	26	26	0.036119	0.13102
0180090813	2011	1	27	27	0.035397	0.13093
0180090813	2011	1	28	28	0.034812	0.13083
0180090813	2011	1	29	29	0.033698	0.13117
0180090813	2011	1	30	30	0.032789	0.13133
0180090813	2011	1	31	31	0.032811	0.13154
0180090813	2011	2	1	32	0.0421	0.13093
0180090813	2011	2	2	33	0.043787	0.13024
0180090813	2011	2	3	34	0.04266	0.12924
0180090813	2011	2	4	35	0.042104	0.12807
0180090813	2011	2	5	36	0.039541	0.12856
0180090813	2011	2	6	37	0.03689	0.12935
0180090813	2011	2	7	38	0.034878	0.12967
0180090813	2011	2	8	39	0.032674	0.13016
0180090813	2011	2	9	40	0.031379	0.13047
0180090813	2011	2	10	41	0.030648	0.13027
0180090813	2011	2	11	42	0.030217	0.12988
0180090813	2011	2	12	43	0.029473	0.12967
0180090813	2011	2	13	44	0.028547	0.12955
0180090813	2011	2	14	45	0.027083	0.12996
0180090813	2011	2	15	46	0.025815	0.13019
0180090813	2011	2	16	47	0.024942	0.13023
0180090813	2011	2	17	48	0.024769	0.13025
0180090813	2011	2	18	49	0.02484	0.12985
0180090813	2011	2	19	50	0.027405	0.12961
0180090813	2011	2	20	51	0.027737	0.12935
0180090813	2011	2	21	52	0.027438	0.12879
0180090813	2011	2	22	53	0.025836	0.12839
0180090813	2011	2	23	54	0.024916	0.1281
0180090813	2011	2	24	55	0.025091	0.12787
0180090813	2011	2	25	56	0.024736	0.12761
0180090813	2011	2	26	57	0.023758	0.12759
0180090813	2011	2	27	58	0.041507	0.12726
0180090813	2011	2	28	59	0.079003	0.1263
0180090813	2011	3	1	60	0.073547	0.1261
0180090813	2011	3	2	61	0.063911	0.1265
0180090813	2011	3	3	62	0.054163	0.1269
0180090813	2011	3	4	63	0.046965	0.12714
0180090813	2011	3	5	64	0.041968	0.12707
0180090813	2011	3	6	65	0.038163	0.12694
0180090813	2011	3	7	66	0.03488	0.12703
0180090813	2011	3	8	67	0.032765	0.12707
0180090813	2011	3	9	68	0.030772	0.12696
0180090813	2011	3	10	69	0.028371	0.12678
0180090813	2011	3	11	70	0.026039	0.12683
0180090813	2011	3	12	71	0.02438	0.1269
0180090813	2011	3	13	72	0.023972	0.12663
0180090813	2011	3	14	73	0.022476	0.12642
0180090813	2011	3	15	74	0.021427	0.12623
0180090813	2011	3	16	75	0.020574	0.12596
0180090813	2011	3	17	76	0.019721	0.12566
0180090813	2011	3	18	77	0.019055	0.12533
0180090813	2011	3	19	78	0.018854	0.12505
0180090813	2011	3	20	79	0.018517	0.12462
0180090813	2011	3	21	80	0.018257	0.12417
0180090813	2011	3	22	81	0.021371	0.12384
0180090813	2011	3	23	82	0.021525	0.12337
0180090813	2011	3	24	83	0.019463	0.12307
0180090813	2011	3	25	84	0.018942	0.12282
0180090813	2011	3	26	85	0.018818	0.12251
0180090813	2011	3	27	86	0.018495	0.12223
0180090813	2011	3	28	87	0.017879	0.12202
0180090813	2011	3	29	88	0.017317	0.12176
0180090813	2011	3	30	89	0.016769	0.12149
0180090813	2011	3	31	90	0.016338	0.12113
0180090813	2011	4	1	91	0.015464	0.12068
0180090813	2011	4	2	92	0.014449	0.12022
0180090813	2011	4	3	93	0.01443	0.1199
0180090813	2011	4	4	94	0.014994	0.11944
0180090813	2011	4	5	95	0.014345	0.11894
0180090813	2011	4	6	96	0.014082	0.11862
0180090813	2011	4	7	97	0.016847	0.11815
0180090813	2011	4	8	98	0.016072	0.11774
0180090813	2011	4	9	99	0.016936	0.11762
0180090813	2011	4	10	100	0.034641	0.11726
0180090813	2011	4	11	101	0.038734	0.11692
0180090813	2011	4	12	102	0.029001	0.11674
0180090813	2011	4	13	103	0.022067	0.11692
0180090813	2011	4	14	104	0.019055	0.11696
0180090813	2011	4	15	105	0.017303	0.11689
0180090813	2011	4	16	106	0.015468	0.11657
0180090813	2011	4	17	107	0.013993	0.11639
0180090813	2011	4	18	108	0.013524	0.11613
0180090813	2011	4	19	109	0.013384	0.11572
0180090813	2011	4	20	110	0.013403	0.11537
0180090813	2011	4	21	111	0.012941	0.11495
0180090813	2011	4	22	112	0.012861	0.11457
0180090813	2011	4	23	113	0.012672	0.1141
0180090813	2011	4	24	114	0.012798	0.11378
0180090813	2011	4	25	115	0.01321	0.11339
0180090813	2011	4	26	116	0.0127	0.11303
0180090813	2011	4	27	117	0.012195	0.11268
0180090813	2011	4	28	118	0.011702	0.1124
0180090813	2011	4	29	119	0.011507	0.11204
0180090813	2011	4	30	120	0.011982	0.11183
0180090813	2011	5	1	121	0.012456	0.11178
0180090813	2011	5	2	122	0.012609	0.1116
0180090813	2011	5	3	123	0.012297	0.11109
0180090813	2011	5	4	124	0.011801	0.11089
0180090813	2011	5	5	125	0.011968	0.11054
0180090813	2011	5	6	126	0.011213	0.11037
0180090813	2011	5	7	127	0.010145	0.11007
0180090813	2011	5	8	128	0.010024	0.10981
0180090813	2011	5	9	129	0.010326	0.10955
0180090813	2011	5	10	130	0.011908	0.10935
0180090813	2011	5	11	131	0.012534	0.10928
0180090813	2011	5	12	132	0.011811	0.10891
0180090813	2011	5	13	133	0.010776	0.10854
0180090813	2011	5	14	134	0.009869	0.10816
0180090813	2011	5	15	135	0.009916	0.10793
0180090813	2011	5	16	136	0.0097555	0.10764
0180090813	2011	5	17	137	0.010283	0.10747
0180090813	2011	5	18	138	0.011281	0.10724
0180090813	2011	5	19	139	0.012188	0.10707
0180090813	2011	5	20	140	0.012022	0.10697
0180090813	2011	5	21	141	0.010973	0.1067
0180090813	2011	5	22	142	0.0099799	0.10639
0180090813	2011	5	23	143	0.0098116	0.10618
0180090813	2011	5	24	144	0.0099185	0.10602
0180090813	2011	5	25	145	0.0096734	0.10579
0180090813	2011	5	26	146	0.0087789	0.10543
0180090813	2011	5	27	147	0.0082557	0.10506
0180090813	2011	5	28	148	0.0080613	0.10467
0180090813	2011	5	29	149	0.0082682	0.10439
0180090813	2011	5	30	150	0.0092279	0.10422
0180090813	2011	5	31	151	0.0090151	0.10408
0180090813	2011	6	1	152	0.0084918	0.10374
0180090813	2011	6	2	153	0.008153	0.10341
0180090813	2011	6	3	154	0.007833	0.10322
0180090813	2011	6	4	155	0.0076822	0.10285
0180090813	2011	6	5	156	0.0072119	0.10254
0180090813	2011	6	6	157	0.0068779	0.10225
0180090813	2011	6	7	158	0.0073064	0.10206
0180090813	2011	6	8	159	0.0071462	0.10185
0180090813	2011	6	9	160	0.0071538	0.10168
0180090813	2011	6	10	161	0.00702	0.10145
0180090813	2011	6	11	162	0.0066702	0.10123
0180090813	2011	6	12	163	0.0065878	0.10093
0180090813	2011	6	13	164	0.0065752	0.1007
0180090813	2011	6	14	165	0.0063187	0.1005
0180090813	2011	6	15	166	0.0061633	0.10012
0180090813	2011	6	16	167	0.0058264	0.099843
0180090813	2011	6	17	168	0.0062225	0.09966
0180090813	2011	6	18	169	0.006593	0.099218
0180090813	2011	6	19	170	0.0059509	0.099119
0180090813	2011	6	20	171	0.006405	0.098882
0180090813	2011	6	21	172	0.0061036	0.098637
0180090813	2011	6	22	173	0.0052456	0.098225
0180090813	2011	6	23	174	0.0049087	0.097881
0180090813	2011	6	24	175	0.0051399	0.097589
0180090813	2011	6	25	176	0.0053081	0.097323
0180090813	2011	6	26	177	0.0047138	0.096954
0180090813	2011	6	27	178	0.0047003	0.096702
0180090813	2011	6	28	179	0.0046721	0.096441
0180090813	2011	6	29	180	0.0062411	0.096321
0180090813	2011	6	30	181	0.01577	0.095989
0180090813	2011	7	1	182	0.090486	0.097258
0180090813	2011	7	2	183	0.05623	0.097841
0180090813	2011	7	3	184	0.033498	0.099361
0180090813	2011	7	4	185	0.046975	0.10098
0180090813	2011	7	5	186	0.083678	0.10242
0180090813	2011	7	6	187	0.062239	0.10328
0180090813	2011	7	7	188	0.055154	0.10424
0180090813	2011	7	8	189	0.044703	0.10469
0180090813	2011	7	9	190	0.033969	0.10558
0180090813	2011	7	10	191	0.066427	0.11646
0180090813	2011	7	11	192	0.10964	0.19942
0180090813	2011	7	12	193	0.086216	0.18589
0180090813	2011	7	13	194	0.06538	0.17909
0180090813	2011	7	14	195	0.047656	0.17551
0180090813	2011	7	15	196	0.035545	0.17312
0180090813	2011	7	16	197	0.027295	0.17095
0180090813	2011	7	17	198	0.022734	0.16944
0180090813	2011	7	18	199	0.045643	0.17053
0180090813	2011	7	19	200	0.094985	0.18055
0180090813	2011	7	20	201	0.10856	0.19005
0180090813	2011	7	21	202	0.10707	0.19168
0180090813	2011	7	22	203	0.089687	0.19057
0180090813	2011	7	23	204	0.071739	0.18988
0180090813	2011	7	24	205		0.22465
0180090813	2011	7	25	206	0.12089	0.28556
0180090813	2011	7	26	207		0.29288
0180090813	2011	7	27	208	0.094639	0.28666
0180090813	2011	7	28	209	0.077948	0.27923
0180090813	2011	7	29	210	0.11163	0.27839
0180090813	2011	7	30	211	0.11171	0.28192
0180090813	2011	7	31	212	0.091444	0.27993
0180090813	2011	8	1	213		0.30652
0180090813	2011	8	2	214	0.10751	0.30248
0180090813	2011	8	3	215	0.088118	0.29313
0180090813	2011	8	4	216	0.074711	0.28619
0180090813	2011	8	5	217	0.06426	0.28338
0180090813	2011	8	6	218	0.061607	0.28369
0180090813	2011	8	7	219	0.055079	0.27477
0180090813	2011	8	8	220	0.054152	0.27141
0180090813	2011	8	9	221	0.05264	0.26253
0180090813	2011	8	10	222	0.11147	0.26735
0180090813	2011	8	11	223	0.096427	0.27767
0180090813	2011	8	12	224		
0180090813	2011	8	13	225		
0180090813	2011	8	14	226	0.11036	0.30708
0180090813	2011	8	15	227	0.089964	0.29961
0180090813	2011	8	16	228	0.085664	0.2969
0180090813	2011	8	17	229	0.07788	0.28722
0180090813	2011	8	18	230	0.075557	0.28764
0180090813	2011	8	19	231	0.074052	0.28857
0180090813	2011	8	20	232	0.068926	0.28165
0180090813	2011	8	21	233	0.061416	0.27684
0180090813	2011	8	22	234	0.059353	0.27167
0180090813	2011	8	23	235	0.076746	0.26861
0180090813	2011	8	24	236	0.11998	0.27735
0180090813	2011	8	25	237		0.28304
0180090813	2011	8	26	238		0.31335
0180090813	2011	8	27	239	0.11322	0.30211
0180090813	2011	8	28	240	0.092322	0.29354
0180090813	2011	8	29	241	0.07494	0.28621
0180090813	2011	8	30	242	0.061203	0.27899
0180090813	2011	8	31	243	0.053076	0.27557
0180090813	2011	9	1	244	0.078961	0.28133
0180090813	2011	9	2	245	0.087341	0.27592
0180090813	2011	9	3	246	0.07744	0.26787
0180090813	2011	9	4	247	0.061189	0.26073
0180090813	2011	9	5	248	0.092339	0.26266
0180090813	2011	9	6	249	0.091229	0.25543
0180090813	2011	9	7	250	0.076042	0.24776
0180090813	2011	9	8	251	0.063451	0.24338
0180090813	2011	9	9	252		0.30148
0180090813	2011	9	10	253		0.29749
0180090813	2011	9	11	254		0.29601
0180090813	2011	9	12	255	0.10926	0.29076
0180090813	2011	9	13	256		0.2907
0180090813	2011	9	14	257		0.29546
0180090813	2011	9	15	258		0.29764
0180090813	2011	9	16	259	0.11462	0.29385
0180090813	2011	9	17	260	0.097554	0.28838
0180090813	2011	9	18	261	0.084482	0.28221
0180090813	2011	9	19	262	0.07366	0.27429
0180090813	2011	9	20	263	0.065015	0.26578
0180090813	2011	9	21	264	0.059913	0.2593
0180090813	2011	9	22	265	0.064758	0.25132
0180090813	2011	9	23	266	0.099659	0.24892
0180090813	2011	9	24	267	0.082996	0.245
0180090813	2011	9	25	268	0.07104	0.24144
0180090813	2011	9	26	269	0.061332	0.23827
0180090813	2011	9	27	270	0.056556	0.23465
0180090813	2011	9	28	271	0.055669	0.23068
0180090813	2011	9	29	272	0.05003	0.22456
0180090813	2011	9	30	273	0.045083	0.22058
0180090813	2011	10	1	274	0.04411	0.21631
0180090813	2011	10	2	275	0.058988	0.21421
0180090813	2011	10	3	276	0.10097	0.2114
0180090813	2011	10	4	277	0.087548	0.20754
0180090813	2011	10	5	278	0.072758	0.20576
0180090813	2011	10	6	279	0.062403	0.20343
0180090813	2011	10	7	280	0.057322	0.20185
0180090813	2011	10	8	281	0.055203	0.19993
0180090813	2011	10	9	282	0.050613	0.19782
0180090813	2011	10	10	283	0.046335	0.19563
0180090813	2011	10	11	284	0.042679	0.19354
0180090813	2011	10	12	285	0.039618	0.1916
0180090813	2011	10	13	286	0.036976	0.18963
0180090813	2011	10	14	287	0.034749	0.18746
0180090813	2011	10	15	288	0.032743	0.18571
0180090813	2011	10	16	289	0.031161	0.18392
0180090813	2011	10	17	290	0.030312	0.1825
0180090813	2011	10	18	291	0.030024	0.18115
0180090813	2011	10	19	292	0.029203	0.17971
0180090813	2011	10	20	293	0.028534	0.17823
0180090813	2011	10	21	294	0.028816	0.17696
0180090813	2011	10	22	295	0.029284	0.17557
0180090813	2011	10	23	296	0.02821	0.17453
0180090813	2011	10	24	297	0.027733	0.17369
0180090813	2011	10	25	298	0.028568	0.17251
0180090813	2011	10	26	299	0.028333	0.17173
0180090813	2011	10	27	300	0.028769	0.17113
0180090813	2011	10	28	301	0.028501	0.17032
0180090813	2011	10	29	302	0.028416	0.16949
0180090813	2011	10	30	303	0.028211	0.16866
0180090813	2011	10	31	304	0.027565	0.16798
0180090813	2011	11	1	305	0.026893	0.16739
0180090813	2011	11	2	306	0.02676	0.16673
0180090813	2011	11	3	307	0.026772	0.16628
0180090813	2011	11	4	308	0.026894	0.16565
0180090813	2011	11	5	309	0.042139	0.16522
0180090813	2011	11	6	310	0.061911	0.16434
0180090813	2011	11	7	311	0.059634	0.16414
0180090813	2011	11	8	312	0.067767	0.16338
0180090813	2011	11	9	313	0.065201	0.16332
0180090813	2011	11	10	314	0.058837	0.16341
0180090813	2011	11	11	315	0.052455	0.16359
0180090813	2011	11	12	316	0.048744	0.1634
0180090813	2011	11	13	317	0.064133	0.16376
0180090813	2011	11	14	318		0.16346
0180090813	2011	11	15	319	0.11385	0.16341
0180090813	2011	11	16	320	0.098596	0.16346
0180090813	2011	11	17	321	0.088614	0.16373
0180090813	2011	11	18	322	0.080919	0.16401
0180090813	2011	11	19	323	0.073551	0.1644
0180090813	2011	11	20	324	0.068747	0.16426
0180090813	2011	11	21	325	0.064231	0.16486
0180090813	2011	11	22	326	0.061749	0.16469
0180090813	2011	11	23	327	0.059221	0.16459
0180090813	2011	11	24	328	0.056955	0.16479
0180090813	2011	11	25	329	0.097939	0.16489
0180090813	2011	11	26	330	0.10631	0.16429
0180090813	2011	11	27	331	0.093623	0.16409
0180090813	2011	11	28	332	0.084398	0.16386
0180090813	2011	11	29	333	0.077488	0.16417
0180090813	2011	11	30	334	0.071336	0.16437
0180090813	2011	12	1	335	0.065957	0.16463
0180090813	2011	12	2	336	0.07039	0.1649
0180090813	2011	12	3	337	0.079546	0.16425
0180090813	2011	12	4	338	0.088265	0.1636
0180090813	2011	12	5	339	0.082391	0.16325
0180090813	2011	12	6	340	0.078073	0.16255
0180090813	2011	12	7	341	0.07644	0.16238
0180090813	2011	12	8	342	0.075758	0.16251
0180090813	2011	12	9	343	0.074027	0.16272
0180090813	2011	12	10	344	0.069921	0.16319
0180090813	2011	12	11	345	0.065913	0.16356
0180090813	2011	12	12	346	0.091112	0.16874
0180090813	2011	12	13	347		0.21868
0180090813	2011	12	14	348		
0180090813	2011	12	15	349		
0180090813	2011	12	16	350		
0180090813	2011	12	17	351		
0180090813	2011	12	18	352	0.12087	
0180090813	2011	12	19	353		
0180090813	2011	12	20	354		
0180090813	2011	12	21	355	0.12017	
0180090813	2011	12	22	356	0.1148	
0180090813	2011	12	23	357	0.098289	
0180090813	2011	12	24	358	0.088593	
0180090813	2011	12	25	359	0.090276	
0180090813	2011	12	26	360	0.088164	0.31427
0180090813	2011	12	27	361	0.087903	0.3113
0180090813	2011	12	28	362	0.085841	0.30881
0180090813	2011	12	29	363	0.083263	0.30635
0180090813	2011	12	30	364	0.079818	0.30315
0180090813	2011	12	31	365	0.076308	0.30095
0180090813	2012	1	1	1	0.073837	0.30048
0180090813	2012	1	2	2	0.071788	0.29845
0180090813	2012	1	3	3	0.069966	0.29694
0180090813	2012	1	4	4	0.068102	0.29363
0180090813	2012	1	5	5	0.06636	0.29226
0180090813	2012	1	6	6	0.065034	0.28986
0180090813	2012	1	7	7	0.063225	0.28657
0180090813	2012	1	8	8	0.061635	0.28425
0180090813	2012	1	9	9	0.061718	0.28329
0180090813	2012	1	10	10	0.061684	0.28008
0180090813	2012	1	11	11	0.060611	0.27657
0180090813	2012	1	12	12	0.059623	0.27276
0180090813	2012	1	13	13	0.058996	0.2705
0180090813	2012	1	14	14	0.058259	0.26874
0180090813	2012	1	15	15	0.057442	0.26392
0180090813	2012	1	16	16	0.086094	0.2609
0180090813	2012	1	17	17	0.10693	0.25962
0180090813	2012	1	18	18	0.096236	0.25768
0180090813	2012	1	19	19	0.090052	0.25503
0180090813	2012	1	20	20	0.082444	0.25293
0180090813	2012	1	21	21	0.075121	0.2516
0180090813	2012	1	22	22	0.07006	0.24976
0180090813	2012	1	23	23	0.066231	0.24912
0180090813	2012	1	24	24	0.062777	0.24652
0180090813	2012	1	25	25	0.06107	0.24614
0180090813	2012	1	26	26	0.059646	0.24368
0180090813	2012	1	27	27	0.057082	0.24062
0180090813	2012	1	28	28	0.054414	0.23818
0180090813	2012	1	29	29	0.052949	0.23707
0180090813	2012	1	30	30	0.051934	0.23487
0180090813	2012	1	31	31	0.050782	0.2319
0180090813	2012	2	1	32	0.049665	0.22987
0180090813	2012	2	2	33	0.04852	0.2272
0180090813	2012	2	3	34	0.047932	0.22539
0180090813	2012	2	4	35	0.047789	0.22265
0180090813	2012	2	5	36	0.047182	0.22009
0180090813	2012	2	6	37	0.046073	0.21759
0180090813	2012	2	7	38	0.04555	0.21489
0180090813	2012	2	8	39	0.044381	0.21253
0180090813	2012	2	9	40	0.048111	0.21092
0180090813	2012	2	10	41	0.047555	0.20814
0180090813	2012	2	11	42	0.044955	0.20594
0180090813	2012	2	12	43	0.043485	0.20329
0180090813	2012	2	13	44	0.042985	0.20172
0180090813	2012	2	14	45	0.042738	0.19951
0180090813	2012	2	15	46	0.043839	0.19835
0180090813	2012	2	16	47	0.043413	0.19608
0180090813	2012	2	17	48	0.090994	0.19524
0180090813	2012	2	18	49		0.19411
0180090813	2012	2	19	50	0.10085	0.19303
0180090813	2012	2	20	51	0.090578	0.19157
0180090813	2012	2	21	52	0.08058	0.19074
0180090813	2012	2	22	53	0.072142	0.18937
0180090813	2012	2	23	54	0.064624	0.18799
0180090813	2012	2	24	55	0.058654	0.18644
0180090813	2012	2	25	56	0.053724	0.18495
0180090813	2012	2	26	57	0.049789	0.18373
0180090813	2012	2	27	58	0.046993	0.18275
0180090813	2012	2	28	59	0.046346	0.18192
0180090813	2012	2	29	60	0.044595	0.18147
0180090813	2012	3	1	61	0.042853	0.18087
0180090813	2012	3	2	62	0.040992	0.18063
0180090813	2012	3	3	63	0.039693	0.18051
0180090813	2012	3	4	64	0.037139	
0180090813	2012	3	5	65		
0180090813	2012	3	6	66		
0180090813	2012	3	7	67		
0180090813	2012	3	8	68		
0180090813	2012	3	9	69		
0180090813	2012	3	10	70		
0180090813	2012	3	11	71		
0180090813	2012	3	12	72		
0180090813	2012	3	13	73		
0180090813	2012	3	14	74		
0180090813	2012	3	15	75		
0180090813	2012	3	16	76		
0180090813	2012	3	17	77		
0180090813	2012	3	18	78		
0180090813	2012	3	19	79		
0180090813	2012	3	20	80		
0180090813	2012	3	21	81		
0180090813	2012	3	22	82		
0180090813	2012	3	23	83		
0180090813	2012	3	24	84		
0180090813	2012	3	25	85		
0180090813	2012	3	26	86		
0180090813	2012	3	27	87		
0180090813	2012	3	28	88		
0180090813	2012	3	29	89		
0180090813	2012	3	30	90		
0180090813	2012	3	31	91		
0180090813	2012	4	1	92		
0180090813	2012	4	2	93		
0180090813	2012	4	3	94		
0180090813	2012	4	4	95		
0180090813	2012	4	5	96		
0180090813	2012	4	6	97		
0180090813	2012	4	7	98		
0180090813	2012	4	8	99		
0180090813	2012	4	9	100		
0180090813	2012	4	10	101		
0180090813	2012	4	11	102		
0180090813	2012	4	12	103		
0180090813	2012	4	13	104		
0180090813	2012	4	14	105		
0180090813	2012	4	15	106		
0180090813	2012	4	16	107		
0180090813	2012	4	17	108		
0180090813	2012	4	18	109		
0180090813	2012	4	19	110		
0180090813	2012	4	20	111		
0180090813	2012	4	21	112		
0180090813	2012	4	22	113		
0180090813	2012	4	23	114		
0180090813	2012	4	24	115		
0180090813	2012	4	25	116		
0180090813	2012	4	26	117		
0180090813	2012	4	27	118		
0180090813	2012	4	28	119		
0180090813	2012	4	29	120		
0180090813	2012	4	30	121		
0180090813	2012	5	1	122		
0180090813	2012	5	2	123		
0180090813	2012	5	3	124		
0180090813	2012	5	4	125		
0180090813	2012	5	5	126		
0180090813	2012	5	6	127		
0180090813	2012	5	7	128		
0180090813	2012	5	8	129		
0180090813	2012	5	9	130		
0180090813	2012	5	10	131		
0180090813	2012	5	11	132		
0180090813	2012	5	12	133		
0180090813	2012	5	13	134		
0180090813	2012	5	14	135		
0180090813	2012	5	15	136		
0180090813	2012	5	16	137		
0180090813	2012	5	17	138		
0180090813	2012	5	18	139		
0180090813	2012	5	19	140		
0180090813	2012	5	20	141		
0180090813	2012	5	21	142		
0180090813	2012	5	22	143		
0180090813	2012	5	23	144		
0180090813	2012	5	24	145		
0180090813	2012	5	25	146		
0180090813	2012	5	26	147		
0180090813	2012	5	27	148		
0180090813	2012	5	28	149		
0180090813	2012	5	29	150		
0180090813	2012	5	30	151		
0180090813	2012	5	31	152		
0180090813	2012	6	1	153		
0180090813	2012	6	2	154		
0180090813	2012	6	3	155		
0180090813	2012	6	4	156		
0180090813	2012	6	5	157		
0180090813	2012	6	6	158		
0180090813	2012	6	7	159		
0180090813	2012	6	8	160		
0180090813	2012	6	9	161		
0180090813	2012	6	10	162		
0180090813	2012	6	11	163		
0180090813	2012	6	12	164		
0180090813	2012	6	13	165		
0180090813	2012	6	14	166		
0180090813	2012	6	15	167		
0180090813	2012	6	16	168		
0180090813	2012	6	17	169		
0180090813	2012	6	18	170		
0180090813	2012	6	19	171		
0180090813	2012	6	20	172		
0180090813	2012	6	21	173		
0180090813	2012	6	22	174		
0180090813	2012	6	23	175		
0180090813	2012	6	24	176		
0180090813	2012	6	25	177		
0180090813	2012	6	26	178		
0180090813	2012	6	27	179		
0180090813	2012	6	28	180		
0180090813	2012	6	29	181		
0180090813	2012	6	30	182		
0180090813	2012	7	1	183		
0180090813	2012	7	2	184		
0180090813	2012	7	3	185		
0180090813	2012	7	4	186		
0180090813	2012	7	5	187		
0180090813	2012	7	6	188		
0180090813	2012	7	7	189		
0180090813	2012	7	8	190		
0180090813	2012	7	9	191		
0180090813	2012	7	10	192		
0180090813	2012	7	11	193		
0180090813	2012	7	12	194		
0180090813	2012	7	13	195		
0180090813	2012	7	14	196		
0180090813	2012	7	15	197		
0180090813	2012	7	16	198		
0180090813	2012	7	17	199		
0180090813	2012	7	18	200		
0180090813	2012	7	19	201		
0180090813	2012	7	20	202		
0180090813	2012	7	21	203		
0180090813	2012	7	22	204		
0180090813	2012	7	23	205		
0180090813	2012	7	24	206		
0180090813	2012	7	25	207		
0180090813	2012	7	26	208		
0180090813	2012	7	27	209		
0180090813	2012	7	28	210		
0180090813	2012	7	29	211		
0180090813	2012	7	30	212		
0180090813	2012	7	31	213		
0180090813	2012	8	1	214		
0180090813	2012	8	2	215		
0180090813	2012	8	3	216		
0180090813	2012	8	4	217		
0180090813	2012	8	5	218		
0180090813	2012	8	6	219		
0180090813	2012	8	7	220		
0180090813	2012	8	8	221		
0180090813	2012	8	9	222		
0180090813	2012	8	10	223		
0180090813	2012	8	11	224		
0180090813	2012	8	12	225		
0180090813	2012	8	13	226		
0180090813	2012	8	14	227		
0180090813	2012	8	15	228		
0180090813	2012	8	16	229		
0180090813	2012	8	17	230		
0180090813	2012	8	18	231		
0180090813	2012	8	19	232		
0180090813	2012	8	20	233		
0180090813	2012	8	21	234		
0180090813	2012	8	22	235		
0180090813	2012	8	23	236		
0180090813	2012	8	24	237		
0180090813	2012	8	25	238		
0180090813	2012	8	26	239		
0180090813	2012	8	27	240		
0180090813	2012	8	28	241		
0180090813	2012	8	29	242		
0180090813	2012	8	30	243		
0180090813	2012	8	31	244		
0180090813	2012	9	1	245		
0180090813	2012	9	2	246		
0180090813	2012	9	3	247		
0180090813	2012	9	4	248		
0180090813	2012	9	5	249		
0180090813	2012	9	6	250		
0180090813	2012	9	7	251		
0180090813	2012	9	8	252		
0180090813	2012	9	9	253		
0180090813	2012	9	10	254		
0180090813	2012	9	11	255		
0180090813	2012	9	12	256		
0180090813	2012	9	13	257		
0180090813	2012	9	14	258		
0180090813	2012	9	15	259		
0180090813	2012	9	16	260		
0180090813	2012	9	17	261		
0180090813	2012	9	18	262		
0180090813	2012	9	19	263		
0180090813	2012	9	20	264		
0180090813	2012	9	21	265		
0180090813	2012	9	22	266		
0180090813	2012	9	23	267		
0180090813	2012	9	24	268		
0180090813	2012	9	25	269		
0180090813	2012	9	26	270		
0180090813	2012	9	27	271		
0180090813	2012	9	28	272		
0180090813	2012	9	29	273		
0180090813	2012	9	30	274		
0180090813	2012	10	1	275		
0180090813	2012	10	2	276		
0180090813	2012	10	3	277		
0180090813	2012	10	4	278		
0180090813	2012	10	5	279		
0180090813	2012	10	6	280		
0180090813	2012	10	7	281		
0180090813	2012	10	8	282		
0180090813	2012	10	9	283		
0180090813	2012	10	10	284		
0180090813	2012	10	11	285		
0180090813	2012	10	12	286		
0180090813	2012	10	13	287		
0180090813	2012	10	14	288		
0180090813	2012	10	15	289		
0180090813	2012	10	16	290		
0180090813	2012	10	17	291		
0180090813	2012	10	18	292		
0180090813	2012	10	19	293		
0180090813	2012	10	20	294		
0180090813	2012	10	21	295		
0180090813	2012	10	22	296		
0180090813	2012	10	23	297		
0180090813	2012	10	24	298		
0180090813	2012	10	25	299		
0180090813	2012	10	26	300		
0180090813	2012	10	27	301		
0180090813	2012	10	28	302		
0180090813	2012	10	29	303		
0180090813	2012	10	30	304		
0180090813	2012	10	31	305		
0180090813	2012	11	1	306		
0180090813	2012	11	2	307		
0180090813	2012	11	3	308		
0180090813	2012	11	4	309		
0180090813	2012	11	5	310		
0180090813	2012	11	6	311		
0180090813	2012	11	7	312		
0180090813	2012	11	8	313		
0180090813	2012	11	9	314		
0180090813	2012	11	10	315		
0180090813	2012	11	11	316		
0180090813	2012	11	12	317		
0180090813	2012	11	13	318		
0180090813	2012	11	14	319		
0180090813	2012	11	15	320		
0180090813	2012	11	16	321		
0180090813	2012	11	17	322		
0180090813	2012	11	18	323		
0180090813	2012	11	19	324		
0180090813	2012	11	20	325		
0180090813	2012	11	21	326		
0180090813	2012	11	22	327		
0180090813	2012	11	23	328		
0180090813	2012	11	24	329		
0180090813	2012	11	25	330		
0180090813	2012	11	26	331		
0180090813	2012	11	27	332		
0180090813	2012	11	28	333		
0180090813	2012	11	29	334		
0180090813	2012	11	30	335		
0180090813	2012	12	1	336		
0180090813	2012	12	2	337		
0180090813	2012	12	3	338		
0180090813	2012	12	4	339		
0180090813	2012	12	5	340		
0180090813	2012	12	6	341		
0180090813	2012	12	7	342		
0180090813	2012	12	8	343		
0180090813	2012	12	9	344		
0180090813	2012	12	10	345		
0180090813	2012	12	11	346		
0180090813	2012	12	12	347		
0180090813	2012	12	13	348		
0180090813	2012	12	14	349		
0180090813	2012	12	15	350		
0180090813	2012	12	16	351		
0180090813	2012	12	17	352		
0180090813	2012	12	18	353		
0180090813	2012	12	19	354		
0180090813	2012	12	20	355		
0180090813	2012	12	21	356		
0180090813	2012	12	22	357		
0180090813	2012	12	23	358		
0180090813	2012	12	24	359		
0180090813	2012	12	25	360		
0180090813	2012	12	26	361		
0180090813	2012	12	27	362		
0180090813	2012	12	28	363		
0180090813	2012	12	29	364		
0180090813	2012	12	30	365		
0180090813	2012	12	31	366		
0180090813	2013	1	1	1		
0180090813	2013	1	2	2		
0180090813	2013	1	3	3		
0180090813	2013	1	4	4		
0180090813	2013	1	5	5		
0180090813	2013	1	6	6		
0180090813	2013	1	7	7		
0180090813	2013	1	8	8		
0180090813	2013	1	9	9		
0180090813	2013	1	10	10		
0180090813	2013	1	11	11		
0180090813	2013	1	12	12		
0180090813	2013	1	13	13		
0180090813	2013	1	14	14		
0180090813	2013	1	15	15		
0180090813	2013	1	16	16		
0180090813	2013	1	17	17		
0180090813	2013	1	18	18		
0180090813	2013	1	19	19		
0180090813	2013	1	20	20		
0180090813	2013	1	21	21		
0180090813	2013	1	22	22		
0180090813	2013	1	23	23		
0180090813	2013	1	24	24		
0180090813	2013	1	25	25		
0180090813	2013	1	26	26		
0180090813	2013	1	27	27		
0180090813	2013	1	28	28		
0180090813	2013	1	29	29		
0180090813	2013	1	30	30		
0180090813	2013	1	31	31		
0180090813	2013	2	1	32		
0180090813	2013	2	2	33		
0180090813	2013	2	3	34		
0180090813	2013	2	4	35		
0180090813	2013	2	5	36		
0180090813	2013	2	6	37		
0180090813	2013	2	7	38		
0180090813	2013	2	8	39		
0180090813	2013	2	9	40		
0180090813	2013	2	10	41		
0180090813	2013	2	11	42		
0180090813	2013	2	12	43		
0180090813	2013	2	13	44		
0180090813	2013	2	14	45		
0180090813	2013	2	15	46		
0180090813	2013	2	16	47		
0180090813	2013	2	17	48		
0180090813	2013	2	18	49		
0180090813	2013	2	19	50		
0180090813	2013	2	20	51		
0180090813	2013	2	21	52		
0180090813	2013	2	22	53		
0180090813	2013	2	23	54		
0180090813	2013	2	24	55		
0180090813	2013	2	25	56		
0180090813	2013	2	26	57		
0180090813	2013	2	27	58		
0180090813	2013	2	28	59		
0180090813	2013	3	1	60		
0180090813	2013	3	2	61		
0180090813	2013	3	3	62		
0180090813	2013	3	4	63		
0180090813	2013	3	5	64		
0180090813	2013	3	6	65		
0180090813	2013	3	7	66		
0180090813	2013	3	8	67		
0180090813	2013	3	9	68		
0180090813	2013	3	10	69		
0180090813	2013	3	11	70		
0180090813	2013	3	12	71		
0180090813	2013	3	13	72		
0180090813	2013	3	14	73		
0180090813	2013	3	15	74		
0180090813	2013	3	16	75		
0180090813	2013	3	17	76		
0180090813	2013	3	18	77		
0180090813	2013	3	19	78		
0180090813	2013	3	20	79		
0180090813	2013	3	21	80		
0180090813	2013	3	22	81		
0180090813	2013	3	23	82		
0180090813	2013	3	24	83		
0180090813	2013	3	25	84		
0180090813	2013	3	26	85		
0180090813	2013	3	27	86		
0180090813	2013	3	28	87		
0180090813	2013	3	29	88		
0180090813	2013	3	30	89		
0180090813	2013	3	31	90		
0180090813	2013	4	1	91		
0180090813	2013	4	2	92		
0180090813	2013	4	3	93		
0180090813	2013	4	4	94		
0180090813	2013	4	5	95		
0180090813	2013	4	6	96		
0180090813	2013	4	7	97		
0180090813	2013	4	8	98		
0180090813	2013	4	9	99		
0180090813	2013	4	10	100		
0180090813	2013	4	11	101		
0180090813	2013	4	12	102		
0180090813	2013	4	13	103		
0180090813	2013	4	14	104		
0180090813	2013	4	15	105		
0180090813	2013	4	16	106		
0180090813	2013	4	17	107		
0180090813	2013	4	18	108		
0180090813	2013	4	19	109		
0180090813	2013	4	20	110		
0180090813	2013	4	21	111		
0180090813	2013	4	22	112		
0180090813	2013	4	23	113		
0180090813	2013	4	24	114		
0180090813	2013	4	25	115		
0180090813	2013	4	26	116		
0180090813	2013	4	27	117		
0180090813	2013	4	28	118		
0180090813	2013	4	29	119		
0180090813	2013	4	30	120		
0180090813	2013	5	1	121		
0180090813	2013	5	2	122		
0180090813	2013	5	3	123		
0180090813	2013	5	4	124		
0180090813	2013	5	5	125		
0180090813	2013	5	6	126		
0180090813	2013	5	7	127		
0180090813	2013	5	8	128		
0180090813	2013	5	9	129		
0180090813	2013	5	10	130		
0180090813	2013	5	11	131		
0180090813	2013	5	12	132		
0180090813	2013	5	13	133		
0180090813	2013	5	14	134		
0180090813	2013	5	15	135		
0180090813	2013	5	16	136		
0180090813	2013	5	17	137		
0180090813	2013	5	18	138		
0180090813	2013	5	19	139		
0180090813	2013	5	20	140		
0180090813	2013	5	21	141		
0180090813	2013	5	22	142		
0180090813	2013	5	23	143		
0180090813	2013	5	24	144		
0180090813	2013	5	25	145		
0180090813	2013	5	26	146		
0180090813	2013	5	27	147		
0180090813	2013	5	28	148		
0180090813	2013	5	29	149		
0180090813	2013	5	30	150		
0180090813	2013	5	31	151		
0180090813	2013	6	1	152		
0180090813	2013	6	2	153		
0180090813	2013	6	3	154		
0180090813	2013	6	4	155		
0180090813	2013	6	5	156		
0180090813	2013	6	6	157		
0180090813	2013	6	7	158		
0180090813	2013	6	8	159		
0180090813	2013	6	9	160		
0180090813	2013	6	10	161		
0180090813	2013	6	11	162		
0180090813	2013	6	12	163		
0180090813	2013	6	13	164		
0180090813	2013	6	14	165		
0180090813	2013	6	15	166		
0180090813	2013	6	16	167		
0180090813	2013	6	17	168		
0180090813	2013	6	18	169		
0180090813	2013	6	19	170		
0180090813	2013	6	20	171		
0180090813	2013	6	21	172		
0180090813	2013	6	22	173		
0180090813	2013	6	23	174		
0180090813	2013	6	24	175		
0180090813	2013	6	25	176		
0180090813	2013	6	26	177		
0180090813	2013	6	27	178		
0180090813	2013	6	28	179		
0180090813	2013	6	29	180		
0180090813	2013	6	30	181		
0180090813	2013	7	1	182		
0180090813	2013	7	2	183		
0180090813	2013	7	3	184		
0180090813	2013	7	4	185		
0180090813	2013	7	5	186		
0180090813	2013	7	6	187		
0180090813	2013	7	7	188		
0180090813	2013	7	8	189		
0180090813	2013	7	9	190		
0180090813	2013	7	10	191		
0180090813	2013	7	11	192		
0180090813	2013	7	12	193		
0180090813	2013	7	13	194		
0180090813	2013	7	14	195		
0180090813	2013	7	15	196		
0180090813	2013	7	16	197		
0180090813	2013	7	17	198		
0180090813	2013	7	18	199		
0180090813	2013	7	19	200		
0180090813	2013	7	20	201		
0180090813	2013	7	21	202		
0180090813	2013	7	22	203		
0180090813	2013	7	23	204		
0180090813	2013	7	24	205		
0180090813	2013	7	25	206		
0180090813	2013	7	26	207		
0180090813	2013	7	27	208		
0180090813	2013	7	28	209		
0180090813	2013	7	29	210		
0180090813	2013	7	30	211		
0180090813	2013	7	31	212		
0180090813	2013	8	1	213		
0180090813	2013	8	2	214		
0180090813	2013	8	3	215		
0180090813	2013	8	4	216		
0180090813	2013	8	5	217		
0180090813	2013	8	6	218		
0180090813	2013	8	7	219		
0180090813	2013	8	8	220		
0180090813	2013	8	9	221		
0180090813	2013	8	10	222		
0180090813	2013	8	11	223		
0180090813	2013	8	12	224		
0180090813	2013	8	13	225		
0180090813	2013	8	14	226		
0180090813	2013	8	15	227		
0180090813	2013	8	16	228		
0180090813	2013	8	17	229		
0180090813	2013	8	18	230		
0180090813	2013	8	19	231		
0180090813	2013	8	20	232		
0180090813	2013	8	21	233		
0180090813	2013	8	22	234		
0180090813	2013	8	23	235		
0180090813	2013	8	24	236		
0180090813	2013	8	25	237		
0180090813	2013	8	26	238		
0180090813	2013	8	27	239		
0180090813	2013	8	28	240		
0180090813	2013	8	29	241		
0180090813	2013	8	30	242		
0180090813	2013	8	31	243		
0180090813	2013	9	1	244		
0180090813	2013	9	2	245		
0180090813	2013	9	3	246		
0180090813	2013	9	4	247		
0180090813	2013	9	5	248		
0180090813	2013	9	6	249		
0180090813	2013	9	7	250		
0180090813	2013	9	8	251		
0180090813	2013	9	9	252		
0180090813	2013	9	10	253		
0180090813	2013	9	11	254		
0180090813	2013	9	12	255		
0180090813	2013	9	13	256		
0180090813	2013	9	14	257		
0180090813	2013	9	15	258		
0180090813	2013	9	16	259		
0180090813	2013	9	17	260		
0180090813	2013	9	18	261		
0180090813	2013	9	19	262		
0180090813	2013	9	20	263		
0180090813	2013	9	21	264		
0180090813	2013	9	22	265		
0180090813	2013	9	23	266		
0180090813	2013	9	24	267		
0180090813	2013	9	25	268		
0180090813	2013	9	26	269		
0180090813	2013	9	27	270		
0180090813	2013	9	28	271		
0180090813	2013	9	29	272		
0180090813	2013	9	30	273		
0180090813	2013	10	1	274		
0180090813	2013	10	2	275		
0180090813	2013	10	3	276		
0180090813	2013	10	4	277		
0180090813	2013	10	5	278		
0180090813	2013	10	6	279		
0180090813	2013	10	7	280		
0180090813	2013	10	8	281		
0180090813	2013	10	9	282		
0180090813	2013	10	10	283		
0180090813	2013	10	11	284		
0180090813	2013	10	12	285		
0180090813	2013	10	13	286		
0180090813	2013	10	14	287		
0180090813	2013	10	15	288		
0180090813	2013	10	16	289		
0180090813	2013	10	17	290		
0180090813	2013	10	18	291		
0180090813	2013	10	19	292		
0180090813	2013	10	20	293		
0180090813	2013	10	21	294		
0180090813	2013	10	22	295		
0180090813	2013	10	23	296		
0180090813	2013	10	24	297		
0180090813	2013	10	25	298		
0180090813	2013	10	26	299		
0180090813	2013	10	27	300		
0180090813	2013	10	28	301		
0180090813	2013	10	29	302		
0180090813	2013	10	30	303		
0180090813	2013	10	31	304		
0180090813	2013	11	1	305		
0180090813	2013	11	2	306		
0180090813	2013	11	3	307		
0180090813	2013	11	4	308		
0180090813	2013	11	5	309		
0180090813	2013	11	6	310		
0180090813	2013	11	7	311		
0180090813	2013	11	8	312		
0180090813	2013	11	9	313		
0180090813	2013	11	10	314		
0180090813	2013	11	11	315		
0180090813	2013	11	12	316		
0180090813	2013	11	13	317		
0180090813	2013	11	14	318		
0180090813	2013	11	15	319		
0180090813	2013	11	16	320		
0180090813	2013	11	17	321		
0180090813	2013	11	18	322		
0180090813	2013	11	19	323		
0180090813	2013	11	20	324		
0180090813	2013	11	21	325		
0180090813	2013	11	22	326		
0180090813	2013	11	23	327		
0180090813	2013	11	24	328		
0180090813	2013	11	25	329		
0180090813	2013	11	26	330		
0180090813	2013	11	27	331		
0180090813	2013	11	28	332		
0180090813	2013	11	29	333		
0180090813	2013	11	30	334		
0180090813	2013	12	1	335		
0180090813	2013	12	2	336		
0180090813	2013	12	3	337		
0180090813	2013	12	4	338		
0180090813	2013	12	5	339		
0180090813	2013	12	6	340		
0180090813	2013	12	7	341		
0180090813	2013	12	8	342		
0180090813	2013	12	9	343		
0180090813	2013	12	10	344		
0180090813	2013	12	11	345		
0180090813	2013	12	12	346		
0180090813	2013	12	13	347		
0180090813	2013	12	14	348		
0180090813	2013	12	15	349		
0180090813	2013	12	16	350		
0180090813	2013	12	17	351		
0180090813	2013	12	18	352		
0180090813	2013	12	19	353		
0180090813	2013	12	20	354		
0180090813	2013	12	21	355		
0180090813	2013	12	22	356		
0180090813	2013	12	23	357		
0180090813	2013	12	24	358		
0180090813	2013	12	25	359		
0180090813	2013	12	26	360		
0180090813	2013	12	27	361		
0180090813	2013	12	28	362		
0180090813	2013	12	29	363		
0180090813	2013	12	30	364		
0180090813	2013	12	31	365		
