stationID	Y	M	D	DOY	depth_10	depth_15
0180050713	2007	1	1	1		
0180050713	2007	1	2	2		
0180050713	2007	1	3	3		
0180050713	2007	1	4	4		
0180050713	2007	1	5	5		
0180050713	2007	1	6	6		
0180050713	2007	1	7	7		
0180050713	2007	1	8	8		
0180050713	2007	1	9	9		
0180050713	2007	1	10	10		
0180050713	2007	1	11	11		
0180050713	2007	1	12	12		
0180050713	2007	1	13	13		
0180050713	2007	1	14	14		
0180050713	2007	1	15	15		
0180050713	2007	1	16	16		
0180050713	2007	1	17	17		
0180050713	2007	1	18	18		
0180050713	2007	1	19	19		
0180050713	2007	1	20	20		
0180050713	2007	1	21	21		
0180050713	2007	1	22	22		
0180050713	2007	1	23	23		
0180050713	2007	1	24	24		
0180050713	2007	1	25	25		
0180050713	2007	1	26	26		
0180050713	2007	1	27	27		
0180050713	2007	1	28	28		
0180050713	2007	1	29	29		
0180050713	2007	1	30	30		
0180050713	2007	1	31	31		
0180050713	2007	2	1	32		
0180050713	2007	2	2	33		
0180050713	2007	2	3	34		
0180050713	2007	2	4	35		
0180050713	2007	2	5	36		
0180050713	2007	2	6	37		
0180050713	2007	2	7	38		
0180050713	2007	2	8	39		
0180050713	2007	2	9	40		
0180050713	2007	2	10	41		
0180050713	2007	2	11	42		
0180050713	2007	2	12	43		
0180050713	2007	2	13	44		
0180050713	2007	2	14	45		
0180050713	2007	2	15	46		
0180050713	2007	2	16	47		
0180050713	2007	2	17	48		
0180050713	2007	2	18	49		
0180050713	2007	2	19	50		
0180050713	2007	2	20	51		
0180050713	2007	2	21	52		
0180050713	2007	2	22	53		
0180050713	2007	2	23	54		
0180050713	2007	2	24	55		
0180050713	2007	2	25	56		
0180050713	2007	2	26	57		
0180050713	2007	2	27	58		
0180050713	2007	2	28	59		
0180050713	2007	3	1	60		
0180050713	2007	3	2	61		
0180050713	2007	3	3	62		
0180050713	2007	3	4	63		
0180050713	2007	3	5	64		
0180050713	2007	3	6	65		
0180050713	2007	3	7	66		
0180050713	2007	3	8	67		
0180050713	2007	3	9	68		
0180050713	2007	3	10	69		
0180050713	2007	3	11	70		
0180050713	2007	3	12	71		
0180050713	2007	3	13	72		
0180050713	2007	3	14	73		
0180050713	2007	3	15	74		
0180050713	2007	3	16	75		
0180050713	2007	3	17	76		
0180050713	2007	3	18	77		
0180050713	2007	3	19	78		
0180050713	2007	3	20	79		
0180050713	2007	3	21	80		
0180050713	2007	3	22	81		
0180050713	2007	3	23	82		
0180050713	2007	3	24	83		
0180050713	2007	3	25	84		
0180050713	2007	3	26	85		
0180050713	2007	3	27	86		
0180050713	2007	3	28	87		
0180050713	2007	3	29	88		
0180050713	2007	3	30	89		
0180050713	2007	3	31	90		
0180050713	2007	4	1	91		
0180050713	2007	4	2	92		
0180050713	2007	4	3	93		
0180050713	2007	4	4	94		
0180050713	2007	4	5	95		
0180050713	2007	4	6	96		
0180050713	2007	4	7	97		
0180050713	2007	4	8	98		
0180050713	2007	4	9	99		
0180050713	2007	4	10	100		
0180050713	2007	4	11	101		
0180050713	2007	4	12	102		
0180050713	2007	4	13	103		
0180050713	2007	4	14	104		
0180050713	2007	4	15	105		
0180050713	2007	4	16	106		
0180050713	2007	4	17	107		
0180050713	2007	4	18	108		
0180050713	2007	4	19	109		
0180050713	2007	4	20	110		
0180050713	2007	4	21	111		
0180050713	2007	4	22	112		
0180050713	2007	4	23	113		
0180050713	2007	4	24	114		
0180050713	2007	4	25	115		
0180050713	2007	4	26	116		
0180050713	2007	4	27	117		
0180050713	2007	4	28	118		
0180050713	2007	4	29	119		
0180050713	2007	4	30	120		
0180050713	2007	5	1	121		
0180050713	2007	5	2	122		
0180050713	2007	5	3	123		
0180050713	2007	5	4	124		
0180050713	2007	5	5	125		
0180050713	2007	5	6	126		
0180050713	2007	5	7	127		
0180050713	2007	5	8	128		
0180050713	2007	5	9	129		
0180050713	2007	5	10	130		
0180050713	2007	5	11	131		
0180050713	2007	5	12	132		
0180050713	2007	5	13	133		
0180050713	2007	5	14	134		
0180050713	2007	5	15	135		
0180050713	2007	5	16	136		
0180050713	2007	5	17	137		
0180050713	2007	5	18	138		
0180050713	2007	5	19	139		
0180050713	2007	5	20	140		
0180050713	2007	5	21	141		
0180050713	2007	5	22	142		
0180050713	2007	5	23	143		
0180050713	2007	5	24	144		
0180050713	2007	5	25	145		
0180050713	2007	5	26	146		
0180050713	2007	5	27	147		
0180050713	2007	5	28	148		
0180050713	2007	5	29	149		
0180050713	2007	5	30	150		
0180050713	2007	5	31	151		
0180050713	2007	6	1	152		
0180050713	2007	6	2	153		
0180050713	2007	6	3	154		
0180050713	2007	6	4	155		
0180050713	2007	6	5	156		
0180050713	2007	6	6	157		
0180050713	2007	6	7	158		
0180050713	2007	6	8	159		
0180050713	2007	6	9	160		
0180050713	2007	6	10	161		
0180050713	2007	6	11	162		
0180050713	2007	6	12	163		
0180050713	2007	6	13	164		
0180050713	2007	6	14	165		
0180050713	2007	6	15	166		
0180050713	2007	6	16	167		
0180050713	2007	6	17	168		
0180050713	2007	6	18	169		
0180050713	2007	6	19	170		
0180050713	2007	6	20	171		
0180050713	2007	6	21	172		
0180050713	2007	6	22	173		
0180050713	2007	6	23	174		
0180050713	2007	6	24	175		
0180050713	2007	6	25	176		
0180050713	2007	6	26	177		
0180050713	2007	6	27	178		
0180050713	2007	6	28	179		
0180050713	2007	6	29	180		
0180050713	2007	6	30	181		
0180050713	2007	7	1	182		
0180050713	2007	7	2	183		
0180050713	2007	7	3	184		
0180050713	2007	7	4	185		
0180050713	2007	7	5	186		
0180050713	2007	7	6	187		
0180050713	2007	7	7	188		
0180050713	2007	7	8	189		
0180050713	2007	7	9	190		
0180050713	2007	7	10	191		
0180050713	2007	7	11	192		
0180050713	2007	7	12	193		
0180050713	2007	7	13	194		
0180050713	2007	7	14	195		
0180050713	2007	7	15	196		
0180050713	2007	7	16	197		
0180050713	2007	7	17	198		
0180050713	2007	7	18	199		
0180050713	2007	7	19	200		
0180050713	2007	7	20	201		
0180050713	2007	7	21	202		
0180050713	2007	7	22	203		
0180050713	2007	7	23	204		
0180050713	2007	7	24	205		
0180050713	2007	7	25	206		
0180050713	2007	7	26	207		
0180050713	2007	7	27	208		
0180050713	2007	7	28	209		
0180050713	2007	7	29	210		
0180050713	2007	7	30	211		
0180050713	2007	7	31	212		
0180050713	2007	8	1	213		
0180050713	2007	8	2	214		
0180050713	2007	8	3	215		
0180050713	2007	8	4	216		
0180050713	2007	8	5	217		
0180050713	2007	8	6	218		
0180050713	2007	8	7	219		
0180050713	2007	8	8	220		
0180050713	2007	8	9	221		
0180050713	2007	8	10	222		
0180050713	2007	8	11	223		
0180050713	2007	8	12	224		
0180050713	2007	8	13	225		
0180050713	2007	8	14	226		
0180050713	2007	8	15	227		
0180050713	2007	8	16	228		
0180050713	2007	8	17	229		
0180050713	2007	8	18	230		
0180050713	2007	8	19	231		
0180050713	2007	8	20	232		
0180050713	2007	8	21	233		
0180050713	2007	8	22	234		
0180050713	2007	8	23	235		
0180050713	2007	8	24	236		
0180050713	2007	8	25	237		
0180050713	2007	8	26	238		
0180050713	2007	8	27	239		
0180050713	2007	8	28	240		
0180050713	2007	8	29	241		
0180050713	2007	8	30	242		
0180050713	2007	8	31	243		
0180050713	2007	9	1	244		
0180050713	2007	9	2	245		
0180050713	2007	9	3	246		
0180050713	2007	9	4	247		
0180050713	2007	9	5	248		
0180050713	2007	9	6	249		
0180050713	2007	9	7	250		
0180050713	2007	9	8	251		
0180050713	2007	9	9	252		
0180050713	2007	9	10	253		
0180050713	2007	9	11	254		
0180050713	2007	9	12	255		
0180050713	2007	9	13	256		
0180050713	2007	9	14	257		
0180050713	2007	9	15	258		
0180050713	2007	9	16	259		
0180050713	2007	9	17	260		
0180050713	2007	9	18	261		
0180050713	2007	9	19	262		
0180050713	2007	9	20	263		
0180050713	2007	9	21	264		
0180050713	2007	9	22	265		
0180050713	2007	9	23	266		
0180050713	2007	9	24	267		
0180050713	2007	9	25	268		
0180050713	2007	9	26	269		
0180050713	2007	9	27	270		
0180050713	2007	9	28	271		
0180050713	2007	9	29	272		
0180050713	2007	9	30	273		
0180050713	2007	10	1	274		
0180050713	2007	10	2	275		
0180050713	2007	10	3	276		
0180050713	2007	10	4	277		
0180050713	2007	10	5	278		
0180050713	2007	10	6	279		
0180050713	2007	10	7	280		
0180050713	2007	10	8	281		
0180050713	2007	10	9	282		
0180050713	2007	10	10	283		
0180050713	2007	10	11	284		
0180050713	2007	10	12	285		
0180050713	2007	10	13	286		
0180050713	2007	10	14	287		
0180050713	2007	10	15	288		
0180050713	2007	10	16	289		
0180050713	2007	10	17	290		
0180050713	2007	10	18	291		
0180050713	2007	10	19	292		
0180050713	2007	10	20	293		
0180050713	2007	10	21	294	0.051104	0.10375
0180050713	2007	10	22	295	0.054109	0.10577
0180050713	2007	10	23	296	0.059516	0.10566
0180050713	2007	10	24	297	0.060625	0.10475
0180050713	2007	10	25	298	0.058676	0.10465
0180050713	2007	10	26	299	0.057081	0.10473
0180050713	2007	10	27	300	0.057195	0.10459
0180050713	2007	10	28	301	0.056157	0.10451
0180050713	2007	10	29	302	0.057147	0.10444
0180050713	2007	10	30	303	0.055936	0.1053
0180050713	2007	10	31	304	0.056567	0.10643
0180050713	2007	11	1	305	0.057533	0.10718
0180050713	2007	11	2	306	0.057021	0.10772
0180050713	2007	11	3	307	0.058036	0.10829
0180050713	2007	11	4	308	0.059389	0.10836
0180050713	2007	11	5	309	0.060142	0.10816
0180050713	2007	11	6	310	0.060365	0.10788
0180050713	2007	11	7	311	0.060399	0.10756
0180050713	2007	11	8	312	0.059061	0.10725
0180050713	2007	11	9	313	0.056494	0.10698
0180050713	2007	11	10	314	0.053715	0.10722
0180050713	2007	11	11	315	0.06542	0.13186
0180050713	2007	11	12	316	0.063596	0.13193
0180050713	2007	11	13	317	0.067289	0.12982
0180050713	2007	11	14	318	0.069407	0.12838
0180050713	2007	11	15	319	0.0687	0.12661
0180050713	2007	11	16	320	0.068507	0.13076
0180050713	2007	11	17	321	0.068353	0.13108
0180050713	2007	11	18	322	0.068324	0.13142
0180050713	2007	11	19	323	0.06825	0.1329
0180050713	2007	11	20	324	0.075184	0.15601
0180050713	2007	11	21	325	0.069367	0.14635
0180050713	2007	11	22	326	0.069438	0.1433
0180050713	2007	11	23	327	0.058466	0.14025
0180050713	2007	11	24	328	0.05378	0.13727
0180050713	2007	11	25	329	0.063825	0.13766
0180050713	2007	11	26	330	0.067456	0.1388
0180050713	2007	11	27	331	0.06731	0.13865
0180050713	2007	11	28	332	0.06507	0.13769
0180050713	2007	11	29	333	0.065415	0.13686
0180050713	2007	11	30	334	0.061575	0.13639
0180050713	2007	12	1	335	0.046238	0.13441
0180050713	2007	12	2	336	0.039804	0.13092
0180050713	2007	12	3	337	0.044134	0.12732
0180050713	2007	12	4	338	0.079395	0.13878
0180050713	2007	12	5	339	0.11185	0.16747
0180050713	2007	12	6	340	0.098732	0.15934
0180050713	2007	12	7	341	0.094709	0.15741
0180050713	2007	12	8	342	0.091313	0.15711
0180050713	2007	12	9	343	0.091826	0.15655
0180050713	2007	12	10	344	0.093653	0.15586
0180050713	2007	12	11	345	0.091144	0.15531
0180050713	2007	12	12	346	0.093758	0.15464
0180050713	2007	12	13	347	0.094463	0.15425
0180050713	2007	12	14	348	0.094946	0.15399
0180050713	2007	12	15	349	0.095118	0.1537
0180050713	2007	12	16	350	0.094558	0.15376
0180050713	2007	12	17	351	0.093055	0.15371
0180050713	2007	12	18	352	0.09411	0.15395
0180050713	2007	12	19	353	0.094783	0.15458
0180050713	2007	12	20	354	0.094631	0.15519
0180050713	2007	12	21	355	0.091751	0.15583
0180050713	2007	12	22	356	0.096472	0.15628
0180050713	2007	12	23	357	0.10041	0.15666
0180050713	2007	12	24	358	0.10026	0.15703
0180050713	2007	12	25	359	0.09886	0.15765
0180050713	2007	12	26	360	0.09609	0.15812
0180050713	2007	12	27	361	0.093587	0.15847
0180050713	2007	12	28	362	0.096129	0.1586
0180050713	2007	12	29	363	0.098215	0.15856
0180050713	2007	12	30	364	0.099955	0.1585
0180050713	2007	12	31	365	0.10024	0.15846
0180050713	2008	1	1	1	0.10565	0.15855
0180050713	2008	1	2	2	0.10605	0.15876
0180050713	2008	1	3	3	0.10325	0.15896
0180050713	2008	1	4	4	0.10216	0.15944
0180050713	2008	1	5	5	0.10442	0.17021
0180050713	2008	1	6	6	0.10298	0.16897
0180050713	2008	1	7	7	0.10321	0.16788
0180050713	2008	1	8	8	0.10371	0.16711
0180050713	2008	1	9	9	0.10619	0.16673
0180050713	2008	1	10	10	0.10737	0.16638
0180050713	2008	1	11	11	0.10949	0.16633
0180050713	2008	1	12	12	0.11107	0.1665
0180050713	2008	1	13	13	0.1133	0.16641
0180050713	2008	1	14	14	0.11472	0.16629
0180050713	2008	1	15	15	0.11439	0.16613
0180050713	2008	1	16	16	0.10868	0.16601
0180050713	2008	1	17	17	0.1094	0.16597
0180050713	2008	1	18	18	0.11318	0.16588
0180050713	2008	1	19	19	0.11403	0.16578
0180050713	2008	1	20	20	0.11055	0.16567
0180050713	2008	1	21	21	0.10736	0.16562
0180050713	2008	1	22	22	0.10727	0.16555
0180050713	2008	1	23	23	0.10882	0.16547
0180050713	2008	1	24	24	0.10835	0.16544
0180050713	2008	1	25	25	0.10966	0.16537
0180050713	2008	1	26	26	0.11262	0.16524
0180050713	2008	1	27	27	0.11384	0.16518
0180050713	2008	1	28	28	0.10887	0.1652
0180050713	2008	1	29	29	0.10836	0.16518
0180050713	2008	1	30	30	0.10874	0.16522
0180050713	2008	1	31	31	0.10964	0.16586
0180050713	2008	2	1	32	0.1115	0.166
0180050713	2008	2	2	33	0.1097	0.16548
0180050713	2008	2	3	34	0.11247	0.16571
0180050713	2008	2	4	35	0.10983	0.1659
0180050713	2008	2	5	36	0.11194	0.16596
0180050713	2008	2	6	37	0.11574	0.16601
0180050713	2008	2	7	38	0.11793	0.16607
0180050713	2008	2	8	39	0.12114	0.1661
0180050713	2008	2	9	40	0.12301	0.16619
0180050713	2008	2	10	41	0.12465	0.16627
0180050713	2008	2	11	42	0.12481	0.16631
0180050713	2008	2	12	43	0.12621	0.16634
0180050713	2008	2	13	44	0.12264	0.16639
0180050713	2008	2	14	45	0.11506	0.16753
0180050713	2008	2	15	46	0.12053	0.16681
0180050713	2008	2	16	47	0.12621	0.16693
0180050713	2008	2	17	48	0.12599	0.16706
0180050713	2008	2	18	49	0.12591	0.16726
0180050713	2008	2	19	50	0.12378	0.16746
0180050713	2008	2	20	51	0.12042	0.16769
0180050713	2008	2	21	52	0.11987	0.16797
0180050713	2008	2	22	53	0.12017	0.16823
0180050713	2008	2	23	54	0.11869	0.16842
0180050713	2008	2	24	55	0.12087	0.16865
0180050713	2008	2	25	56	0.12214	0.16866
0180050713	2008	2	26	57	0.12862	0.16897
0180050713	2008	2	27	58	0.13144	0.16922
0180050713	2008	2	28	59	0.13103	0.16966
0180050713	2008	2	29	60	0.13332	0.17063
0180050713	2008	3	1	61	0.12847	0.17247
0180050713	2008	3	2	62	0.12676	0.17338
0180050713	2008	3	3	63	0.13141	0.17321
0180050713	2008	3	4	64	0.13317	0.17315
0180050713	2008	3	5	65	0.1304	0.17309
0180050713	2008	3	6	66	0.13363	0.17302
0180050713	2008	3	7	67	0.13412	0.17302
0180050713	2008	3	8	68	0.13343	0.17303
0180050713	2008	3	9	69	0.13521	0.17312
0180050713	2008	3	10	70	0.13787	0.17367
0180050713	2008	3	11	71	0.13796	0.17464
0180050713	2008	3	12	72	0.13842	0.17537
0180050713	2008	3	13	73	0.13682	0.17789
0180050713	2008	3	14	74	0.13745	0.18722
0180050713	2008	3	15	75	0.13517	0.18515
0180050713	2008	3	16	76	0.13338	0.1833
0180050713	2008	3	17	77	0.13741	0.18214
0180050713	2008	3	18	78		
0180050713	2008	3	19	79		
0180050713	2008	3	20	80		
0180050713	2008	3	21	81		
0180050713	2008	3	22	82		
0180050713	2008	3	23	83		
0180050713	2008	3	24	84	0.15421	0.1887
0180050713	2008	3	25	85	0.15003	0.18953
0180050713	2008	3	26	86	0.15031	0.19587
0180050713	2008	3	27	87	0.14811	0.19387
0180050713	2008	3	28	88	0.14877	0.19181
0180050713	2008	3	29	89	0.14819	0.19069
0180050713	2008	3	30	90	0.14585	0.18907
0180050713	2008	3	31	91	0.14531	0.18796
0180050713	2008	4	1	92	0.14877	0.18732
0180050713	2008	4	2	93	0.15025	0.18773
0180050713	2008	4	3	94	0.15388	0.19004
0180050713	2008	4	4	95	0.16153	0.20064
0180050713	2008	4	5	96	0.16175	0.20327
0180050713	2008	4	6	97	0.16524	0.20775
0180050713	2008	4	7	98	0.16527	0.20943
0180050713	2008	4	8	99	0.16491	0.2096
0180050713	2008	4	9	100	0.16037	0.20395
0180050713	2008	4	10	101	0.16388	0.19885
0180050713	2008	4	11	102	0.18107	0.21429
0180050713	2008	4	12	103	0.19519	0.22742
0180050713	2008	4	13	104	0.20312	0.23654
0180050713	2008	4	14	105	0.19755	0.2423
0180050713	2008	4	15	106	0.18098	0.23781
0180050713	2008	4	16	107	0.18524	0.23539
0180050713	2008	4	17	108	0.20181	0.244
0180050713	2008	4	18	109	0.206	
0180050713	2008	4	19	110	0.20178	
0180050713	2008	4	20	111	0.18501	
0180050713	2008	4	21	112	0.18104	0.23803
0180050713	2008	4	22	113	0.19578	
0180050713	2008	4	23	114	0.18117	0.23416
0180050713	2008	4	24	115	0.17708	0.2273
0180050713	2008	4	25	116	0.20305	
0180050713	2008	4	26	117	0.22225	
0180050713	2008	4	27	118	0.23597	
0180050713	2008	4	28	119	0.23714	
0180050713	2008	4	29	120	0.23094	
0180050713	2008	4	30	121	0.21013	
0180050713	2008	5	1	122	0.21483	
0180050713	2008	5	2	123	0.22987	
0180050713	2008	5	3	124	0.23205	
0180050713	2008	5	4	125	0.23543	
0180050713	2008	5	5	126		
0180050713	2008	5	6	127		
0180050713	2008	5	7	128		
0180050713	2008	5	8	129	0.25256	
0180050713	2008	5	9	130	0.24985	
0180050713	2008	5	10	131		
0180050713	2008	5	11	132		
0180050713	2008	5	12	133		
0180050713	2008	5	13	134		
0180050713	2008	5	14	135		
0180050713	2008	5	15	136		
0180050713	2008	5	16	137	0.2252	
0180050713	2008	5	17	138	0.20194	0.20687
0180050713	2008	5	18	139	0.1854	0.19053
0180050713	2008	5	19	140	0.17354	0.18111
0180050713	2008	5	20	141	0.16253	0.17504
0180050713	2008	5	21	142	0.15031	0.1758
0180050713	2008	5	22	143	0.14407	0.17427
0180050713	2008	5	23	144	0.14287	0.17536
0180050713	2008	5	24	145	0.15774	0.19063
0180050713	2008	5	25	146	0.19016	0.22478
0180050713	2008	5	26	147	0.21886	
0180050713	2008	5	27	148	0.21221	
0180050713	2008	5	28	149	0.21202	
0180050713	2008	5	29	150	0.19582	0.22884
0180050713	2008	5	30	151	0.19098	0.21555
0180050713	2008	5	31	152	0.17602	0.19752
0180050713	2008	6	1	153	0.16916	0.19005
0180050713	2008	6	2	154	0.16402	0.18273
0180050713	2008	6	3	155	0.15843	0.17741
0180050713	2008	6	4	156	0.15337	0.17551
0180050713	2008	6	5	157	0.1516	0.17203
0180050713	2008	6	6	158	0.14842	0.16613
0180050713	2008	6	7	159	0.1438	0.16295
0180050713	2008	6	8	160	0.14403	0.15891
0180050713	2008	6	9	161	0.14402	0.154
0180050713	2008	6	10	162	0.13797	0.14937
0180050713	2008	6	11	163	0.13042	0.14754
0180050713	2008	6	12	164	0.13036	0.14476
0180050713	2008	6	13	165	0.13016	0.14076
0180050713	2008	6	14	166	0.12656	0.13639
0180050713	2008	6	15	167	0.12167	0.13274
0180050713	2008	6	16	168	0.11741	0.12899
0180050713	2008	6	17	169	0.11232	0.12509
0180050713	2008	6	18	170	0.10698	0.12118
0180050713	2008	6	19	171	0.10237	0.11721
0180050713	2008	6	20	172	0.097473	0.11264
0180050713	2008	6	21	173	0.091615	0.10747
0180050713	2008	6	22	174	0.084507	0.10356
0180050713	2008	6	23	175	0.080876	0.099283
0180050713	2008	6	24	176	0.076189	0.094651
0180050713	2008	6	25	177	0.070287	0.090571
0180050713	2008	6	26	178	0.065806	0.08688
0180050713	2008	6	27	179	0.061808	0.0831
0180050713	2008	6	28	180	0.058251	0.079334
0180050713	2008	6	29	181	0.054029	0.075691
0180050713	2008	6	30	182	0.050079	0.072439
0180050713	2008	7	1	183	0.04707	0.069832
0180050713	2008	7	2	184	0.045411	0.067502
0180050713	2008	7	3	185	0.043113	0.065425
0180050713	2008	7	4	186	0.040059	0.063886
0180050713	2008	7	5	187	0.04016	0.063018
0180050713	2008	7	6	188	0.040896	0.06138
0180050713	2008	7	7	189	0.041603	0.060254
0180050713	2008	7	8	190	0.042818	0.059251
0180050713	2008	7	9	191	0.043027	0.057556
0180050713	2008	7	10	192	0.042683	0.056198
0180050713	2008	7	11	193	0.039812	0.054663
0180050713	2008	7	12	194	0.039941	0.054592
0180050713	2008	7	13	195	0.04062	0.054088
0180050713	2008	7	14	196	0.040521	0.053594
0180050713	2008	7	15	197	0.04028	0.053019
0180050713	2008	7	16	198	0.040337	0.052515
0180050713	2008	7	17	199	0.040203	0.052252
0180050713	2008	7	18	200	0.040518	0.05195
0180050713	2008	7	19	201	0.040675	0.051477
0180050713	2008	7	20	202	0.039442	0.050973
0180050713	2008	7	21	203	0.038082	0.050817
0180050713	2008	7	22	204	0.037097	0.050403
0180050713	2008	7	23	205	0.038293	0.049833
0180050713	2008	7	24	206	0.039006	0.049214
0180050713	2008	7	25	207	0.038907	0.048368
0180050713	2008	7	26	208	0.038688	0.047531
0180050713	2008	7	27	209	0.038163	0.046814
0180050713	2008	7	28	210	0.038136	0.046027
0180050713	2008	7	29	211	0.037832	0.045106
0180050713	2008	7	30	212	0.036968	0.044511
0180050713	2008	7	31	213	0.037646	0.04364
0180050713	2008	8	1	214	0.037664	0.042735
0180050713	2008	8	2	215	0.037845	0.041879
0180050713	2008	8	3	216	0.037632	0.04103
0180050713	2008	8	4	217	0.037889	0.040295
0180050713	2008	8	5	218	0.038276	0.039493
0180050713	2008	8	6	219	0.038059	0.038661
0180050713	2008	8	7	220	0.038164	0.038152
0180050713	2008	8	8	221	0.036462	0.037379
0180050713	2008	8	9	222	0.035228	0.037076
0180050713	2008	8	10	223	0.035505	0.036884
0180050713	2008	8	11	224	0.03787	0.036403
0180050713	2008	8	12	225	0.03822	0.035638
0180050713	2008	8	13	226	0.039486	0.034962
0180050713	2008	8	14	227	0.040323	0.034121
0180050713	2008	8	15	228	0.040329	0.033371
0180050713	2008	8	16	229	0.039752	0.03282
0180050713	2008	8	17	230	0.038441	0.032271
0180050713	2008	8	18	231	0.03511	0.032109
0180050713	2008	8	19	232	0.03246	0.032263
0180050713	2008	8	20	233	0.03369	0.032438
0180050713	2008	8	21	234	0.034738	0.032023
0180050713	2008	8	22	235	0.035077	0.031485
0180050713	2008	8	23	236	0.034662	0.031053
0180050713	2008	8	24	237	0.035972	0.030832
0180050713	2008	8	25	238	0.035336	0.030623
0180050713	2008	8	26	239	0.034206	0.030611
0180050713	2008	8	27	240	0.036518	0.030443
0180050713	2008	8	28	241	0.037849	0.030093
0180050713	2008	8	29	242	0.038234	0.029721
0180050713	2008	8	30	243	0.036555	0.029553
0180050713	2008	8	31	244	0.03164	0.029707
0180050713	2008	9	1	245	0.028358	0.030431
0180050713	2008	9	2	246	0.032262	0.030698
0180050713	2008	9	3	247	0.034373	0.030487
0180050713	2008	9	4	248	0.035518	0.030245
0180050713	2008	9	5	249	0.036194	0.029873
0180050713	2008	9	6	250	0.036964	0.02949
0180050713	2008	9	7	251	0.036368	0.02929
0180050713	2008	9	8	252	0.035545	0.029278
0180050713	2008	9	9	253	0.034022	0.029214
0180050713	2008	9	10	254	0.031585	0.029517
0180050713	2008	9	11	255	0.033622	0.029619
0180050713	2008	9	12	256	0.034334	0.02945
0180050713	2008	9	13	257	0.034631	0.029324
0180050713	2008	9	14	258	0.035775	0.029124
0180050713	2008	9	15	259	0.036303	0.028965
0180050713	2008	9	16	260	0.035304	0.028867
0180050713	2008	9	17	261	0.033469	0.029087
0180050713	2008	9	18	262	0.03228	0.028998
0180050713	2008	9	19	263	0.029976	0.029128
0180050713	2008	9	20	264	0.027659	0.029874
0180050713	2008	9	21	265	0.027933	0.030183
0180050713	2008	9	22	266	0.028327	0.030427
0180050713	2008	9	23	267	0.031829	0.030413
0180050713	2008	9	24	268	0.032281	0.030252
0180050713	2008	9	25	269	0.032208	0.030095
0180050713	2008	9	26	270	0.032374	0.03009
0180050713	2008	9	27	271	0.032895	0.030049
0180050713	2008	9	28	272	0.034314	0.029905
0180050713	2008	9	29	273	0.034196	0.029588
0180050713	2008	9	30	274	0.033035	0.02969
0180050713	2008	10	1	275	0.032638	0.029555
0180050713	2008	10	2	276	0.03021	0.029619
0180050713	2008	10	3	277	0.027206	0.030115
0180050713	2008	10	4	278	0.043223	0.031892
0180050713	2008	10	5	279	0.09438	0.034819
0180050713	2008	10	6	280	0.084244	0.035868
0180050713	2008	10	7	281	0.080353	0.036453
0180050713	2008	10	8	282	0.077409	0.037044
0180050713	2008	10	9	283	0.070959	0.037744
0180050713	2008	10	10	284	0.063205	0.038895
0180050713	2008	10	11	285	0.05929	0.040069
0180050713	2008	10	12	286	0.058391	0.040894
0180050713	2008	10	13	287	0.061508	0.041304
0180050713	2008	10	14	288	0.065612	0.041153
0180050713	2008	10	15	289	0.066784	0.041096
0180050713	2008	10	16	290	0.067133	0.041287
0180050713	2008	10	17	291	0.067566	0.041416
0180050713	2008	10	18	292	0.064445	0.041694
0180050713	2008	10	19	293	0.062542	0.042123
0180050713	2008	10	20	294	0.061853	0.042445
0180050713	2008	10	21	295	0.06195	0.042803
0180050713	2008	10	22	296	0.062205	0.04298
0180050713	2008	10	23	297	0.064221	0.043045
0180050713	2008	10	24	298	0.064044	0.043135
0180050713	2008	10	25	299	0.064643	0.043161
0180050713	2008	10	26	300	0.064587	0.043162
0180050713	2008	10	27	301	0.063846	0.043272
0180050713	2008	10	28	302	0.062519	0.043375
0180050713	2008	10	29	303	0.061249	0.04361
0180050713	2008	10	30	304	0.059992	0.043785
0180050713	2008	10	31	305	0.055983	0.04432
0180050713	2008	11	1	306	0.070171	0.046614
0180050713	2008	11	2	307	0.14432	0.057542
0180050713	2008	11	3	308	0.14917	0.063626
0180050713	2008	11	4	309	0.15753	0.066164
0180050713	2008	11	5	310	0.15303	0.068175
0180050713	2008	11	6	311	0.16409	0.069627
0180050713	2008	11	7	312	0.1887	0.070118
0180050713	2008	11	8	313	0.18234	0.060088
0180050713	2008	11	9	314	0.18738	0.063261
0180050713	2008	11	10	315	0.17851	0.065488
0180050713	2008	11	11	316	0.16674	0.066528
0180050713	2008	11	12	317	0.19605	0.069188
0180050713	2008	11	13	318	0.19376	0.072682
0180050713	2008	11	14	319	0.20826	0.078719
0180050713	2008	11	15	320	0.18064	0.077523
0180050713	2008	11	16	321	0.15779	0.077168
0180050713	2008	11	17	322	0.14743	0.077525
0180050713	2008	11	18	323	0.14293	0.078808
0180050713	2008	11	19	324	0.14063	0.080796
0180050713	2008	11	20	325	0.13878	0.082667
0180050713	2008	11	21	326	0.13792	0.084542
0180050713	2008	11	22	327	0.13767	0.086395
0180050713	2008	11	23	328	0.13686	0.087695
0180050713	2008	11	24	329	0.13605	0.08882
0180050713	2008	11	25	330	0.13474	0.08952
0180050713	2008	11	26	331	0.13313	0.089725
0180050713	2008	11	27	332	0.14199	0.091685
0180050713	2008	11	28	333	0.14427	0.092828
0180050713	2008	11	29	334	0.14205	0.093976
0180050713	2008	11	30	335	0.13947	0.094097
0180050713	2008	12	1	336	0.1376	0.094502
0180050713	2008	12	2	337	0.13641	0.094883
0180050713	2008	12	3	338	0.13632	0.095853
0180050713	2008	12	4	339	0.13591	0.096806
0180050713	2008	12	5	340	0.135	0.097228
0180050713	2008	12	6	341	0.13351	0.097606
0180050713	2008	12	7	342	0.13081	0.097803
0180050713	2008	12	8	343	0.12712	0.098582
0180050713	2008	12	9	344	0.11605	0.098867
0180050713	2008	12	10	345	0.11225	0.099021
0180050713	2008	12	11	346	0.12212	0.099111
0180050713	2008	12	12	347	0.13035	0.099361
0180050713	2008	12	13	348	0.13176	0.09962
0180050713	2008	12	14	349	0.13058	0.099943
0180050713	2008	12	15	350	0.1285	0.10013
0180050713	2008	12	16	351	0.12926	0.1006
0180050713	2008	12	17	352	0.12955	0.10063
0180050713	2008	12	18	353	0.13015	0.10087
0180050713	2008	12	19	354	0.13058	0.10109
0180050713	2008	12	20	355	0.13092	0.10135
0180050713	2008	12	21	356	0.13149	0.10166
0180050713	2008	12	22	357	0.13214	0.10181
0180050713	2008	12	23	358		
0180050713	2008	12	24	359	0.13975	0.10287
0180050713	2008	12	25	360	0.0735	0.1024
0180050713	2008	12	26	361	0.17773	
0180050713	2008	12	27	362	0.16086	0.10458
0180050713	2008	12	28	363	0.16736	0.10532
0180050713	2008	12	29	364	0.17276	0.10611
0180050713	2008	12	30	365	0.17697	0.10686
0180050713	2008	12	31	366	0.18038	0.10764
0180050713	2009	1	1	1	0.18319	0.10842
0180050713	2009	1	2	2	0.18533	0.10911
0180050713	2009	1	3	3	0.1869	0.10984
0180050713	2009	1	4	4	0.1887	0.11067
0180050713	2009	1	5	5	0.1909	0.11153
0180050713	2009	1	6	6	0.19252	0.11227
0180050713	2009	1	7	7	0.1935	0.11297
0180050713	2009	1	8	8	0.19396	0.11359
0180050713	2009	1	9	9	0.1946	0.11419
0180050713	2009	1	10	10	0.19541	0.11479
0180050713	2009	1	11	11	0.19624	0.11537
0180050713	2009	1	12	12	0.19683	0.11592
0180050713	2009	1	13	13	0.19749	0.11644
0180050713	2009	1	14	14	0.19813	0.11695
0180050713	2009	1	15	15	0.19897	0.11747
0180050713	2009	1	16	16	0.19999	0.11804
0180050713	2009	1	17	17	0.20097	0.1186
0180050713	2009	1	18	18	0.20176	0.11913
0180050713	2009	1	19	19	0.20243	0.11963
0180050713	2009	1	20	20	0.20271	0.12009
0180050713	2009	1	21	21	0.20299	0.1205
0180050713	2009	1	22	22	0.20283	0.12098
0180050713	2009	1	23	23	0.20478	0.12236
0180050713	2009	1	24	24	0.21045	0.12489
0180050713	2009	1	25	25	0.21701	0.12589
0180050713	2009	1	26	26	0.21721	0.12552
0180050713	2009	1	27	27	0.21656	0.12546
0180050713	2009	1	28	28	0.21608	0.12563
0180050713	2009	1	29	29	0.21562	0.12582
0180050713	2009	1	30	30	0.21528	0.1262
0180050713	2009	1	31	31	0.21523	0.1264
0180050713	2009	2	1	32	0.21509	0.12661
0180050713	2009	2	2	33	0.215	0.1268
0180050713	2009	2	3	34	0.21501	0.12697
0180050713	2009	2	4	35	0.21495	0.12714
0180050713	2009	2	5	36	0.21496	0.12743
0180050713	2009	2	6	37	0.21516	0.1277
0180050713	2009	2	7	38	0.21544	0.12795
0180050713	2009	2	8	39	0.21563	0.12834
0180050713	2009	2	9	40	0.21584	0.12853
0180050713	2009	2	10	41	0.21597	0.12871
0180050713	2009	2	11	42	0.21613	0.12921
0180050713	2009	2	12	43	0.21632	0.1297
0180050713	2009	2	13	44	0.21647	0.13021
0180050713	2009	2	14	45	0.21672	0.13074
0180050713	2009	2	15	46	0.21691	0.13105
0180050713	2009	2	16	47	0.217	0.13138
0180050713	2009	2	17	48	0.21718	0.1317
0180050713	2009	2	18	49	0.21727	0.13207
0180050713	2009	2	19	50	0.21734	0.13236
0180050713	2009	2	20	51	0.2173	0.13265
0180050713	2009	2	21	52	0.21715	0.13295
0180050713	2009	2	22	53	0.21663	0.13315
0180050713	2009	2	23	54	0.21584	0.13333
0180050713	2009	2	24	55	0.21731	0.13473
0180050713	2009	2	25	56	0.21926	0.13552
0180050713	2009	2	26	57	0.21958	0.1356
0180050713	2009	2	27	58	0.21958	0.13569
0180050713	2009	2	28	59	0.21951	0.1358
0180050713	2009	3	1	60	0.2196	0.136
0180050713	2009	3	2	61	0.21937	0.13614
0180050713	2009	3	3	62	0.22164	0.13817
0180050713	2009	3	4	63	0.22325	0.13853
0180050713	2009	3	5	64	0.22342	0.13848
0180050713	2009	3	6	65	0.22345	0.13848
0180050713	2009	3	7	66	0.22324	0.13848
0180050713	2009	3	8	67	0.22304	0.1385
0180050713	2009	3	9	68	0.22282	0.13856
0180050713	2009	3	10	69	0.22281	0.13861
0180050713	2009	3	11	70	0.22263	0.13866
0180050713	2009	3	12	71	0.22257	0.13877
0180050713	2009	3	13	72	0.22237	0.1389
0180050713	2009	3	14	73	0.22241	0.13908
0180050713	2009	3	15	74	0.22274	0.13943
0180050713	2009	3	16	75	0.22282	0.13964
0180050713	2009	3	17	76	0.22348	0.13996
0180050713	2009	3	18	77	0.22411	0.14039
0180050713	2009	3	19	78	0.22498	0.14106
0180050713	2009	3	20	79	0.22616	0.14199
0180050713	2009	3	21	80	0.22745	0.14289
0180050713	2009	3	22	81	0.22825	0.14313
0180050713	2009	3	23	82	0.22817	0.14307
0180050713	2009	3	24	83	0.22791	0.14303
0180050713	2009	3	25	84	0.22752	0.14299
0180050713	2009	3	26	85	0.22711	0.14292
0180050713	2009	3	27	86	0.22686	0.14292
0180050713	2009	3	28	87	0.22659	0.14295
0180050713	2009	3	29	88	0.2265	0.14311
0180050713	2009	3	30	89	0.22733	0.14385
0180050713	2009	3	31	90	0.22842	0.1445
0180050713	2009	4	1	91	0.22921	0.14501
0180050713	2009	4	2	92	0.2303	0.14586
0180050713	2009	4	3	93	0.23117	0.14636
0180050713	2009	4	4	94	0.23126	0.14635
0180050713	2009	4	5	95	0.23102	0.14629
0180050713	2009	4	6	96	0.2315	0.14699
0180050713	2009	4	7	97	0.23275	0.14798
0180050713	2009	4	8	98	0.23361	0.14847
0180050713	2009	4	9	99	0.2335	0.14825
0180050713	2009	4	10	100	0.23266	0.14776
0180050713	2009	4	11	101	0.23171	0.14741
0180050713	2009	4	12	102	0.23088	0.14718
0180050713	2009	4	13	103	0.23029	0.14734
0180050713	2009	4	14	104	0.23088	0.14795
0180050713	2009	4	15	105	0.23133	0.14818
0180050713	2009	4	16	106	0.23121	0.14812
0180050713	2009	4	17	107	0.23115	0.14839
0180050713	2009	4	18	108	0.23262	0.14976
0180050713	2009	4	19	109	0.23464	0.15106
0180050713	2009	4	20	110	0.2365	0.15226
0180050713	2009	4	21	111	0.23872	0.15362
0180050713	2009	4	22	112	0.2412	0.15508
0180050713	2009	4	23	113	0.24566	0.15674
0180050713	2009	4	24	114	0.24681	0.15722
0180050713	2009	4	25	115	0.24393	0.15588
0180050713	2009	4	26	116	0.24069	0.15617
0180050713	2009	4	27	117	0.24074	0.15702
0180050713	2009	4	28	118	0.24145	0.15819
0180050713	2009	4	29	119	0.24262	0.15895
0180050713	2009	4	30	120	0.24535	0.15991
0180050713	2009	5	1	121		0.16119
0180050713	2009	5	2	122		0.16738
0180050713	2009	5	3	123		0.16872
0180050713	2009	5	4	124		0.17084
0180050713	2009	5	5	125		0.17502
0180050713	2009	5	6	126		0.18087
0180050713	2009	5	7	127		0.18248
0180050713	2009	5	8	128		0.18243
0180050713	2009	5	9	129		0.18415
0180050713	2009	5	10	130		0.18602
0180050713	2009	5	11	131		0.18896
0180050713	2009	5	12	132		0.19186
0180050713	2009	5	13	133		0.18879
0180050713	2009	5	14	134		0.18194
0180050713	2009	5	15	135	0.23371	0.16194
0180050713	2009	5	16	136	0.19574	0.14848
0180050713	2009	5	17	137	0.17591	0.13987
0180050713	2009	5	18	138	0.1642	0.13376
0180050713	2009	5	19	139	0.15755	0.13011
0180050713	2009	5	20	140	0.15544	0.12882
0180050713	2009	5	21	141	0.15174	0.12712
0180050713	2009	5	22	142	0.1477	0.1248
0180050713	2009	5	23	143	0.14448	0.12284
0180050713	2009	5	24	144	0.14294	0.12172
0180050713	2009	5	25	145	0.14168	0.12094
0180050713	2009	5	26	146	0.13859	0.11917
0180050713	2009	5	27	147	0.13744	0.11809
0180050713	2009	5	28	148	0.1398	0.11927
0180050713	2009	5	29	149	0.13997	0.11923
0180050713	2009	5	30	150	0.13764	0.11745
0180050713	2009	5	31	151	0.1399	0.11899
0180050713	2009	6	1	152	0.13869	0.11765
0180050713	2009	6	2	153	0.13804	0.11719
0180050713	2009	6	3	154	0.1382	0.11763
0180050713	2009	6	4	155	0.13841	0.11725
0180050713	2009	6	5	156	0.1437	0.1204
0180050713	2009	6	6	157	0.14896	0.12424
0180050713	2009	6	7	158	0.15021	0.12585
0180050713	2009	6	8	159	0.1471	0.12393
0180050713	2009	6	9	160	0.14292	0.12115
0180050713	2009	6	10	161	0.14022	0.11964
0180050713	2009	6	11	162	0.13855	0.11854
0180050713	2009	6	12	163	0.1373	0.1179
0180050713	2009	6	13	164	0.13646	0.11722
0180050713	2009	6	14	165	0.13908	0.11855
0180050713	2009	6	15	166	0.13876	0.11845
0180050713	2009	6	16	167	0.13474	0.11602
0180050713	2009	6	17	168	0.13328	0.11505
0180050713	2009	6	18	169	0.12906	0.11235
0180050713	2009	6	19	170	0.12612	0.10992
0180050713	2009	6	20	171	0.12611	0.10962
0180050713	2009	6	21	172	0.12603	0.10946
0180050713	2009	6	22	173	0.12538	0.109
0180050713	2009	6	23	174	0.12217	0.10705
0180050713	2009	6	24	175	0.11905	0.10473
0180050713	2009	6	25	176	0.11703	0.10286
0180050713	2009	6	26	177	0.11554	0.10176
0180050713	2009	6	27	178	0.11346	0.10029
0180050713	2009	6	28	179	0.11096	0.0983
0180050713	2009	6	29	180	0.10925	0.09685
0180050713	2009	6	30	181	0.10798	0.095751
0180050713	2009	7	1	182	0.10754	0.095423
0180050713	2009	7	2	183	0.10559	0.093873
0180050713	2009	7	3	184	0.10469	0.093058
0180050713	2009	7	4	185	0.10379	0.09225
0180050713	2009	7	5	186	0.10261	0.091285
0180050713	2009	7	6	187	0.10172	0.090502
0180050713	2009	7	7	188	0.10132	0.090069
0180050713	2009	7	8	189	0.10053	0.089508
0180050713	2009	7	9	190	0.099518	0.088726
0180050713	2009	7	10	191	0.098145	0.087712
0180050713	2009	7	11	192	0.096629	0.086578
0180050713	2009	7	12	193	0.096466	0.086284
0180050713	2009	7	13	194	0.097216	0.087143
0180050713	2009	7	14	195	0.094205	0.084691
0180050713	2009	7	15	196	0.091908	0.08282
0180050713	2009	7	16	197	0.089929	0.081502
0180050713	2009	7	17	198	0.088013	0.080323
0180050713	2009	7	18	199	0.085532	0.078999
0180050713	2009	7	19	200	0.082991	0.077706
0180050713	2009	7	20	201	0.080467	0.076682
0180050713	2009	7	21	202	0.078275	0.076048
0180050713	2009	7	22	203	0.075792	0.07533
0180050713	2009	7	23	204	0.072516	0.074218
0180050713	2009	7	24	205	0.069091	0.073168
0180050713	2009	7	25	206	0.065964	0.072338
0180050713	2009	7	26	207	0.062521	0.071396
0180050713	2009	7	27	208	0.05829	0.070001
0180050713	2009	7	28	209	0.053461	0.068711
0180050713	2009	7	29	210	0.048664	0.067471
0180050713	2009	7	30	211	0.044009	0.066399
0180050713	2009	7	31	212	0.040159	0.065347
0180050713	2009	8	1	213	0.03617	0.064109
0180050713	2009	8	2	214	0.032887	0.062932
0180050713	2009	8	3	215	0.031149	0.062075
0180050713	2009	8	4	216	0.029401	0.061097
0180050713	2009	8	5	217	0.028206	0.06017
0180050713	2009	8	6	218	0.028207	0.059643
0180050713	2009	8	7	219	0.03205	0.06092
0180050713	2009	8	8	220	0.032382	0.060479
0180050713	2009	8	9	221	0.030169	0.058644
0180050713	2009	8	10	222	0.027804	0.057009
0180050713	2009	8	11	223	0.02555	0.055554
0180050713	2009	8	12	224	0.024191	0.054501
0180050713	2009	8	13	225	0.022828	0.053339
0180050713	2009	8	14	226	0.021774	0.05232
0180050713	2009	8	15	227	0.021578	0.051726
0180050713	2009	8	16	228	0.0079903	0.049945
0180050713	2009	8	17	229	0.005521	0.048446
0180050713	2009	8	18	230	0.0049266	0.047289
0180050713	2009	8	19	231	0.0038174	0.046038
0180050713	2009	8	20	232	0.0027115	0.044698
0180050713	2009	8	21	233	0.0022439	0.043567
0180050713	2009	8	22	234	0.0023054	0.042481
0180050713	2009	8	23	235	0.0018274	0.041367
0180050713	2009	8	24	236	0.0024712	0.041193
0180050713	2009	8	25	237	0.0023855	0.04049
0180050713	2009	8	26	238	0.0023724	0.039753
0180050713	2009	8	27	239	0.0023351	0.038887
0180050713	2009	8	28	240	0.0021472	0.037918
0180050713	2009	8	29	241	0.0020952	0.036974
0180050713	2009	8	30	242	0.0016898	0.035796
0180050713	2009	8	31	243	0.0018831	0.035092
0180050713	2009	9	1	244	0.0020646	0.034501
0180050713	2009	9	2	245	0.0020504	0.033804
0180050713	2009	9	3	246	0.0019408	0.032912
0180050713	2009	9	4	247	0.0019479	0.032184
0180050713	2009	9	5	248	0.0019966	0.031634
0180050713	2009	9	6	249	0.0021928	0.031323
0180050713	2009	9	7	250	0.002585	0.031321
0180050713	2009	9	8	251	0.0024096	0.030968
0180050713	2009	9	9	252	0.0022103	0.030198
0180050713	2009	9	10	253	0.0021293	0.029329
0180050713	2009	9	11	254	0.0017815	0.028371
0180050713	2009	9	12	255	0.001082	0.027251
0180050713	2009	9	13	256	0.0020416	0.027325
0180050713	2009	9	14	257	0.0029193	0.027632
0180050713	2009	9	15	258		0.028207
0180050713	2009	9	16	259	0.002696	0.027386
0180050713	2009	9	17	260	0.0023707	0.026686
0180050713	2009	9	18	261	0.0020697	0.026076
0180050713	2009	9	19	262	0.0017596	0.025273
0180050713	2009	9	20	263	0.0021327	0.02505
0180050713	2009	9	21	264	0.0019391	0.024598
0180050713	2009	9	22	265	0.0020885	0.024381
0180050713	2009	9	23	266	0.0019659	0.023809
0180050713	2009	9	24	267	0.0017916	0.023141
0180050713	2009	9	25	268	0.0014485	0.02263
0180050713	2009	9	26	269	0.0014716	0.022125
0180050713	2009	9	27	270	0.0013275	0.021634
0180050713	2009	9	28	271	0.0012018	0.021196
0180050713	2009	9	29	272	0.0020406	0.021334
0180050713	2009	9	30	273	0.0038236	0.022587
0180050713	2009	10	1	274	0.0043107	0.023161
0180050713	2009	10	2	275	0.0039026	0.022951
0180050713	2009	10	3	276	0.0038725	0.02281
0180050713	2009	10	4	277	0.0051148	0.023248
0180050713	2009	10	5	278	0.0074461	0.024445
0180050713	2009	10	6	279	0.0091531	0.025085
0180050713	2009	10	7	280	0.0087326	0.024979
0180050713	2009	10	8	281	0.0097994	0.024762
0180050713	2009	10	9	282	0.017152	0.024578
0180050713	2009	10	10	283	0.016742	0.024353
0180050713	2009	10	11	284	0.017532	0.024369
0180050713	2009	10	12	285	0.018052	
0180050713	2009	10	13	286	0.027838	0.036732
0180050713	2009	10	14	287	0.045875	0.067468
0180050713	2009	10	15	288	0.042376	0.066616
0180050713	2009	10	16	289	0.04197	0.066282
0180050713	2009	10	17	290	0.038878	0.065236
0180050713	2009	10	18	291	0.037883	0.065128
0180050713	2009	10	19	292	0.038748	0.066037
0180050713	2009	10	20	293	0.053749	0.082698
0180050713	2009	10	21	294	0.051664	0.084745
0180050713	2009	10	22	295	0.047695	0.081114
0180050713	2009	10	23	296	0.04623	0.08004
0180050713	2009	10	24	297	0.045492	0.0795
0180050713	2009	10	25	298	0.045572	0.079507
0180050713	2009	10	26	299	0.045826	0.079691
0180050713	2009	10	27	300	0.045936	0.079632
0180050713	2009	10	28	301	0.048331	0.080897
0180050713	2009	10	29	302	0.049611	0.081686
0180050713	2009	10	30	303	0.048633	0.080548
0180050713	2009	10	31	304	0.048025	0.077445
0180050713	2009	11	1	305	0.047877	0.077057
0180050713	2009	11	2	306	0.047997	0.076408
0180050713	2009	11	3	307	0.048223	0.076212
0180050713	2009	11	4	308	0.048212	0.075946
0180050713	2009	11	5	309	0.048682	0.076065
0180050713	2009	11	6	310	0.049273	0.076293
0180050713	2009	11	7	311	0.049789	0.076473
0180050713	2009	11	8	312	0.051496	0.077582
0180050713	2009	11	9	313	0.053206	0.078614
0180050713	2009	11	10	314	0.052806	0.079026
0180050713	2009	11	11	315	0.052256	0.078311
0180050713	2009	11	12	316	0.052831	0.078357
0180050713	2009	11	13	317	0.054009	0.078715
0180050713	2009	11	14	318	0.054733	0.079014
0180050713	2009	11	15	319	0.055375	0.079416
0180050713	2009	11	16	320	0.055832	0.079708
0180050713	2009	11	17	321	0.056083	0.079666
0180050713	2009	11	18	322	0.056201	0.079617
0180050713	2009	11	19	323	0.05625	0.079153
0180050713	2009	11	20	324	0.056592	0.079329
0180050713	2009	11	21	325	0.056884	0.079038
0180050713	2009	11	22	326	0.057284	0.079259
0180050713	2009	11	23	327	0.057465	0.078854
0180050713	2009	11	24	328	0.057593	0.078852
0180050713	2009	11	25	329	0.057766	0.078847
0180050713	2009	11	26	330	0.05793	0.078873
0180050713	2009	11	27	331	0.058117	0.078849
0180050713	2009	11	28	332	0.058281	0.078812
0180050713	2009	11	29	333	0.058449	0.078772
0180050713	2009	11	30	334	0.058664	0.07877
0180050713	2009	12	1	335	0.058932	0.078802
0180050713	2009	12	2	336	0.059351	0.078905
0180050713	2009	12	3	337	0.059749	0.07903
0180050713	2009	12	4	338	0.060087	0.079162
0180050713	2009	12	5	339	0.060173	0.079061
0180050713	2009	12	6	340	0.060558	0.079265
0180050713	2009	12	7	341	0.060749	0.079227
0180050713	2009	12	8	342	0.060425	0.078942
0180050713	2009	12	9	343	0.060459	0.078694
0180050713	2009	12	10	344	0.06074	0.078546
0180050713	2009	12	11	345	0.060917	0.078396
0180050713	2009	12	12	346	0.06102	0.07945
0180050713	2009	12	13	347		
0180050713	2009	12	14	348		
0180050713	2009	12	15	349	0.062552	0.079087
0180050713	2009	12	16	350	0.062724	0.078323
0180050713	2009	12	17	351	0.062906	0.078276
0180050713	2009	12	18	352	0.063064	0.078267
0180050713	2009	12	19	353	0.063277	0.078266
0180050713	2009	12	20	354	0.063339	0.078299
0180050713	2009	12	21	355	0.063455	0.078423
0180050713	2009	12	22	356	0.063636	0.07845
0180050713	2009	12	23	357	0.063947	0.078632
0180050713	2009	12	24	358	0.064701	0.078998
0180050713	2009	12	25	359	0.066233	0.079627
0180050713	2009	12	26	360	0.068619	0.080836
0180050713	2009	12	27	361	0.071139	0.083186
0180050713	2009	12	28	362	0.073382	0.085792
0180050713	2009	12	29	363	0.075575	0.088461
0180050713	2009	12	30	364	0.077614	0.09109
0180050713	2009	12	31	365	0.079389	0.093492
0180050713	2010	1	1	1	0.080941	0.095528
0180050713	2010	1	2	2	0.082412	0.097284
0180050713	2010	1	3	3	0.083621	0.098913
0180050713	2010	1	4	4	0.084862	0.1004
0180050713	2010	1	5	5	0.086077	0.10183
0180050713	2010	1	6	6	0.087176	0.10318
0180050713	2010	1	7	7	0.088229	0.1044
0180050713	2010	1	8	8	0.089295	0.10568
0180050713	2010	1	9	9	0.090416	0.10696
0180050713	2010	1	10	10	0.091707	0.1085
0180050713	2010	1	11	11	0.093151	0.11018
0180050713	2010	1	12	12	0.094624	0.11164
0180050713	2010	1	13	13	0.096217	0.1131
0180050713	2010	1	14	14	0.09744	0.11505
0180050713	2010	1	15	15	0.098414	0.11658
0180050713	2010	1	16	16	0.099333	0.11795
0180050713	2010	1	17	17	0.10022	0.11922
0180050713	2010	1	18	18	0.10143	0.12043
0180050713	2010	1	19	19	0.10261	0.12172
0180050713	2010	1	20	20	0.10366	0.12295
0180050713	2010	1	21	21	0.10476	0.12422
0180050713	2010	1	22	22	0.10582	0.12546
0180050713	2010	1	23	23	0.10686	0.12665
0180050713	2010	1	24	24	0.10791	0.12778
0180050713	2010	1	25	25	0.10898	0.12877
0180050713	2010	1	26	26	0.11022	0.12986
0180050713	2010	1	27	27	0.1113	0.13085
0180050713	2010	1	28	28	0.11232	0.13178
0180050713	2010	1	29	29	0.11336	0.13274
0180050713	2010	1	30	30	0.11434	0.1336
0180050713	2010	1	31	31	0.11537	0.13445
0180050713	2010	2	1	32	0.11643	0.13531
0180050713	2010	2	2	33	0.11744	0.13606
0180050713	2010	2	3	34	0.11837	0.13682
0180050713	2010	2	4	35	0.11936	0.13754
0180050713	2010	2	5	36	0.12017	0.13823
0180050713	2010	2	6	37	0.12115	0.13894
0180050713	2010	2	7	38	0.12214	0.1396
0180050713	2010	2	8	39	0.12305	0.14022
0180050713	2010	2	9	40	0.12388	0.14082
0180050713	2010	2	10	41	0.12478	0.14136
0180050713	2010	2	11	42	0.12559	0.14187
0180050713	2010	2	12	43	0.12628	0.14239
0180050713	2010	2	13	44	0.12708	0.14285
0180050713	2010	2	14	45	0.12787	0.14327
0180050713	2010	2	15	46	0.12846	0.14364
0180050713	2010	2	16	47	0.1292	0.14399
0180050713	2010	2	17	48	0.12988	0.14425
0180050713	2010	2	18	49	0.13049	0.14452
0180050713	2010	2	19	50	0.13115	0.14481
0180050713	2010	2	20	51	0.13183	0.14519
0180050713	2010	2	21	52	0.1325	0.14563
0180050713	2010	2	22	53	0.1333	0.14605
0180050713	2010	2	23	54	0.13409	0.14647
0180050713	2010	2	24	55	0.13457	0.14693
0180050713	2010	2	25	56	0.13555	0.14746
0180050713	2010	2	26	57	0.13643	0.14794
0180050713	2010	2	27	58	0.13713	0.14847
0180050713	2010	2	28	59	0.13807	0.14895
0180050713	2010	3	1	60	0.13889	0.14934
0180050713	2010	3	2	61	0.13956	0.14973
0180050713	2010	3	3	62	0.1403	0.1502
0180050713	2010	3	4	63	0.14116	0.15064
0180050713	2010	3	5	64	0.14195	0.15104
0180050713	2010	3	6	65	0.14271	0.15147
0180050713	2010	3	7	66	0.14348	0.15188
0180050713	2010	3	8	67	0.14417	0.15224
0180050713	2010	3	9	68	0.14484	0.15261
0180050713	2010	3	10	69	0.14557	0.15299
0180050713	2010	3	11	70	0.14626	0.15333
0180050713	2010	3	12	71	0.14693	0.15375
0180050713	2010	3	13	72	0.1477	0.15415
0180050713	2010	3	14	73	0.1485	0.15453
0180050713	2010	3	15	74	0.1492	0.15486
0180050713	2010	3	16	75	0.14977	0.15503
0180050713	2010	3	17	76	0.15019	0.15517
0180050713	2010	3	18	77	0.15068	0.15534
0180050713	2010	3	19	78	0.15119	0.15549
0180050713	2010	3	20	79	0.15168	0.15568
0180050713	2010	3	21	80	0.15219	0.1559
0180050713	2010	3	22	81	0.15283	0.15617
0180050713	2010	3	23	82	0.15351	0.15648
0180050713	2010	3	24	83	0.15406	0.15674
0180050713	2010	3	25	84	0.15458	0.157
0180050713	2010	3	26	85	0.15537	0.15747
0180050713	2010	3	27	86	0.1561	0.15786
0180050713	2010	3	28	87	0.15668	0.15812
0180050713	2010	3	29	88	0.15716	0.15831
0180050713	2010	3	30	89	0.15774	0.15867
0180050713	2010	3	31	90	0.15875	0.15924
0180050713	2010	4	1	91	0.15963	0.15967
0180050713	2010	4	2	92	0.16026	0.15998
0180050713	2010	4	3	93	0.16089	0.16015
0180050713	2010	4	4	94	0.16132	0.15796
0180050713	2010	4	5	95	0.16214	0.1583
0180050713	2010	4	6	96	0.16257	0.15846
0180050713	2010	4	7	97	0.163	0.15867
0180050713	2010	4	8	98	0.16343	0.15859
0180050713	2010	4	9	99	0.16375	0.15875
0180050713	2010	4	10	100	0.16412	0.15907
0180050713	2010	4	11	101	0.16456	0.15944
0180050713	2010	4	12	102	0.16504	0.15978
0180050713	2010	4	13	103	0.16552	0.16001
0180050713	2010	4	14	104	0.16604	0.16025
0180050713	2010	4	15	105	0.16645	0.1605
0180050713	2010	4	16	106	0.16682	0.16068
0180050713	2010	4	17	107	0.16707	0.16074
0180050713	2010	4	18	108	0.16742	0.16084
0180050713	2010	4	19	109	0.16787	0.16106
0180050713	2010	4	20	110	0.16842	0.16141
0180050713	2010	4	21	111	0.16923	0.16196
0180050713	2010	4	22	112	0.16993	0.1624
0180050713	2010	4	23	113	0.17048	0.16259
0180050713	2010	4	24	114	0.17066	0.16279
0180050713	2010	4	25	115	0.17087	0.16292
0180050713	2010	4	26	116	0.17145	0.16324
0180050713	2010	4	27	117	0.17217	0.16377
0180050713	2010	4	28	118	0.17298	0.16446
0180050713	2010	4	29	119	0.17369	0.16496
0180050713	2010	4	30	120	0.17413	0.16513
0180050713	2010	5	1	121	0.17425	0.16515
0180050713	2010	5	2	122	0.17424	0.16506
0180050713	2010	5	3	123	0.17448	0.16525
0180050713	2010	5	4	124	0.17514	0.16573
0180050713	2010	5	5	125	0.17607	0.16655
0180050713	2010	5	6	126	0.17687	0.16716
0180050713	2010	5	7	127	0.17736	0.16753
0180050713	2010	5	8	128	0.17813	0.16806
0180050713	2010	5	9	129	0.17911	0.1687
0180050713	2010	5	10	130	0.17954	0.16887
0180050713	2010	5	11	131	0.17911	0.16852
0180050713	2010	5	12	132	0.17865	0.16808
0180050713	2010	5	13	133	0.17803	0.16759
0180050713	2010	5	14	134	0.17833	0.16789
0180050713	2010	5	15	135	0.17924	0.16864
0180050713	2010	5	16	136	0.18061	0.16976
0180050713	2010	5	17	137	0.18218	0.17124
0180050713	2010	5	18	138	0.18275	0.17158
0180050713	2010	5	19	139	0.18268	0.17161
0180050713	2010	5	20	140	0.18366	0.17249
0180050713	2010	5	21	141	0.18551	0.17446
0180050713	2010	5	22	142	0.18547	0.17424
0180050713	2010	5	23	143	0.18445	0.17296
0180050713	2010	5	24	144	0.18325	0.1719
0180050713	2010	5	25	145	0.1828	0.17218
0180050713	2010	5	26	146	0.18386	0.17318
0180050713	2010	5	27	147	0.184	0.1728
0180050713	2010	5	28	148	0.18317	0.17161
0180050713	2010	5	29	149	0.1821	0.17067
0180050713	2010	5	30	150	0.18286	0.1726
0180050713	2010	5	31	151	0.18427	0.17484
0180050713	2010	6	1	152	0.18541	0.17652
0180050713	2010	6	2	153	0.18807	0.17846
0180050713	2010	6	3	154	0.19279	0.18228
0180050713	2010	6	4	155	0.19668	0.18604
0180050713	2010	6	5	156	0.19866	0.18766
0180050713	2010	6	6	157	0.20136	0.18972
0180050713	2010	6	7	158	0.20406	0.1913
0180050713	2010	6	8	159	0.20541	0.19183
0180050713	2010	6	9	160	0.20756	0.19407
0180050713	2010	6	10	161	0.20736	0.19339
0180050713	2010	6	11	162	0.20732	0.19371
0180050713	2010	6	12	163	0.20731	0.19511
0180050713	2010	6	13	164	0.18145	0.1771
0180050713	2010	6	14	165	0.1573	0.15687
0180050713	2010	6	15	166	0.14547	0.14678
0180050713	2010	6	16	167	0.14054	0.14174
0180050713	2010	6	17	168	0.13873	0.13985
0180050713	2010	6	18	169	0.135	0.13636
0180050713	2010	6	19	170	0.13275	0.13386
0180050713	2010	6	20	171	0.13116	0.1322
0180050713	2010	6	21	172	0.12886	0.13001
0180050713	2010	6	22	173	0.12623	0.12723
0180050713	2010	6	23	174	0.12335	0.12425
0180050713	2010	6	24	175	0.12139	0.122
0180050713	2010	6	25	176	0.12122	0.12144
0180050713	2010	6	26	177	0.12204	0.12253
0180050713	2010	6	27	178	0.11936	0.1195
0180050713	2010	6	28	179	0.11649	0.11645
0180050713	2010	6	29	180	0.11485	0.11451
0180050713	2010	6	30	181	0.11437	0.11391
0180050713	2010	7	1	182	0.11425	0.11365
0180050713	2010	7	2	183	0.11362	0.11293
0180050713	2010	7	3	184	0.11258	0.11179
0180050713	2010	7	4	185	0.11135	0.11048
0180050713	2010	7	5	186	0.10968	0.10842
0180050713	2010	7	6	187	0.10789	0.10612
0180050713	2010	7	7	188	0.10616	0.10397
0180050713	2010	7	8	189	0.10452	0.1017
0180050713	2010	7	9	190	0.10301	0.099463
0180050713	2010	7	10	191	0.10147	0.096647
0180050713	2010	7	11	192	0.10003	0.093834
0180050713	2010	7	12	193	0.098073	0.09056
0180050713	2010	7	13	194	0.096154	0.08721
0180050713	2010	7	14	195	0.094368	0.084142
0180050713	2010	7	15	196	0.092016	0.080297
0180050713	2010	7	16	197	0.085982	0.075443
0180050713	2010	7	17	198	0.073777	0.07205
0180050713	2010	7	18	199	0.073842	0.070126
0180050713	2010	7	19	200	0.072872	0.068236
0180050713	2010	7	20	201	0.07166	0.066556
0180050713	2010	7	21	202	0.070452	0.065109
0180050713	2010	7	22	203	0.069274	0.063903
0180050713	2010	7	23	204	0.067659	0.062411
0180050713	2010	7	24	205	0.066058	0.060898
0180050713	2010	7	25	206	0.064484	0.059352
0180050713	2010	7	26	207	0.063412	0.058582
0180050713	2010	7	27	208	0.061503	0.057265
0180050713	2010	7	28	209	0.05954	0.056322
0180050713	2010	7	29	210	0.057496	0.055353
0180050713	2010	7	30	211	0.055346	0.054226
0180050713	2010	7	31	212	0.053258	0.053124
0180050713	2010	8	1	213	0.051063	0.052259
0180050713	2010	8	2	214	0.049723	0.051364
0180050713	2010	8	3	215	0.048387	0.050533
0180050713	2010	8	4	216	0.046751	0.049716
0180050713	2010	8	5	217	0.044618	0.048767
0180050713	2010	8	6	218	0.042857	0.047973
0180050713	2010	8	7	219	0.041387	0.047232
0180050713	2010	8	8	220	0.03959	0.046444
0180050713	2010	8	9	221	0.037592	0.045817
0180050713	2010	8	10	222	0.035608	0.045358
0180050713	2010	8	11	223	0.033319	0.044918
0180050713	2010	8	12	224	0.031568	0.044725
0180050713	2010	8	13	225	0.028977	0.044169
0180050713	2010	8	14	226	0.026308	0.043552
0180050713	2010	8	15	227	0.023968	0.043182
0180050713	2010	8	16	228	0.022027	0.042869
0180050713	2010	8	17	229	0.01992	0.042192
0180050713	2010	8	18	230	0.018669	0.041553
0180050713	2010	8	19	231	0.018091	0.041362
0180050713	2010	8	20	232	0.017364	0.040912
0180050713	2010	8	21	233	0.016636	0.03997
0180050713	2010	8	22	234	0.016781	0.03929
0180050713	2010	8	23	235	0.016472	0.038287
0180050713	2010	8	24	236	0.015462	0.03671
0180050713	2010	8	25	237	0.014263	0.034796
0180050713	2010	8	26	238	0.012911	0.032858
0180050713	2010	8	27	239	0.012911	0.031832
0180050713	2010	8	28	240	0.013528	0.031417
0180050713	2010	8	29	241	0.015008	0.031816
0180050713	2010	8	30	242	0.016594	0.032574
0180050713	2010	8	31	243	0.01633	0.032083
0180050713	2010	9	1	244	0.01546	0.031103
0180050713	2010	9	2	245	0.014446	0.029979
0180050713	2010	9	3	246	0.013807	0.02914
0180050713	2010	9	4	247	0.013507	0.028619
0180050713	2010	9	5	248	0.013446	0.028305
0180050713	2010	9	6	249	0.013443	0.027988
0180050713	2010	9	7	250	0.013251	0.027501
0180050713	2010	9	8	251	0.013631	0.027193
0180050713	2010	9	9	252	0.015822	0.028208
0180050713	2010	9	10	253	0.016194	0.028384
0180050713	2010	9	11	254	0.015565	0.027743
0180050713	2010	9	12	255	0.015266	0.027204
0180050713	2010	9	13	256	0.015005	0.026851
0180050713	2010	9	14	257	0.015252	0.026934
0180050713	2010	9	15	258	0.015014	0.026942
0180050713	2010	9	16	259	0.014848	0.026719
0180050713	2010	9	17	260	0.014455	0.026397
0180050713	2010	9	18	261	0.0144	0.026224
0180050713	2010	9	19	262	0.014423	0.026028
0180050713	2010	9	20	263	0.015232	0.026418
0180050713	2010	9	21	264	0.015314	0.02634
0180050713	2010	9	22	265	0.015375	0.026274
0180050713	2010	9	23	266	0.015866	0.026447
0180050713	2010	9	24	267	0.015627	0.02627
0180050713	2010	9	25	268	0.014958	0.025778
0180050713	2010	9	26	269	0.014486	0.025315
0180050713	2010	9	27	270	0.013924	0.024817
0180050713	2010	9	28	271	0.013362	0.024197
0180050713	2010	9	29	272	0.012837	0.023654
0180050713	2010	9	30	273	0.012431	0.023124
0180050713	2010	10	1	274	0.01225	0.022757
0180050713	2010	10	2	275	0.012159	
0180050713	2010	10	3	276	0.012314	
0180050713	2010	10	4	277	0.01439	0.023397
0180050713	2010	10	5	278	0.015613	0.024509
0180050713	2010	10	6	279	0.016584	0.025343
0180050713	2010	10	7	280	0.016853	0.026126
0180050713	2010	10	8	281	0.018162	0.027197
0180050713	2010	10	9	282	0.018023	0.027143
0180050713	2010	10	10	283	0.017551	0.026765
0180050713	2010	10	11	284	0.017255	0.026431
0180050713	2010	10	12	285	0.017644	0.026564
0180050713	2010	10	13	286	0.017616	0.026546
0180050713	2010	10	14	287	0.017654	0.026532
0180050713	2010	10	15	288	0.017897	0.026707
0180050713	2010	10	16	289	0.018022	0.026909
0180050713	2010	10	17	290	0.018125	0.027167
0180050713	2010	10	18	291	0.019323	0.028413
0180050713	2010	10	19	292	0.019512	0.02863
0180050713	2010	10	20	293	0.019516	0.028684
0180050713	2010	10	21	294	0.019431	0.028608
0180050713	2010	10	22	295	0.01995	0.028975
0180050713	2010	10	23	296	0.020314	0.029567
0180050713	2010	10	24	297	0.021087	0.030222
0180050713	2010	10	25	298	0.021468	0.030633
0180050713	2010	10	26	299	0.022515	0.031696
0180050713	2010	10	27	300	0.023496	0.032556
0180050713	2010	10	28	301	0.02293	0.03236
0180050713	2010	10	29	302	0.022661	0.032139
0180050713	2010	10	30	303	0.022359	0.031903
0180050713	2010	10	31	304	0.023099	0.032332
0180050713	2010	11	1	305	0.023109	0.032499
0180050713	2010	11	2	306	0.022723	0.03232
0180050713	2010	11	3	307	0.022314	0.031998
0180050713	2010	11	4	308	0.022095	0.03179
0180050713	2010	11	5	309	0.022111	0.031773
0180050713	2010	11	6	310	0.02231	0.031908
0180050713	2010	11	7	311	0.023474	0.032276
0180050713	2010	11	8	312	0.024847	0.033321
0180050713	2010	11	9	313	0.025502	0.03414
0180050713	2010	11	10	314	0.025889	0.034793
0180050713	2010	11	11	315	0.026073	0.035306
0180050713	2010	11	12	316	0.026188	0.035838
0180050713	2010	11	13	317	0.026364	0.036402
0180050713	2010	11	14	318	0.026542	0.036843
0180050713	2010	11	15	319	0.026635	0.037205
0180050713	2010	11	16	320	0.026734	0.037861
0180050713	2010	11	17	321	0.026833	0.038594
0180050713	2010	11	18	322	0.026964	0.039385
0180050713	2010	11	19	323	0.027003	0.040077
0180050713	2010	11	20	324	0.027188	0.040837
0180050713	2010	11	21	325	0.027504	0.041922
0180050713	2010	11	22	326	0.027748	0.043051
0180050713	2010	11	23	327	0.028066	0.044217
0180050713	2010	11	24	328	0.028332	0.045509
0180050713	2010	11	25	329	0.028487	0.046725
0180050713	2010	11	26	330	0.028664	0.047985
0180050713	2010	11	27	331	0.028822	0.049207
0180050713	2010	11	28	332	0.029015	0.050412
0180050713	2010	11	29	333	0.029154	0.051682
0180050713	2010	11	30	334	0.02923	0.052892
0180050713	2010	12	1	335	0.029427	0.054088
0180050713	2010	12	2	336	0.029579	0.055232
0180050713	2010	12	3	337	0.029702	0.056187
0180050713	2010	12	4	338	0.029807	0.05734
0180050713	2010	12	5	339	0.029974	0.058221
0180050713	2010	12	6	340	0.030166	0.059075
0180050713	2010	12	7	341	0.03033	0.060422
0180050713	2010	12	8	342	0.030438	0.061545
0180050713	2010	12	9	343	0.030674	0.062197
0180050713	2010	12	10	344	0.030851	0.063223
0180050713	2010	12	11	345	0.030923	0.064689
0180050713	2010	12	12	346	0.031037	0.066202
0180050713	2010	12	13	347	0.031139	0.067392
0180050713	2010	12	14	348	0.03135	0.068088
0180050713	2010	12	15	349	0.03157	0.069127
0180050713	2010	12	16	350	0.031693	0.070556
0180050713	2010	12	17	351	0.031859	0.071544
0180050713	2010	12	18	352	0.032489	0.072058
0180050713	2010	12	19	353	0.032418	0.073018
0180050713	2010	12	20	354	0.032704	0.074368
0180050713	2010	12	21	355	0.032949	0.075706
0180050713	2010	12	22	356	0.03325	0.076786
0180050713	2010	12	23	357	0.033511	0.077741
0180050713	2010	12	24	358	0.033792	0.078661
0180050713	2010	12	25	359	0.034044	0.079522
0180050713	2010	12	26	360	0.034431	0.080289
0180050713	2010	12	27	361	0.034711	0.081033
0180050713	2010	12	28	362	0.035025	0.081779
0180050713	2010	12	29	363	0.03543	0.082508
0180050713	2010	12	30	364	0.035783	0.083264
0180050713	2010	12	31	365	0.036119	0.083916
0180050713	2011	1	1	1		0.19916
0180050713	2011	1	2	2		0.19945
0180050713	2011	1	3	3		0.19969
0180050713	2011	1	4	4		0.19996
0180050713	2011	1	5	5		0.20024
0180050713	2011	1	6	6		0.2005
0180050713	2011	1	7	7		0.20073
0180050713	2011	1	8	8		0.20095
0180050713	2011	1	9	9		0.20113
0180050713	2011	1	10	10		0.20138
0180050713	2011	1	11	11		0.20161
0180050713	2011	1	12	12		0.20185
0180050713	2011	1	13	13		0.20208
0180050713	2011	1	14	14		0.20231
0180050713	2011	1	15	15		0.20252
0180050713	2011	1	16	16		0.20272
0180050713	2011	1	17	17		0.20295
0180050713	2011	1	18	18		0.2032
0180050713	2011	1	19	19		0.2034
0180050713	2011	1	20	20		0.20359
0180050713	2011	1	21	21		0.20375
0180050713	2011	1	22	22		0.20396
0180050713	2011	1	23	23		0.20413
0180050713	2011	1	24	24		0.20428
0180050713	2011	1	25	25		0.20444
0180050713	2011	1	26	26		0.2046
0180050713	2011	1	27	27		0.20477
0180050713	2011	1	28	28		0.20494
0180050713	2011	1	29	29		0.20511
0180050713	2011	1	30	30		0.20529
0180050713	2011	1	31	31		0.2055
0180050713	2011	2	1	32		0.20569
0180050713	2011	2	2	33		0.20587
0180050713	2011	2	3	34		0.20602
0180050713	2011	2	4	35		0.20618
0180050713	2011	2	5	36		0.20635
0180050713	2011	2	6	37		0.2066
0180050713	2011	2	7	38		0.20681
0180050713	2011	2	8	39		0.20698
0180050713	2011	2	9	40		0.20717
0180050713	2011	2	10	41		0.20734
0180050713	2011	2	11	42		0.20752
0180050713	2011	2	12	43		0.20766
0180050713	2011	2	13	44		0.20778
0180050713	2011	2	14	45		0.20793
0180050713	2011	2	15	46		0.20818
0180050713	2011	2	16	47		0.20839
0180050713	2011	2	17	48		0.20863
0180050713	2011	2	18	49		0.20889
0180050713	2011	2	19	50		0.20912
0180050713	2011	2	20	51		0.20933
0180050713	2011	2	21	52		0.20952
0180050713	2011	2	22	53		0.20977
0180050713	2011	2	23	54		0.20972
0180050713	2011	2	24	55		0.20974
0180050713	2011	2	25	56		0.20992
0180050713	2011	2	26	57		0.21016
0180050713	2011	2	27	58		0.21035
0180050713	2011	2	28	59		0.21054
0180050713	2011	3	1	60		0.21072
0180050713	2011	3	2	61		0.21089
0180050713	2011	3	3	62		0.21111
0180050713	2011	3	4	63		0.21123
0180050713	2011	3	5	64		0.21139
0180050713	2011	3	6	65		0.21154
0180050713	2011	3	7	66		0.21171
0180050713	2011	3	8	67		0.21187
0180050713	2011	3	9	68		0.21201
0180050713	2011	3	10	69		0.21213
0180050713	2011	3	11	70		0.21227
0180050713	2011	3	12	71		0.21241
0180050713	2011	3	13	72		0.21253
0180050713	2011	3	14	73		0.21272
0180050713	2011	3	15	74		0.21289
0180050713	2011	3	16	75		0.21309
0180050713	2011	3	17	76		0.21329
0180050713	2011	3	18	77		0.21347
0180050713	2011	3	19	78		0.21365
0180050713	2011	3	20	79		0.21383
0180050713	2011	3	21	80		0.21401
0180050713	2011	3	22	81		0.2142
0180050713	2011	3	23	82		0.21438
0180050713	2011	3	24	83		0.2145
0180050713	2011	3	25	84		0.22155
0180050713	2011	3	26	85		0.21637
0180050713	2011	3	27	86		
0180050713	2011	3	28	87		0.2155
0180050713	2011	3	29	88		
0180050713	2011	3	30	89		
0180050713	2011	3	31	90		
0180050713	2011	4	1	91		0.21598
0180050713	2011	4	2	92		0.2161
0180050713	2011	4	3	93		0.22856
0180050713	2011	4	4	94		
0180050713	2011	4	5	95		0.21516
0180050713	2011	4	6	96		0.21765
0180050713	2011	4	7	97		0.2362
0180050713	2011	4	8	98		
0180050713	2011	4	9	99		
0180050713	2011	4	10	100		
0180050713	2011	4	11	101		
0180050713	2011	4	12	102		0.21835
0180050713	2011	4	13	103		0.21925
0180050713	2011	4	14	104		0.22311
0180050713	2011	4	15	105		0.22129
0180050713	2011	4	16	106		0.22101
0180050713	2011	4	17	107		0.22069
0180050713	2011	4	18	108		0.22158
0180050713	2011	4	19	109		0.22535
0180050713	2011	4	20	110		
0180050713	2011	4	21	111		0.22455
0180050713	2011	4	22	112		
0180050713	2011	4	23	113		0.22515
0180050713	2011	4	24	114		0.22611
0180050713	2011	4	25	115		0.22572
0180050713	2011	4	26	116		0.22483
0180050713	2011	4	27	117		0.22514
0180050713	2011	4	28	118		0.22652
0180050713	2011	4	29	119		0.22595
0180050713	2011	4	30	120		0.2271
0180050713	2011	5	1	121		0.22767
0180050713	2011	5	2	122		
0180050713	2011	5	3	123		0.22943
0180050713	2011	5	4	124		0.23212
0180050713	2011	5	5	125		0.2316
0180050713	2011	5	6	126		0.23326
0180050713	2011	5	7	127		0.23412
0180050713	2011	5	8	128		0.23427
0180050713	2011	5	9	129		0.2348
0180050713	2011	5	10	130		0.2343
0180050713	2011	5	11	131		
0180050713	2011	5	12	132		0.23683
0180050713	2011	5	13	133		0.23781
0180050713	2011	5	14	134		0.2387
0180050713	2011	5	15	135		
0180050713	2011	5	16	136		
0180050713	2011	5	17	137		0.23859
0180050713	2011	5	18	138		0.23532
0180050713	2011	5	19	139		0.23614
0180050713	2011	5	20	140		0.2342
0180050713	2011	5	21	141		
0180050713	2011	5	22	142		0.23422
0180050713	2011	5	23	143		0.23677
0180050713	2011	5	24	144		0.23916
0180050713	2011	5	25	145		0.23958
0180050713	2011	5	26	146		0.23872
0180050713	2011	5	27	147		0.2386
0180050713	2011	5	28	148		
0180050713	2011	5	29	149		
0180050713	2011	5	30	150		0.23729
0180050713	2011	5	31	151		
0180050713	2011	6	1	152		
0180050713	2011	6	2	153		
0180050713	2011	6	3	154		
0180050713	2011	6	4	155		0.23964
0180050713	2011	6	5	156		
0180050713	2011	6	6	157		
0180050713	2011	6	7	158		
0180050713	2011	6	8	159		
0180050713	2011	6	9	160		
0180050713	2011	6	10	161		0.234
0180050713	2011	6	11	162		
0180050713	2011	6	12	163		
0180050713	2011	6	13	164		0.2408
0180050713	2011	6	14	165		
0180050713	2011	6	15	166		
0180050713	2011	6	16	167		
0180050713	2011	6	17	168		
0180050713	2011	6	18	169		
0180050713	2011	6	19	170		
0180050713	2011	6	20	171		
0180050713	2011	6	21	172		
0180050713	2011	6	22	173		
0180050713	2011	6	23	174		
0180050713	2011	6	24	175		
0180050713	2011	6	25	176		0.24791
0180050713	2011	6	26	177		0.23951
0180050713	2011	6	27	178		0.236
0180050713	2011	6	28	179		0.23273
0180050713	2011	6	29	180		0.23643
0180050713	2011	6	30	181		0.23761
0180050713	2011	7	1	182		0.23519
0180050713	2011	7	2	183		0.23311
0180050713	2011	7	3	184		0.23132
0180050713	2011	7	4	185		0.22995
0180050713	2011	7	5	186		0.2286
0180050713	2011	7	6	187		0.22771
0180050713	2011	7	7	188		0.22576
0180050713	2011	7	8	189		0.22514
0180050713	2011	7	9	190		0.22383
0180050713	2011	7	10	191		0.22507
0180050713	2011	7	11	192		0.2228
0180050713	2011	7	12	193		
0180050713	2011	7	13	194		0.2195
0180050713	2011	7	14	195		
0180050713	2011	7	15	196		
0180050713	2011	7	16	197		
0180050713	2011	7	17	198		
0180050713	2011	7	18	199		
0180050713	2011	7	19	200		
0180050713	2011	7	20	201		0.2319
0180050713	2011	7	21	202		
0180050713	2011	7	22	203		0.20559
0180050713	2011	7	23	204		0.20576
0180050713	2011	7	24	205		
0180050713	2011	7	25	206		
0180050713	2011	7	26	207		
0180050713	2011	7	27	208		
0180050713	2011	7	28	209		0.19508
0180050713	2011	7	29	210		0.1984
0180050713	2011	7	30	211		0.20017
0180050713	2011	7	31	212		0.1945
0180050713	2011	8	1	213		0.1907
0180050713	2011	8	2	214		
0180050713	2011	8	3	215		0.19854
0180050713	2011	8	4	216		
0180050713	2011	8	5	217		0.23465
0180050713	2011	8	6	218		0.186
0180050713	2011	8	7	219		
0180050713	2011	8	8	220		0.20893
0180050713	2011	8	9	221		0.2304
0180050713	2011	8	10	222		
0180050713	2011	8	11	223		
0180050713	2011	8	12	224		
0180050713	2011	8	13	225		
0180050713	2011	8	14	226		
0180050713	2011	8	15	227		
0180050713	2011	8	16	228		0.18172
0180050713	2011	8	17	229		0.18122
0180050713	2011	8	18	230		0.18136
0180050713	2011	8	19	231		0.18051
0180050713	2011	8	20	232		0.18017
0180050713	2011	8	21	233		0.17912
0180050713	2011	8	22	234		0.17861
0180050713	2011	8	23	235		0.1785
0180050713	2011	8	24	236		0.17809
0180050713	2011	8	25	237		0.1789
0180050713	2011	8	26	238		0.17717
0180050713	2011	8	27	239		0.17871
0180050713	2011	8	28	240		0.17565
0180050713	2011	8	29	241		0.17584
0180050713	2011	8	30	242		0.17553
0180050713	2011	8	31	243		0.17471
0180050713	2011	9	1	244		0.17482
0180050713	2011	9	2	245		0.17522
0180050713	2011	9	3	246		0.17431
0180050713	2011	9	4	247		0.1739
0180050713	2011	9	5	248		0.17226
0180050713	2011	9	6	249		0.17215
0180050713	2011	9	7	250		0.17206
0180050713	2011	9	8	251		0.17163
0180050713	2011	9	9	252		0.17205
0180050713	2011	9	10	253		0.17217
0180050713	2011	9	11	254		0.17154
0180050713	2011	9	12	255		0.17146
0180050713	2011	9	13	256		0.17152
0180050713	2011	9	14	257		0.17165
0180050713	2011	9	15	258		0.17176
0180050713	2011	9	16	259		0.17197
0180050713	2011	9	17	260		0.17203
0180050713	2011	9	18	261		0.1722
0180050713	2011	9	19	262		0.17277
0180050713	2011	9	20	263		0.17303
0180050713	2011	9	21	264		0.17314
0180050713	2011	9	22	265		0.1732
0180050713	2011	9	23	266		0.1732
0180050713	2011	9	24	267		0.17312
0180050713	2011	9	25	268		0.1729
0180050713	2011	9	26	269		0.17263
0180050713	2011	9	27	270		0.17258
0180050713	2011	9	28	271		0.17252
0180050713	2011	9	29	272		0.17243
0180050713	2011	9	30	273		0.17236
0180050713	2011	10	1	274		0.17222
0180050713	2011	10	2	275		0.17202
0180050713	2011	10	3	276		0.17201
0180050713	2011	10	4	277		0.17181
0180050713	2011	10	5	278		0.17225
0180050713	2011	10	6	279		0.17245
0180050713	2011	10	7	280		0.17273
0180050713	2011	10	8	281		0.17295
0180050713	2011	10	9	282		0.17309
0180050713	2011	10	10	283		0.17314
0180050713	2011	10	11	284		0.17361
0180050713	2011	10	12	285		0.17462
0180050713	2011	10	13	286		0.17549
0180050713	2011	10	14	287		0.17628
0180050713	2011	10	15	288		0.1769
0180050713	2011	10	16	289		0.1777
0180050713	2011	10	17	290		0.17805
0180050713	2011	10	18	291		0.17849
0180050713	2011	10	19	292		0.17891
0180050713	2011	10	20	293		0.17931
0180050713	2011	10	21	294		0.17959
0180050713	2011	10	22	295		0.17993
0180050713	2011	10	23	296		0.18019
0180050713	2011	10	24	297		0.18046
0180050713	2011	10	25	298		0.18068
0180050713	2011	10	26	299		0.1809
0180050713	2011	10	27	300		0.18132
0180050713	2011	10	28	301		0.18158
0180050713	2011	10	29	302		0.18178
0180050713	2011	10	30	303		0.18197
0180050713	2011	10	31	304		0.18214
0180050713	2011	11	1	305		0.18223
0180050713	2011	11	2	306		0.18247
0180050713	2011	11	3	307		0.18257
0180050713	2011	11	4	308		0.18287
0180050713	2011	11	5	309		0.18296
0180050713	2011	11	6	310		0.18297
0180050713	2011	11	7	311		0.18318
0180050713	2011	11	8	312		0.18334
0180050713	2011	11	9	313		0.18352
0180050713	2011	11	10	314		0.1836
0180050713	2011	11	11	315		0.1837
0180050713	2011	11	12	316		0.18371
0180050713	2011	11	13	317		0.18389
0180050713	2011	11	14	318		0.18421
0180050713	2011	11	15	319		0.18462
0180050713	2011	11	16	320		0.18499
0180050713	2011	11	17	321		0.18534
0180050713	2011	11	18	322		0.18562
0180050713	2011	11	19	323		0.18616
0180050713	2011	11	20	324		0.18669
0180050713	2011	11	21	325		0.18716
0180050713	2011	11	22	326		0.18769
0180050713	2011	11	23	327		0.18818
0180050713	2011	11	24	328		0.18859
0180050713	2011	11	25	329		0.18893
0180050713	2011	11	26	330		0.18948
0180050713	2011	11	27	331		0.18989
0180050713	2011	11	28	332		0.1903
0180050713	2011	11	29	333		0.1907
0180050713	2011	11	30	334		0.19107
0180050713	2011	12	1	335		0.1914
0180050713	2011	12	2	336		0.19176
0180050713	2011	12	3	337		0.19205
0180050713	2011	12	4	338		0.1923
0180050713	2011	12	5	339		0.19255
0180050713	2011	12	6	340		0.19279
0180050713	2011	12	7	341		0.19305
0180050713	2011	12	8	342		0.19329
0180050713	2011	12	9	343		0.19343
0180050713	2011	12	10	344		0.19353
0180050713	2011	12	11	345		0.19363
0180050713	2011	12	12	346		0.19373
0180050713	2011	12	13	347		0.19383
0180050713	2011	12	14	348		0.19396
0180050713	2011	12	15	349		0.19403
0180050713	2011	12	16	350		0.19413
0180050713	2011	12	17	351		0.19423
0180050713	2011	12	18	352		0.19438
0180050713	2011	12	19	353		0.19437
0180050713	2011	12	20	354		0.1944
0180050713	2011	12	21	355		0.19448
0180050713	2011	12	22	356		0.1945
0180050713	2011	12	23	357		0.19442
0180050713	2011	12	24	358		0.19404
0180050713	2011	12	25	359		0.19374
0180050713	2011	12	26	360		0.19347
0180050713	2011	12	27	361		0.19314
0180050713	2011	12	28	362		0.19294
0180050713	2011	12	29	363		0.19383
0180050713	2011	12	30	364		0.19572
0180050713	2011	12	31	365		0.19671
0180050713	2012	1	1	1		0.19695
0180050713	2012	1	2	2		0.19737
0180050713	2012	1	3	3		0.1982
0180050713	2012	1	4	4		0.19919
0180050713	2012	1	5	5		0.19982
0180050713	2012	1	6	6		0.20113
0180050713	2012	1	7	7		0.20124
0180050713	2012	1	8	8		0.20085
0180050713	2012	1	9	9		0.2005
0180050713	2012	1	10	10		0.20035
0180050713	2012	1	11	11		0.20021
0180050713	2012	1	12	12		0.19989
0180050713	2012	1	13	13		0.19849
0180050713	2012	1	14	14		0.19647
0180050713	2012	1	15	15		0.19404
0180050713	2012	1	16	16		0.19094
0180050713	2012	1	17	17		0.18392
0180050713	2012	1	18	18		0.18099
0180050713	2012	1	19	19		0.18133
0180050713	2012	1	20	20		0.18211
0180050713	2012	1	21	21		0.18555
0180050713	2012	1	22	22		0.18798
0180050713	2012	1	23	23		0.18942
0180050713	2012	1	24	24		0.19051
0180050713	2012	1	25	25		0.19156
0180050713	2012	1	26	26		0.19248
0180050713	2012	1	27	27		0.19386
0180050713	2012	1	28	28		0.19478
0180050713	2012	1	29	29		0.19587
0180050713	2012	1	30	30		0.19703
0180050713	2012	1	31	31		0.19834
0180050713	2012	2	1	32		0.2001
0180050713	2012	2	2	33		0.20225
0180050713	2012	2	3	34		0.20385
0180050713	2012	2	4	35		0.20523
0180050713	2012	2	5	36		0.20582
0180050713	2012	2	6	37		0.20561
0180050713	2012	2	7	38		0.20497
0180050713	2012	2	8	39		0.20484
0180050713	2012	2	9	40		0.20515
0180050713	2012	2	10	41		0.20554
0180050713	2012	2	11	42		0.20626
0180050713	2012	2	12	43		0.20709
0180050713	2012	2	13	44		0.20801
0180050713	2012	2	14	45		0.20852
0180050713	2012	2	15	46		0.20877
0180050713	2012	2	16	47		0.20895
0180050713	2012	2	17	48		0.20912
0180050713	2012	2	18	49		0.20924
0180050713	2012	2	19	50		0.20938
0180050713	2012	2	20	51		0.20948
0180050713	2012	2	21	52		0.20959
0180050713	2012	2	22	53		0.20973
0180050713	2012	2	23	54		0.20988
0180050713	2012	2	24	55		0.21007
0180050713	2012	2	25	56		0.21032
0180050713	2012	2	26	57		0.21073
0180050713	2012	2	27	58		0.21109
0180050713	2012	2	28	59		0.21134
0180050713	2012	2	29	60		0.21147
0180050713	2012	3	1	61		0.21155
0180050713	2012	3	2	62		0.21164
0180050713	2012	3	3	63		0.21172
0180050713	2012	3	4	64		0.21175
0180050713	2012	3	5	65		0.2118
0180050713	2012	3	6	66		0.21185
0180050713	2012	3	7	67		0.21197
0180050713	2012	3	8	68		0.21215
0180050713	2012	3	9	69		0.21229
0180050713	2012	3	10	70		0.2124
0180050713	2012	3	11	71		0.21261
0180050713	2012	3	12	72		0.21291
0180050713	2012	3	13	73		0.21324
0180050713	2012	3	14	74		0.21363
0180050713	2012	3	15	75		0.21429
0180050713	2012	3	16	76		0.21608
0180050713	2012	3	17	77		0.21717
0180050713	2012	3	18	78		0.21727
0180050713	2012	3	19	79		0.2173
0180050713	2012	3	20	80		0.21735
0180050713	2012	3	21	81		0.21741
0180050713	2012	3	22	82		
0180050713	2012	3	23	83		0.21869
0180050713	2012	3	24	84		0.2188
0180050713	2012	3	25	85		0.21879
0180050713	2012	3	26	86		0.21869
0180050713	2012	3	27	87		0.21862
0180050713	2012	3	28	88		0.2186
0180050713	2012	3	29	89		0.21859
0180050713	2012	3	30	90		0.2186
0180050713	2012	3	31	91		0.21982
0180050713	2012	4	1	92		0.22111
0180050713	2012	4	2	93		0.2208
0180050713	2012	4	3	94		0.22054
0180050713	2012	4	4	95		0.22064
0180050713	2012	4	5	96		0.22097
0180050713	2012	4	6	97		0.22092
0180050713	2012	4	7	98		0.22083
0180050713	2012	4	8	99		0.22063
0180050713	2012	4	9	100		0.22096
0180050713	2012	4	10	101		0.22237
0180050713	2012	4	11	102		0.22316
0180050713	2012	4	12	103		0.22311
0180050713	2012	4	13	104		0.22272
0180050713	2012	4	14	105		0.22242
0180050713	2012	4	15	106		0.22218
0180050713	2012	4	16	107		0.22199
0180050713	2012	4	17	108		0.22196
0180050713	2012	4	18	109		0.22233
0180050713	2012	4	19	110		0.22331
0180050713	2012	4	20	111		0.2249
0180050713	2012	4	21	112		0.22667
0180050713	2012	4	22	113		0.22798
0180050713	2012	4	23	114		0.22925
0180050713	2012	4	24	115		0.22994
0180050713	2012	4	25	116		0.2306
0180050713	2012	4	26	117		0.23295
0180050713	2012	4	27	118		0.23144
0180050713	2012	4	28	119		0.2304
0180050713	2012	4	29	120		0.23118
0180050713	2012	4	30	121		0.23202
0180050713	2012	5	1	122		0.23329
0180050713	2012	5	2	123		0.23299
0180050713	2012	5	3	124		0.23236
0180050713	2012	5	4	125		0.23181
0180050713	2012	5	5	126		0.23278
0180050713	2012	5	6	127		0.23298
0180050713	2012	5	7	128		0.23363
0180050713	2012	5	8	129		0.23456
0180050713	2012	5	9	130		0.23543
0180050713	2012	5	10	131		0.23197
0180050713	2012	5	11	132		0.22835
0180050713	2012	5	12	133		0.22625
0180050713	2012	5	13	134		0.22473
0180050713	2012	5	14	135		0.22364
0180050713	2012	5	15	136		0.22284
0180050713	2012	5	16	137		0.22184
0180050713	2012	5	17	138		0.22121
0180050713	2012	5	18	139		0.2207
0180050713	2012	5	19	140		0.22037
0180050713	2012	5	20	141		0.21979
0180050713	2012	5	21	142		0.21916
0180050713	2012	5	22	143		0.21849
0180050713	2012	5	23	144		0.21795
0180050713	2012	5	24	145		0.21734
0180050713	2012	5	25	146		0.21688
0180050713	2012	5	26	147		0.2178
0180050713	2012	5	27	148		0.22168
0180050713	2012	5	28	149		0.22342
0180050713	2012	5	29	150		0.22276
0180050713	2012	5	30	151		0.22208
0180050713	2012	5	31	152		0.22139
0180050713	2012	6	1	153		0.22067
0180050713	2012	6	2	154		0.21994
0180050713	2012	6	3	155		0.2192
0180050713	2012	6	4	156		0.21984
0180050713	2012	6	5	157		0.22795
0180050713	2012	6	6	158		0.22748
0180050713	2012	6	7	159		0.22622
0180050713	2012	6	8	160		0.22535
0180050713	2012	6	9	161		0.22457
0180050713	2012	6	10	162		0.2238
0180050713	2012	6	11	163		0.22304
0180050713	2012	6	12	164		0.22221
0180050713	2012	6	13	165		0.22135
0180050713	2012	6	14	166		0.22048
0180050713	2012	6	15	167		0.21955
0180050713	2012	6	16	168		0.2186
0180050713	2012	6	17	169		0.2176
0180050713	2012	6	18	170		0.21652
0180050713	2012	6	19	171		0.21535
0180050713	2012	6	20	172		0.21453
0180050713	2012	6	21	173		0.21325
0180050713	2012	6	22	174		0.21222
0180050713	2012	6	23	175		0.2111
0180050713	2012	6	24	176		0.21011
0180050713	2012	6	25	177		0.20968
0180050713	2012	6	26	178		0.20951
0180050713	2012	6	27	179		0.20927
0180050713	2012	6	28	180		0.20897
0180050713	2012	6	29	181		0.2085
0180050713	2012	6	30	182		0.20795
0180050713	2012	7	1	183		0.20741
0180050713	2012	7	2	184		0.20685
0180050713	2012	7	3	185		0.20635
0180050713	2012	7	4	186		0.20573
0180050713	2012	7	5	187		0.20506
0180050713	2012	7	6	188		0.20437
0180050713	2012	7	7	189		0.2037
0180050713	2012	7	8	190		0.20301
0180050713	2012	7	9	191		0.20224
0180050713	2012	7	10	192		0.20141
0180050713	2012	7	11	193		0.20055
0180050713	2012	7	12	194		0.19963
0180050713	2012	7	13	195		0.19868
0180050713	2012	7	14	196		0.19769
0180050713	2012	7	15	197		0.1966
0180050713	2012	7	16	198		0.19564
0180050713	2012	7	17	199		0.19469
0180050713	2012	7	18	200		0.19388
0180050713	2012	7	19	201		0.19327
0180050713	2012	7	20	202		0.19246
0180050713	2012	7	21	203		0.19205
0180050713	2012	7	22	204		0.19139
0180050713	2012	7	23	205		0.19054
0180050713	2012	7	24	206		0.18973
0180050713	2012	7	25	207		0.18936
0180050713	2012	7	26	208		0.18897
0180050713	2012	7	27	209		0.18857
0180050713	2012	7	28	210		0.18807
0180050713	2012	7	29	211		0.18746
0180050713	2012	7	30	212		0.18685
0180050713	2012	7	31	213		0.18615
0180050713	2012	8	1	214		0.18542
0180050713	2012	8	2	215		0.18465
0180050713	2012	8	3	216		0.1839
0180050713	2012	8	4	217		0.18309
0180050713	2012	8	5	218		0.18223
0180050713	2012	8	6	219		0.18162
0180050713	2012	8	7	220		0.18119
0180050713	2012	8	8	221		0.18068
0180050713	2012	8	9	222		0.18008
0180050713	2012	8	10	223		0.17939
0180050713	2012	8	11	224		0.17866
0180050713	2012	8	12	225		0.17798
0180050713	2012	8	13	226		0.17725
0180050713	2012	8	14	227		0.17655
0180050713	2012	8	15	228		0.17617
0180050713	2012	8	16	229		0.17557
0180050713	2012	8	17	230		0.17509
0180050713	2012	8	18	231		0.17466
0180050713	2012	8	19	232		0.17432
0180050713	2012	8	20	233		0.17404
0180050713	2012	8	21	234		0.17371
0180050713	2012	8	22	235		0.17343
0180050713	2012	8	23	236		0.17317
0180050713	2012	8	24	237		0.17291
0180050713	2012	8	25	238		0.17268
0180050713	2012	8	26	239		0.17243
0180050713	2012	8	27	240		0.17218
0180050713	2012	8	28	241		0.17202
0180050713	2012	8	29	242		0.17187
0180050713	2012	8	30	243		0.17178
0180050713	2012	8	31	244		0.17168
0180050713	2012	9	1	245		0.17149
0180050713	2012	9	2	246		0.17137
0180050713	2012	9	3	247		0.17131
0180050713	2012	9	4	248		0.17124
0180050713	2012	9	5	249		0.17113
0180050713	2012	9	6	250		0.1709
0180050713	2012	9	7	251		0.1709
0180050713	2012	9	8	252		0.17118
0180050713	2012	9	9	253		0.17143
0180050713	2012	9	10	254		0.17152
0180050713	2012	9	11	255		0.17155
0180050713	2012	9	12	256		0.17155
0180050713	2012	9	13	257		0.17151
0180050713	2012	9	14	258		0.17145
0180050713	2012	9	15	259		0.17132
0180050713	2012	9	16	260		0.17121
0180050713	2012	9	17	261		0.1711
0180050713	2012	9	18	262		0.17101
0180050713	2012	9	19	263		0.17094
0180050713	2012	9	20	264		0.17088
0180050713	2012	9	21	265		0.17083
0180050713	2012	9	22	266		0.17076
0180050713	2012	9	23	267		0.17067
0180050713	2012	9	24	268		0.17056
0180050713	2012	9	25	269		0.17055
0180050713	2012	9	26	270		0.17053
0180050713	2012	9	27	271		0.17052
0180050713	2012	9	28	272		0.1705
0180050713	2012	9	29	273		0.17049
0180050713	2012	9	30	274		0.17048
0180050713	2012	10	1	275		0.17047
0180050713	2012	10	2	276		0.17043
0180050713	2012	10	3	277		0.17037
0180050713	2012	10	4	278		0.1703
0180050713	2012	10	5	279		0.1702
0180050713	2012	10	6	280		0.17012
0180050713	2012	10	7	281		0.17011
0180050713	2012	10	8	282		0.17012
0180050713	2012	10	9	283		0.17016
0180050713	2012	10	10	284		0.17018
0180050713	2012	10	11	285		0.17017
0180050713	2012	10	12	286		0.17015
0180050713	2012	10	13	287		0.17009
0180050713	2012	10	14	288		0.17019
0180050713	2012	10	15	289		0.17029
0180050713	2012	10	16	290		0.17038
0180050713	2012	10	17	291		0.17039
0180050713	2012	10	18	292		0.17044
0180050713	2012	10	19	293		0.1707
0180050713	2012	10	20	294		0.17069
0180050713	2012	10	21	295		0.17059
0180050713	2012	10	22	296		0.17036
0180050713	2012	10	23	297		0.17016
0180050713	2012	10	24	298		0.17017
0180050713	2012	10	25	299		0.1701
0180050713	2012	10	26	300		0.17009
0180050713	2012	10	27	301		0.17014
0180050713	2012	10	28	302		0.17038
0180050713	2012	10	29	303		0.17069
0180050713	2012	10	30	304		0.17089
0180050713	2012	10	31	305		0.1709
0180050713	2012	11	1	306		0.17073
0180050713	2012	11	2	307		0.17077
0180050713	2012	11	3	308		0.17084
0180050713	2012	11	4	309		0.17088
0180050713	2012	11	5	310		0.1709
0180050713	2012	11	6	311		0.17098
0180050713	2012	11	7	312		0.17111
0180050713	2012	11	8	313		0.17126
0180050713	2012	11	9	314		0.1715
0180050713	2012	11	10	315		0.17179
0180050713	2012	11	11	316		0.17207
0180050713	2012	11	12	317		0.17233
0180050713	2012	11	13	318		0.17255
0180050713	2012	11	14	319		0.17282
0180050713	2012	11	15	320		0.17316
0180050713	2012	11	16	321		0.17347
0180050713	2012	11	17	322		0.1737
0180050713	2012	11	18	323		0.17396
0180050713	2012	11	19	324		0.17476
0180050713	2012	11	20	325		0.17512
0180050713	2012	11	21	326		0.17566
0180050713	2012	11	22	327		0.17616
0180050713	2012	11	23	328		0.17668
0180050713	2012	11	24	329		0.17715
0180050713	2012	11	25	330		0.17759
0180050713	2012	11	26	331		0.17796
0180050713	2012	11	27	332		0.1783
0180050713	2012	11	28	333		0.17861
0180050713	2012	11	29	334		0.17874
0180050713	2012	11	30	335		0.17939
0180050713	2012	12	1	336		0.18036
0180050713	2012	12	2	337		0.18199
0180050713	2012	12	3	338		0.18359
0180050713	2012	12	4	339		0.18543
0180050713	2012	12	5	340		0.18706
0180050713	2012	12	6	341		0.1888
0180050713	2012	12	7	342		0.19018
0180050713	2012	12	8	343		0.19108
0180050713	2012	12	9	344		0.19176
0180050713	2012	12	10	345		0.19228
0180050713	2012	12	11	346		0.19266
0180050713	2012	12	12	347		0.19312
0180050713	2012	12	13	348		0.19349
0180050713	2012	12	14	349		0.1938
0180050713	2012	12	15	350		0.19411
0180050713	2012	12	16	351		0.19443
0180050713	2012	12	17	352		0.19465
0180050713	2012	12	18	353		
0180050713	2012	12	19	354		0.1958
0180050713	2012	12	20	355		0.19595
0180050713	2012	12	21	356		0.19624
0180050713	2012	12	22	357		0.19652
0180050713	2012	12	23	358		0.19682
0180050713	2012	12	24	359		
0180050713	2012	12	25	360		
0180050713	2012	12	26	361		0.19784
0180050713	2012	12	27	362		0.19805
0180050713	2012	12	28	363		0.1983
0180050713	2012	12	29	364		0.19855
0180050713	2012	12	30	365		0.19879
0180050713	2012	12	31	366		0.199
0180050713	2013	1	1	1		0.19919
0180050713	2013	1	2	2		0.19942
0180050713	2013	1	3	3		0.19962
0180050713	2013	1	4	4		0.19981
0180050713	2013	1	5	5		0.2
0180050713	2013	1	6	6		0.20018
0180050713	2013	1	7	7		0.20035
0180050713	2013	1	8	8		0.20054
0180050713	2013	1	9	9		0.20068
0180050713	2013	1	10	10		0.20088
0180050713	2013	1	11	11		0.20104
0180050713	2013	1	12	12		0.20119
0180050713	2013	1	13	13		0.20133
0180050713	2013	1	14	14		0.20147
0180050713	2013	1	15	15		0.20164
0180050713	2013	1	16	16		0.20178
0180050713	2013	1	17	17		0.20193
0180050713	2013	1	18	18		0.20204
0180050713	2013	1	19	19		0.20215
0180050713	2013	1	20	20		0.20226
0180050713	2013	1	21	21		0.20236
0180050713	2013	1	22	22		0.20248
0180050713	2013	1	23	23		0.20258
0180050713	2013	1	24	24		0.20276
0180050713	2013	1	25	25		0.20312
0180050713	2013	1	26	26		0.20387
0180050713	2013	1	27	27		0.20435
0180050713	2013	1	28	28		0.2046
0180050713	2013	1	29	29		0.20475
0180050713	2013	1	30	30		0.20492
0180050713	2013	1	31	31		0.20506
0180050713	2013	2	1	32		0.20517
0180050713	2013	2	2	33		0.20531
0180050713	2013	2	3	34		0.20543
0180050713	2013	2	4	35		0.20553
0180050713	2013	2	5	36		0.20563
0180050713	2013	2	6	37		0.20573
0180050713	2013	2	7	38		0.20582
0180050713	2013	2	8	39		0.20593
0180050713	2013	2	9	40		0.20601
0180050713	2013	2	10	41		0.20612
0180050713	2013	2	11	42		0.20624
0180050713	2013	2	12	43		0.20641
0180050713	2013	2	13	44		0.20655
0180050713	2013	2	14	45		0.20665
0180050713	2013	2	15	46		0.20675
0180050713	2013	2	16	47		0.20684
0180050713	2013	2	17	48		0.20698
0180050713	2013	2	18	49		0.20711
0180050713	2013	2	19	50		0.20719
0180050713	2013	2	20	51		0.20732
0180050713	2013	2	21	52		0.20743
0180050713	2013	2	22	53		0.20752
0180050713	2013	2	23	54		0.20764
0180050713	2013	2	24	55		0.20771
0180050713	2013	2	25	56		0.2078
0180050713	2013	2	26	57		0.20789
0180050713	2013	2	27	58		0.20794
0180050713	2013	2	28	59		0.20802
0180050713	2013	3	1	60		0.20812
0180050713	2013	3	2	61		0.20845
0180050713	2013	3	3	62		0.20882
0180050713	2013	3	4	63		0.20925
0180050713	2013	3	5	64		0.20958
0180050713	2013	3	6	65		0.21009
0180050713	2013	3	7	66		0.21036
0180050713	2013	3	8	67		0.21051
0180050713	2013	3	9	68		0.2106
0180050713	2013	3	10	69		0.21067
0180050713	2013	3	11	70		0.2107
0180050713	2013	3	12	71		0.21078
0180050713	2013	3	13	72		0.21095
0180050713	2013	3	14	73		0.21153
0180050713	2013	3	15	74		0.21209
0180050713	2013	3	16	75		
0180050713	2013	3	17	76		0.2131
0180050713	2013	3	18	77		0.21343
0180050713	2013	3	19	78		0.21379
0180050713	2013	3	20	79		0.21439
0180050713	2013	3	21	80		0.21473
0180050713	2013	3	22	81		0.21491
0180050713	2013	3	23	82		0.2145
0180050713	2013	3	24	83		0.21457
0180050713	2013	3	25	84		0.21531
0180050713	2013	3	26	85		0.21582
0180050713	2013	3	27	86		0.21621
0180050713	2013	3	28	87		0.21677
0180050713	2013	3	29	88		0.21722
0180050713	2013	3	30	89		0.21754
0180050713	2013	3	31	90		0.21831
0180050713	2013	4	1	91		0.21827
0180050713	2013	4	2	92		0.21804
0180050713	2013	4	3	93		0.21873
0180050713	2013	4	4	94		0.21933
0180050713	2013	4	5	95		0.22002
0180050713	2013	4	6	96		0.21994
0180050713	2013	4	7	97		0.22046
0180050713	2013	4	8	98		0.22053
0180050713	2013	4	9	99		0.21947
0180050713	2013	4	10	100		0.2202
0180050713	2013	4	11	101		0.22135
0180050713	2013	4	12	102		0.2215
0180050713	2013	4	13	103		0.22166
0180050713	2013	4	14	104		0.22185
0180050713	2013	4	15	105		0.22177
0180050713	2013	4	16	106		0.22056
0180050713	2013	4	17	107		0.22097
0180050713	2013	4	18	108		0.22142
0180050713	2013	4	19	109		0.22181
0180050713	2013	4	20	110		0.22136
0180050713	2013	4	21	111		0.21986
0180050713	2013	4	22	112		0.21872
0180050713	2013	4	23	113		0.21792
0180050713	2013	4	24	114		0.21742
0180050713	2013	4	25	115		0.21701
0180050713	2013	4	26	116		0.21668
0180050713	2013	4	27	117		0.21634
0180050713	2013	4	28	118		0.21603
0180050713	2013	4	29	119		0.21577
0180050713	2013	4	30	120		0.21549
0180050713	2013	5	1	121		0.21514
0180050713	2013	5	2	122		0.21484
0180050713	2013	5	3	123		0.21467
0180050713	2013	5	4	124		0.21444
0180050713	2013	5	5	125		
0180050713	2013	5	6	126		
0180050713	2013	5	7	127		
0180050713	2013	5	8	128		
0180050713	2013	5	9	129		
0180050713	2013	5	10	130		
0180050713	2013	5	11	131		
0180050713	2013	5	12	132		
0180050713	2013	5	13	133		
0180050713	2013	5	14	134		
0180050713	2013	5	15	135		
0180050713	2013	5	16	136		
0180050713	2013	5	17	137		
0180050713	2013	5	18	138		
0180050713	2013	5	19	139		
0180050713	2013	5	20	140		
0180050713	2013	5	21	141		
0180050713	2013	5	22	142		
0180050713	2013	5	23	143		
0180050713	2013	5	24	144		
0180050713	2013	5	25	145		
0180050713	2013	5	26	146		
0180050713	2013	5	27	147		
0180050713	2013	5	28	148		
0180050713	2013	5	29	149		
0180050713	2013	5	30	150		
0180050713	2013	5	31	151		
0180050713	2013	6	1	152		
0180050713	2013	6	2	153		
0180050713	2013	6	3	154		
0180050713	2013	6	4	155		
0180050713	2013	6	5	156		
0180050713	2013	6	6	157		
0180050713	2013	6	7	158		
0180050713	2013	6	8	159		
0180050713	2013	6	9	160		
0180050713	2013	6	10	161		
0180050713	2013	6	11	162		
0180050713	2013	6	12	163		
0180050713	2013	6	13	164		
0180050713	2013	6	14	165		
0180050713	2013	6	15	166		
0180050713	2013	6	16	167		
0180050713	2013	6	17	168		
0180050713	2013	6	18	169		
0180050713	2013	6	19	170		
0180050713	2013	6	20	171		
0180050713	2013	6	21	172		
0180050713	2013	6	22	173		
0180050713	2013	6	23	174		
0180050713	2013	6	24	175		
0180050713	2013	6	25	176		
0180050713	2013	6	26	177		
0180050713	2013	6	27	178		
0180050713	2013	6	28	179		
0180050713	2013	6	29	180		
0180050713	2013	6	30	181		
0180050713	2013	7	1	182		
0180050713	2013	7	2	183		
0180050713	2013	7	3	184		
0180050713	2013	7	4	185		
0180050713	2013	7	5	186		
0180050713	2013	7	6	187		
0180050713	2013	7	7	188		
0180050713	2013	7	8	189		
0180050713	2013	7	9	190		
0180050713	2013	7	10	191		
0180050713	2013	7	11	192		
0180050713	2013	7	12	193		
0180050713	2013	7	13	194		
0180050713	2013	7	14	195		
0180050713	2013	7	15	196		
0180050713	2013	7	16	197		
0180050713	2013	7	17	198		
0180050713	2013	7	18	199		
0180050713	2013	7	19	200		
0180050713	2013	7	20	201		
0180050713	2013	7	21	202		
0180050713	2013	7	22	203		
0180050713	2013	7	23	204		
0180050713	2013	7	24	205		
0180050713	2013	7	25	206		
0180050713	2013	7	26	207		
0180050713	2013	7	27	208		
0180050713	2013	7	28	209		
0180050713	2013	7	29	210		
0180050713	2013	7	30	211		
0180050713	2013	7	31	212		
0180050713	2013	8	1	213		
0180050713	2013	8	2	214		
0180050713	2013	8	3	215		
0180050713	2013	8	4	216		
0180050713	2013	8	5	217		
0180050713	2013	8	6	218		
0180050713	2013	8	7	219		
0180050713	2013	8	8	220		
0180050713	2013	8	9	221		
0180050713	2013	8	10	222		
0180050713	2013	8	11	223		
0180050713	2013	8	12	224		
0180050713	2013	8	13	225		
0180050713	2013	8	14	226		
0180050713	2013	8	15	227		
0180050713	2013	8	16	228		
0180050713	2013	8	17	229		
0180050713	2013	8	18	230		
0180050713	2013	8	19	231		
0180050713	2013	8	20	232		
0180050713	2013	8	21	233		
0180050713	2013	8	22	234		
0180050713	2013	8	23	235		
0180050713	2013	8	24	236		
0180050713	2013	8	25	237		
0180050713	2013	8	26	238		
0180050713	2013	8	27	239		
0180050713	2013	8	28	240		
0180050713	2013	8	29	241		
0180050713	2013	8	30	242		
0180050713	2013	8	31	243		
0180050713	2013	9	1	244		
0180050713	2013	9	2	245		
0180050713	2013	9	3	246		
0180050713	2013	9	4	247		
0180050713	2013	9	5	248		
0180050713	2013	9	6	249		
0180050713	2013	9	7	250		
0180050713	2013	9	8	251		
0180050713	2013	9	9	252		
0180050713	2013	9	10	253		
0180050713	2013	9	11	254		
0180050713	2013	9	12	255		
0180050713	2013	9	13	256		
0180050713	2013	9	14	257		
0180050713	2013	9	15	258		
0180050713	2013	9	16	259		
0180050713	2013	9	17	260		
0180050713	2013	9	18	261		
0180050713	2013	9	19	262		
0180050713	2013	9	20	263		
0180050713	2013	9	21	264		
0180050713	2013	9	22	265		
0180050713	2013	9	23	266		
0180050713	2013	9	24	267		
0180050713	2013	9	25	268		
0180050713	2013	9	26	269		
0180050713	2013	9	27	270		
0180050713	2013	9	28	271		
0180050713	2013	9	29	272		
0180050713	2013	9	30	273		
0180050713	2013	10	1	274		
0180050713	2013	10	2	275		
0180050713	2013	10	3	276		
0180050713	2013	10	4	277		
0180050713	2013	10	5	278		
0180050713	2013	10	6	279		
0180050713	2013	10	7	280		
0180050713	2013	10	8	281		
0180050713	2013	10	9	282		
0180050713	2013	10	10	283		
0180050713	2013	10	11	284		
0180050713	2013	10	12	285		
0180050713	2013	10	13	286		
0180050713	2013	10	14	287		
0180050713	2013	10	15	288		
0180050713	2013	10	16	289		
0180050713	2013	10	17	290		
0180050713	2013	10	18	291		
0180050713	2013	10	19	292		
0180050713	2013	10	20	293		
0180050713	2013	10	21	294		
0180050713	2013	10	22	295		
0180050713	2013	10	23	296		
0180050713	2013	10	24	297		
0180050713	2013	10	25	298		
0180050713	2013	10	26	299		
0180050713	2013	10	27	300		
0180050713	2013	10	28	301		
0180050713	2013	10	29	302		
0180050713	2013	10	30	303		
0180050713	2013	10	31	304		
0180050713	2013	11	1	305		
0180050713	2013	11	2	306		
0180050713	2013	11	3	307		
0180050713	2013	11	4	308		
0180050713	2013	11	5	309		
0180050713	2013	11	6	310		
0180050713	2013	11	7	311		
0180050713	2013	11	8	312		
0180050713	2013	11	9	313		
0180050713	2013	11	10	314		
0180050713	2013	11	11	315		
0180050713	2013	11	12	316		
0180050713	2013	11	13	317		
0180050713	2013	11	14	318		
0180050713	2013	11	15	319		
0180050713	2013	11	16	320		
0180050713	2013	11	17	321		
0180050713	2013	11	18	322		
0180050713	2013	11	19	323		
0180050713	2013	11	20	324		
0180050713	2013	11	21	325		
0180050713	2013	11	22	326		
0180050713	2013	11	23	327		
0180050713	2013	11	24	328		
0180050713	2013	11	25	329		
0180050713	2013	11	26	330		
0180050713	2013	11	27	331		
0180050713	2013	11	28	332		
0180050713	2013	11	29	333		
0180050713	2013	11	30	334		
0180050713	2013	12	1	335		
0180050713	2013	12	2	336		
0180050713	2013	12	3	337		
0180050713	2013	12	4	338		
0180050713	2013	12	5	339		
0180050713	2013	12	6	340		
0180050713	2013	12	7	341		
0180050713	2013	12	8	342		
0180050713	2013	12	9	343		
0180050713	2013	12	10	344		
0180050713	2013	12	11	345		
0180050713	2013	12	12	346		
0180050713	2013	12	13	347		
0180050713	2013	12	14	348		
0180050713	2013	12	15	349		
0180050713	2013	12	16	350		
0180050713	2013	12	17	351		
0180050713	2013	12	18	352		
0180050713	2013	12	19	353		
0180050713	2013	12	20	354		
0180050713	2013	12	21	355		
0180050713	2013	12	22	356		
0180050713	2013	12	23	357		
0180050713	2013	12	24	358		
0180050713	2013	12	25	359		
0180050713	2013	12	26	360		
0180050713	2013	12	27	361		
0180050713	2013	12	28	362		
0180050713	2013	12	29	363		
0180050713	2013	12	30	364		
0180050713	2013	12	31	365		
