stationID	Y	M	D	DOY	depth_10	depth_15
0180020713	2007	1	1	1		
0180020713	2007	1	2	2		
0180020713	2007	1	3	3		
0180020713	2007	1	4	4		
0180020713	2007	1	5	5		
0180020713	2007	1	6	6		
0180020713	2007	1	7	7		
0180020713	2007	1	8	8		
0180020713	2007	1	9	9		
0180020713	2007	1	10	10		
0180020713	2007	1	11	11		
0180020713	2007	1	12	12		
0180020713	2007	1	13	13		
0180020713	2007	1	14	14		
0180020713	2007	1	15	15		
0180020713	2007	1	16	16		
0180020713	2007	1	17	17		
0180020713	2007	1	18	18		
0180020713	2007	1	19	19		
0180020713	2007	1	20	20		
0180020713	2007	1	21	21		
0180020713	2007	1	22	22		
0180020713	2007	1	23	23		
0180020713	2007	1	24	24		
0180020713	2007	1	25	25		
0180020713	2007	1	26	26		
0180020713	2007	1	27	27		
0180020713	2007	1	28	28		
0180020713	2007	1	29	29		
0180020713	2007	1	30	30		
0180020713	2007	1	31	31		
0180020713	2007	2	1	32		
0180020713	2007	2	2	33		
0180020713	2007	2	3	34		
0180020713	2007	2	4	35		
0180020713	2007	2	5	36		
0180020713	2007	2	6	37		
0180020713	2007	2	7	38		
0180020713	2007	2	8	39		
0180020713	2007	2	9	40		
0180020713	2007	2	10	41		
0180020713	2007	2	11	42		
0180020713	2007	2	12	43		
0180020713	2007	2	13	44		
0180020713	2007	2	14	45		
0180020713	2007	2	15	46		
0180020713	2007	2	16	47		
0180020713	2007	2	17	48		
0180020713	2007	2	18	49		
0180020713	2007	2	19	50		
0180020713	2007	2	20	51		
0180020713	2007	2	21	52		
0180020713	2007	2	22	53		
0180020713	2007	2	23	54		
0180020713	2007	2	24	55		
0180020713	2007	2	25	56		
0180020713	2007	2	26	57		
0180020713	2007	2	27	58		
0180020713	2007	2	28	59		
0180020713	2007	3	1	60		
0180020713	2007	3	2	61		
0180020713	2007	3	3	62		
0180020713	2007	3	4	63		
0180020713	2007	3	5	64		
0180020713	2007	3	6	65		
0180020713	2007	3	7	66		
0180020713	2007	3	8	67		
0180020713	2007	3	9	68		
0180020713	2007	3	10	69		
0180020713	2007	3	11	70		
0180020713	2007	3	12	71		
0180020713	2007	3	13	72		
0180020713	2007	3	14	73		
0180020713	2007	3	15	74		
0180020713	2007	3	16	75		
0180020713	2007	3	17	76		
0180020713	2007	3	18	77		
0180020713	2007	3	19	78		
0180020713	2007	3	20	79		
0180020713	2007	3	21	80		
0180020713	2007	3	22	81		
0180020713	2007	3	23	82		
0180020713	2007	3	24	83		
0180020713	2007	3	25	84		
0180020713	2007	3	26	85		
0180020713	2007	3	27	86		
0180020713	2007	3	28	87		
0180020713	2007	3	29	88		
0180020713	2007	3	30	89		
0180020713	2007	3	31	90		
0180020713	2007	4	1	91		
0180020713	2007	4	2	92		
0180020713	2007	4	3	93		
0180020713	2007	4	4	94		
0180020713	2007	4	5	95		
0180020713	2007	4	6	96		
0180020713	2007	4	7	97		
0180020713	2007	4	8	98		
0180020713	2007	4	9	99		
0180020713	2007	4	10	100		
0180020713	2007	4	11	101		
0180020713	2007	4	12	102		
0180020713	2007	4	13	103		
0180020713	2007	4	14	104		
0180020713	2007	4	15	105		
0180020713	2007	4	16	106		
0180020713	2007	4	17	107		
0180020713	2007	4	18	108		
0180020713	2007	4	19	109		
0180020713	2007	4	20	110		
0180020713	2007	4	21	111		
0180020713	2007	4	22	112		
0180020713	2007	4	23	113		
0180020713	2007	4	24	114		
0180020713	2007	4	25	115		
0180020713	2007	4	26	116		
0180020713	2007	4	27	117		
0180020713	2007	4	28	118		
0180020713	2007	4	29	119		
0180020713	2007	4	30	120		
0180020713	2007	5	1	121		
0180020713	2007	5	2	122		
0180020713	2007	5	3	123		
0180020713	2007	5	4	124		
0180020713	2007	5	5	125		
0180020713	2007	5	6	126		
0180020713	2007	5	7	127		
0180020713	2007	5	8	128		
0180020713	2007	5	9	129		
0180020713	2007	5	10	130		
0180020713	2007	5	11	131		
0180020713	2007	5	12	132		
0180020713	2007	5	13	133		
0180020713	2007	5	14	134		
0180020713	2007	5	15	135		
0180020713	2007	5	16	136		
0180020713	2007	5	17	137		
0180020713	2007	5	18	138		
0180020713	2007	5	19	139		
0180020713	2007	5	20	140		
0180020713	2007	5	21	141		
0180020713	2007	5	22	142		
0180020713	2007	5	23	143		
0180020713	2007	5	24	144		
0180020713	2007	5	25	145		
0180020713	2007	5	26	146		
0180020713	2007	5	27	147		
0180020713	2007	5	28	148		
0180020713	2007	5	29	149		
0180020713	2007	5	30	150		
0180020713	2007	5	31	151		
0180020713	2007	6	1	152		
0180020713	2007	6	2	153		
0180020713	2007	6	3	154		
0180020713	2007	6	4	155		
0180020713	2007	6	5	156		
0180020713	2007	6	6	157		
0180020713	2007	6	7	158		
0180020713	2007	6	8	159		
0180020713	2007	6	9	160		
0180020713	2007	6	10	161		
0180020713	2007	6	11	162		
0180020713	2007	6	12	163		
0180020713	2007	6	13	164		
0180020713	2007	6	14	165		
0180020713	2007	6	15	166		
0180020713	2007	6	16	167		
0180020713	2007	6	17	168		
0180020713	2007	6	18	169		
0180020713	2007	6	19	170		
0180020713	2007	6	20	171		
0180020713	2007	6	21	172		
0180020713	2007	6	22	173		
0180020713	2007	6	23	174		
0180020713	2007	6	24	175		
0180020713	2007	6	25	176		
0180020713	2007	6	26	177		
0180020713	2007	6	27	178		
0180020713	2007	6	28	179		
0180020713	2007	6	29	180		
0180020713	2007	6	30	181		
0180020713	2007	7	1	182		
0180020713	2007	7	2	183		
0180020713	2007	7	3	184		
0180020713	2007	7	4	185		
0180020713	2007	7	5	186		
0180020713	2007	7	6	187		
0180020713	2007	7	7	188		
0180020713	2007	7	8	189		
0180020713	2007	7	9	190		
0180020713	2007	7	10	191		
0180020713	2007	7	11	192		
0180020713	2007	7	12	193		
0180020713	2007	7	13	194		
0180020713	2007	7	14	195		
0180020713	2007	7	15	196		
0180020713	2007	7	16	197		
0180020713	2007	7	17	198		
0180020713	2007	7	18	199		
0180020713	2007	7	19	200		
0180020713	2007	7	20	201		
0180020713	2007	7	21	202		
0180020713	2007	7	22	203		
0180020713	2007	7	23	204		
0180020713	2007	7	24	205		
0180020713	2007	7	25	206		
0180020713	2007	7	26	207		
0180020713	2007	7	27	208		
0180020713	2007	7	28	209		
0180020713	2007	7	29	210		
0180020713	2007	7	30	211		
0180020713	2007	7	31	212		
0180020713	2007	8	1	213		
0180020713	2007	8	2	214		
0180020713	2007	8	3	215		
0180020713	2007	8	4	216		
0180020713	2007	8	5	217		
0180020713	2007	8	6	218		
0180020713	2007	8	7	219		
0180020713	2007	8	8	220		
0180020713	2007	8	9	221		
0180020713	2007	8	10	222		
0180020713	2007	8	11	223		
0180020713	2007	8	12	224		
0180020713	2007	8	13	225		
0180020713	2007	8	14	226		
0180020713	2007	8	15	227		
0180020713	2007	8	16	228		
0180020713	2007	8	17	229		
0180020713	2007	8	18	230		
0180020713	2007	8	19	231		
0180020713	2007	8	20	232		
0180020713	2007	8	21	233		
0180020713	2007	8	22	234		
0180020713	2007	8	23	235		
0180020713	2007	8	24	236		
0180020713	2007	8	25	237		
0180020713	2007	8	26	238		
0180020713	2007	8	27	239		
0180020713	2007	8	28	240		
0180020713	2007	8	29	241		
0180020713	2007	8	30	242		
0180020713	2007	8	31	243		
0180020713	2007	9	1	244		
0180020713	2007	9	2	245		
0180020713	2007	9	3	246		
0180020713	2007	9	4	247		
0180020713	2007	9	5	248		
0180020713	2007	9	6	249		
0180020713	2007	9	7	250		
0180020713	2007	9	8	251		
0180020713	2007	9	9	252		
0180020713	2007	9	10	253		
0180020713	2007	9	11	254		
0180020713	2007	9	12	255		
0180020713	2007	9	13	256		
0180020713	2007	9	14	257		
0180020713	2007	9	15	258		
0180020713	2007	9	16	259		
0180020713	2007	9	17	260		
0180020713	2007	9	18	261		
0180020713	2007	9	19	262		
0180020713	2007	9	20	263		
0180020713	2007	9	21	264		
0180020713	2007	9	22	265		
0180020713	2007	9	23	266		
0180020713	2007	9	24	267		
0180020713	2007	9	25	268		
0180020713	2007	9	26	269		
0180020713	2007	9	27	270		
0180020713	2007	9	28	271		
0180020713	2007	9	29	272		
0180020713	2007	9	30	273		
0180020713	2007	10	1	274		
0180020713	2007	10	2	275		
0180020713	2007	10	3	276		
0180020713	2007	10	4	277		
0180020713	2007	10	5	278		
0180020713	2007	10	6	279		
0180020713	2007	10	7	280		
0180020713	2007	10	8	281		
0180020713	2007	10	9	282		
0180020713	2007	10	10	283		
0180020713	2007	10	11	284		
0180020713	2007	10	12	285		
0180020713	2007	10	13	286		
0180020713	2007	10	14	287		
0180020713	2007	10	15	288		
0180020713	2007	10	16	289		
0180020713	2007	10	17	290		
0180020713	2007	10	18	291		
0180020713	2007	10	19	292		
0180020713	2007	10	20	293		
0180020713	2007	10	21	294		
0180020713	2007	10	22	295		
0180020713	2007	10	23	296		
0180020713	2007	10	24	297		
0180020713	2007	10	25	298		
0180020713	2007	10	26	299		
0180020713	2007	10	27	300		
0180020713	2007	10	28	301		
0180020713	2007	10	29	302		
0180020713	2007	10	30	303		
0180020713	2007	10	31	304		
0180020713	2007	11	1	305		
0180020713	2007	11	2	306		
0180020713	2007	11	3	307		
0180020713	2007	11	4	308		
0180020713	2007	11	5	309		
0180020713	2007	11	6	310		
0180020713	2007	11	7	311		
0180020713	2007	11	8	312		
0180020713	2007	11	9	313		
0180020713	2007	11	10	314		
0180020713	2007	11	11	315		
0180020713	2007	11	12	316		
0180020713	2007	11	13	317		
0180020713	2007	11	14	318		
0180020713	2007	11	15	319		
0180020713	2007	11	16	320		
0180020713	2007	11	17	321		
0180020713	2007	11	18	322		
0180020713	2007	11	19	323		
0180020713	2007	11	20	324		
0180020713	2007	11	21	325		
0180020713	2007	11	22	326		
0180020713	2007	11	23	327		
0180020713	2007	11	24	328		
0180020713	2007	11	25	329		
0180020713	2007	11	26	330		
0180020713	2007	11	27	331		
0180020713	2007	11	28	332		
0180020713	2007	11	29	333		
0180020713	2007	11	30	334		
0180020713	2007	12	1	335		
0180020713	2007	12	2	336	0.069958	0.097295
0180020713	2007	12	3	337	0.080306	0.097256
0180020713	2007	12	4	338	0.1248	0.11291
0180020713	2007	12	5	339	0.11977	0.11572
0180020713	2007	12	6	340	0.10634	0.10945
0180020713	2007	12	7	341	0.11281	0.11146
0180020713	2007	12	8	342	0.11319	0.11237
0180020713	2007	12	9	343	0.1125	0.11243
0180020713	2007	12	10	344	0.11074	0.11199
0180020713	2007	12	11	345	0.10867	0.11123
0180020713	2007	12	12	346	0.10681	0.11051
0180020713	2007	12	13	347	0.10533	0.10997
0180020713	2007	12	14	348	0.1038	0.10937
0180020713	2007	12	15	349	0.10438	0.10934
0180020713	2007	12	16	350	0.10323	0.10903
0180020713	2007	12	17	351	0.10196	0.10841
0180020713	2007	12	18	352	0.10243	0.10829
0180020713	2007	12	19	353	0.10324	0.10854
0180020713	2007	12	20	354	0.10386	0.10879
0180020713	2007	12	21	355	0.10409	0.10904
0180020713	2007	12	22	356	0.10449	0.10916
0180020713	2007	12	23	357	0.10486	0.10915
0180020713	2007	12	24	358	0.10494	0.10916
0180020713	2007	12	25	359	0.10497	0.10931
0180020713	2007	12	26	360	0.10534	0.10941
0180020713	2007	12	27	361	0.10541	0.10953
0180020713	2007	12	28	362	0.10546	0.10951
0180020713	2007	12	29	363	0.10517	0.10934
0180020713	2007	12	30	364	0.10513	0.10914
0180020713	2007	12	31	365	0.10513	0.10951
0180020713	2008	1	1	1	0.10519	0.1095
0180020713	2008	1	2	2	0.105	0.10944
0180020713	2008	1	3	3	0.10454	0.10931
0180020713	2008	1	4	4	0.13559	0.12981
0180020713	2008	1	5	5	0.14348	0.12817
0180020713	2008	1	6	6	0.13585	0.12449
0180020713	2008	1	7	7	0.12668	0.12056
0180020713	2008	1	8	8	0.12186	0.11837
0180020713	2008	1	9	9	0.11931	0.11688
0180020713	2008	1	10	10	0.11751	0.11589
0180020713	2008	1	11	11	0.11634	0.11515
0180020713	2008	1	12	12	0.115	0.11463
0180020713	2008	1	13	13	0.11415	0.11424
0180020713	2008	1	14	14	0.1136	0.11391
0180020713	2008	1	15	15	0.11318	0.11365
0180020713	2008	1	16	16	0.11281	0.11344
0180020713	2008	1	17	17	0.11254	0.11324
0180020713	2008	1	18	18	0.11239	0.11301
0180020713	2008	1	19	19	0.11326	0.11309
0180020713	2008	1	20	20	0.11342	0.11315
0180020713	2008	1	21	21	0.11304	0.11297
0180020713	2008	1	22	22	0.11248	0.11278
0180020713	2008	1	23	23	0.1119	0.11252
0180020713	2008	1	24	24	0.11135	0.11229
0180020713	2008	1	25	25	0.11099	0.11206
0180020713	2008	1	26	26	0.11103	0.11176
0180020713	2008	1	27	27	0.1194	0.11459
0180020713	2008	1	28	28	0.13285	0.12053
0180020713	2008	1	29	29	0.12451	0.11781
0180020713	2008	1	30	30	0.11894	0.11544
0180020713	2008	1	31	31	0.11806	0.11509
0180020713	2008	2	1	32	0.11749	0.11459
0180020713	2008	2	2	33	0.11677	0.11427
0180020713	2008	2	3	34	0.11642	0.11396
0180020713	2008	2	4	35	0.11591	0.11374
0180020713	2008	2	5	36	0.11547	0.11356
0180020713	2008	2	6	37	0.11498	0.11337
0180020713	2008	2	7	38	0.11466	0.11316
0180020713	2008	2	8	39	0.1145	0.11296
0180020713	2008	2	9	40	0.11421	0.11279
0180020713	2008	2	10	41	0.11391	0.11263
0180020713	2008	2	11	42	0.1136	0.11249
0180020713	2008	2	12	43	0.11336	0.11235
0180020713	2008	2	13	44	0.11316	0.11228
0180020713	2008	2	14	45	0.11302	0.1123
0180020713	2008	2	15	46	0.11304	0.11234
0180020713	2008	2	16	47	0.11313	0.11243
0180020713	2008	2	17	48	0.11354	0.11255
0180020713	2008	2	18	49	0.11534	0.11305
0180020713	2008	2	19	50	0.12073	0.11377
0180020713	2008	2	20	51	0.12696	0.11438
0180020713	2008	2	21	52	0.12664	0.11452
0180020713	2008	2	22	53	0.12759	0.1146
0180020713	2008	2	23	54	0.12605	0.1146
0180020713	2008	2	24	55	0.12432	0.11446
0180020713	2008	2	25	56	0.12282	0.11433
0180020713	2008	2	26	57	0.1215	0.11421
0180020713	2008	2	27	58	0.12061	0.11407
0180020713	2008	2	28	59	0.12021	0.11395
0180020713	2008	2	29	60	0.12987	0.11508
0180020713	2008	3	1	61	0.16539	0.13031
0180020713	2008	3	2	62	0.14888	0.1262
0180020713	2008	3	3	63	0.14335	0.12357
0180020713	2008	3	4	64	0.16995	0.13168
0180020713	2008	3	5	65	0.17804	0.13298
0180020713	2008	3	6	66	0.16394	0.12828
0180020713	2008	3	7	67	0.15613	0.12601
0180020713	2008	3	8	68	0.16814	0.12675
0180020713	2008	3	9	69	0.18499	0.13215
0180020713	2008	3	10	70		0.1553
0180020713	2008	3	11	71		
0180020713	2008	3	12	72		
0180020713	2008	3	13	73		
0180020713	2008	3	14	74		
0180020713	2008	3	15	75		
0180020713	2008	3	16	76	0.15065	0.1277
0180020713	2008	3	17	77	0.14672	0.12614
0180020713	2008	3	18	78	0.15071	0.12545
0180020713	2008	3	19	79	0.19869	0.14319
0180020713	2008	3	20	80		
0180020713	2008	3	21	81		0.15618
0180020713	2008	3	22	82	0.20182	0.1441
0180020713	2008	3	23	83		
0180020713	2008	3	24	84		
0180020713	2008	3	25	85		
0180020713	2008	3	26	86		
0180020713	2008	3	27	87		
0180020713	2008	3	28	88	0.20406	0.14791
0180020713	2008	3	29	89	0.18325	0.13775
0180020713	2008	3	30	90		
0180020713	2008	3	31	91	0.18089	0.137
0180020713	2008	4	1	92	0.20685	0.14938
0180020713	2008	4	2	93	0.18901	0.13797
0180020713	2008	4	3	94		
0180020713	2008	4	4	95		
0180020713	2008	4	5	96		
0180020713	2008	4	6	97		
0180020713	2008	4	7	98	0.20452	0.1556
0180020713	2008	4	8	99	0.20022	0.14979
0180020713	2008	4	9	100	0.18024	0.13777
0180020713	2008	4	10	101		0.15632
0180020713	2008	4	11	102		
0180020713	2008	4	12	103		
0180020713	2008	4	13	104		
0180020713	2008	4	14	105		
0180020713	2008	4	15	106		
0180020713	2008	4	16	107		
0180020713	2008	4	17	108		
0180020713	2008	4	18	109		
0180020713	2008	4	19	110		
0180020713	2008	4	20	111		
0180020713	2008	4	21	112		
0180020713	2008	4	22	113		
0180020713	2008	4	23	114	0.18754	
0180020713	2008	4	24	115	0.15804	0.13397
0180020713	2008	4	25	116	0.20534	
0180020713	2008	4	26	117		
0180020713	2008	4	27	118		
0180020713	2008	4	28	119		
0180020713	2008	4	29	120		
0180020713	2008	4	30	121		
0180020713	2008	5	1	122	0.17226	0.14335
0180020713	2008	5	2	123	0.14234	0.12665
0180020713	2008	5	3	124	0.1282	0.1194
0180020713	2008	5	4	125	0.12011	0.11467
0180020713	2008	5	5	126	0.1193	0.11481
0180020713	2008	5	6	127	0.1107	0.10924
0180020713	2008	5	7	128	0.10457	0.10556
0180020713	2008	5	8	129	0.10204	0.10412
0180020713	2008	5	9	130	0.098557	0.1021
0180020713	2008	5	10	131	0.095184	0.099951
0180020713	2008	5	11	132	0.092012	0.097824
0180020713	2008	5	12	133	0.089256	0.095944
0180020713	2008	5	13	134	0.087731	0.094846
0180020713	2008	5	14	135	0.084309	0.09252
0180020713	2008	5	15	136	0.081696	0.090584
0180020713	2008	5	16	137	0.07867	0.088313
0180020713	2008	5	17	138	0.075949	0.08619
0180020713	2008	5	18	139	0.073702	0.084511
0180020713	2008	5	19	140	0.072451	0.083585
0180020713	2008	5	20	141	0.071662	0.082917
0180020713	2008	5	21	142	0.072985	0.08408
0180020713	2008	5	22	143	0.073917	0.084798
0180020713	2008	5	23	144	0.074235	0.085094
0180020713	2008	5	24	145	0.10736	0.10283
0180020713	2008	5	25	146	0.12248	0.11698
0180020713	2008	5	26	147	0.15277	0.13519
0180020713	2008	5	27	148	0.12624	0.12066
0180020713	2008	5	28	149	0.11971	0.11589
0180020713	2008	5	29	150	0.11663	0.11448
0180020713	2008	5	30	151	0.11338	0.11244
0180020713	2008	5	31	152	0.10496	0.10635
0180020713	2008	6	1	153	0.09977	0.10252
0180020713	2008	6	2	154	0.095425	0.099459
0180020713	2008	6	3	155	0.091987	0.096858
0180020713	2008	6	4	156	0.090576	0.096153
0180020713	2008	6	5	157	0.087548	0.094
0180020713	2008	6	6	158	0.084084	0.09169
0180020713	2008	6	7	159	0.082588	0.090831
0180020713	2008	6	8	160	0.079789	0.089013
0180020713	2008	6	9	161	0.0767	0.086886
0180020713	2008	6	10	162	0.074014	0.085044
0180020713	2008	6	11	163	0.073584	0.084862
0180020713	2008	6	12	164	0.071887	0.083598
0180020713	2008	6	13	165	0.069791	0.081898
0180020713	2008	6	14	166	0.068053	0.080503
0180020713	2008	6	15	167	0.066663	0.07954
0180020713	2008	6	16	168	0.06518	0.078419
0180020713	2008	6	17	169	0.064047	0.077508
0180020713	2008	6	18	170	0.062893	0.076561
0180020713	2008	6	19	171	0.061876	0.07571
0180020713	2008	6	20	172	0.060537	0.07453
0180020713	2008	6	21	173	0.058851	0.073021
0180020713	2008	6	22	174	0.058765	0.072999
0180020713	2008	6	23	175	0.057485	0.071938
0180020713	2008	6	24	176	0.056548	0.071209
0180020713	2008	6	25	177	0.055621	0.070566
0180020713	2008	6	26	178	0.054353	0.069678
0180020713	2008	6	27	179	0.052647	0.068442
0180020713	2008	6	28	180	0.050542	0.066873
0180020713	2008	6	29	181	0.049203	0.066015
0180020713	2008	6	30	182	0.047291	0.06475
0180020713	2008	7	1	183	0.04558	0.063806
0180020713	2008	7	2	184	0.043899	0.063036
0180020713	2008	7	3	185	0.042155	0.062272
0180020713	2008	7	4	186	0.040086	0.061343
0180020713	2008	7	5	187	0.038566	0.060869
0180020713	2008	7	6	188	0.03625	0.059797
0180020713	2008	7	7	189	0.032846	0.058832
0180020713	2008	7	8	190	0.028383	0.057627
0180020713	2008	7	9	191	0.024168	0.056823
0180020713	2008	7	10	192	0.021988	0.056687
0180020713	2008	7	11	193	0.020481	0.056304
0180020713	2008	7	12	194	0.019669	0.055873
0180020713	2008	7	13	195	0.018357	0.054978
0180020713	2008	7	14	196	0.017768	0.054305
0180020713	2008	7	15	197	0.017051	0.053407
0180020713	2008	7	16	198	0.016493	0.052479
0180020713	2008	7	17	199	0.016294	0.051706
0180020713	2008	7	18	200	0.015723	0.050899
0180020713	2008	7	19	201	0.015182	0.050088
0180020713	2008	7	20	202	0.014589	0.049002
0180020713	2008	7	21	203	0.01567	0.049077
0180020713	2008	7	22	204	0.015769	0.048476
0180020713	2008	7	23	205	0.015257	0.0476
0180020713	2008	7	24	206	0.014765	0.046583
0180020713	2008	7	25	207	0.014199	0.04528
0180020713	2008	7	26	208	0.013828	0.044024
0180020713	2008	7	27	209	0.013648	0.042804
0180020713	2008	7	28	210	0.013548	0.041698
0180020713	2008	7	29	211	0.01311	0.040314
0180020713	2008	7	30	212	0.013305	0.039469
0180020713	2008	7	31	213	0.013101	0.038508
0180020713	2008	8	1	214	0.012923	0.037547
0180020713	2008	8	2	215	0.012829	0.036773
0180020713	2008	8	3	216	0.012713	0.036071
0180020713	2008	8	4	217	0.012848	0.035691
0180020713	2008	8	5	218	0.01229	0.034814
0180020713	2008	8	6	219	0.011871	0.033875
0180020713	2008	8	7	220	0.012519	0.034012
0180020713	2008	8	8	221	0.012173	0.033373
0180020713	2008	8	9	222	0.012885	0.033682
0180020713	2008	8	10	223	0.013235	0.033916
0180020713	2008	8	11	224	0.0127	0.03344
0180020713	2008	8	12	225	0.012158	0.032796
0180020713	2008	8	13	226	0.011854	0.032333
0180020713	2008	8	14	227	0.011148	0.031519
0180020713	2008	8	15	228	0.010942	0.031068
0180020713	2008	8	16	229	0.011049	0.030925
0180020713	2008	8	17	230	0.011143	0.030786
0180020713	2008	8	18	231	0.011658	0.031062
0180020713	2008	8	19	232	0.012692	0.03186
0180020713	2008	8	20	233	0.01313	0.03234
0180020713	2008	8	21	234	0.012559	0.031867
0180020713	2008	8	22	235	0.012314	0.03154
0180020713	2008	8	23	236	0.012173	0.031318
0180020713	2008	8	24	237	0.01193	0.031042
0180020713	2008	8	25	238	0.01215	0.031124
0180020713	2008	8	26	239	0.012419	0.031314
0180020713	2008	8	27	240	0.012186	0.031075
0180020713	2008	8	28	241	0.011767	0.030631
0180020713	2008	8	29	242	0.011515	0.030309
0180020713	2008	8	30	243	0.011779	0.030428
0180020713	2008	8	31	244	0.012917	0.031341
0180020713	2008	9	1	245	0.014472	0.032821
0180020713	2008	9	2	246	0.01414	0.032677
0180020713	2008	9	3	247	0.013838	0.032413
0180020713	2008	9	4	248	0.013499	0.032166
0180020713	2008	9	5	249	0.013016	0.031787
0180020713	2008	9	6	250	0.012668	0.031449
0180020713	2008	9	7	251	0.012824	0.031505
0180020713	2008	9	8	252	0.013197	0.031767
0180020713	2008	9	9	253	0.013537	0.03204
0180020713	2008	9	10	254	0.01421	0.032644
0180020713	2008	9	11	255	0.014135	0.032637
0180020713	2008	9	12	256	0.014061	0.03259
0180020713	2008	9	13	257	0.013956	0.032525
0180020713	2008	9	14	258	0.013696	0.032289
0180020713	2008	9	15	259	0.013707	0.032252
0180020713	2008	9	16	260	0.013868	0.032364
0180020713	2008	9	17	261	0.013925	0.032427
0180020713	2008	9	18	262	0.014361	0.032723
0180020713	2008	9	19	263	0.014824	0.033063
0180020713	2008	9	20	264	0.015636	0.033854
0180020713	2008	9	21	265	0.016209	0.034317
0180020713	2008	9	22	266	0.016583	0.034762
0180020713	2008	9	23	267	0.016344	0.034655
0180020713	2008	9	24	268	0.016082	0.034489
0180020713	2008	9	25	269	0.016098	0.034487
0180020713	2008	9	26	270	0.016041	0.034518
0180020713	2008	9	27	271	0.015877	0.034312
0180020713	2008	9	28	272	0.015702	0.034137
0180020713	2008	9	29	273	0.015546	0.033953
0180020713	2008	9	30	274	0.016459	0.034723
0180020713	2008	10	1	275	0.016568	0.034632
0180020713	2008	10	2	276	0.016247	0.034227
0180020713	2008	10	3	277	0.017313	0.035136
0180020713	2008	10	4	278	0.092871	0.083455
0180020713	2008	10	5	279	0.083938	0.094479
0180020713	2008	10	6	280	0.076213	0.091756
0180020713	2008	10	7	281	0.072726	0.089869
0180020713	2008	10	8	282	0.070561	0.088272
0180020713	2008	10	9	283	0.069453	0.087375
0180020713	2008	10	10	284	0.069785	0.087708
0180020713	2008	10	11	285	0.070353	0.088283
0180020713	2008	10	12	286	0.069847	0.08786
0180020713	2008	10	13	287	0.068833	0.086873
0180020713	2008	10	14	288	0.06677	0.084852
0180020713	2008	10	15	289	0.065364	0.083512
0180020713	2008	10	16	290	0.064514	0.082693
0180020713	2008	10	17	291	0.063575	0.081744
0180020713	2008	10	18	292	0.062943	0.081122
0180020713	2008	10	19	293	0.062816	0.081064
0180020713	2008	10	20	294	0.0626	0.080846
0180020713	2008	10	21	295	0.062429	0.080631
0180020713	2008	10	22	296	0.06155	0.079653
0180020713	2008	10	23	297	0.061154	0.079317
0180020713	2008	10	24	298	0.060806	0.078996
0180020713	2008	10	25	299	0.060237	0.078425
0180020713	2008	10	26	300	0.059633	0.07784
0180020713	2008	10	27	301	0.059291	0.077462
0180020713	2008	10	28	302	0.058722	0.076908
0180020713	2008	10	29	303	0.058616	0.076822
0180020713	2008	10	30	304	0.058526	0.076653
0180020713	2008	10	31	305	0.075589	0.07829
0180020713	2008	11	1	306	0.11209	0.10363
0180020713	2008	11	2	307	0.12818	0.13799
0180020713	2008	11	3	308	0.1099	0.11729
0180020713	2008	11	4	309	0.12491	0.12927
0180020713	2008	11	5	310	0.10713	0.116
0180020713	2008	11	6	311	0.10735	0.11423
0180020713	2008	11	7	312	0.11874	0.1225
0180020713	2008	11	8	313	0.10719	0.1137
0180020713	2008	11	9	314	0.11011	0.11009
0180020713	2008	11	10	315		
0180020713	2008	11	11	316		
0180020713	2008	11	12	317		
0180020713	2008	11	13	318		
0180020713	2008	11	14	319		
0180020713	2008	11	15	320		
0180020713	2008	11	16	321	0.079793	0.096606
0180020713	2008	11	17	322	0.082015	0.098027
0180020713	2008	11	18	323	0.081226	0.097661
0180020713	2008	11	19	324	0.080652	0.097396
0180020713	2008	11	20	325	0.080183	0.097121
0180020713	2008	11	21	326	0.079581	0.096864
0180020713	2008	11	22	327	0.079291	0.09691
0180020713	2008	11	23	328	0.078953	0.096953
0180020713	2008	11	24	329	0.078318	0.096604
0180020713	2008	11	25	330	0.0782	0.09623
0180020713	2008	11	26	331	0.077779	0.095687
0180020713	2008	11	27	332	0.11268	0.11165
0180020713	2008	11	28	333	0.098553	0.10577
0180020713	2008	11	29	334	0.094251	0.10341
0180020713	2008	11	30	335	0.090818	0.10155
0180020713	2008	12	1	336	0.087988	0.10016
0180020713	2008	12	2	337	0.086438	0.099526
0180020713	2008	12	3	338	0.08478	0.099093
0180020713	2008	12	4	339	0.083545	0.098722
0180020713	2008	12	5	340	0.082674	0.098206
0180020713	2008	12	6	341	0.081133	0.097625
0180020713	2008	12	7	342	0.077592	0.097054
0180020713	2008	12	8	343	0.073845	0.096247
0180020713	2008	12	9	344	0.069128	0.095189
0180020713	2008	12	10	345	0.074457	0.094806
0180020713	2008	12	11	346	0.079999	0.094926
0180020713	2008	12	12	347	0.078497	0.094757
0180020713	2008	12	13	348	0.095252	0.095784
0180020713	2008	12	14	349	0.097887	0.098291
0180020713	2008	12	15	350	0.09361	0.098543
0180020713	2008	12	16	351	0.093224	0.098886
0180020713	2008	12	17	352	0.093343	0.099203
0180020713	2008	12	18	353	0.093109	0.099729
0180020713	2008	12	19	354	0.092705	0.09979
0180020713	2008	12	20	355	0.092829	0.10005
0180020713	2008	12	21	356	0.093181	0.10031
0180020713	2008	12	22	357	0.10126	0.11688
0180020713	2008	12	23	358	0.10825	0.12174
0180020713	2008	12	24	359	0.10622	0.11523
0180020713	2008	12	25	360	0.10544	0.11299
0180020713	2008	12	26	361	0.10513	0.11245
0180020713	2008	12	27	362		
0180020713	2008	12	28	363		
0180020713	2008	12	29	364		
0180020713	2008	12	30	365		
0180020713	2008	12	31	366		
0180020713	2009	1	1	1		
0180020713	2009	1	2	2		
0180020713	2009	1	3	3		
0180020713	2009	1	4	4		
0180020713	2009	1	5	5		
0180020713	2009	1	6	6		
0180020713	2009	1	7	7	0.12517	0.13064
0180020713	2009	1	8	8	0.12855	0.13358
0180020713	2009	1	9	9	0.12216	0.12147
0180020713	2009	1	10	10	0.11898	0.11818
0180020713	2009	1	11	11	0.11798	0.11745
0180020713	2009	1	12	12	0.1191	0.11848
0180020713	2009	1	13	13	0.12765	0.1346
0180020713	2009	1	14	14	0.13158	0.13636
0180020713	2009	1	15	15	0.13162	0.13268
0180020713	2009	1	16	16	0.12876	0.12774
0180020713	2009	1	17	17	0.13059	0.12936
0180020713	2009	1	18	18	0.13127	0.12976
0180020713	2009	1	19	19	0.1303	0.1275
0180020713	2009	1	20	20	0.12519	0.12308
0180020713	2009	1	21	21	0.12329	0.12105
0180020713	2009	1	22	22	0.15891	0.14154
0180020713	2009	1	23	23	0.17349	0.1485
0180020713	2009	1	24	24	0.17705	
0180020713	2009	1	25	25	0.17323	0.14861
0180020713	2009	1	26	26		
0180020713	2009	1	27	27	0.13127	0.1233
0180020713	2009	1	28	28	0.12699	0.12139
0180020713	2009	1	29	29	0.12809	0.1223
0180020713	2009	1	30	30	0.13259	0.12387
0180020713	2009	1	31	31	0.13666	0.12604
0180020713	2009	2	1	32	0.13658	0.12573
0180020713	2009	2	2	33	0.12941	0.12303
0180020713	2009	2	3	34	0.12502	0.12235
0180020713	2009	2	4	35	0.12504	0.12293
0180020713	2009	2	5	36	0.12204	0.12087
0180020713	2009	2	6	37	0.11891	0.11728
0180020713	2009	2	7	38	0.11608	0.11538
0180020713	2009	2	8	39	0.11465	0.11528
0180020713	2009	2	9	40	0.11375	0.11461
0180020713	2009	2	10	41	0.11225	0.11341
0180020713	2009	2	11	42	0.1111	0.1127
0180020713	2009	2	12	43	0.10991	0.11207
0180020713	2009	2	13	44	0.10879	0.11169
0180020713	2009	2	14	45	0.10793	0.11135
0180020713	2009	2	15	46		
0180020713	2009	2	16	47		
0180020713	2009	2	17	48		
0180020713	2009	2	18	49	0.10594	0.11018
0180020713	2009	2	19	50	0.10559	0.11018
0180020713	2009	2	20	51	0.10538	0.11012
0180020713	2009	2	21	52	0.10533	0.11006
0180020713	2009	2	22	53	0.10548	0.11017
0180020713	2009	2	23	54	0.12071	0.13046
0180020713	2009	2	24	55		
0180020713	2009	2	25	56	0.13	0.13982
0180020713	2009	2	26	57	0.12077	0.12779
0180020713	2009	2	27	58	0.11762	0.12425
0180020713	2009	2	28	59	0.11534	0.1221
0180020713	2009	3	1	60	0.11404	0.12053
0180020713	2009	3	2	61	0.14603	
0180020713	2009	3	3	62	0.15497	
0180020713	2009	3	4	63	0.12417	0.13305
0180020713	2009	3	5	64	0.11951	0.12772
0180020713	2009	3	6	65	0.11758	0.12534
0180020713	2009	3	7	66	0.1159	0.12357
0180020713	2009	3	8	67	0.11467	0.12225
0180020713	2009	3	9	68	0.1138	0.12133
0180020713	2009	3	10	69	0.11288	0.12071
0180020713	2009	3	11	70	0.11255	0.12017
0180020713	2009	3	12	71	0.11219	0.11972
0180020713	2009	3	13	72	0.11188	0.11939
0180020713	2009	3	14	73	0.11164	0.11922
0180020713	2009	3	15	74	0.11179	0.11921
0180020713	2009	3	16	75	0.11217	0.11902
0180020713	2009	3	17	76	0.11501	0.12067
0180020713	2009	3	18	77	0.11629	0.12251
0180020713	2009	3	19	78	0.11646	0.12271
0180020713	2009	3	20	79	0.11665	0.12298
0180020713	2009	3	21	80	0.117	0.12341
0180020713	2009	3	22	81	0.11689	0.12315
0180020713	2009	3	23	82	0.11577	0.12242
0180020713	2009	3	24	83	0.11485	0.12157
0180020713	2009	3	25	84	0.11399	0.12087
0180020713	2009	3	26	85	0.11341	0.12032
0180020713	2009	3	27	86	0.11319	0.12012
0180020713	2009	3	28	87	0.11344	0.12025
0180020713	2009	3	29	88	0.11516	0.12091
0180020713	2009	3	30	89	0.11631	0.12187
0180020713	2009	3	31	90	0.11649	0.12205
0180020713	2009	4	1	91	0.1169	0.12213
0180020713	2009	4	2	92	0.11981	0.12374
0180020713	2009	4	3	93	0.12268	0.12508
0180020713	2009	4	4	94	0.12058	0.12418
0180020713	2009	4	5	95	0.1206	0.12343
0180020713	2009	4	6	96	0.12365	0.12475
0180020713	2009	4	7	97	0.12663	0.12631
0180020713	2009	4	8	98	0.12793	0.12679
0180020713	2009	4	9	99	0.12212	0.12475
0180020713	2009	4	10	100	0.11875	0.12303
0180020713	2009	4	11	101	0.11647	0.12187
0180020713	2009	4	12	102	0.1157	0.12109
0180020713	2009	4	13	103	0.12338	0.12402
0180020713	2009	4	14	104	0.12894	0.12678
0180020713	2009	4	15	105	0.12366	0.12501
0180020713	2009	4	16	106	0.12017	0.12334
0180020713	2009	4	17	107	0.12581	0.12518
0180020713	2009	4	18	108	0.13234	0.12793
0180020713	2009	4	19	109	0.13934	0.13176
0180020713	2009	4	20	110	0.15469	0.14388
0180020713	2009	4	21	111	0.19397	
0180020713	2009	4	22	112	0.20453	
0180020713	2009	4	23	113	0.20196	
0180020713	2009	4	24	114	0.17999	
0180020713	2009	4	25	115	0.17659	
0180020713	2009	4	26	116	0.19576	
0180020713	2009	4	27	117	0.18922	
0180020713	2009	4	28	118	0.17843	
0180020713	2009	4	29	119	0.14556	0.14116
0180020713	2009	4	30	120	0.12567	0.12804
0180020713	2009	5	1	121	0.13099	0.12711
0180020713	2009	5	2	122	0.18897	
0180020713	2009	5	3	123	0.18566	
0180020713	2009	5	4	124	0.1316	0.13394
0180020713	2009	5	5	125	0.17919	
0180020713	2009	5	6	126	0.12253	0.1269
0180020713	2009	5	7	127	0.11182	0.11825
0180020713	2009	5	8	128	0.10376	0.11213
0180020713	2009	5	9	129	0.097842	0.10766
0180020713	2009	5	10	130	0.093454	0.10436
0180020713	2009	5	11	131	0.089491	0.10118
0180020713	2009	5	12	132	0.086959	0.099264
0180020713	2009	5	13	133	0.085826	0.098127
0180020713	2009	5	14	134	0.083171	0.095536
0180020713	2009	5	15	135	0.080966	0.093994
0180020713	2009	5	16	136	0.077304	0.091065
0180020713	2009	5	17	137	0.074255	0.088692
0180020713	2009	5	18	138	0.072186	0.086906
0180020713	2009	5	19	139	0.07089	0.085891
0180020713	2009	5	20	140	0.066965	0.085307
0180020713	2009	5	21	141	0.067252	0.084358
0180020713	2009	5	22	142	0.05702	0.083148
0180020713	2009	5	23	143	0.048786	0.082001
0180020713	2009	5	24	144	0.061326	0.081204
0180020713	2009	5	25	145	0.055489	0.080423
0180020713	2009	5	26	146	0.055552	0.078955
0180020713	2009	5	27	147	0.061654	0.078926
0180020713	2009	5	28	148	0.061545	0.07938
0180020713	2009	5	29	149	0.05973	0.079531
0180020713	2009	5	30	150	0.058125	0.078902
0180020713	2009	5	31	151	0.056656	0.079198
0180020713	2009	6	1	152	0.05869	0.076919
0180020713	2009	6	2	153	0.05894	0.076981
0180020713	2009	6	3	154	0.05699	0.077499
0180020713	2009	6	4	155	0.063488	0.077052
0180020713	2009	6	5	156	0.092676	0.090155
0180020713	2009	6	6	157	0.092031	0.09476
0180020713	2009	6	7	158	0.10436	0.10249
0180020713	2009	6	8	159	0.090638	0.096667
0180020713	2009	6	9	160	0.084173	0.092282
0180020713	2009	6	10	161	0.080151	0.089438
0180020713	2009	6	11	162	0.077028	0.087431
0180020713	2009	6	12	163	0.075281	0.086463
0180020713	2009	6	13	164	0.07442	0.085055
0180020713	2009	6	14	165	0.079709	0.088801
0180020713	2009	6	15	166	0.079166	0.089766
0180020713	2009	6	16	167	0.074393	0.086583
0180020713	2009	6	17	168	0.072555	0.085656
0180020713	2009	6	18	169	0.058924	0.082388
0180020713	2009	6	19	170	0.054786	0.079323
0180020713	2009	6	20	171	0.054976	0.078695
0180020713	2009	6	21	172	0.057836	0.076973
0180020713	2009	6	22	173	0.054634	0.075027
0180020713	2009	6	23	174	0.049648	0.072101
0180020713	2009	6	24	175	0.046201	0.070872
0180020713	2009	6	25	176	0.043702	0.069477
0180020713	2009	6	26	177	0.041777	0.068483
0180020713	2009	6	27	178	0.039272	0.067086
0180020713	2009	6	28	179	0.03617	0.065382
0180020713	2009	6	29	180	0.032629	0.063969
0180020713	2009	6	30	181	0.029219	0.06292
0180020713	2009	7	1	182	0.026608	0.062278
0180020713	2009	7	2	183	0.023602	0.061113
0180020713	2009	7	3	184	0.022267	0.060474
0180020713	2009	7	4	185	0.02112	0.059696
0180020713	2009	7	5	186	0.019943	0.058925
0180020713	2009	7	6	187	0.019495	0.058271
0180020713	2009	7	7	188	0.019658	0.057984
0180020713	2009	7	8	189	0.019601	0.057688
0180020713	2009	7	9	190	0.019353	0.057218
0180020713	2009	7	10	191	0.018912	0.056715
0180020713	2009	7	11	192	0.01807	0.055907
0180020713	2009	7	12	193	0.018989	0.055784
0180020713	2009	7	13	194	0.020814	0.056012
0180020713	2009	7	14	195	0.020374	0.054523
0180020713	2009	7	15	196	0.020641	0.053496
0180020713	2009	7	16	197	0.019555	0.0528
0180020713	2009	7	17	198	0.018088	0.052199
0180020713	2009	7	18	199	0.016393	0.051248
0180020713	2009	7	19	200	0.015141	0.050111
0180020713	2009	7	20	201	0.014611	0.049126
0180020713	2009	7	21	202	0.014863	0.048413
0180020713	2009	7	22	203	0.014566	0.047496
0180020713	2009	7	23	204	0.013676	0.04584
0180020713	2009	7	24	205	0.013522	0.044093
0180020713	2009	7	25	206	0.013719	0.04268
0180020713	2009	7	26	207	0.013463	0.041016
0180020713	2009	7	27	208	0.012895	0.039071
0180020713	2009	7	28	209	0.012361	0.037061
0180020713	2009	7	29	210	0.012191	0.035447
0180020713	2009	7	30	211	0.013167	0.035063
0180020713	2009	7	31	212	0.013047	0.034462
0180020713	2009	8	1	213	0.012271	0.033245
0180020713	2009	8	2	214	0.013162	0.033075
0180020713	2009	8	3	215	0.013728	0.033087
0180020713	2009	8	4	216	0.013735	0.032945
0180020713	2009	8	5	217	0.014072	0.03294
0180020713	2009	8	6	218	0.015558	0.033595
0180020713	2009	8	7	219	0.025393	0.037215
0180020713	2009	8	8	220	0.029655	0.037713
0180020713	2009	8	9	221	0.030553	0.036383
0180020713	2009	8	10	222	0.031534	0.036113
0180020713	2009	8	11	223	0.032242	0.036371
0180020713	2009	8	12	224	0.032886	0.03688
0180020713	2009	8	13	225	0.033134	0.037317
0180020713	2009	8	14	226	0.033311	0.037919
0180020713	2009	8	15	227	0.033862	0.038932
0180020713	2009	8	16	228	0.033004	0.039124
0180020713	2009	8	17	229	0.031459	0.039173
0180020713	2009	8	18	230	0.029138	0.03919
0180020713	2009	8	19	231	0.025925	0.03906
0180020713	2009	8	20	232	0.022784	0.038884
0180020713	2009	8	21	233	0.021231	0.038763
0180020713	2009	8	22	234	0.020259	0.038652
0180020713	2009	8	23	235	0.018762	0.037918
0180020713	2009	8	24	236	0.019863	0.038549
0180020713	2009	8	25	237	0.019563	0.038411
0180020713	2009	8	26	238	0.019498	0.038356
0180020713	2009	8	27	239	0.019134	0.038094
0180020713	2009	8	28	240	0.018557	0.037575
0180020713	2009	8	29	241	0.018	0.037041
0180020713	2009	8	30	242	0.017873	0.036518
0180020713	2009	8	31	243	0.018048	0.036427
0180020713	2009	9	1	244	0.018073	0.036263
0180020713	2009	9	2	245	0.018128	0.036102
0180020713	2009	9	3	246	0.017569	0.035539
0180020713	2009	9	4	247	0.017746	0.035401
0180020713	2009	9	5	248	0.018283	0.035575
0180020713	2009	9	6	249	0.01884	0.036008
0180020713	2009	9	7	250	0.019365	0.036369
0180020713	2009	9	8	251	0.019049	0.036255
0180020713	2009	9	9	252	0.018294	0.035668
0180020713	2009	9	10	253	0.017884	0.035196
0180020713	2009	9	11	254	0.017494	0.034742
0180020713	2009	9	12	255	0.017121	0.034223
0180020713	2009	9	13	256	0.018612	0.034995
0180020713	2009	9	14	257	0.01944	0.035536
0180020713	2009	9	15	258	0.020142	0.036413
0180020713	2009	9	16	259	0.019039	0.035643
0180020713	2009	9	17	260	0.018868	0.035442
0180020713	2009	9	18	261	0.018407	0.035101
0180020713	2009	9	19	262	0.018336	0.034838
0180020713	2009	9	20	263	0.018879	0.035206
0180020713	2009	9	21	264	0.018355	0.034775
0180020713	2009	9	22	265	0.018707	0.034972
0180020713	2009	9	23	266	0.018246	0.034621
0180020713	2009	9	24	267	0.018136	0.034371
0180020713	2009	9	25	268	0.018079	0.034216
0180020713	2009	9	26	269	0.01797	0.034106
0180020713	2009	9	27	270	0.017803	0.033949
0180020713	2009	9	28	271	0.017884	0.03394
0180020713	2009	9	29	272	0.019249	0.034703
0180020713	2009	9	30	273	0.021628	0.036802
0180020713	2009	10	1	274	0.021539	0.036913
0180020713	2009	10	2	275	0.02131	0.036831
0180020713	2009	10	3	276	0.021398	0.036999
0180020713	2009	10	4	277	0.0229	0.038014
0180020713	2009	10	5	278	0.025012	0.039868
0180020713	2009	10	6	279	0.025596	0.040345
0180020713	2009	10	7	280	0.025936	0.040285
0180020713	2009	10	8	281	0.026869	0.040128
0180020713	2009	10	9	282	0.022832	0.038653
0180020713	2009	10	10	283	0.026717	0.039316
0180020713	2009	10	11	284	0.02654	0.039471
0180020713	2009	10	12	285	0.027314	0.039892
0180020713	2009	10	13	286	0.033583	0.040858
0180020713	2009	10	14	287	0.073719	0.051153
0180020713	2009	10	15	288	0.074757	0.069925
0180020713	2009	10	16	289	0.071995	0.072579
0180020713	2009	10	17	290	0.071011	0.074956
0180020713	2009	10	18	291	0.070076	0.076695
0180020713	2009	10	19	292	0.076064	0.079655
0180020713	2009	10	20	293	0.088699	0.086885
0180020713	2009	10	21	294	0.082897	0.08648
0180020713	2009	10	22	295	0.080216	0.086419
0180020713	2009	10	23	296	0.078345	0.086207
0180020713	2009	10	24	297	0.076893	0.085988
0180020713	2009	10	25	298	0.076499	0.08627
0180020713	2009	10	26	299	0.075657	0.086117
0180020713	2009	10	27	300	0.074895	0.085747
0180020713	2009	10	28	301	0.076561	0.087712
0180020713	2009	10	29	302	0.07614	0.08804
0180020713	2009	10	30	303	0.074464	0.086431
0180020713	2009	10	31	304		
0180020713	2009	11	1	305		
0180020713	2009	11	2	306		
0180020713	2009	11	3	307		
0180020713	2009	11	4	308		
0180020713	2009	11	5	309		
0180020713	2009	11	6	310		
0180020713	2009	11	7	311		
0180020713	2009	11	8	312		
0180020713	2009	11	9	313		
0180020713	2009	11	10	314	0.073157	0.087244
0180020713	2009	11	11	315	0.074266	0.087976
0180020713	2009	11	12	316	0.074562	0.088035
0180020713	2009	11	13	317	0.078672	0.0912
0180020713	2009	11	14	318	0.079447	0.091823
0180020713	2009	11	15	319	0.079524	0.091801
0180020713	2009	11	16	320	0.094611	0.094277
0180020713	2009	11	17	321	0.09851	0.096063
0180020713	2009	11	18	322	0.10068	0.097067
0180020713	2009	11	19	323	0.099639	0.098826
0180020713	2009	11	20	324	0.095932	0.097501
0180020713	2009	11	21	325	0.094716	0.097329
0180020713	2009	11	22	326	0.095418	0.097753
0180020713	2009	11	23	327	0.1048	0.1032
0180020713	2009	11	24	328	0.10124	0.10094
0180020713	2009	11	25	329	0.104	0.1023
0180020713	2009	11	26	330	0.1042	0.1027
0180020713	2009	11	27	331	0.10299	0.10216
0180020713	2009	11	28	332	0.099525	0.10088
0180020713	2009	11	29	333	0.097336	0.10021
0180020713	2009	11	30	334	0.094556	0.099176
0180020713	2009	12	1	335	0.096945	0.099635
0180020713	2009	12	2	336	0.099854	0.099688
0180020713	2009	12	3	337	0.10103	0.099559
0180020713	2009	12	4	338	0.097634	0.098423
0180020713	2009	12	5	339	0.087299	0.096764
0180020713	2009	12	6	340	0.055101	0.085314
0180020713	2009	12	7	341	0.047405	0.066329
0180020713	2009	12	8	342	0.049125	0.069572
0180020713	2009	12	9	343	0.050307	0.074815
0180020713	2009	12	10	344	0.050699	0.080182
0180020713	2009	12	11	345	0.051325	0.08379
0180020713	2009	12	12	346	0.055366	0.088361
0180020713	2009	12	13	347	0.0583	0.091954
0180020713	2009	12	14	348		
0180020713	2009	12	15	349	0.067727	0.099164
0180020713	2009	12	16	350		
0180020713	2009	12	17	351		
0180020713	2009	12	18	352		
0180020713	2009	12	19	353		
0180020713	2009	12	20	354		
0180020713	2009	12	21	355		
0180020713	2009	12	22	356		
0180020713	2009	12	23	357		
0180020713	2009	12	24	358		
0180020713	2009	12	25	359		
0180020713	2009	12	26	360	0.11811	0.10476
0180020713	2009	12	27	361	0.11646	0.10469
0180020713	2009	12	28	362	0.11473	0.10456
0180020713	2009	12	29	363	0.11353	0.10446
0180020713	2009	12	30	364	0.1127	0.10439
0180020713	2009	12	31	365	0.1119	0.10436
0180020713	2010	1	1	1	0.11116	0.10424
0180020713	2010	1	2	2	0.12496	0.10521
0180020713	2010	1	3	3	0.12324	0.10584
0180020713	2010	1	4	4	0.11823	0.1056
0180020713	2010	1	5	5	0.11553	0.10538
0180020713	2010	1	6	6	0.11414	0.10527
0180020713	2010	1	7	7	0.1142	0.10532
0180020713	2010	1	8	8	0.11932	0.10592
0180020713	2010	1	9	9	0.14498	0.10788
0180020713	2010	1	10	10	0.14482	0.10931
0180020713	2010	1	11	11	0.13692	0.10932
0180020713	2010	1	12	12	0.16788	0.12712
0180020713	2010	1	13	13		
0180020713	2010	1	14	14	0.13473	0.11789
0180020713	2010	1	15	15	0.12995	0.11598
0180020713	2010	1	16	16	0.12466	0.11387
0180020713	2010	1	17	17	0.12166	0.11249
0180020713	2010	1	18	18	0.13042	0.11215
0180020713	2010	1	19	19	0.15306	0.11879
0180020713	2010	1	20	20	0.13327	0.11523
0180020713	2010	1	21	21	0.12662	0.11359
0180020713	2010	1	22	22	0.12305	0.1124
0180020713	2010	1	23	23	0.12072	0.11157
0180020713	2010	1	24	24	0.11912	0.11096
0180020713	2010	1	25	25	0.11814	0.11053
0180020713	2010	1	26	26	0.11749	0.11019
0180020713	2010	1	27	27	0.11671	0.10995
0180020713	2010	1	28	28	0.11649	0.10986
0180020713	2010	1	29	29	0.11623	0.1098
0180020713	2010	1	30	30	0.11596	0.1097
0180020713	2010	1	31	31	0.11564	0.10957
0180020713	2010	2	1	32	0.11535	0.10944
0180020713	2010	2	2	33	0.11511	0.10931
0180020713	2010	2	3	34	0.11497	0.1092
0180020713	2010	2	4	35	0.11482	0.10912
0180020713	2010	2	5	36	0.11499	0.10903
0180020713	2010	2	6	37	0.11481	0.10901
0180020713	2010	2	7	38	0.11488	0.10901
0180020713	2010	2	8	39	0.11501	0.10906
0180020713	2010	2	9	40	0.11504	0.1091
0180020713	2010	2	10	41	0.11505	0.10911
0180020713	2010	2	11	42	0.11503	0.10911
0180020713	2010	2	12	43	0.11511	0.10911
0180020713	2010	2	13	44	0.1272	0.11059
0180020713	2010	2	14	45	0.12793	0.1112
0180020713	2010	2	15	46	0.12523	0.11106
0180020713	2010	2	16	47		
0180020713	2010	2	17	48	0.14509	0.1124
0180020713	2010	2	18	49	0.15021	0.11336
0180020713	2010	2	19	50	0.14982	0.11386
0180020713	2010	2	20	51	0.14926	0.11407
0180020713	2010	2	21	52	0.14395	0.11403
0180020713	2010	2	22	53	0.13566	0.11347
0180020713	2010	2	23	54	0.13116	0.11289
0180020713	2010	2	24	55	0.13447	0.11347
0180020713	2010	2	25	56	0.14381	0.11668
0180020713	2010	2	26	57	0.1327	0.11469
0180020713	2010	2	27	58	0.14664	0.11794
0180020713	2010	2	28	59	0.14059	0.11652
0180020713	2010	3	1	60	0.13483	0.11547
0180020713	2010	3	2	61	0.13498	0.11503
0180020713	2010	3	3	62	0.14183	0.11568
0180020713	2010	3	4	63	0.13598	0.11518
0180020713	2010	3	5	64	0.13148	0.11434
0180020713	2010	3	6	65	0.12849	0.11359
0180020713	2010	3	7	66	0.12702	0.11297
0180020713	2010	3	8	67	0.12828	0.11293
0180020713	2010	3	9	68	0.1287	0.11317
0180020713	2010	3	10	69	0.12779	0.11298
0180020713	2010	3	11	70	0.12676	0.11266
0180020713	2010	3	12	71	0.126	0.11234
0180020713	2010	3	13	72	0.12644	0.11226
0180020713	2010	3	14	73	0.1265	0.11232
0180020713	2010	3	15	74	0.12628	0.11227
0180020713	2010	3	16	75	0.13394	0.1131
0180020713	2010	3	17	76	0.16319	0.12909
0180020713	2010	3	18	77	0.1667	0.13063
0180020713	2010	3	19	78	0.18795	0.13922
0180020713	2010	3	20	79	0.19151	0.14041
0180020713	2010	3	21	80	0.18814	0.13824
0180020713	2010	3	22	81	0.1914	0.1393
0180020713	2010	3	23	82	0.18856	0.1409
0180020713	2010	3	24	83	0.18782	0.13911
0180020713	2010	3	25	84	0.18552	0.13927
0180020713	2010	3	26	85	0.14891	0.12438
0180020713	2010	3	27	86	0.13918	0.12044
0180020713	2010	3	28	87	0.16211	0.12378
0180020713	2010	3	29	88	0.18846	0.13913
0180020713	2010	3	30	89		
0180020713	2010	3	31	90	0.1501	0.12686
0180020713	2010	4	1	91	0.13757	0.12162
0180020713	2010	4	2	92	0.13234	0.11909
0180020713	2010	4	3	93	0.12908	0.11722
0180020713	2010	4	4	94	0.12696	0.11614
0180020713	2010	4	5	95	0.12536	0.11526
0180020713	2010	4	6	96	0.12399	0.11455
0180020713	2010	4	7	97	0.12304	0.11403
0180020713	2010	4	8	98	0.12215	0.11367
0180020713	2010	4	9	99	0.12152	0.11361
0180020713	2010	4	10	100	0.12146	0.11408
0180020713	2010	4	11	101	0.12212	0.11456
0180020713	2010	4	12	102	0.12311	0.11466
0180020713	2010	4	13	103	0.12318	0.11459
0180020713	2010	4	14	104	0.12287	0.11446
0180020713	2010	4	15	105	0.1224	0.1142
0180020713	2010	4	16	106	0.12493	0.11443
0180020713	2010	4	17	107	0.16137	0.12472
0180020713	2010	4	18	108	0.1733	0.13272
0180020713	2010	4	19	109	0.18038	0.13836
0180020713	2010	4	20	110	0.19328	0.14398
0180020713	2010	4	21	111	0.15665	0.12863
0180020713	2010	4	22	112	0.14106	0.12248
0180020713	2010	4	23	113	0.13979	0.12064
0180020713	2010	4	24	114	0.18238	0.13755
0180020713	2010	4	25	115	0.18219	0.1412
0180020713	2010	4	26	116	0.1841	0.14162
0180020713	2010	4	27	117	0.18756	0.14406
0180020713	2010	4	28	118	0.17603	0.14011
0180020713	2010	4	29	119	0.14501	0.12549
0180020713	2010	4	30	120	0.13741	0.12178
0180020713	2010	5	1	121	0.13873	0.12036
0180020713	2010	5	2	122	0.17841	0.13455
0180020713	2010	5	3	123	0.18293	0.13856
0180020713	2010	5	4	124	0.18907	0.14516
0180020713	2010	5	5	125	0.18217	0.14094
0180020713	2010	5	6	126	0.17869	0.13796
0180020713	2010	5	7	127	0.18171	0.13817
0180020713	2010	5	8	128	0.18346	0.13892
0180020713	2010	5	9	129	0.17498	0.13525
0180020713	2010	5	10	130	0.16914	0.13214
0180020713	2010	5	11	131	0.14399	0.12419
0180020713	2010	5	12	132	0.14635	0.12241
0180020713	2010	5	13	133	0.18192	0.13232
0180020713	2010	5	14	134	0.18235	0.13956
0180020713	2010	5	15	135	0.18435	0.139
0180020713	2010	5	16	136	0.18812	0.14227
0180020713	2010	5	17	137	0.17916	0.13829
0180020713	2010	5	18	138	0.1919	0.14073
0180020713	2010	5	19	139	0.18419	0.13936
0180020713	2010	5	20	140	0.19362	0.14347
0180020713	2010	5	21	141	0.17401	0.1372
0180020713	2010	5	22	142	0.15754	0.13042
0180020713	2010	5	23	143	0.14408	0.12355
0180020713	2010	5	24	144	0.17303	0.13266
0180020713	2010	5	25	145	0.17081	0.13495
0180020713	2010	5	26	146	0.19266	0.14356
0180020713	2010	5	27	147	0.16838	0.13513
0180020713	2010	5	28	148	0.15842	0.12812
0180020713	2010	5	29	149	0.17611	0.13643
0180020713	2010	5	30	150	0.16449	0.13541
0180020713	2010	5	31	151	0.13181	0.11769
0180020713	2010	6	1	152	0.12026	0.11159
0180020713	2010	6	2	153	0.11115	0.10607
0180020713	2010	6	3	154	0.11409	0.10509
0180020713	2010	6	4	155	0.12869	0.11157
0180020713	2010	6	5	156	0.12151	0.11025
0180020713	2010	6	6	157	0.1081	0.10271
0180020713	2010	6	7	158	0.102	0.099192
0180020713	2010	6	8	159	0.096857	0.095988
0180020713	2010	6	9	160	0.094132	0.094384
0180020713	2010	6	10	161	0.095717	0.095923
0180020713	2010	6	11	162	0.093391	0.095066
0180020713	2010	6	12	163	0.089406	0.092554
0180020713	2010	6	13	164	0.085845	0.089987
0180020713	2010	6	14	165	0.082382	0.087422
0180020713	2010	6	15	166	0.080057	0.085699
0180020713	2010	6	16	167	0.078685	0.08483
0180020713	2010	6	17	168	0.078208	0.084657
0180020713	2010	6	18	169	0.075928	0.083719
0180020713	2010	6	19	170	0.074298	0.082908
0180020713	2010	6	20	171	0.073074	0.082437
0180020713	2010	6	21	172	0.071006	0.081248
0180020713	2010	6	22	173	0.068609	0.079931
0180020713	2010	6	23	174	0.065649	0.077426
0180020713	2010	6	24	175	0.064232	0.076297
0180020713	2010	6	25	176	0.064535	0.076248
0180020713	2010	6	26	177	0.065646	0.077124
0180020713	2010	6	27	178	0.063078	0.075079
0180020713	2010	6	28	179	0.060728	0.073286
0180020713	2010	6	29	180	0.059261	0.072173
0180020713	2010	6	30	181	0.058575	0.071706
0180020713	2010	7	1	182	0.058378	0.07155
0180020713	2010	7	2	183	0.057899	0.07106
0180020713	2010	7	3	184	0.056845	0.070277
0180020713	2010	7	4	185	0.055467	0.069304
0180020713	2010	7	5	186	0.053825	0.067926
0180020713	2010	7	6	187	0.052314	0.066848
0180020713	2010	7	7	188	0.050459	0.065775
0180020713	2010	7	8	189	0.049989	0.065741
0180020713	2010	7	9	190	0.048525	0.064985
0180020713	2010	7	10	191	0.045608	0.063369
0180020713	2010	7	11	192	0.043453	0.062596
0180020713	2010	7	12	193	0.040673	0.061819
0180020713	2010	7	13	194	0.03851	0.061289
0180020713	2010	7	14	195	0.036545	0.060945
0180020713	2010	7	15	196	0.033012	0.059905
0180020713	2010	7	16	197	0.029211	0.058967
0180020713	2010	7	17	198	0.027253	0.058646
0180020713	2010	7	18	199	0.024672	0.057812
0180020713	2010	7	19	200	0.023718	0.057633
0180020713	2010	7	20	201	0.022827	0.057306
0180020713	2010	7	21	202	0.022087	0.056847
0180020713	2010	7	22	203	0.021492	0.05643
0180020713	2010	7	23	204	0.02049	0.055588
0180020713	2010	7	24	205	0.019772	0.054785
0180020713	2010	7	25	206	0.01922	0.053982
0180020713	2010	7	26	207	0.019172	0.053507
0180020713	2010	7	27	208	0.018735	0.052652
0180020713	2010	7	28	209	0.018672	0.052125
0180020713	2010	7	29	210	0.018637	0.05186
0180020713	2010	7	30	211	0.018626	0.051485
0180020713	2010	7	31	212	0.018566	0.051045
0180020713	2010	8	1	213	0.018745	0.050735
0180020713	2010	8	2	214	0.018537	0.050233
0180020713	2010	8	3	215	0.018718	0.049857
0180020713	2010	8	4	216	0.01847	0.049266
0180020713	2010	8	5	217	0.018116	0.048422
0180020713	2010	8	6	218	0.018063	0.04766
0180020713	2010	8	7	219	0.018079	0.046939
0180020713	2010	8	8	220	0.017589	0.0458
0180020713	2010	8	9	221	0.01764	0.044907
0180020713	2010	8	10	222	0.017979	0.044299
0180020713	2010	8	11	223	0.017904	0.043544
0180020713	2010	8	12	224	0.018419	0.043232
0180020713	2010	8	13	225	0.017823	0.042142
0180020713	2010	8	14	226	0.017443	0.040878
0180020713	2010	8	15	227	0.017334	0.039756
0180020713	2010	8	16	228	0.01734	0.038947
0180020713	2010	8	17	229	0.016786	0.037692
0180020713	2010	8	18	230	0.017524	0.037455
0180020713	2010	8	19	231	0.018075	0.0375
0180020713	2010	8	20	232	0.017947	0.037148
0180020713	2010	8	21	233	0.018283	0.036934
0180020713	2010	8	22	234	0.019627	0.037959
0180020713	2010	8	23	235	0.018937	0.037408
0180020713	2010	8	24	236	0.018001	0.036513
0180020713	2010	8	25	237	0.017102	0.035383
0180020713	2010	8	26	238	0.016288	0.034205
0180020713	2010	8	27	239	0.01764	0.03462
0180020713	2010	8	28	240	0.018741	0.035275
0180020713	2010	8	29	241	0.021493	0.036761
0180020713	2010	8	30	242	0.032301	0.04199
0180020713	2010	8	31	243	0.033979	0.045017
0180020713	2010	9	1	244	0.033375	0.045177
0180020713	2010	9	2	245	0.033484	0.045251
0180020713	2010	9	3	246	0.034587	0.045879
0180020713	2010	9	4	247	0.035805	0.046512
0180020713	2010	9	5	248	0.03698	0.047238
0180020713	2010	9	6	249	0.037514	0.047529
0180020713	2010	9	7	250	0.038033	0.047742
0180020713	2010	9	8	251	0.038477	0.0482
0180020713	2010	9	9	252	0.041064	0.050696
0180020713	2010	9	10	253	0.041979	0.05191
0180020713	2010	9	11	254	0.041398	0.050917
0180020713	2010	9	12	255	0.041483	0.050679
0180020713	2010	9	13	256	0.041659	0.050641
0180020713	2010	9	14	257	0.042128	0.051106
0180020713	2010	9	15	258	0.042151	0.051103
0180020713	2010	9	16	259	0.042205	0.051216
0180020713	2010	9	17	260	0.042	0.05114
0180020713	2010	9	18	261	0.041979	0.051314
0180020713	2010	9	19	262	0.041845	0.051353
0180020713	2010	9	20	263	0.04182	0.0517
0180020713	2010	9	21	264	0.042005	0.051758
0180020713	2010	9	22	265	0.041776	0.051781
0180020713	2010	9	23	266	0.042387	0.052467
0180020713	2010	9	24	267	0.04184	0.05218
0180020713	2010	9	25	268	0.040899	0.051682
0180020713	2010	9	26	269	0.040094	0.051453
0180020713	2010	9	27	270	0.038923	0.051146
0180020713	2010	9	28	271	0.037458	0.050839
0180020713	2010	9	29	272	0.035633	0.050549
0180020713	2010	9	30	273	0.033587	0.050227
0180020713	2010	10	1	274	0.031479	0.049985
0180020713	2010	10	2	275	0.029775	0.049587
0180020713	2010	10	3	276	0.030057	0.05014
0180020713	2010	10	4	277	0.034773	0.058285
0180020713	2010	10	5	278		
0180020713	2010	10	6	279		
0180020713	2010	10	7	280		
0180020713	2010	10	8	281		
0180020713	2010	10	9	282		
0180020713	2010	10	10	283		
0180020713	2010	10	11	284		
0180020713	2010	10	12	285		
0180020713	2010	10	13	286		
0180020713	2010	10	14	287		
0180020713	2010	10	15	288		
0180020713	2010	10	16	289		
0180020713	2010	10	17	290		
0180020713	2010	10	18	291		
0180020713	2010	10	19	292		
0180020713	2010	10	20	293		
0180020713	2010	10	21	294		
0180020713	2010	10	22	295		
0180020713	2010	10	23	296		
0180020713	2010	10	24	297		
0180020713	2010	10	25	298		
0180020713	2010	10	26	299		
0180020713	2010	10	27	300		
0180020713	2010	10	28	301		
0180020713	2010	10	29	302		
0180020713	2010	10	30	303		
0180020713	2010	10	31	304		
0180020713	2010	11	1	305		
0180020713	2010	11	2	306		
0180020713	2010	11	3	307		
0180020713	2010	11	4	308		
0180020713	2010	11	5	309		
0180020713	2010	11	6	310		
0180020713	2010	11	7	311		
0180020713	2010	11	8	312	0.13179	0.1091
0180020713	2010	11	9	313	0.10964	0.10505
0180020713	2010	11	10	314	0.10935	0.10465
0180020713	2010	11	11	315	0.10677	0.10403
0180020713	2010	11	12	316	0.10505	0.10319
0180020713	2010	11	13	317	0.11895	0.10453
0180020713	2010	11	14	318	0.1211	0.10512
0180020713	2010	11	15	319	0.12339	0.10815
0180020713	2010	11	16	320	0.10592	0.10277
0180020713	2010	11	17	321	0.10187	0.10153
0180020713	2010	11	18	322	0.099622	0.10065
0180020713	2010	11	19	323	0.098649	0.099882
0180020713	2010	11	20	324	0.10531	0.10186
0180020713	2010	11	21	325	0.10898	0.10347
0180020713	2010	11	22	326	0.10885	0.10367
0180020713	2010	11	23	327	0.10847	0.10369
0180020713	2010	11	24	328	0.10827	0.1037
0180020713	2010	11	25	329	0.10803	0.10367
0180020713	2010	11	26	330	0.10783	0.10365
0180020713	2010	11	27	331	0.10758	0.10359
0180020713	2010	11	28	332	0.10737	0.10354
0180020713	2010	11	29	333	0.10728	0.1035
0180020713	2010	11	30	334	0.10712	0.10343
0180020713	2010	12	1	335	0.10697	0.10337
0180020713	2010	12	2	336	0.10695	0.10337
0180020713	2010	12	3	337	0.1194	0.10602
0180020713	2010	12	4	338	0.13512	0.11109
0180020713	2010	12	5	339	0.14075	0.11175
0180020713	2010	12	6	340	0.15528	0.11686
0180020713	2010	12	7	341	0.14931	0.11829
0180020713	2010	12	8	342	0.14338	0.11466
0180020713	2010	12	9	343	0.15627	0.11913
0180020713	2010	12	10	344	0.15737	0.12011
0180020713	2010	12	11	345	0.15252	0.11903
0180020713	2010	12	12	346	0.14936	0.11769
0180020713	2010	12	13	347	0.1372	0.1142
0180020713	2010	12	14	348	0.14496	0.11567
0180020713	2010	12	15	349	0.15229	0.11853
0180020713	2010	12	16	350	0.12951	0.11322
0180020713	2010	12	17	351	0.12369	0.11129
0180020713	2010	12	18	352	0.16508	0.13177
0180020713	2010	12	19	353	0.16781	
0180020713	2010	12	20	354	0.144	0.12774
0180020713	2010	12	21	355	0.12546	0.11687
0180020713	2010	12	22	356	0.12066	0.11413
0180020713	2010	12	23	357	0.11855	0.11289
0180020713	2010	12	24	358	0.1189	0.11248
0180020713	2010	12	25	359	0.11777	0.1119
0180020713	2010	12	26	360	0.11629	0.11112
0180020713	2010	12	27	361	0.11542	0.11063
0180020713	2010	12	28	362	0.11491	0.11029
0180020713	2010	12	29	363	0.11427	0.10991
0180020713	2010	12	30	364	0.114	0.10974
0180020713	2010	12	31	365	0.11381	0.10959
0180020713	2011	1	1	1	0.11374	0.10944
0180020713	2011	1	2	2	0.11367	0.1093
0180020713	2011	1	3	3	0.11364	0.10926
0180020713	2011	1	4	4	0.11363	0.1092
0180020713	2011	1	5	5	0.11361	0.10913
0180020713	2011	1	6	6	0.11361	0.10907
0180020713	2011	1	7	7	0.1136	0.10903
0180020713	2011	1	8	8	0.11358	0.10899
0180020713	2011	1	9	9	0.11358	0.10896
0180020713	2011	1	10	10	0.11355	0.10893
0180020713	2011	1	11	11	0.11354	0.10889
0180020713	2011	1	12	12	0.11353	0.10879
0180020713	2011	1	13	13	0.11348	0.1088
0180020713	2011	1	14	14	0.11346	0.1088
0180020713	2011	1	15	15	0.11361	0.10896
0180020713	2011	1	16	16	0.11367	0.10908
0180020713	2011	1	17	17	0.11471	0.10977
0180020713	2011	1	18	18	0.11525	0.11021
0180020713	2011	1	19	19	0.11568	0.11045
0180020713	2011	1	20	20	0.11597	0.11048
0180020713	2011	1	21	21	0.11574	0.11031
0180020713	2011	1	22	22	0.11765	0.11101
0180020713	2011	1	23	23	0.12134	0.11182
0180020713	2011	1	24	24	0.12185	0.11181
0180020713	2011	1	25	25	0.12055	0.1115
0180020713	2011	1	26	26	0.12084	0.11168
0180020713	2011	1	27	27	0.12274	0.11218
0180020713	2011	1	28	28	0.1259	0.11287
0180020713	2011	1	29	29	0.12626	0.11304
0180020713	2011	1	30	30	0.12448	0.11264
0180020713	2011	1	31	31	0.12159	0.11199
0180020713	2011	2	1	32	0.1195	0.11143
0180020713	2011	2	2	33	0.11808	0.11099
0180020713	2011	2	3	34	0.11712	0.11064
0180020713	2011	2	4	35	0.11647	0.11036
0180020713	2011	2	5	36	0.12586	0.11179
0180020713	2011	2	6	37	0.14183	0.11645
0180020713	2011	2	7	38	0.14978	0.11955
0180020713	2011	2	8	39	0.15249	0.12121
0180020713	2011	2	9	40	0.13582	0.11738
0180020713	2011	2	10	41	0.12793	0.11502
0180020713	2011	2	11	42	0.1252	0.11399
0180020713	2011	2	12	43	0.1329	0.11477
0180020713	2011	2	13	44	0.14948	0.11894
0180020713	2011	2	14	45	0.14419	0.11816
0180020713	2011	2	15	46	0.16395	0.12519
0180020713	2011	2	16	47	0.15841	0.12445
0180020713	2011	2	17	48	0.13984	0.11899
0180020713	2011	2	18	49	0.13235	0.11653
0180020713	2011	2	19	50	0.12847	0.11515
0180020713	2011	2	20	51	0.12614	0.11421
0180020713	2011	2	21	52	0.12432	0.11343
0180020713	2011	2	22	53	0.12316	0.11289
0180020713	2011	2	23	54	0.12223	0.11237
0180020713	2011	2	24	55	0.12153	0.11194
0180020713	2011	2	25	56	0.12101	0.1116
0180020713	2011	2	26	57	0.12056	0.11129
0180020713	2011	2	27	58	0.12015	0.11107
0180020713	2011	2	28	59	0.11989	0.11089
0180020713	2011	3	1	60	0.11975	0.11077
0180020713	2011	3	2	61	0.11949	0.11061
0180020713	2011	3	3	62	0.11861	0.11028
0180020713	2011	3	4	63	0.11919	0.11052
0180020713	2011	3	5	64	0.1194	0.11073
0180020713	2011	3	6	65	0.11935	0.11073
0180020713	2011	3	7	66	0.11939	0.11077
0180020713	2011	3	8	67	0.11952	0.11088
0180020713	2011	3	9	68	0.11944	0.11091
0180020713	2011	3	10	69	0.11937	0.11093
0180020713	2011	3	11	70	0.11926	0.1109
0180020713	2011	3	12	71	0.11924	0.11094
0180020713	2011	3	13	72	0.11919	0.11095
0180020713	2011	3	14	73	0.14088	0.1147
0180020713	2011	3	15	74	0.16557	0.12256
0180020713	2011	3	16	75	0.17862	0.13149
0180020713	2011	3	17	76	0.1499	0.12156
0180020713	2011	3	18	77	0.13954	0.11868
0180020713	2011	3	19	78	0.1349	0.11697
0180020713	2011	3	20	79	0.13204	0.1157
0180020713	2011	3	21	80	0.12993	0.11495
0180020713	2011	3	22	81	0.12826	0.11432
0180020713	2011	3	23	82	0.12721	0.1138
0180020713	2011	3	24	83	0.12646	0.11339
0180020713	2011	3	25	84	0.1259	0.11307
0180020713	2011	3	26	85	0.12548	0.11281
0180020713	2011	3	27	86	0.12516	0.11261
0180020713	2011	3	28	87	0.12489	0.11243
0180020713	2011	3	29	88	0.12471	0.11228
0180020713	2011	3	30	89	0.12459	0.11215
0180020713	2011	3	31	90	0.12445	0.11199
0180020713	2011	4	1	91	0.1244	0.11206
0180020713	2011	4	2	92	0.12506	0.11239
0180020713	2011	4	3	93	0.17253	0.1247
0180020713	2011	4	4	94	0.18346	0.12967
0180020713	2011	4	5	95	0.18863	0.13191
0180020713	2011	4	6	96	0.18891	0.1342
0180020713	2011	4	7	97	0.18699	0.14318
0180020713	2011	4	8	98	0.17218	0.13055
0180020713	2011	4	9	99	0.15821	0.12461
0180020713	2011	4	10	100	0.14956	0.12203
0180020713	2011	4	11	101	0.16933	0.12623
0180020713	2011	4	12	102	0.18733	0.13538
0180020713	2011	4	13	103	0.18716	0.13757
0180020713	2011	4	14	104	0.17219	0.12984
0180020713	2011	4	15	105	0.17562	0.13017
0180020713	2011	4	16	106	0.18617	0.13446
0180020713	2011	4	17	107	0.18945	0.13719
0180020713	2011	4	18	108	0.19852	0.1505
0180020713	2011	4	19	109	0.19641	0.15314
0180020713	2011	4	20	110	0.19154	0.15087
0180020713	2011	4	21	111	0.19345	0.14702
0180020713	2011	4	22	112	0.19082	
0180020713	2011	4	23	113	0.18144	0.13408
0180020713	2011	4	24	114	0.18599	0.14138
0180020713	2011	4	25	115	0.18926	0.14923
0180020713	2011	4	26	116	0.18648	0.13691
0180020713	2011	4	27	117	0.18741	0.13643
0180020713	2011	4	28	118	0.1879	0.13755
0180020713	2011	4	29	119	0.18762	0.13675
0180020713	2011	4	30	120	0.18672	0.13604
0180020713	2011	5	1	121	0.18674	0.13543
0180020713	2011	5	2	122	0.18903	0.1468
0180020713	2011	5	3	123	0.19073	0.14418
0180020713	2011	5	4	124	0.18934	0.14661
0180020713	2011	5	5	125	0.19083	0.14749
0180020713	2011	5	6	126	0.19121	0.14823
0180020713	2011	5	7	127	0.19121	0.14727
0180020713	2011	5	8	128	0.19127	0.14827
0180020713	2011	5	9	129	0.18625	0.14358
0180020713	2011	5	10	130	0.18431	0.13883
0180020713	2011	5	11	131	0.19111	0.14445
0180020713	2011	5	12	132	0.19	0.14461
0180020713	2011	5	13	133	0.19043	0.14589
0180020713	2011	5	14	134	0.1891	0.14489
0180020713	2011	5	15	135	0.18063	0.13926
0180020713	2011	5	16	136	0.15279	0.12721
0180020713	2011	5	17	137	0.147	0.12396
0180020713	2011	5	18	138	0.14688	0.12333
0180020713	2011	5	19	139	0.16647	0.12595
0180020713	2011	5	20	140	0.18628	0.13447
0180020713	2011	5	21	141	0.18735	0.1369
0180020713	2011	5	22	142	0.18697	0.14118
0180020713	2011	5	23	143	0.18675	0.14228
0180020713	2011	5	24	144	0.18648	0.1444
0180020713	2011	5	25	145	0.18133	0.14052
0180020713	2011	5	26	146	0.1686	0.13287
0180020713	2011	5	27	147	0.17785	0.13761
0180020713	2011	5	28	148	0.18057	0.13794
0180020713	2011	5	29	149	0.16688	0.13206
0180020713	2011	5	30	150	0.18204	0.13749
0180020713	2011	5	31	151	0.18465	0.14046
0180020713	2011	6	1	152	0.18005	0.13861
0180020713	2011	6	2	153	0.16958	0.13328
0180020713	2011	6	3	154	0.18176	0.13897
0180020713	2011	6	4	155	0.18835	0.14157
0180020713	2011	6	5	156	0.19154	0.14484
0180020713	2011	6	6	157	0.19783	0.15224
0180020713	2011	6	7	158	0.18315	0.14232
0180020713	2011	6	8	159	0.18348	0.14541
0180020713	2011	6	9	160	0.17325	0.14226
0180020713	2011	6	10	161	0.13701	0.12101
0180020713	2011	6	11	162	0.1194	0.11076
0180020713	2011	6	12	163	0.11178	0.10642
0180020713	2011	6	13	164	0.10442	0.10171
0180020713	2011	6	14	165	0.10079	0.099323
0180020713	2011	6	15	166	0.095297	0.095249
0180020713	2011	6	16	167	0.092462	0.093138
0180020713	2011	6	17	168	0.11274	0.099988
0180020713	2011	6	18	169	0.10117	0.096961
0180020713	2011	6	19	170	0.095716	0.094223
0180020713	2011	6	20	171	0.091013	0.0911
0180020713	2011	6	21	172	0.08591	0.087657
0180020713	2011	6	22	173	0.082789	0.085154
0180020713	2011	6	23	174	0.080592	0.083579
0180020713	2011	6	24	175	0.078921	0.082617
0180020713	2011	6	25	176	0.0769	0.081664
0180020713	2011	6	26	177	0.07412	0.080409
0180020713	2011	6	27	178	0.070283	0.078497
0180020713	2011	6	28	179	0.067928	0.077276
0180020713	2011	6	29	180	0.12481	0.10497
0180020713	2011	6	30	181	0.10844	0.10437
0180020713	2011	7	1	182	0.099166	0.09859
0180020713	2011	7	2	183	0.092601	0.09409
0180020713	2011	7	3	184	0.087014	0.090504
0180020713	2011	7	4	185	0.081133	0.087139
0180020713	2011	7	5	186	0.075674	0.084437
0180020713	2011	7	6	187	0.070012	0.081475
0180020713	2011	7	7	188	0.064576	0.078504
0180020713	2011	7	8	189	0.060098	0.076307
0180020713	2011	7	9	190	0.05592	0.0737
0180020713	2011	7	10	191	0.05254	0.071114
0180020713	2011	7	11	192	0.049895	0.068594
0180020713	2011	7	12	193	0.047677	0.066395
0180020713	2011	7	13	194	0.045838	0.064471
0180020713	2011	7	14	195	0.044461	0.063414
0180020713	2011	7	15	196	0.043282	0.062517
0180020713	2011	7	16	197	0.043705	0.063312
0180020713	2011	7	17	198	0.041154	0.061142
0180020713	2011	7	18	199	0.038656	0.059584
0180020713	2011	7	19	200	0.036579	0.058318
0180020713	2011	7	20	201	0.034482	0.056803
0180020713	2011	7	21	202	0.03225	0.055152
0180020713	2011	7	22	203	0.030104	0.0539
0180020713	2011	7	23	204	0.027924	0.05254
0180020713	2011	7	24	205	0.026172	0.051065
0180020713	2011	7	25	206	0.02532	0.049973
0180020713	2011	7	26	207	0.024878	0.049415
0180020713	2011	7	27	208	0.024192	0.048749
0180020713	2011	7	28	209	0.023122	0.047631
0180020713	2011	7	29	210	0.021904	0.046177
0180020713	2011	7	30	211	0.020978	0.044598
0180020713	2011	7	31	212	0.020522	0.04323
0180020713	2011	8	1	213	0.020607	0.042475
0180020713	2011	8	2	214	0.020394	0.041361
0180020713	2011	8	3	215	0.020417	0.040572
0180020713	2011	8	4	216	0.020177	0.039683
0180020713	2011	8	5	217	0.020498	0.039322
0180020713	2011	8	6	218	0.020235	0.038643
0180020713	2011	8	7	219	0.020096	0.037954
0180020713	2011	8	8	220	0.020106	0.037504
0180020713	2011	8	9	221	0.019894	0.037048
0180020713	2011	8	10	222	0.019732	0.036641
0180020713	2011	8	11	223	0.01968	0.036325
0180020713	2011	8	12	224	0.019549	0.035905
0180020713	2011	8	13	225	0.019204	0.035386
0180020713	2011	8	14	226	0.018782	0.03472
0180020713	2011	8	15	227	0.019384	0.034911
0180020713	2011	8	16	228	0.01937	0.034845
0180020713	2011	8	17	229	0.019149	0.034525
0180020713	2011	8	18	230	0.01898	0.034223
0180020713	2011	8	19	231	0.019	0.034078
0180020713	2011	8	20	232	0.018852	0.03386
0180020713	2011	8	21	233	0.018834	0.033693
0180020713	2011	8	22	234	0.018793	0.033507
0180020713	2011	8	23	235	0.01866	0.033314
0180020713	2011	8	24	236	0.017568	0.032341
0180020713	2011	8	25	237	0.01787	0.032214
0180020713	2011	8	26	238	0.017734	0.032019
0180020713	2011	8	27	239	0.0168	0.031181
0180020713	2011	8	28	240	0.01718	0.03119
0180020713	2011	8	29	241	0.017984	0.031698
0180020713	2011	8	30	242	0.018235	0.031994
0180020713	2011	8	31	243	0.018403	0.032208
0180020713	2011	9	1	244	0.018598	0.032439
0180020713	2011	9	2	245	0.018534	0.032417
0180020713	2011	9	3	246	0.018155	0.032176
0180020713	2011	9	4	247	0.017853	0.031917
0180020713	2011	9	5	248	0.017816	0.031787
0180020713	2011	9	6	249	0.018441	0.032212
0180020713	2011	9	7	250	0.018213	0.032078
0180020713	2011	9	8	251	0.017944	0.031878
0180020713	2011	9	9	252	0.018194	0.031972
0180020713	2011	9	10	253	0.018952	0.032332
0180020713	2011	9	11	254	0.02081	0.034018
0180020713	2011	9	12	255	0.021565	0.034514
0180020713	2011	9	13	256	0.022297	0.034701
0180020713	2011	9	14	257	0.024055	0.034933
0180020713	2011	9	15	258	0.025436	0.035549
0180020713	2011	9	16	259	0.025734	0.035123
0180020713	2011	9	17	260	0.027533	0.036137
0180020713	2011	9	18	261	0.02792	0.036178
0180020713	2011	9	19	262	0.028253	0.035732
0180020713	2011	9	20	263	0.029403	0.035977
0180020713	2011	9	21	264	0.030153	0.036055
0180020713	2011	9	22	265	0.031007	0.036201
0180020713	2011	9	23	266	0.031545	0.036263
0180020713	2011	9	24	267	0.031977	0.036515
0180020713	2011	9	25	268	0.032531	0.037397
0180020713	2011	9	26	269	0.032635	0.038176
0180020713	2011	9	27	270	0.03205	0.038037
0180020713	2011	9	28	271	0.031157	0.037924
0180020713	2011	9	29	272	0.030248	0.038007
0180020713	2011	9	30	273	0.028929	0.038035
0180020713	2011	10	1	274	0.028197	0.03835
0180020713	2011	10	2	275	0.028417	0.03912
0180020713	2011	10	3	276	0.028465	0.039605
0180020713	2011	10	4	277	0.030054	0.041086
0180020713	2011	10	5	278	0.063202	0.050538
0180020713	2011	10	6	279	0.091633	0.079475
0180020713	2011	10	7	280	0.096889	0.088108
0180020713	2011	10	8	281	0.097591	0.093319
0180020713	2011	10	9	282	0.093471	0.0931
0180020713	2011	10	10	283	0.094043	0.09521
0180020713	2011	10	11	284	0.10864	0.099758
0180020713	2011	10	12	285	0.095182	0.096714
0180020713	2011	10	13	286	0.090561	0.094717
0180020713	2011	10	14	287	0.087838	0.093466
0180020713	2011	10	15	288	0.085566	0.092313
0180020713	2011	10	16	289	0.084104	0.091592
0180020713	2011	10	17	290	0.083551	0.091543
0180020713	2011	10	18	291	0.082319	0.091052
0180020713	2011	10	19	292	0.081504	0.090728
0180020713	2011	10	20	293	0.081253	0.090984
0180020713	2011	10	21	294	0.080476	0.090613
0180020713	2011	10	22	295	0.079646	0.090301
0180020713	2011	10	23	296	0.078869	0.089832
0180020713	2011	10	24	297	0.078402	0.089648
0180020713	2011	10	25	298	0.078338	0.089789
0180020713	2011	10	26	299	0.079065	0.090818
0180020713	2011	10	27	300	0.078699	0.090804
0180020713	2011	10	28	301	0.07776	0.090082
0180020713	2011	10	29	302	0.076936	0.089502
0180020713	2011	10	30	303	0.076195	0.088827
0180020713	2011	10	31	304	0.075609	0.088226
0180020713	2011	11	1	305	0.075887	0.088269
0180020713	2011	11	2	306		
0180020713	2011	11	3	307		
0180020713	2011	11	4	308		
0180020713	2011	11	5	309		
0180020713	2011	11	6	310		
0180020713	2011	11	7	311		
0180020713	2011	11	8	312		
0180020713	2011	11	9	313		
0180020713	2011	11	10	314		
0180020713	2011	11	11	315		
0180020713	2011	11	12	316		
0180020713	2011	11	13	317		
0180020713	2011	11	14	318		
0180020713	2011	11	15	319		
0180020713	2011	11	16	320		
0180020713	2011	11	17	321		
0180020713	2011	11	18	322	0.12456	0.10879
0180020713	2011	11	19	323		
0180020713	2011	11	20	324		
0180020713	2011	11	21	325		
0180020713	2011	11	22	326		
0180020713	2011	11	23	327		
0180020713	2011	11	24	328		
0180020713	2011	11	25	329		
0180020713	2011	11	26	330		
0180020713	2011	11	27	331		
0180020713	2011	11	28	332		
0180020713	2011	11	29	333	0.11696	0.10725
0180020713	2011	11	30	334	0.11881	0.10768
0180020713	2011	12	1	335		
0180020713	2011	12	2	336		
0180020713	2011	12	3	337		
0180020713	2011	12	4	338		
0180020713	2011	12	5	339		
0180020713	2011	12	6	340	0.061283	0.093774
0180020713	2011	12	7	341	0.067822	0.094019
0180020713	2011	12	8	342	0.074641	0.094837
0180020713	2011	12	9	343	0.09107	0.096777
0180020713	2011	12	10	344	0.082231	0.095925
0180020713	2011	12	11	345	0.068828	0.090251
0180020713	2011	12	12	346	0.061251	0.079858
0180020713	2011	12	13	347	0.057877	0.065861
0180020713	2011	12	14	348	0.056107	0.059615
0180020713	2011	12	15	349	0.05579	0.058402
0180020713	2011	12	16	350	0.056518	0.059027
0180020713	2011	12	17	351	0.057316	0.059656
0180020713	2011	12	18	352	0.057238	0.059872
0180020713	2011	12	19	353	0.056235	0.058697
0180020713	2011	12	20	354	0.056347	0.058867
0180020713	2011	12	21	355	0.05618	0.058579
0180020713	2011	12	22	356	0.055734	0.05829
0180020713	2011	12	23	357	0.055319	0.057767
0180020713	2011	12	24	358	0.055254	0.057575
0180020713	2011	12	25	359	0.05525	0.057525
0180020713	2011	12	26	360	0.055188	0.057513
0180020713	2011	12	27	361	0.055148	0.057433
0180020713	2011	12	28	362	0.055341	0.057431
0180020713	2011	12	29	363	0.057541	0.058779
0180020713	2011	12	30	364	0.061737	0.061635
0180020713	2011	12	31	365	0.065769	0.064922
0180020713	2012	1	1	1	0.065012	0.068937
0180020713	2012	1	2	2	0.061215	0.070723
0180020713	2012	1	3	3	0.060578	0.071283
0180020713	2012	1	4	4	0.060331	0.070887
0180020713	2012	1	5	5	0.061543	0.072701
0180020713	2012	1	6	6	0.062935	0.076003
0180020713	2012	1	7	7	0.061868	0.078672
0180020713	2012	1	8	8	0.059852	0.073947
0180020713	2012	1	9	9	0.061092	0.072205
0180020713	2012	1	10	10	0.06178	0.072888
0180020713	2012	1	11	11	0.061985	0.073702
0180020713	2012	1	12	12	0.061493	0.073185
0180020713	2012	1	13	13	0.060696	0.07131
0180020713	2012	1	14	14	0.060449	0.069743
0180020713	2012	1	15	15	0.059249	0.068064
0180020713	2012	1	16	16	0.059058	0.06536
0180020713	2012	1	17	17	0.056697	0.063047
0180020713	2012	1	18	18	0.05606	0.060884
0180020713	2012	1	19	19	0.056984	0.061639
0180020713	2012	1	20	20	0.058232	0.06231
0180020713	2012	1	21	21	0.065258	0.066139
0180020713	2012	1	22	22	0.069309	0.069617
0180020713	2012	1	23	23	0.072031	0.072365
0180020713	2012	1	24	24	0.074162	0.074514
0180020713	2012	1	25	25	0.075924	0.076392
0180020713	2012	1	26	26	0.077608	0.07817
0180020713	2012	1	27	27	0.079806	0.080147
0180020713	2012	1	28	28	0.082236	0.082749
0180020713	2012	1	29	29	0.084824	0.086468
0180020713	2012	1	30	30	0.087341	0.091259
0180020713	2012	1	31	31	0.089712	0.09657
0180020713	2012	2	1	32	0.091649	0.10108
0180020713	2012	2	2	33	0.093424	0.10442
0180020713	2012	2	3	34	0.094409	0.1059
0180020713	2012	2	4	35	0.094099	0.1056
0180020713	2012	2	5	36	0.090384	0.10484
0180020713	2012	2	6	37	0.080803	0.10294
0180020713	2012	2	7	38	0.074929	0.098979
0180020713	2012	2	8	39	0.075918	0.097072
0180020713	2012	2	9	40	0.078519	0.0978
0180020713	2012	2	10	41	0.080732	0.098977
0180020713	2012	2	11	42	0.082433	0.10005
0180020713	2012	2	12	43	0.083696	0.10122
0180020713	2012	2	13	44	0.084982	0.10215
0180020713	2012	2	14	45	0.086098	0.10306
0180020713	2012	2	15	46	0.087303	0.10387
0180020713	2012	2	16	47	0.088496	0.10468
0180020713	2012	2	17	48	0.089674	0.10538
0180020713	2012	2	18	49	0.090045	0.10576
0180020713	2012	2	19	50	0.090666	0.10618
0180020713	2012	2	20	51	0.09156	0.10659
0180020713	2012	2	21	52	0.092225	0.10687
0180020713	2012	2	22	53	0.092958	0.10717
0180020713	2012	2	23	54	0.094048	0.10748
0180020713	2012	2	24	55	0.095273	0.10812
0180020713	2012	2	25	56	0.096688	0.10899
0180020713	2012	2	26	57	0.098137	0.10969
0180020713	2012	2	27	58	0.09682	0.10936
0180020713	2012	2	28	59	0.08997	0.10765
0180020713	2012	2	29	60	0.086758	0.10637
0180020713	2012	3	1	61	0.086449	0.10582
0180020713	2012	3	2	62	0.086574	0.10562
0180020713	2012	3	3	63	0.086736	0.1056
0180020713	2012	3	4	64	0.087377	0.10577
0180020713	2012	3	5	65	0.088973	0.10635
0180020713	2012	3	6	66	0.090487	0.10693
0180020713	2012	3	7	67	0.092101	0.10733
0180020713	2012	3	8	68	0.093558	0.1078
0180020713	2012	3	9	69	0.095022	0.10839
0180020713	2012	3	10	70	0.096308	0.10897
0180020713	2012	3	11	71	0.09738	0.10954
0180020713	2012	3	12	72	0.098573	0.11005
0180020713	2012	3	13	73	0.099489	0.11048
0180020713	2012	3	14	74	0.10022	0.11083
0180020713	2012	3	15	75	0.10159	0.11133
0180020713	2012	3	16	76	0.10266	0.1122
0180020713	2012	3	17	77	0.10374	0.11561
0180020713	2012	3	18	78	0.10533	0.11644
0180020713	2012	3	19	79	0.10636	0.11626
0180020713	2012	3	20	80	0.10754	0.11614
0180020713	2012	3	21	81	0.10848	0.11598
0180020713	2012	3	22	82	0.10941	0.1159
0180020713	2012	3	23	83	0.11031	0.11637
0180020713	2012	3	24	84	0.11129	0.117
0180020713	2012	3	25	85	0.11224	0.11713
0180020713	2012	3	26	86	0.11316	0.11709
0180020713	2012	3	27	87	0.11396	0.117
0180020713	2012	3	28	88	0.11449	0.11688
0180020713	2012	3	29	89	0.11537	0.11692
0180020713	2012	3	30	90	0.11644	0.11694
0180020713	2012	3	31	91	0.11756	0.11734
0180020713	2012	4	1	92	0.11884	0.11916
0180020713	2012	4	2	93	0.11994	0.1198
0180020713	2012	4	3	94	0.12093	0.11959
0180020713	2012	4	4	95	0.12206	0.11941
0180020713	2012	4	5	96	0.12312	0.1196
0180020713	2012	4	6	97	0.12407	0.11956
0180020713	2012	4	7	98	0.1248	0.11932
0180020713	2012	4	8	99	0.12594	0.11908
0180020713	2012	4	9	100	0.12743	0.11895
0180020713	2012	4	10	101	0.12916	0.11911
0180020713	2012	4	11	102	0.13085	0.1196
0180020713	2012	4	12	103	0.1326	0.11999
0180020713	2012	4	13	104	0.13334	0.11991
0180020713	2012	4	14	105	0.13349	0.11947
0180020713	2012	4	15	106	0.13355	0.119
0180020713	2012	4	16	107	0.13361	0.11859
0180020713	2012	4	17	108	0.13576	0.11866
0180020713	2012	4	18	109	0.13995	0.11929
0180020713	2012	4	19	110	0.14473	0.12052
0180020713	2012	4	20	111	0.14996	0.1219
0180020713	2012	4	21	112	0.15536	0.12335
0180020713	2012	4	22	113	0.16071	0.12448
0180020713	2012	4	23	114	0.16565	0.12513
0180020713	2012	4	24	115	0.16976	0.1251
0180020713	2012	4	25	116	0.17554	0.12476
0180020713	2012	4	26	117	0.18726	0.12703
0180020713	2012	4	27	118	0.17959	0.12985
0180020713	2012	4	28	119	0.17058	0.12754
0180020713	2012	4	29	120	0.16272	0.13014
0180020713	2012	4	30	121	0.13646	0.12177
0180020713	2012	5	1	122	0.11861	0.11181
0180020713	2012	5	2	123	0.11274	0.10865
0180020713	2012	5	3	124	0.10872	0.10638
0180020713	2012	5	4	125	0.10976	0.10721
0180020713	2012	5	5	126	0.10485	0.10417
0180020713	2012	5	6	127	0.10092	0.10185
0180020713	2012	5	7	128	0.096735	0.099225
0180020713	2012	5	8	129	0.093117	0.096955
0180020713	2012	5	9	130	0.089663	0.094434
0180020713	2012	5	10	131	0.087322	0.092744
0180020713	2012	5	11	132	0.085157	0.091117
0180020713	2012	5	12	133	0.082997	0.089416
0180020713	2012	5	13	134	0.08076	0.08747
0180020713	2012	5	14	135	0.078993	0.085803
0180020713	2012	5	15	136	0.078203	0.085018
0180020713	2012	5	16	137	0.076526	0.083589
0180020713	2012	5	17	138	0.075794	0.082795
0180020713	2012	5	18	139	0.07581	0.082933
0180020713	2012	5	19	140	0.0751	0.082422
0180020713	2012	5	20	141	0.073453	0.0811
0180020713	2012	5	21	142	0.07157	0.079725
0180020713	2012	5	22	143	0.070605	0.079438
0180020713	2012	5	23	144	0.069388	0.07902
0180020713	2012	5	24	145	0.069107	0.078922
0180020713	2012	5	25	146	0.070739	0.079513
0180020713	2012	5	26	147	0.1217	0.10461
0180020713	2012	5	27	148	0.12239	0.11076
0180020713	2012	5	28	149	0.1053	0.10247
0180020713	2012	5	29	150	0.094366	0.095827
0180020713	2012	5	30	151	0.088744	0.09193
0180020713	2012	5	31	152	0.082904	0.087793
0180020713	2012	6	1	153	0.078652	0.084371
0180020713	2012	6	2	154	0.076449	0.082189
0180020713	2012	6	3	155	0.074874	0.080963
0180020713	2012	6	4	156	0.092468	0.087878
0180020713	2012	6	5	157	0.14372	0.12456
0180020713	2012	6	6	158	0.11903	0.11087
0180020713	2012	6	7	159	0.10661	0.1031
0180020713	2012	6	8	160	0.10062	0.098978
0180020713	2012	6	9	161	0.097421	0.09674
0180020713	2012	6	10	162	0.093711	0.094574
0180020713	2012	6	11	163	0.089233	0.091346
0180020713	2012	6	12	164	0.085724	0.088933
0180020713	2012	6	13	165	0.082978	0.086851
0180020713	2012	6	14	166	0.080036	0.084564
0180020713	2012	6	15	167	0.077965	0.083056
0180020713	2012	6	16	168	0.075481	0.081222
0180020713	2012	6	17	169	0.072958	0.079369
0180020713	2012	6	18	170	0.071064	0.07795
0180020713	2012	6	19	171	0.070681	0.077689
0180020713	2012	6	20	172	0.069337	0.076761
0180020713	2012	6	21	173	0.067795	0.075193
0180020713	2012	6	22	174	0.067523	0.075071
0180020713	2012	6	23	175	0.068449	0.076194
0180020713	2012	6	24	176	0.069808	0.077918
0180020713	2012	6	25	177	0.068897	0.077139
0180020713	2012	6	26	178	0.068172	0.076259
0180020713	2012	6	27	179	0.06721	0.075395
0180020713	2012	6	28	180	0.065547	0.073858
0180020713	2012	6	29	181	0.064258	0.072804
0180020713	2012	6	30	182	0.06306	0.071816
0180020713	2012	7	1	183	0.06167	0.070586
0180020713	2012	7	2	184	0.06067	0.069684
0180020713	2012	7	3	185	0.059317	0.068396
0180020713	2012	7	4	186	0.058072	0.067286
0180020713	2012	7	5	187	0.0571	0.066507
0180020713	2012	7	6	188	0.055984	0.065633
0180020713	2012	7	7	189	0.054438	0.064453
0180020713	2012	7	8	190	0.052692	0.06313
0180020713	2012	7	9	191	0.050964	0.06202
0180020713	2012	7	10	192	0.049106	0.060854
0180020713	2012	7	11	193	0.046867	0.059752
0180020713	2012	7	12	194	0.044391	0.058709
0180020713	2012	7	13	195	0.042246	0.057683
0180020713	2012	7	14	196	0.040682	0.05699
0180020713	2012	7	15	197	0.039765	0.05651
0180020713	2012	7	16	198	0.03872	0.055939
0180020713	2012	7	17	199	0.038167	0.055643
0180020713	2012	7	18	200	0.037583	0.055242
0180020713	2012	7	19	201	0.036246	0.054324
0180020713	2012	7	20	202	0.037013	0.055071
0180020713	2012	7	21	203	0.034618	0.053644
0180020713	2012	7	22	204	0.032127	0.052385
0180020713	2012	7	23	205	0.041069	0.051887
0180020713	2012	7	24	206	0.054126	0.055531
0180020713	2012	7	25	207	0.053167	0.057377
0180020713	2012	7	26	208	0.052374	0.057829
0180020713	2012	7	27	209	0.051763	0.057914
0180020713	2012	7	28	210	0.051337	0.057924
0180020713	2012	7	29	211	0.050721	0.057658
0180020713	2012	7	30	212	0.049994	0.057277
0180020713	2012	7	31	213	0.04907	0.05673
0180020713	2012	8	1	214	0.04814	0.056162
0180020713	2012	8	2	215	0.04721	0.055576
0180020713	2012	8	3	216	0.045792	0.054651
0180020713	2012	8	4	217	0.043761	0.053477
0180020713	2012	8	5	218	0.041802	0.052847
0180020713	2012	8	6	219	0.039752	0.052353
0180020713	2012	8	7	220	0.037452	0.051799
0180020713	2012	8	8	221	0.03442	0.050914
0180020713	2012	8	9	222	0.030771	0.049973
0180020713	2012	8	10	223	0.027257	0.049113
0180020713	2012	8	11	224	0.024767	0.048251
0180020713	2012	8	12	225	0.022267	0.047075
0180020713	2012	8	13	226	0.022422	0.046182
0180020713	2012	8	14	227	0.042173	0.047904
0180020713	2012	8	15	228	0.040127	0.04671
0180020713	2012	8	16	229	0.040131	0.046841
0180020713	2012	8	17	230	0.039875	0.046514
0180020713	2012	8	18	231	0.039583	0.046291
0180020713	2012	8	19	232	0.039546	0.046246
0180020713	2012	8	20	233	0.040048	0.046472
0180020713	2012	8	21	234	0.040243	0.046667
0180020713	2012	8	22	235	0.040107	0.046788
0180020713	2012	8	23	236	0.039777	0.0466
0180020713	2012	8	24	237	0.039354	0.046451
0180020713	2012	8	25	238	0.038526	0.046231
0180020713	2012	8	26	239	0.037584	0.046212
0180020713	2012	8	27	240	0.036999	0.046521
0180020713	2012	8	28	241	0.036104	0.046676
0180020713	2012	8	29	242	0.034906	0.046769
0180020713	2012	8	30	243	0.032403	0.046273
0180020713	2012	8	31	244	0.029733	0.045759
0180020713	2012	9	1	245	0.028721	0.04593
0180020713	2012	9	2	246	0.027191	0.045676
0180020713	2012	9	3	247	0.025608	0.045134
0180020713	2012	9	4	248	0.024746	0.044767
0180020713	2012	9	5	249	0.024123	0.044385
0180020713	2012	9	6	250	0.032161	0.044637
0180020713	2012	9	7	251	0.032593	0.044316
0180020713	2012	9	8	252	0.030757	0.043164
0180020713	2012	9	9	253	0.030043	0.042513
0180020713	2012	9	10	254	0.030292	0.042585
0180020713	2012	9	11	255	0.030432	0.042651
0180020713	2012	9	12	256	0.030137	0.0426
0180020713	2012	9	13	257	0.02973	0.042557
0180020713	2012	9	14	258	0.028648	0.042417
0180020713	2012	9	15	259	0.027781	0.04253
0180020713	2012	9	16	260	0.027129	0.042853
0180020713	2012	9	17	261	0.026089	0.042823
0180020713	2012	9	18	262	0.025243	0.042728
0180020713	2012	9	19	263	0.02463	0.042617
0180020713	2012	9	20	264	0.024122	0.042436
0180020713	2012	9	21	265	0.023588	0.042155
0180020713	2012	9	22	266	0.022838	0.041727
0180020713	2012	9	23	267	0.023051	0.041735
0180020713	2012	9	24	268	0.023765	0.042304
0180020713	2012	9	25	269	0.023808	0.042218
0180020713	2012	9	26	270	0.0235	0.041916
0180020713	2012	9	27	271	0.023105	0.041416
0180020713	2012	9	28	272	0.023139	0.041231
0180020713	2012	9	29	273	0.02308	0.041127
0180020713	2012	9	30	274	0.022733	0.040714
0180020713	2012	10	1	275	0.02247	0.040394
0180020713	2012	10	2	276	0.022301	0.0401
0180020713	2012	10	3	277	0.022608	0.040205
0180020713	2012	10	4	278	0.022894	0.040371
0180020713	2012	10	5	279	0.02341	0.040676
0180020713	2012	10	6	280	0.023878	0.04109
0180020713	2012	10	7	281	0.024066	0.041261
0180020713	2012	10	8	282	0.024438	0.041481
0180020713	2012	10	9	283	0.024511	0.041756
0180020713	2012	10	10	284	0.024827	0.041896
0180020713	2012	10	11	285	0.025204	0.042165
0180020713	2012	10	12	286	0.024896	0.041885
0180020713	2012	10	13	287	0.026178	0.043045
0180020713	2012	10	14	288	0.025438	0.042306
0180020713	2012	10	15	289	0.025361	0.041788
0180020713	2012	10	16	290		
0180020713	2012	10	17	291		
0180020713	2012	10	18	292		
0180020713	2012	10	19	293		
0180020713	2012	10	20	294		
0180020713	2012	10	21	295		
0180020713	2012	10	22	296		
0180020713	2012	10	23	297		
0180020713	2012	10	24	298		
0180020713	2012	10	25	299		
0180020713	2012	10	26	300		
0180020713	2012	10	27	301		
0180020713	2012	10	28	302		
0180020713	2012	10	29	303		
0180020713	2012	10	30	304	0.075474	0.084492
0180020713	2012	10	31	305	0.078574	0.08817
0180020713	2012	11	1	306	0.085601	0.094117
0180020713	2012	11	2	307	0.087935	0.097808
0180020713	2012	11	3	308	0.089184	0.099363
0180020713	2012	11	4	309	0.095745	0.10074
0180020713	2012	11	5	310	0.099238	0.1008
0180020713	2012	11	6	311	0.092369	0.098503
0180020713	2012	11	7	312	0.088211	0.09727
0180020713	2012	11	8	313	0.087183	0.096815
0180020713	2012	11	9	314	0.089639	0.098747
0180020713	2012	11	10	315	0.090902	0.09959
0180020713	2012	11	11	316	0.091937	0.10001
0180020713	2012	11	12	317	0.092082	0.1001
0180020713	2012	11	13	318	0.099214	0.10077
0180020713	2012	11	14	319	0.10441	0.10224
0180020713	2012	11	15	320	0.10477	0.10277
0180020713	2012	11	16	321	0.11217	0.10373
0180020713	2012	11	17	322	0.12826	0.10716
0180020713	2012	11	18	323	0.1297	0.10753
0180020713	2012	11	19	324	0.11971	0.1073
0180020713	2012	11	20	325	0.11349	0.10618
0180020713	2012	11	21	326	0.13386	0.10818
0180020713	2012	11	22	327	0.10604	0.10538
0180020713	2012	11	23	328	0.099954	0.10346
0180020713	2012	11	24	329	0.097225	0.10232
0180020713	2012	11	25	330	0.095557	0.10165
0180020713	2012	11	26	331	0.094394	0.10125
0180020713	2012	11	27	332	0.093456	0.10085
0180020713	2012	11	28	333	0.10704	0.10378
0180020713	2012	11	29	334	0.14494	0.11772
0180020713	2012	11	30	335	0.17169	0.13968
0180020713	2012	12	1	336	0.14775	0.14118
0180020713	2012	12	2	337	0.15865	
0180020713	2012	12	3	338	0.11916	0.12664
0180020713	2012	12	4	339	0.11076	0.11668
0180020713	2012	12	5	340	0.16078	0.12845
0180020713	2012	12	6	341	0.11641	0.12011
0180020713	2012	12	7	342	0.10642	0.11402
0180020713	2012	12	8	343	0.10308	0.11173
0180020713	2012	12	9	344	0.10196	0.11067
0180020713	2012	12	10	345	0.10074	0.10937
0180020713	2012	12	11	346	0.099414	0.10813
0180020713	2012	12	12	347	0.099819	0.10831
0180020713	2012	12	13	348	0.10003	0.10847
0180020713	2012	12	14	349	0.099384	0.10788
0180020713	2012	12	15	350	0.098403	0.10721
0180020713	2012	12	16	351	0.097696	0.10679
0180020713	2012	12	17	352	0.15167	0.11961
0180020713	2012	12	18	353	0.12269	0.1197
0180020713	2012	12	19	354	0.11019	0.11409
0180020713	2012	12	20	355	0.10515	0.11122
0180020713	2012	12	21	356	0.10244	0.10952
0180020713	2012	12	22	357	0.12433	0.11242
0180020713	2012	12	23	358	0.11987	0.11425
0180020713	2012	12	24	359	0.11124	0.11206
0180020713	2012	12	25	360	0.10927	0.11101
0180020713	2012	12	26	361	0.10708	0.11051
0180020713	2012	12	27	362	0.10994	0.11027
0180020713	2012	12	28	363	0.14263	0.11013
0180020713	2012	12	29	364		
0180020713	2012	12	30	365		
0180020713	2012	12	31	366		
0180020713	2013	1	1	1		
0180020713	2013	1	2	2		
0180020713	2013	1	3	3		
0180020713	2013	1	4	4		
0180020713	2013	1	5	5		
0180020713	2013	1	6	6		
0180020713	2013	1	7	7		
0180020713	2013	1	8	8	0.10358	0.10869
0180020713	2013	1	9	9	0.10665	0.10944
0180020713	2013	1	10	10	0.10589	0.10933
0180020713	2013	1	11	11	0.10559	0.10929
0180020713	2013	1	12	12	0.10549	0.1093
0180020713	2013	1	13	13	0.1058	0.10933
0180020713	2013	1	14	14	0.10651	0.10935
0180020713	2013	1	15	15	0.10573	0.10932
0180020713	2013	1	16	16	0.10557	0.10924
0180020713	2013	1	17	17	0.10509	0.10907
0180020713	2013	1	18	18	0.10521	0.109
0180020713	2013	1	19	19	0.10464	0.10899
0180020713	2013	1	20	20	0.10498	0.10898
0180020713	2013	1	21	21	0.10509	0.10878
0180020713	2013	1	22	22	0.10588	0.1092
0180020713	2013	1	23	23	0.14761	0.10914
0180020713	2013	1	24	24	0.1301	0.11171
0180020713	2013	1	25	25	0.1739	0.1262
0180020713	2013	1	26	26	0.16715	0.12864
0180020713	2013	1	27	27	0.1598	0.12675
0180020713	2013	1	28	28	0.13213	0.12094
0180020713	2013	1	29	29	0.12508	0.11872
0180020713	2013	1	30	30		
0180020713	2013	1	31	31		
0180020713	2013	2	1	32		
0180020713	2013	2	2	33		
0180020713	2013	2	3	34		
0180020713	2013	2	4	35		
0180020713	2013	2	5	36		
0180020713	2013	2	6	37		
0180020713	2013	2	7	38		
0180020713	2013	2	8	39		
0180020713	2013	2	9	40		
0180020713	2013	2	10	41		
0180020713	2013	2	11	42	0.11347	0.11292
0180020713	2013	2	12	43	0.11264	0.1124
0180020713	2013	2	13	44	0.1192	0.11331
0180020713	2013	2	14	45	0.14008	0.11566
0180020713	2013	2	15	46	0.15467	0.11888
0180020713	2013	2	16	47	0.16707	0.1214
0180020713	2013	2	17	48	0.14713	0.12042
0180020713	2013	2	18	49	0.14859	0.12049
0180020713	2013	2	19	50	0.14328	0.11984
0180020713	2013	2	20	51	0.12627	0.11754
0180020713	2013	2	21	52	0.12097	0.11576
0180020713	2013	2	22	53	0.11833	0.11477
0180020713	2013	2	23	54	0.11949	0.11596
0180020713	2013	2	24	55	0.11681	0.11471
0180020713	2013	2	25	56	0.11497	0.1137
0180020713	2013	2	26	57	0.11513	0.11333
0180020713	2013	2	27	58	0.11395	0.11275
0180020713	2013	2	28	59	0.11226	0.11204
0180020713	2013	3	1	60	0.17344	0.11755
0180020713	2013	3	2	61	0.16906	0.12503
0180020713	2013	3	3	62		0.1291
0180020713	2013	3	4	63	0.1556	0.12661
0180020713	2013	3	5	64	0.18555	0.12712
0180020713	2013	3	6	65	0.20316	0.13161
0180020713	2013	3	7	66		
0180020713	2013	3	8	67		
0180020713	2013	3	9	68	0.12312	0.1167
0180020713	2013	3	10	69		
0180020713	2013	3	11	70		
0180020713	2013	3	12	71	0.15965	0.12763
0180020713	2013	3	13	72	0.16382	0.13009
0180020713	2013	3	14	73	0.15905	0.12958
0180020713	2013	3	15	74	0.16144	0.13061
0180020713	2013	3	16	75	0.14927	0.12754
0180020713	2013	3	17	76	0.16037	0.13063
0180020713	2013	3	18	77	0.15475	0.12806
0180020713	2013	3	19	78		
0180020713	2013	3	20	79		0.13896
0180020713	2013	3	21	80	0.17475	0.13548
0180020713	2013	3	22	81	0.1462	0.12723
0180020713	2013	3	23	82	0.14454	0.12633
0180020713	2013	3	24	83	0.14842	0.12777
0180020713	2013	3	25	84	0.14341	0.12654
0180020713	2013	3	26	85		
0180020713	2013	3	27	86		
0180020713	2013	3	28	87		
0180020713	2013	3	29	88		
0180020713	2013	3	30	89		
0180020713	2013	3	31	90	0.12927	0.11942
0180020713	2013	4	1	91		
0180020713	2013	4	2	92		
0180020713	2013	4	3	93		
0180020713	2013	4	4	94		
0180020713	2013	4	5	95		
0180020713	2013	4	6	96		
0180020713	2013	4	7	97		
0180020713	2013	4	8	98		
0180020713	2013	4	9	99		
0180020713	2013	4	10	100		
0180020713	2013	4	11	101		
0180020713	2013	4	12	102		
0180020713	2013	4	13	103		
0180020713	2013	4	14	104		
0180020713	2013	4	15	105	0.20292	
0180020713	2013	4	16	106	0.20282	
0180020713	2013	4	17	107	0.20255	
0180020713	2013	4	18	108	0.20225	
0180020713	2013	4	19	109	0.2019	
0180020713	2013	4	20	110	0.20161	
0180020713	2013	4	21	111	0.20128	
0180020713	2013	4	22	112	0.20095	
0180020713	2013	4	23	113	0.2006	
0180020713	2013	4	24	114	0.20027	
0180020713	2013	4	25	115	0.20001	
0180020713	2013	4	26	116	0.19977	
0180020713	2013	4	27	117	0.19948	
0180020713	2013	4	28	118	0.19915	
0180020713	2013	4	29	119	0.19885	
0180020713	2013	4	30	120	0.19858	
0180020713	2013	5	1	121	0.19837	
0180020713	2013	5	2	122		
0180020713	2013	5	3	123		
0180020713	2013	5	4	124		
0180020713	2013	5	5	125		
0180020713	2013	5	6	126		
0180020713	2013	5	7	127		
0180020713	2013	5	8	128		
0180020713	2013	5	9	129		
0180020713	2013	5	10	130		
0180020713	2013	5	11	131		
0180020713	2013	5	12	132		
0180020713	2013	5	13	133		
0180020713	2013	5	14	134		
0180020713	2013	5	15	135		
0180020713	2013	5	16	136		
0180020713	2013	5	17	137		
0180020713	2013	5	18	138		
0180020713	2013	5	19	139		
0180020713	2013	5	20	140		
0180020713	2013	5	21	141		
0180020713	2013	5	22	142		
0180020713	2013	5	23	143		
0180020713	2013	5	24	144		
0180020713	2013	5	25	145		
0180020713	2013	5	26	146		
0180020713	2013	5	27	147		
0180020713	2013	5	28	148		
0180020713	2013	5	29	149		
0180020713	2013	5	30	150		
0180020713	2013	5	31	151		
0180020713	2013	6	1	152		
0180020713	2013	6	2	153		
0180020713	2013	6	3	154		
0180020713	2013	6	4	155		
0180020713	2013	6	5	156		
0180020713	2013	6	6	157		
0180020713	2013	6	7	158		
0180020713	2013	6	8	159		
0180020713	2013	6	9	160		
0180020713	2013	6	10	161		
0180020713	2013	6	11	162		
0180020713	2013	6	12	163		
0180020713	2013	6	13	164		
0180020713	2013	6	14	165		
0180020713	2013	6	15	166		
0180020713	2013	6	16	167		
0180020713	2013	6	17	168		
0180020713	2013	6	18	169		
0180020713	2013	6	19	170		
0180020713	2013	6	20	171		
0180020713	2013	6	21	172		
0180020713	2013	6	22	173		
0180020713	2013	6	23	174		
0180020713	2013	6	24	175		
0180020713	2013	6	25	176		
0180020713	2013	6	26	177		
0180020713	2013	6	27	178		
0180020713	2013	6	28	179		
0180020713	2013	6	29	180		
0180020713	2013	6	30	181		
0180020713	2013	7	1	182		
0180020713	2013	7	2	183		
0180020713	2013	7	3	184		
0180020713	2013	7	4	185		
0180020713	2013	7	5	186		
0180020713	2013	7	6	187		
0180020713	2013	7	7	188		
0180020713	2013	7	8	189		
0180020713	2013	7	9	190		
0180020713	2013	7	10	191		
0180020713	2013	7	11	192		
0180020713	2013	7	12	193		
0180020713	2013	7	13	194		
0180020713	2013	7	14	195		
0180020713	2013	7	15	196		
0180020713	2013	7	16	197		
0180020713	2013	7	17	198		
0180020713	2013	7	18	199		
0180020713	2013	7	19	200		
0180020713	2013	7	20	201		
0180020713	2013	7	21	202		
0180020713	2013	7	22	203		
0180020713	2013	7	23	204		
0180020713	2013	7	24	205		
0180020713	2013	7	25	206		
0180020713	2013	7	26	207		
0180020713	2013	7	27	208		
0180020713	2013	7	28	209		
0180020713	2013	7	29	210		
0180020713	2013	7	30	211		
0180020713	2013	7	31	212		
0180020713	2013	8	1	213		
0180020713	2013	8	2	214		
0180020713	2013	8	3	215		
0180020713	2013	8	4	216		
0180020713	2013	8	5	217		
0180020713	2013	8	6	218		
0180020713	2013	8	7	219		
0180020713	2013	8	8	220		
0180020713	2013	8	9	221		
0180020713	2013	8	10	222		
0180020713	2013	8	11	223		
0180020713	2013	8	12	224		
0180020713	2013	8	13	225		
0180020713	2013	8	14	226		
0180020713	2013	8	15	227		
0180020713	2013	8	16	228		
0180020713	2013	8	17	229		
0180020713	2013	8	18	230		
0180020713	2013	8	19	231		
0180020713	2013	8	20	232		
0180020713	2013	8	21	233		
0180020713	2013	8	22	234		
0180020713	2013	8	23	235		
0180020713	2013	8	24	236		
0180020713	2013	8	25	237		
0180020713	2013	8	26	238		
0180020713	2013	8	27	239		
0180020713	2013	8	28	240		
0180020713	2013	8	29	241		
0180020713	2013	8	30	242		
0180020713	2013	8	31	243		
0180020713	2013	9	1	244		
0180020713	2013	9	2	245		
0180020713	2013	9	3	246		
0180020713	2013	9	4	247		
0180020713	2013	9	5	248		
0180020713	2013	9	6	249		
0180020713	2013	9	7	250		
0180020713	2013	9	8	251		
0180020713	2013	9	9	252		
0180020713	2013	9	10	253		
0180020713	2013	9	11	254		
0180020713	2013	9	12	255		
0180020713	2013	9	13	256		
0180020713	2013	9	14	257		
0180020713	2013	9	15	258		
0180020713	2013	9	16	259		
0180020713	2013	9	17	260		
0180020713	2013	9	18	261		
0180020713	2013	9	19	262		
0180020713	2013	9	20	263		
0180020713	2013	9	21	264		
0180020713	2013	9	22	265		
0180020713	2013	9	23	266		
0180020713	2013	9	24	267		
0180020713	2013	9	25	268		
0180020713	2013	9	26	269		
0180020713	2013	9	27	270		
0180020713	2013	9	28	271		
0180020713	2013	9	29	272		
0180020713	2013	9	30	273		
0180020713	2013	10	1	274		
0180020713	2013	10	2	275		
0180020713	2013	10	3	276		
0180020713	2013	10	4	277		
0180020713	2013	10	5	278		
0180020713	2013	10	6	279		
0180020713	2013	10	7	280		
0180020713	2013	10	8	281		
0180020713	2013	10	9	282		
0180020713	2013	10	10	283		
0180020713	2013	10	11	284		
0180020713	2013	10	12	285		
0180020713	2013	10	13	286		
0180020713	2013	10	14	287		
0180020713	2013	10	15	288		
0180020713	2013	10	16	289		
0180020713	2013	10	17	290		
0180020713	2013	10	18	291		
0180020713	2013	10	19	292		
0180020713	2013	10	20	293		
0180020713	2013	10	21	294		
0180020713	2013	10	22	295		
0180020713	2013	10	23	296		
0180020713	2013	10	24	297		
0180020713	2013	10	25	298		
0180020713	2013	10	26	299		
0180020713	2013	10	27	300		
0180020713	2013	10	28	301		
0180020713	2013	10	29	302		
0180020713	2013	10	30	303		
0180020713	2013	10	31	304		
0180020713	2013	11	1	305		
0180020713	2013	11	2	306		
0180020713	2013	11	3	307		
0180020713	2013	11	4	308		
0180020713	2013	11	5	309		
0180020713	2013	11	6	310		
0180020713	2013	11	7	311		
0180020713	2013	11	8	312		
0180020713	2013	11	9	313		
0180020713	2013	11	10	314		
0180020713	2013	11	11	315		
0180020713	2013	11	12	316		
0180020713	2013	11	13	317		
0180020713	2013	11	14	318		
0180020713	2013	11	15	319		
0180020713	2013	11	16	320		
0180020713	2013	11	17	321		
0180020713	2013	11	18	322		
0180020713	2013	11	19	323		
0180020713	2013	11	20	324		
0180020713	2013	11	21	325		
0180020713	2013	11	22	326		
0180020713	2013	11	23	327		
0180020713	2013	11	24	328		
0180020713	2013	11	25	329		
0180020713	2013	11	26	330		
0180020713	2013	11	27	331		
0180020713	2013	11	28	332		
0180020713	2013	11	29	333		
0180020713	2013	11	30	334		
0180020713	2013	12	1	335		
0180020713	2013	12	2	336		
0180020713	2013	12	3	337		
0180020713	2013	12	4	338		
0180020713	2013	12	5	339		
0180020713	2013	12	6	340		
0180020713	2013	12	7	341		
0180020713	2013	12	8	342		
0180020713	2013	12	9	343		
0180020713	2013	12	10	344		
0180020713	2013	12	11	345		
0180020713	2013	12	12	346		
0180020713	2013	12	13	347		
0180020713	2013	12	14	348		
0180020713	2013	12	15	349		
0180020713	2013	12	16	350		
0180020713	2013	12	17	351		
0180020713	2013	12	18	352		
0180020713	2013	12	19	353		
0180020713	2013	12	20	354		
0180020713	2013	12	21	355		
0180020713	2013	12	22	356		
0180020713	2013	12	23	357		
0180020713	2013	12	24	358		
0180020713	2013	12	25	359		
0180020713	2013	12	26	360		
0180020713	2013	12	27	361		
0180020713	2013	12	28	362		
0180020713	2013	12	29	363		
0180020713	2013	12	30	364		
0180020713	2013	12	31	365		
