stationID	Y	M	D	DOY	depth_1	depth_4	depth_11	depth_37
0240060204	2002	1	1	1	0.043187	0.077917	0.099	0.083
0240060204	2002	1	2	2	0.043458	0.077229	0.099	0.083
0240060204	2002	1	3	3	0.044	0.077	0.098667	0.082479
0240060204	2002	1	4	4	0.044	0.076604	0.098	0.082
0240060204	2002	1	5	5	0.043125	0.076	0.098	0.082
0240060204	2002	1	6	6	0.043	0.076521	0.098	0.082
0240060204	2002	1	7	7	0.043083	0.077521	0.098958	0.082125
0240060204	2002	1	8	8	0.044	0.078792	0.1	0.083
0240060204	2002	1	9	9	0.044	0.079563	0.10096	0.083833
0240060204	2002	1	10	10	0.044	0.080271	0.1016	0.084167
0240060204	2002	1	11	11	0.044417	0.081	0.102	0.085
0240060204	2002	1	12	12	0.044	0.080167	0.10131	0.084708
0240060204	2002	1	13	13	0.044	0.079667	0.10075	0.084
0240060204	2002	1	14	14	0.043396	0.079042	0.1	0.083125
0240060204	2002	1	15	15	0.044	0.080313	0.10125	0.083833
0240060204	2002	1	16	16	0.044	0.081	0.102	0.084687
0240060204	2002	1	17	17	0.044	0.081	0.102	0.085
0240060204	2002	1	18	18	0.044	0.081	0.102	0.08425
0240060204	2002	1	19	19	0.044	0.081	0.102	0.084313
0240060204	2002	1	20	20	0.044	0.081	0.102	0.085
0240060204	2002	1	21	21	0.044	0.081	0.102	0.085
0240060204	2002	1	22	22	0.044604	0.080958	0.102	0.084479
0240060204	2002	1	23	23	0.044104	0.079708	0.10119	0.083396
0240060204	2002	1	24	24	0.044	0.078396	0.10015	0.082312
0240060204	2002	1	25	25	0.044583	0.077375	0.099521	0.081458
0240060204	2002	1	26	26	0.044937	0.075458	0.098458	0.080396
0240060204	2002	1	27	27	0.044	0.074	0.097417	0.079438
0240060204	2002	1	28	28	0.044	0.073042	0.097	0.079
0240060204	2002	1	29	29	0.043104	0.073333	0.097	0.079
0240060204	2002	1	30	30	0.043	0.074	0.097	0.079
0240060204	2002	1	31	31	0.043	0.07475	0.097583	0.079
0240060204	2002	2	1	32	0.043896	0.075	0.098	0.079021
0240060204	2002	2	2	33	0.044	0.075	0.098	0.079
0240060204	2002	2	3	34	0.044	0.075	0.098	0.079
0240060204	2002	2	4	35	0.043792	0.074021	0.0975	0.079
0240060204	2002	2	5	36	0.043	0.074458	0.097229	0.079
0240060204	2002	2	6	37	0.043771	0.075	0.098	0.079
0240060204	2002	2	7	38	0.044	0.075	0.098	0.079
0240060204	2002	2	8	39	0.044	0.075	0.098	0.079
0240060204	2002	2	9	40	0.04413	0.074174	0.097413	0.078761
0240060204	2002	2	10	41	0.044	0.074	0.097	0.078
0240060204	2002	2	11	42	0.044	0.074	0.097	0.078
0240060204	2002	2	12	43	0.044	0.074896	0.097375	0.078313
0240060204	2002	2	13	44	0.044	0.07575	0.098	0.079
0240060204	2002	2	14	45	0.044	0.076	0.098	0.079
0240060204	2002	2	15	46	0.044354	0.076917	0.098958	0.079313
0240060204	2002	2	16	47	0.044896	0.077	0.099	0.079646
0240060204	2002	2	17	48	0.044	0.076396	0.098562	0.079
0240060204	2002	2	18	49	0.044958	0.076	0.098	0.079
0240060204	2002	2	19	50	0.044792	0.075042	0.098	0.078208
0240060204	2002	2	20	51	0.044125	0.075	0.098	0.078
0240060204	2002	2	21	52	0.045	0.074167	0.097438	0.077917
0240060204	2002	2	22	53	0.045	0.073	0.097	0.077
0240060204	2002	2	23	54	0.044167	0.072021	0.096458	0.077
0240060204	2002	2	24	55	0.044312	0.072646	0.09675	0.077
0240060204	2002	2	25	56	0.044	0.073	0.096083	0.077
0240060204	2002	2	26	57	0.044	0.073	0.096	0.077
0240060204	2002	2	27	58	0.044	0.073	0.096813	0.077
0240060204	2002	2	28	59	0.044	0.073437	0.097	0.077
0240060204	2002	3	1	60	0.044	0.074646	0.097167	0.077
0240060204	2002	3	2	61	0.044	0.075625	0.098	0.077771
0240060204	2002	3	3	62	0.044	0.076	0.098	0.078
0240060204	2002	3	4	63	0.044	0.07625	0.098229	0.078
0240060204	2002	3	5	64	0.044	0.077	0.098375	0.078
0240060204	2002	3	6	65	0.043708	0.076	0.098	0.078
0240060204	2002	3	7	66	0.043542	0.076	0.097313	0.077625
0240060204	2002	3	8	67	0.043667	0.075271	0.097	0.077
0240060204	2002	3	9	68	0.043708	0.075	0.097	0.077
0240060204	2002	3	10	69	0.044	0.074167	0.097	0.076667
0240060204	2002	3	11	70	0.044	0.074	0.097	0.076
0240060204	2002	3	12	71	0.044	0.07375	0.097	0.076
0240060204	2002	3	13	72	0.044	0.073	0.096375	0.076
0240060204	2002	3	14	73	0.044	0.072292	0.096	0.075625
0240060204	2002	3	15	74	0.044	0.072	0.096	0.075
0240060204	2002	3	16	75	0.044	0.072	0.096	0.075
0240060204	2002	3	17	76	0.043958	0.072	0.096	0.075
0240060204	2002	3	18	77	0.044	0.072	0.096	0.075
0240060204	2002	3	19	78	0.044	0.072	0.096	0.075
0240060204	2002	3	20	79	0.044	0.072	0.096	0.075
0240060204	2002	3	21	80	0.044	0.072	0.096	0.075
0240060204	2002	3	22	81	0.044	0.072	0.096	0.075
0240060204	2002	3	23	82	0.044	0.072208	0.096	0.075
0240060204	2002	3	24	83	0.044	0.072	0.096	0.075
0240060204	2002	3	25	84	0.043354	0.072625	0.096	0.075
0240060204	2002	3	26	85	0.043354	0.073187	0.096375	0.075438
0240060204	2002	3	27	86	0.044	0.074	0.097	0.076
0240060204	2002	3	28	87	0.044	0.074708	0.097	0.076
0240060204	2002	3	29	88	0.043542	0.075	0.097	0.076
0240060204	2002	3	30	89	0.043062	0.074687	0.097	0.076
0240060204	2002	3	31	90	0.043	0.073625	0.096542	0.076
0240060204	2002	4	1	91	0.043	0.073	0.096	0.075375
0240060204	2002	4	2	92	0.043	0.072438	0.096	0.075
0240060204	2002	4	3	93	0.043	0.072042	0.096	0.075
0240060204	2002	4	4	94	0.043	0.07275	0.096	0.075
0240060204	2002	4	5	95	0.043083	0.072563	0.096	0.075
0240060204	2002	4	6	96	0.04325	0.072521	0.096	0.075
0240060204	2002	4	7	97	0.043521	0.072729	0.096	0.075
0240060204	2002	4	8	98	0.043458	0.072583	0.096	0.075
0240060204	2002	4	9	99	0.043	0.072625	0.096	0.075
0240060204	2002	4	10	100	0.043583	0.073	0.096333	0.075
0240060204	2002	4	11	101	0.044	0.073	0.097	0.075
0240060204	2002	4	12	102	0.043958	0.072812	0.096667	0.075
0240060204	2002	4	13	103	0.043958	0.072354	0.096	0.075
0240060204	2002	4	14	104	0.043	0.072229	0.096	0.075
0240060204	2002	4	15	105	0.043104	0.073	0.096354	0.075
0240060204	2002	4	16	106	0.044	0.073708	0.097	0.075
0240060204	2002	4	17	107	0.044	0.074	0.097	0.075
0240060204	2002	4	18	108	0.044104	0.074542	0.097437	0.075917
0240060204	2002	4	19	109	0.045	0.075667	0.098333	0.076146
0240060204	2002	4	20	110	0.045	0.076729	0.099063	0.077
0240060204	2002	4	21	111	0.045	0.077687	0.1	0.077583
0240060204	2002	4	22	112	0.045167	0.078	0.10098	0.078
0240060204	2002	4	23	113	0.045542	0.078396	0.10104	0.078292
0240060204	2002	4	24	114	0.045312	0.078	0.101	0.078
0240060204	2002	4	25	115	0.045	0.078	0.101	0.078
0240060204	2002	4	26	116	0.045937	0.078	0.10127	0.078146
0240060204	2002	4	27	117	0.047875	0.079083	0.10885	0.079625
0240060204	2002	4	28	118	0.066688	0.082771	0.15615	0.082042
0240060204	2002	4	29	119	0.087646	0.11906	0.286	0.1534
0240060204	2002	4	30	120	0.095792	0.17867	0.34815	0.36465
0240060204	2002	5	1	121	0.093042	0.21977	0.38431	0.412
0240060204	2002	5	2	122	0.090229	0.2441	0.39769	0.41115
0240060204	2002	5	3	123	0.088708	0.258	0.40265	0.40815
0240060204	2002	5	4	124	0.087208	0.26638	0.40481	0.40658
0240060204	2002	5	5	125	0.082521	0.27254	0.40671	0.40538
0240060204	2002	5	6	126	0.092083	0.29077	0.40973	0.40442
0240060204	2002	5	7	127		0.31717	0.41419	0.40492
0240060204	2002	5	8	128		0.32523	0.41627	0.40467
0240060204	2002	5	9	129	0.095083	0.32863	0.41704	0.40496
0240060204	2002	5	10	130		0.34746	0.41823	0.40527
0240060204	2002	5	11	131	0.089625	0.38129	0.418	0.40531
0240060204	2002	5	12	132	0.080083	0.4109	0.41658	0.40469
0240060204	2002	5	13	133	0.067042	0.42858	0.41398	0.40323
0240060204	2002	5	14	134	0.063708	0.43802	0.41129	0.40194
0240060204	2002	5	15	135	0.057396	0.43515	0.41008	0.37933
0240060204	2002	5	16	136	0.055	0.43019	0.40862	0.36754
0240060204	2002	5	17	137	0.053	0.42363	0.40938	0.36438
0240060204	2002	5	18	138	0.050354	0.41585	0.41006	0.36046
0240060204	2002	5	19	139	0.049	0.40617	0.41621	0.35373
0240060204	2002	5	20	140	0.047271	0.39725	0.43806	0.34604
0240060204	2002	5	21	141	0.044917	0.3874	0.51156	0.34277
0240060204	2002	5	22	142	0.044	0.37935	0.581	0.33944
0240060204	2002	5	23	143	0.042833	0.37298	0.56271	0.33654
0240060204	2002	5	24	144	0.042104	0.36592	0.55746	0.352
0240060204	2002	5	25	145	0.041708	0.35942	0.56044	0.36679
0240060204	2002	5	26	146	0.041354	0.35163	0.56246	0.36875
0240060204	2002	5	27	147	0.042375	0.34677	0.56348	0.37925
0240060204	2002	5	28	148	0.043042	0.34235	0.56385	0.38896
0240060204	2002	5	29	149	0.041937	0.33517	0.56229	0.40321
0240060204	2002	5	30	150	0.042229	0.33	0.56163	0.40346
0240060204	2002	5	31	151	0.0435	0.32808	0.56285	0.40721
0240060204	2002	6	1	152	0.046708	0.3284	0.56554	0.41404
0240060204	2002	6	2	153	0.047375	0.32835	0.56923	0.41971
0240060204	2002	6	3	154	0.046167	0.32448	0.56904	0.42052
0240060204	2002	6	4	155	0.045542	0.32006	0.56756	0.41706
0240060204	2002	6	5	156	0.056375	0.3189	0.56954	0.41717
0240060204	2002	6	6	157	0.066396	0.32567	0.58146	0.43362
0240060204	2002	6	7	158	0.054958	0.32425	0.58008	0.4391
0240060204	2002	6	8	159	0.045604	0.32369	0.57815	0.44173
0240060204	2002	6	9	160	0.043833	0.3194	0.57471	0.44094
0240060204	2002	6	10	161	0.057625	0.32406	0.58296	0.45106
0240060204	2002	6	11	162	0.070875	0.33119	0.59187	0.46248
0240060204	2002	6	12	163	0.070833	0.332	0.59215	0.46583
0240060204	2002	6	13	164	0.076125	0.33496	0.59638	0.47306
0240060204	2002	6	14	165	0.071771	0.33538	0.59777	0.47785
0240060204	2002	6	15	166	0.056417	0.33398	0.59642	0.47719
0240060204	2002	6	16	167	0.047354	0.33071	0.59335	0.47602
0240060204	2002	6	17	168	0.043937	0.32598	0.58825	0.47348
0240060204	2002	6	18	169	0.045021	0.32496	0.58727	0.47313
0240060204	2002	6	19	170	0.047313	0.32258	0.586	0.47246
0240060204	2002	6	20	171	0.058687	0.32521	0.58871	0.47625
0240060204	2002	6	21	172	0.067229	0.33038	0.59381	0.48238
0240060204	2002	6	22	173	0.067292	0.33148	0.59463	0.48348
0240060204	2002	6	23	174	0.052083	0.3261	0.59027	0.48069
0240060204	2002	6	24	175	0.051	0.32375	0.59092	0.48188
0240060204	2002	6	25	176	0.068375	0.33771	0.61581	0.5075
0240060204	2002	6	26	177	0.059083	0.33815	0.61406	0.50642
0240060204	2002	6	27	178	0.047583	0.33494	0.60865	0.50215
0240060204	2002	6	28	179	0.045792	0.33069	0.60219	0.49694
0240060204	2002	6	29	180	0.046271	0.32517	0.59579	0.49269
0240060204	2002	6	30	181	0.050542	0.3215	0.59212	0.48927
0240060204	2002	7	1	182	0.062104	0.32385	0.59244	0.49125
0240060204	2002	7	2	183	0.064208	0.32158	0.58975	0.48821
0240060204	2002	7	3	184	0.078938	0.32592	0.59354	0.49188
0240060204	2002	7	4	185	0.074646	0.32944	0.59733	0.49515
0240060204	2002	7	5	186	0.064875	0.32294	0.5915	0.48971
0240060204	2002	7	6	187	0.060708	0.31292	0.58196	0.48465
0240060204	2002	7	7	188	0.050271	0.30219	0.56733	0.47669
0240060204	2002	7	8	189	0.045667	0.29429	0.55342	0.47012
0240060204	2002	7	9	190	0.044083	0.28623	0.538	0.46217
0240060204	2002	7	10	191	0.043917	0.28031	0.52469	0.45435
0240060204	2002	7	11	192	0.042292	0.27392	0.51135	0.44685
0240060204	2002	7	12	193	0.041604	0.26715	0.49625	0.43838
0240060204	2002	7	13	194	0.040896	0.25998	0.48144	0.42996
0240060204	2002	7	14	195	0.041854	0.2531	0.46804	0.42146
0240060204	2002	7	15	196	0.04225	0.2476	0.45796	0.41525
0240060204	2002	7	16	197	0.043063	0.24302	0.44975	0.41054
0240060204	2002	7	17	198	0.042521	0.23735	0.44054	0.40515
0240060204	2002	7	18	199	0.041896	0.23152	0.43223	0.39983
0240060204	2002	7	19	200	0.040521	0.22367	0.42185	0.39327
0240060204	2002	7	20	201	0.040896	0.21642	0.41252	0.38721
0240060204	2002	7	21	202	0.039979	0.20844	0.4029	0.3814
0240060204	2002	7	22	203	0.038125	0.19704	0.38867	0.37275
0240060204	2002	7	23	204	0.037708	0.18673	0.37598	0.36448
0240060204	2002	7	24	205	0.039021	0.17821	0.36615	0.35758
0240060204	2002	7	25	206	0.044313	0.18313	0.4044	0.37979
0240060204	2002	7	26	207	0.045687	0.18333	0.39363	0.37254
0240060204	2002	7	27	208	0.046979	0.17946	0.3831	0.36508
0240060204	2002	7	28	209	0.054563	0.19048	0.45454	0.40446
0240060204	2002	7	29	210	0.053583	0.2015	0.46906	0.41813
0240060204	2002	7	30	211	0.047583	0.19658	0.43677	0.39871
0240060204	2002	7	31	212	0.043896	0.19008	0.41142	0.38194
0240060204	2002	8	1	213	0.043208	0.18408	0.3914	0.36917
0240060204	2002	8	2	214	0.040958	0.17627	0.37321	0.35842
0240060204	2002	8	3	215	0.039687	0.16904	0.3586	0.34885
0240060204	2002	8	4	216	0.038833	0.16065	0.34369	0.33898
0240060204	2002	8	5	217	0.038771	0.1525	0.32906	0.32967
0240060204	2002	8	6	218	0.046292	0.15444	0.38027	0.35346
0240060204	2002	8	7	219	0.050979	0.17137	0.42721	0.38515
0240060204	2002	8	8	220	0.055438	0.18427	0.44712	0.39935
0240060204	2002	8	9	221	0.058438	0.19712	0.49081	0.42881
0240060204	2002	8	10	222	0.056875	0.19771	0.46612	0.41781
0240060204	2002	8	11	223	0.050188	0.19196	0.43644	0.39856
0240060204	2002	8	12	224	0.048937	0.18823	0.41767	0.38431
0240060204	2002	8	13	225	0.059396	0.2014	0.48429	0.42425
0240060204	2002	8	14	226	0.054229	0.201	0.457	0.4091
0240060204	2002	8	15	227	0.049417	0.19538	0.43144	0.39131
0240060204	2002	8	16	228	0.060604	0.20298	0.47983	0.4174
0240060204	2002	8	17	229	0.070437	0.23031	0.55177	0.46315
0240060204	2002	8	18	230	0.070333	0.23948	0.54852	0.4635
0240060204	2002	8	19	231	0.073229	0.2595	0.56158	0.47373
0240060204	2002	8	20	232	0.067813	0.24662	0.52881	0.45306
0240060204	2002	8	21	233	0.069542	0.23667	0.49817	0.43573
0240060204	2002	8	22	234	0.067708	0.2306	0.47425	0.42119
0240060204	2002	8	23	235	0.066354	0.2255	0.45606	0.40944
0240060204	2002	8	24	236	0.063813	0.22046	0.4414	0.39931
0240060204	2002	8	25	237	0.064417	0.21873	0.45479	0.40421
0240060204	2002	8	26	238	0.070771	0.22754	0.48552	0.42529
0240060204	2002	8	27	239	0.064021	0.22121	0.45688	0.4089
0240060204	2002	8	28	240	0.058667	0.21465	0.43496	0.39433
0240060204	2002	8	29	241	0.053813	0.20906	0.41875	0.3831
0240060204	2002	8	30	242	0.060562	0.20533	0.4085	0.3755
0240060204	2002	8	31	243	0.062667	0.19988	0.39765	0.36808
0240060204	2002	9	1	244	0.074104	0.20854	0.45217	0.39754
0240060204	2002	9	2	245	0.074292	0.22404	0.49073	0.42954
0240060204	2002	9	3	246	0.068708	0.22135	0.46517	0.41348
0240060204	2002	9	4	247	0.063688	0.21506	0.44085	0.39727
0240060204	2002	9	5	248	0.057104	0.20892	0.42206	0.38404
0240060204	2002	9	6	249	0.074188	0.23333	0.47158	0.41144
0240060204	2002	9	7	250	0.079542	0.2546	0.5065	0.43937
0240060204	2002	9	8	251	0.078292	0.2476	0.48583	0.42681
0240060204	2002	9	9	252	0.078437	0.23958	0.46381	0.41269
0240060204	2002	9	10	253	0.079	0.23533	0.44929	0.4025
0240060204	2002	9	11	254	0.074583	0.23096	0.43658	0.39344
0240060204	2002	9	12	255	0.068958	0.22281	0.4205	0.38262
0240060204	2002	9	13	256	0.058708	0.21492	0.40358	0.37113
0240060204	2002	9	14	257	0.050937	0.2085	0.389	0.36165
0240060204	2002	9	15	258	0.047958	0.20494	0.38017	0.35556
0240060204	2002	9	16	259	0.047875	0.20258	0.37402	0.352
0240060204	2002	9	17	260	0.047854	0.20152	0.37025	0.34944
0240060204	2002	9	18	261	0.054625	0.20256	0.38981	0.35831
0240060204	2002	9	19	262	0.073396	0.23396	0.51052	0.44183
0240060204	2002	9	20	263	0.074729	0.23842	0.49825	0.43521
0240060204	2002	9	21	264	0.073375	0.24019	0.49271	0.43085
0240060204	2002	9	22	265	0.053562	0.23804	0.47819	0.42129
0240060204	2002	9	23	266	0.061208	0.23377	0.46212	0.41083
0240060204	2002	9	24	267	0.072938	0.22721	0.44594	0.40042
0240060204	2002	9	25	268	0.062917	0.2229	0.4324	0.39125
0240060204	2002	9	26	269	0.056708	0.21994	0.42273	0.38408
0240060204	2002	9	27	270	0.052688	0.2186	0.41565	0.37875
0240060204	2002	9	28	271	0.050542	0.21679	0.40946	0.37442
0240060204	2002	9	29	272	0.049313	0.21529	0.40425	0.37079
0240060204	2002	9	30	273	0.048771	0.2135	0.39925	0.3675
0240060204	2002	10	1	274	0.062687	0.21619	0.41879	0.37712
0240060204	2002	10	2	275	0.082937	0.25015	0.53571	0.45588
0240060204	2002	10	3	276	0.059062	0.2509	0.51081	0.44275
0240060204	2002	10	4	277	0.050854	0.24625	0.48933	0.42888
0240060204	2002	10	5	278	0.046542	0.24165	0.47242	0.41798
0240060204	2002	10	6	279	0.046083	0.23523	0.4576	0.40896
0240060204	2002	10	7	280	0.053708	0.22898	0.44554	0.40131
0240060204	2002	10	8	281	0.070208	0.22729	0.44108	0.39735
0240060204	2002	10	9	282	0.052708	0.22658	0.4349	0.39346
0240060204	2002	10	10	283	0.050542	0.22546	0.429	0.38977
0240060204	2002	10	11	284	0.049125	0.22223	0.42381	0.38592
0240060204	2002	10	12	285	0.051104	0.21969	0.41925	0.38258
0240060204	2002	10	13	286	0.050438	0.21794	0.41537	0.38
0240060204	2002	10	14	287	0.069417	0.21548	0.414	0.37783
0240060204	2002	10	15	288	0.052604	0.21583	0.41273	0.3776
0240060204	2002	10	16	289	0.049979	0.2134	0.41044	0.37637
0240060204	2002	10	17	290	0.049146	0.21071	0.40796	0.37485
0240060204	2002	10	18	291	0.049	0.2051	0.40527	0.3734
0240060204	2002	10	19	292	0.048729	0.19544	0.40215	0.37158
0240060204	2002	10	20	293	0.048521	0.18169	0.39802	0.36915
0240060204	2002	10	21	294	0.071813	0.18137	0.41315	0.37973
0240060204	2002	10	22	295	0.077125	0.19044	0.42629	0.38756
0240060204	2002	10	23	296	0.074688	0.19433	0.42075	0.38321
0240060204	2002	10	24	297	0.068646	0.19696	0.41594	0.37985
0240060204	2002	10	25	298	0.066938	0.19873	0.41254	0.37742
0240060204	2002	10	26	299	0.074479	0.20021	0.41019	0.3755
0240060204	2002	10	27	300		0.20146	0.4109	0.37519
0240060204	2002	10	28	301	0.069875	0.20412	0.41173	0.376
0240060204	2002	10	29	302	0.056021	0.20506	0.41033	0.37546
0240060204	2002	10	30	303	0.060458	0.206	0.40913	0.37458
0240060204	2002	10	31	304	0.083646	0.20715	0.40869	0.374
0240060204	2002	11	1	305	0.057917	0.20815	0.40771	0.37425
0240060204	2002	11	2	306	0.047563	0.20504	0.40565	0.37373
0240060204	2002	11	3	307	0.047063	0.19344	0.40217	0.37219
0240060204	2002	11	4	308	0.047479	0.17008	0.39419	0.3684
0240060204	2002	11	5	309	0.048146	0.166	0.387	0.36467
0240060204	2002	11	6	310	0.047583	0.15998	0.38038	0.36171
0240060204	2002	11	7	311	0.050958	0.15875	0.37488	0.35867
0240060204	2002	11	8	312	0.049458	0.16127	0.37396	0.3579
0240060204	2002	11	9	313	0.046896	0.14385	0.36771	0.35546
0240060204	2002	11	10	314	0.047	0.12771	0.35165	0.3486
0240060204	2002	11	11	315	0.046354	0.11725	0.33302	0.33577
0240060204	2002	11	12	316	0.046	0.11127	0.30987	0.31473
0240060204	2002	11	13	317	0.045979	0.10569	0.28408	0.29823
0240060204	2002	11	14	318	0.046	0.10165	0.25202	0.2849
0240060204	2002	11	15	319	0.046	0.0985	0.2034	0.26948
0240060204	2002	11	16	320	0.046	0.097062	0.16362	0.25071
0240060204	2002	11	17	321	0.045458	0.093562	0.12729	0.22571
0240060204	2002	11	18	322	0.045104	0.093	0.11344	0.19715
0240060204	2002	11	19	323	0.045125	0.093	0.11019	0.17567
0240060204	2002	11	20	324	0.046146	0.094479	0.11033	0.15971
0240060204	2002	11	21	325	0.046167	0.094479	0.11017	0.15167
0240060204	2002	11	22	326	0.046417	0.094771	0.1095	0.14119
0240060204	2002	11	23	327	0.046396	0.095854	0.11065	0.13492
0240060204	2002	11	24	328	0.046813	0.095271	0.10973	0.1284
0240060204	2002	11	25	329	0.047125	0.097708	0.112	0.12556
0240060204	2002	11	26	330	0.048833	0.097375	0.11188	0.12352
0240060204	2002	11	27	331	0.073188	0.10413	0.11665	0.1221
0240060204	2002	11	28	332	0.074792	0.1086	0.12219	0.12396
0240060204	2002	11	29	333	0.058563	0.11075	0.12567	0.12623
0240060204	2002	11	30	334	0.061646	0.11215	0.13025	0.12869
0240060204	2002	12	1	335	0.058292	0.11396	0.13494	0.13165
0240060204	2002	12	2	336	0.049333	0.096	0.12421	0.13144
0240060204	2002	12	3	337	0.048708	0.093271	0.10987	0.12138
0240060204	2002	12	4	338	0.049708	0.095313	0.10956	0.11227
0240060204	2002	12	5	339	0.049167	0.092521	0.107	0.1069
0240060204	2002	12	6	340	0.049333	0.088688	0.10379	0.098229
0240060204	2002	12	7	341	0.049458	0.084646	0.10131	0.091625
0240060204	2002	12	8	342	0.049083	0.083729	0.10083	0.09
0240060204	2002	12	9	343	0.048813	0.082292	0.10019	0.089083
0240060204	2002	12	10	344	0.049229	0.082542	0.1	0.088917
0240060204	2002	12	11	345	0.050437	0.080375	0.099521	0.087625
0240060204	2002	12	12	346	0.048021	0.079917	0.099	0.087
0240060204	2002	12	13	347	0.048	0.081708	0.099625	0.087646
0240060204	2002	12	14	348	0.048687	0.082	0.1	0.088
0240060204	2002	12	15	349	0.048	0.082	0.1	0.088
0240060204	2002	12	16	350	0.048083	0.082187	0.1	0.088
0240060204	2002	12	17	351	0.048	0.082958	0.1	0.088
0240060204	2002	12	18	352	0.048	0.083	0.1	0.088
0240060204	2002	12	19	353	0.048167	0.083	0.1	0.088
0240060204	2002	12	20	354	0.049271	0.082167	0.1	0.08775
0240060204	2002	12	21	355	0.049417	0.080333	0.099125	0.087
0240060204	2002	12	22	356	0.048688	0.08	0.099	0.087
0240060204	2002	12	23	357	0.047979	0.080167	0.099	0.087
0240060204	2002	12	24	358	0.048729	0.08125	0.099063	0.087
0240060204	2002	12	25	359	0.048208	0.080458	0.099	0.087
0240060204	2002	12	26	360	0.048042	0.081	0.099	0.087
0240060204	2002	12	27	361	0.048438	0.081	0.099	0.087
0240060204	2002	12	28	362	0.048708	0.080875	0.099	0.087
0240060204	2002	12	29	363	0.049292	0.079438	0.099	0.086708
0240060204	2002	12	30	364	0.049	0.079	0.099	0.086
0240060204	2002	12	31	365	0.048375	0.079	0.098479	0.086
0240060204	2003	1	1	1	0.048646	0.079	0.098854	0.086
0240060204	2003	1	2	2	0.049	0.079	0.099	0.086
0240060204	2003	1	3	3	0.048208	0.079	0.099	0.086
0240060204	2003	1	4	4	0.048	0.079729	0.099	0.086
0240060204	2003	1	5	5	0.048	0.080958	0.099	0.086792
0240060204	2003	1	6	6	0.048	0.081	0.099	0.087
0240060204	2003	1	7	7	0.048	0.081	0.099	0.087
0240060204	2003	1	8	8	0.048	0.081	0.099	0.087
0240060204	2003	1	9	9	0.048	0.081	0.099	0.087
0240060204	2003	1	10	10	0.048	0.081	0.099	0.087
0240060204	2003	1	11	11	0.048	0.081646	0.099313	0.087
0240060204	2003	1	12	12	0.048	0.081146	0.099354	0.087
0240060204	2003	1	13	13	0.048	0.081	0.099	0.087
0240060204	2003	1	14	14	0.048	0.081625	0.099333	0.087
0240060204	2003	1	15	15	0.048	0.081	0.099	0.087
0240060204	2003	1	16	16	0.048	0.080021	0.099	0.086479
0240060204	2003	1	17	17	0.048	0.08	0.099	0.086
0240060204	2003	1	18	18	0.048	0.080625	0.099	0.0865
0240060204	2003	1	19	19	0.048	0.081104	0.099	0.087
0240060204	2003	1	20	20	0.048	0.082	0.099583	0.087
0240060204	2003	1	21	21	0.048	0.082	0.1	0.087
0240060204	2003	1	22	22	0.048	0.082146	0.1	0.087
0240060204	2003	1	23	23	0.048208	0.081896	0.099917	0.087
0240060204	2003	1	24	24	0.048646	0.080708	0.099	0.086729
0240060204	2003	1	25	25	0.048	0.08	0.099	0.086
0240060204	2003	1	26	26	0.048917	0.079583	0.098813	0.086
0240060204	2003	1	27	27	0.048354	0.079	0.098	0.086
0240060204	2003	1	28	28	0.048	0.079	0.098	0.086
0240060204	2003	1	29	29	0.048	0.079	0.098	0.086
0240060204	2003	1	30	30	0.048	0.079	0.098	0.086
0240060204	2003	1	31	31	0.048	0.079	0.098	0.086
0240060204	2003	2	1	32	0.048	0.079979	0.098	0.086
0240060204	2003	2	2	33	0.048	0.08	0.098	0.086
0240060204	2003	2	3	34	0.047458	0.080042	0.098	0.086
0240060204	2003	2	4	35	0.070646	0.084271	0.10133	0.086625
0240060204	2003	2	5	36		0.095104	0.11919	0.092667
0240060204	2003	2	6	37	0.093687	0.10075	0.12748	0.097583
0240060204	2003	2	7	38	0.063063	0.10363	0.12994	0.1004
0240060204	2003	2	8	39	0.052104	0.1019	0.13135	0.10225
0240060204	2003	2	9	40	0.050521	0.10069	0.13154	0.103
0240060204	2003	2	10	41	0.049271	0.098479	0.12708	0.10235
0240060204	2003	2	11	42	0.049875	0.097875	0.12296	0.10144
0240060204	2003	2	12	43	0.051167	0.094354	0.11535	0.098958
0240060204	2003	2	13	44	0.052937	0.0875	0.10575	0.093146
0240060204	2003	2	14	45	0.052646	0.084146	0.10242	0.088438
0240060204	2003	2	15	46	0.053917	0.082333	0.10154	0.087354
0240060204	2003	2	16	47	0.054479	0.078771	0.10044	0.085854
0240060204	2003	2	17	48	0.054854	0.077146	0.1	0.085
0240060204	2003	2	18	49	0.055229	0.075667	0.1	0.084604
0240060204	2003	2	19	50	0.055354	0.074854	0.1	0.084
0240060204	2003	2	20	51	0.055042	0.07425	0.10015	0.084
0240060204	2003	2	21	52	0.054667	0.073937	0.10012	0.084
0240060204	2003	2	22	53	0.053167	0.073792	0.099042	0.08375
0240060204	2003	2	23	54	0.051813	0.074229	0.098	0.083
0240060204	2003	2	24	55	0.051458	0.075333	0.098	0.083083
0240060204	2003	2	25	56	0.052104	0.075688	0.097958	0.083833
0240060204	2003	2	26	57	0.051292	0.075979	0.09775	0.083875
0240060204	2003	2	27	58	0.051167	0.078042	0.098	0.084
0240060204	2003	2	28	59	0.050917	0.077875	0.098312	0.084
0240060204	2003	3	1	60	0.051396	0.078688	0.098708	0.084
0240060204	2003	3	2	61	0.050146	0.079375	0.098708	0.084229
0240060204	2003	3	3	62	0.050125	0.082146	0.099854	0.085208
0240060204	2003	3	4	63	0.050062	0.083104	0.101	0.086
0240060204	2003	3	5	64	0.050271	0.083625	0.101	0.086
0240060204	2003	3	6	65	0.051	0.083042	0.101	0.086
0240060204	2003	3	7	66	0.051521	0.081833	0.10031	0.086
0240060204	2003	3	8	67	0.051708	0.080479	0.1	0.0855
0240060204	2003	3	9	68	0.051688	0.079667	0.099229	0.085
0240060204	2003	3	10	69	0.052167	0.078625	0.099	0.085
0240060204	2003	3	11	70	0.051979	0.078	0.099	0.084812
0240060204	2003	3	12	71	0.052563	0.077458	0.098667	
0240060204	2003	3	13	72	0.052875	0.076479	0.098	
0240060204	2003	3	14	73	0.052896	0.075563	0.098	
0240060204	2003	3	15	74	0.052479	0.075	0.098	
0240060204	2003	3	16	75	0.051625	0.075313	0.098	
0240060204	2003	3	17	76	0.051479	0.076	0.097688	
0240060204	2003	3	18	77	0.051479	0.07625	0.098	
0240060204	2003	3	19	78	0.051167	0.076625	0.097729	
0240060204	2003	3	20	79	0.051479	0.077	0.098	
0240060204	2003	3	21	80	0.051688	0.077	0.098	
0240060204	2003	3	22	81	0.051438	0.076583	0.097937	
0240060204	2003	3	23	82	0.051354	0.077	0.098	
0240060204	2003	3	24	83	0.051479	0.077	0.098	
0240060204	2003	3	25	84	0.051188	0.077	0.097792	
0240060204	2003	3	26	85	0.050792	0.077417	0.098	
0240060204	2003	3	27	86	0.051	0.078	0.098	
0240060204	2003	3	28	87	0.051333	0.078	0.098	
0240060204	2003	3	29	88	0.051458	0.077396	0.098	
0240060204	2003	3	30	89	0.051	0.078	0.098	
0240060204	2003	3	31	90	0.051479	0.077562	0.098	
0240060204	2003	4	1	91	0.051667	0.077146	0.098	
0240060204	2003	4	2	92	0.051667	0.07675	0.098	
0240060204	2003	4	3	93	0.051063	0.077	0.097708	
0240060204	2003	4	4	94	0.051188	0.077	0.098	
0240060204	2003	4	5	95	0.050833	0.077187	0.098	
0240060204	2003	4	6	96	0.051208	0.077375	0.098	
0240060204	2003	4	7	97	0.050854	0.077687	0.098	
0240060204	2003	4	8	98	0.051208	0.077729	0.098	
0240060204	2003	4	9	99	0.051104	0.077562	0.098	
0240060204	2003	4	10	100	0.050875	0.077958	0.098	
0240060204	2003	4	11	101	0.05075	0.078417	0.098	
0240060204	2003	4	12	102	0.049583	0.079458	0.098167	0.084021
0240060204	2003	4	13	103	0.070896	0.087937	0.10131	0.085625
0240060204	2003	4	14	104		0.098083	0.10717	0.088937
0240060204	2003	4	15	105	0.090708	0.099	0.10915	0.090646
0240060204	2003	4	16	106	0.084958	0.10021	0.11019	0.091521
0240060204	2003	4	17	107		0.1025	0.11206	0.092875
0240060204	2003	4	18	108	0.081354	0.10354	0.11398	0.094062
0240060204	2003	4	19	109	0.070167	0.10304	0.11306	0.095
0240060204	2003	4	20	110	0.069604	0.10319	0.11252	0.095
0240060204	2003	4	21	111	0.0795	0.1041	0.11379	0.095333
0240060204	2003	4	22	112		0.10521	0.11552	0.096208
0240060204	2003	4	23	113		0.10625	0.11673	0.097
0240060204	2003	4	24	114		0.10725	0.11796	0.098
0240060204	2003	4	25	115		0.1085	0.119	0.098688
0240060204	2003	4	26	116		0.111	0.12008	0.099625
0240060204	2003	4	27	117		0.11471	0.12135	0.10069
0240060204	2003	4	28	118		0.12085	0.12263	0.10165
0240060204	2003	4	29	119		0.12894	0.12433	0.10229
0240060204	2003	4	30	120		0.13613	0.12556	0.103
0240060204	2003	5	1	121	0.078021	0.14029	0.12662	0.10369
0240060204	2003	5	2	122	0.070437	0.1424	0.12748	0.1041
0240060204	2003	5	3	123	0.069625	0.14473	0.128	0.105
0240060204	2003	5	4	124	0.056938	0.14581	0.12846	0.10542
0240060204	2003	5	5	125	0.055458	0.14538	0.12831	0.106
0240060204	2003	5	6	126	0.05375	0.15506	0.12887	0.106
0240060204	2003	5	7	127	0.055521	0.18225	0.12975	0.10696
0240060204	2003	5	8	128	0.053729	0.21092	0.13063	0.107
0240060204	2003	5	9	129	0.053313	0.25094	0.13138	0.10779
0240060204	2003	5	10	130	0.051313	0.28498	0.132	0.108
0240060204	2003	5	11	131	0.059042	0.30881	0.13327	0.10848
0240060204	2003	5	12	132	0.077188	0.34748	0.13452	0.109
0240060204	2003	5	13	133	0.074188	0.36137	0.1359	0.11
0240060204	2003	5	14	134	0.073104	0.35827	0.13717	0.11067
0240060204	2003	5	15	135	0.082625	0.38058	0.13946	0.11181
0240060204	2003	5	16	136	0.073187	0.36408	0.14262	0.11367
0240060204	2003	5	17	137	0.063875	0.34579	0.14633	0.11719
0240060204	2003	5	18	138	0.054542	0.32883	0.15083	0.12342
0240060204	2003	5	19	139	0.051417	0.3144	0.15685	0.13129
0240060204	2003	5	20	140	0.050188	0.30329	0.16762	0.13808
0240060204	2003	5	21	141	0.049563	0.2946	0.18835	0.1435
0240060204	2003	5	22	142	0.050812	0.28825	0.21887	0.14863
0240060204	2003	5	23	143	0.058062	0.28608	0.25508	0.15477
0240060204	2003	5	24	144	0.053938	0.28342	0.29496	0.1614
0240060204	2003	5	25	145	0.049063	0.27871	0.32858	0.16877
0240060204	2003	5	26	146	0.047583	0.27223	0.36329	0.18056
0240060204	2003	5	27	147	0.045563	0.26356	0.37923	0.19429
0240060204	2003	5	28	148	0.044062	0.25654	0.38708	0.2104
0240060204	2003	5	29	149	0.042271	0.24977	0.40225	0.22554
0240060204	2003	5	30	150	0.041188	0.24508	0.41896	0.24094
0240060204	2003	5	31	151	0.040667	0.24069	0.41923	0.2511
0240060204	2003	6	1	152	0.039812	0.23473	0.41283	0.25977
0240060204	2003	6	2	153	0.040937	0.22923	0.40473	0.26817
0240060204	2003	6	3	154	0.041271	0.22383	0.39823	0.27358
0240060204	2003	6	4	155	0.0405	0.21779	0.39167	0.274
0240060204	2003	6	5	156	0.038292	0.20806	0.38163	0.26925
0240060204	2003	6	6	157	0.042021	0.20531	0.38342	0.27127
0240060204	2003	6	7	158	0.044146	0.20619	0.38767	0.2776
0240060204	2003	6	8	159	0.042542	0.2039	0.38448	0.28031
0240060204	2003	6	9	160	0.040583	0.19875	0.3775	0.28204
0240060204	2003	6	10	161	0.037937	0.19154	0.36992	0.28308
0240060204	2003	6	11	162	0.037063	0.18423	0.36342	0.28442
0240060204	2003	6	12	163	0.038646	0.18071	0.36315	0.2884
0240060204	2003	6	13	164	0.038771	0.17819	0.36048	0.289
0240060204	2003	6	14	165	0.039271	0.17535	0.35469	0.28758
0240060204	2003	6	15	166	0.037396	0.17013	0.34658	0.28571
0240060204	2003	6	16	167	0.036833	0.16465	0.33883	0.28448
0240060204	2003	6	17	168	0.037312	0.16033	0.33294	0.28371
0240060204	2003	6	18	169	0.038271	0.15856	0.33044	0.28446
0240060204	2003	6	19	170	0.038083	0.15806	0.3321	0.28735
0240060204	2003	6	20	171	0.037271	0.15608	0.3314	0.28929
0240060204	2003	6	21	172	0.037417	0.15342	0.32858	0.28915
0240060204	2003	6	22	173	0.036917	0.15104	0.32625	0.28948
0240060204	2003	6	23	174	0.037146	0.14906	0.32429	0.28981
0240060204	2003	6	24	175	0.036375	0.14604	0.32063	0.28948
0240060204	2003	6	25	176	0.036312	0.14315	0.31652	0.28873
0240060204	2003	6	26	177	0.043021	0.15671	0.34469	0.30133
0240060204	2003	6	27	178	0.04425	0.16621	0.37179	0.31677
0240060204	2003	6	28	179	0.043	0.16496	0.37269	0.3184
0240060204	2003	6	29	180	0.041937	0.16494	0.37452	0.32033
0240060204	2003	6	30	181	0.039229	0.16244	0.37167	0.31958
0240060204	2003	7	1	182	0.03775	0.1599	0.36827	0.3184
0240060204	2003	7	2	183	0.041062	0.15987	0.36815	0.31829
0240060204	2003	7	3	184	0.049521	0.17081	0.42652	0.35321
0240060204	2003	7	4	185	0.044708	0.17519	0.42535	0.35402
0240060204	2003	7	5	186	0.044	0.17585	0.42292	0.35252
0240060204	2003	7	6	187	0.055771	0.18019	0.44206	0.36717
0240060204	2003	7	7	188	0.059208	0.18915	0.45223	0.37719
0240060204	2003	7	8	189	0.053792	0.19219	0.44929	0.3755
0240060204	2003	7	9	190	0.042062	0.18973	0.44219	0.37044
0240060204	2003	7	10	191	0.040354	0.18758	0.43617	0.36606
0240060204	2003	7	11	192	0.039437	0.18663	0.43329	0.3639
0240060204	2003	7	12	193	0.038604	0.18394	0.42712	0.35917
0240060204	2003	7	13	194	0.040667	0.18404	0.42496	0.3566
0240060204	2003	7	14	195	0.052063	0.1859	0.43087	0.36063
0240060204	2003	7	15	196	0.069729	0.19213	0.44692	0.37192
0240060204	2003	7	16	197	0.085667	0.23933	0.54317	0.46175
0240060204	2003	7	17	198	0.086083	0.27375	0.61229	
0240060204	2003	7	18	199	0.069708	0.27012	0.59396	
0240060204	2003	7	19	200	0.054771	0.2635	0.57831	0.52494
0240060204	2003	7	20	201	0.043792	0.25827	0.56629	0.5069
0240060204	2003	7	21	202	0.040792	0.25227	0.55217	0.48927
0240060204	2003	7	22	203	0.040312	0.24735	0.53794	0.47429
0240060204	2003	7	23	204	0.039646	0.24104	0.52213	0.46006
0240060204	2003	7	24	205	0.039208	0.23412	0.50367	0.44565
0240060204	2003	7	25	206	0.039604	0.22852	0.48592	0.43208
0240060204	2003	7	26	207	0.039292	0.22227	0.46865	0.41846
0240060204	2003	7	27	208	0.040833	0.21846	0.4566	0.40746
0240060204	2003	7	28	209	0.040979	0.21383	0.4479	0.39979
0240060204	2003	7	29	210	0.040271	0.20654	0.43419	0.38946
0240060204	2003	7	30	211	0.044646	0.20331	0.4281	0.3836
0240060204	2003	7	31	212	0.051813	0.21577	0.479	0.41769
0240060204	2003	8	1	213	0.051937	0.21848	0.47333	0.41506
0240060204	2003	8	2	214	0.049104	0.2146	0.45773	0.40306
0240060204	2003	8	3	215	0.059229	0.2145	0.45985	0.40175
0240060204	2003	8	4	216	0.067312	0.22119	0.47994	0.4161
0240060204	2003	8	5	217	0.067729	0.22244	0.47794	0.41437
0240060204	2003	8	6	218	0.063729	0.22292	0.4774	0.41552
0240060204	2003	8	7	219	0.051792	0.21471	0.45546	0.40017
0240060204	2003	8	8	220	0.044313	0.20773	0.43721	0.38692
0240060204	2003	8	9	221	0.044042	0.20269	0.4255	0.379
0240060204	2003	8	10	222	0.041813	0.19598	0.41425	0.37177
0240060204	2003	8	11	223	0.039458	0.18796	0.40108	0.36404
0240060204	2003	8	12	224	0.038583	0.18013	0.38831	0.35625
0240060204	2003	8	13	225	0.039187	0.17452	0.379	0.34963
0240060204	2003	8	14	226	0.038271	0.16785	0.36877	0.34315
0240060204	2003	8	15	227	0.038208	0.16175	0.35967	0.33731
0240060204	2003	8	16	228	0.038292	0.15577	0.34994	0.33125
0240060204	2003	8	17	229	0.039708	0.1535	0.34515	0.32744
0240060204	2003	8	18	230	0.041229	0.15308	0.3426	0.32531
0240060204	2003	8	19	231	0.041812	0.15215	0.3394	0.32315
0240060204	2003	8	20	232	0.042167	0.15081	0.3354	0.3204
0240060204	2003	8	21	233	0.041188	0.14687	0.32865	0.31646
0240060204	2003	8	22	234	0.045271	0.14673	0.32923	0.31596
0240060204	2003	8	23	235	0.046688	0.14931	0.3324	0.31658
0240060204	2003	8	24	236	0.045729	0.14977	0.33213	0.31702
0240060204	2003	8	25	237	0.044937	0.14904	0.33023	0.31575
0240060204	2003	8	26	238	0.042125	0.1454	0.32329	0.31223
0240060204	2003	8	27	239	0.0405	0.14146	0.31452	0.30696
0240060204	2003	8	28	240	0.039396	0.13683	0.30423	0.30131
0240060204	2003	8	29	241	0.039979	0.13423	0.29696	0.29719
0240060204	2003	8	30	242	0.040479	0.13044	0.29915	0.29558
0240060204	2003	8	31	243	0.055812	0.16523	0.51554	0.44562
0240060204	2003	9	1	244	0.062938	0.19406	0.5349	0.46406
0240060204	2003	9	2	245	0.065625	0.2054	0.53219	0.46112
0240060204	2003	9	3	246	0.067146	0.2124	0.52677	0.45506
0240060204	2003	9	4	247	0.064104	0.20994	0.50171	0.43271
0240060204	2003	9	5	248	0.065708	0.20579	0.47992	0.41381
0240060204	2003	9	6	249	0.059083	0.20327	0.46206	0.39944
0240060204	2003	9	7	250	0.052417	0.19862	0.44467	0.38635
0240060204	2003	9	8	251	0.047542	0.19554	0.43215	0.37669
0240060204	2003	9	9	252	0.046813	0.19294	0.42204	0.369
0240060204	2003	9	10	253	0.046896	0.19056	0.41273	0.36254
0240060204	2003	9	11	254	0.050687	0.18942	0.40756	0.35842
0240060204	2003	9	12	255	0.071375	0.20471	0.48996	0.41612
0240060204	2003	9	13	256	0.068979	0.21285	0.49471	0.42267
0240060204	2003	9	14	257	0.051229	0.21223	0.48	0.41144
0240060204	2003	9	15	258	0.045563	0.20627	0.45881	0.39533
0240060204	2003	9	16	259	0.045542	0.19848	0.44223	0.38275
0240060204	2003	9	17	260	0.0485	0.19412	0.43002	0.37327
0240060204	2003	9	18	261	0.045146	0.18563	0.4189	0.36635
0240060204	2003	9	19	262	0.044396	0.16292	0.39854	0.35792
0240060204	2003	9	20	263	0.044667	0.13069	0.37198	0.34415
0240060204	2003	9	21	264	0.046125	0.12433	0.35775	0.33398
0240060204	2003	9	22	265	0.046063	0.12796	0.354	0.33044
0240060204	2003	9	23	266	0.045375	0.127	0.35131	0.32758
0240060204	2003	9	24	267	0.045312	0.12325	0.34627	0.32246
0240060204	2003	9	25	268	0.046417	0.12533	0.34204	0.31867
0240060204	2003	9	26	269	0.047479	0.12835	0.34098	0.31708
0240060204	2003	9	27	270	0.046438	0.12885	0.34025	0.31633
0240060204	2003	9	28	271	0.054583	0.12663	0.37092	0.32985
0240060204	2003	9	29	272	0.075229	0.13727	0.43973	0.37617
0240060204	2003	9	30	273	0.064187	0.16269	0.42654	0.36944
0240060204	2003	10	1	274	0.048521	0.22775	0.42771	0.37204
0240060204	2003	10	2	275	0.044312	0.24944	0.4516	0.38802
0240060204	2003	10	3	276	0.045542	0.2414	0.4499	0.38671
0240060204	2003	10	4	277	0.047771	0.23085	0.44065	0.37877
0240060204	2003	10	5	278	0.046625	0.22285	0.43125	0.37183
0240060204	2003	10	6	279	0.045937	0.21687	0.42238	0.36538
0240060204	2003	10	7	280	0.045625	0.21327	0.41544	0.36092
0240060204	2003	10	8	281	0.04625	0.21148	0.40992	0.35715
0240060204	2003	10	9	282	0.046167	0.21002	0.40606	0.35419
0240060204	2003	10	10	283	0.046208	0.20754	0.40202	0.3511
0240060204	2003	10	11	284	0.043979	0.20529	0.3979	0.34994
0240060204	2003	10	12	285	0.043771	0.20108	0.3929	0.34652
0240060204	2003	10	13	286	0.043604	0.19544	0.38706	0.34263
0240060204	2003	10	14	287	0.043292	0.18106	0.37746	0.33929
0240060204	2003	10	15	288	0.043167	0.16429	0.36646	0.33515
0240060204	2003	10	16	289	0.043187	0.13756	0.34979	0.3275
0240060204	2003	10	17	290	0.04325	0.10767	0.32754	0.30581
0240060204	2003	10	18	291	0.042437	0.097792	0.30452	0.2884
0240060204	2003	10	19	292	0.042938	0.098	0.28865	0.28025
0240060204	2003	10	20	293	0.043	0.09775	0.27585	0.27481
0240060204	2003	10	21	294	0.043187	0.096375	0.26294	0.26981
0240060204	2003	10	22	295	0.042937	0.091	0.24083	0.26265
0240060204	2003	10	23	296	0.042583	0.089458	0.21169	0.25065
0240060204	2003	10	24	297	0.044396	0.092083	0.1929	0.23806
0240060204	2003	10	25	298	0.043833	0.094125	0.18612	0.23398
0240060204	2003	10	26	299	0.043021	0.092188	0.17985	0.22956
0240060204	2003	10	27	300	0.042688	0.089333	0.16625	0.21902
0240060204	2003	10	28	301	0.042937	0.088979	0.15004	0.2049
0240060204	2003	10	29	302	0.04325	0.089708	0.14215	0.1981
0240060204	2003	10	30	303	0.04275	0.088042	0.13323	0.191
0240060204	2003	10	31	304	0.042687	0.088333	0.12729	0.18377
0240060204	2003	11	1	305	0.043	0.090104	0.12621	0.17971
0240060204	2003	11	2	306	0.043438	0.091417	0.1271	0.17815
0240060204	2003	11	3	307	0.044896	0.094146	0.12871	0.178
0240060204	2003	11	4	308	0.043396	0.092396	0.12865	0.17827
0240060204	2003	11	5	309	0.04375	0.092	0.12746	0.1774
0240060204	2003	11	6	310	0.042979	0.090417	0.12562	0.17585
0240060204	2003	11	7	311	0.043062	0.089854	0.12277	0.17254
0240060204	2003	11	8	312	0.044979	0.090146	0.12185	0.16965
0240060204	2003	11	9	313	0.049	0.093875	0.1241	0.16937
0240060204	2003	11	10	314	0.046104	0.094771	0.12631	0.17073
0240060204	2003	11	11	315	0.044	0.090979	0.12423	0.16998
0240060204	2003	11	12	316	0.043771	0.0885	0.12092	0.16635
0240060204	2003	11	13	317	0.044	0.088	0.1186	0.16102
0240060204	2003	11	14	318	0.043333	0.086896	0.11652	0.15433
0240060204	2003	11	15	319	0.043146	0.085521	0.1139	0.14548
0240060204	2003	11	16	320	0.043687	0.083479	0.11054	0.13442
0240060204	2003	11	17	321	0.043	0.081521	0.1074	0.12221
0240060204	2003	11	18	322	0.043	0.080708	0.10604	0.11554
0240060204	2003	11	19	323	0.043	0.079438	0.10469	0.1111
0240060204	2003	11	20	324	0.042708	0.079917	0.10475	0.11
0240060204	2003	11	21	325	0.04225	0.080104	0.105	0.11
0240060204	2003	11	22	326	0.042854	0.081	0.10533	0.11
0240060204	2003	11	23	327	0.043	0.081729	0.10633	0.11083
0240060204	2003	11	24	328	0.043	0.082	0.107	0.111
0240060204	2003	11	25	329	0.043	0.082	0.107	0.111
0240060204	2003	11	26	330	0.043	0.082	0.107	0.11194
0240060204	2003	11	27	331	0.043	0.082	0.107	0.11169
0240060204	2003	11	28	332	0.043	0.081333	0.10627	0.11052
0240060204	2003	11	29	333	0.043	0.081	0.106	0.11
0240060204	2003	11	30	334	0.043	0.081	0.106	0.10983
0240060204	2003	12	1	335	0.043	0.081	0.106	0.109
0240060204	2003	12	2	336	0.043	0.080812	0.106	0.109
0240060204	2003	12	3	337	0.043	0.08	0.1054	0.10894
0240060204	2003	12	4	338	0.043	0.08	0.105	0.108
0240060204	2003	12	5	339	0.043	0.08	0.105	0.108
0240060204	2003	12	6	340	0.043	0.079146	0.10465	0.10765
0240060204	2003	12	7	341	0.043	0.078896	0.104	0.10681
0240060204	2003	12	8	342	0.042188	0.078	0.10308	0.106
0240060204	2003	12	9	343	0.042	0.078	0.103	0.106
0240060204	2003	12	10	344	0.042	0.078604	0.10385	0.106
0240060204	2003	12	11	345	0.042917	0.079	0.104	0.106
0240060204	2003	12	12	346	0.043	0.079	0.104	0.106
0240060204	2003	12	13	347	0.043	0.079	0.104	0.106
0240060204	2003	12	14	348	0.043	0.078292	0.104	0.106
0240060204	2003	12	15	349	0.042063	0.077937	0.10333	0.10594
0240060204	2003	12	16	350	0.042043	0.077043	0.103	0.105
0240060204	2003	12	17	351				
0240060204	2003	12	18	352				
0240060204	2003	12	19	353				
0240060204	2003	12	20	354				
0240060204	2003	12	21	355	0.042514	0.0762	0.10274	0.105
0240060204	2003	12	22	356	0.042	0.076542	0.10246	0.105
0240060204	2003	12	23	357	0.042	0.077	0.103	0.105
0240060204	2003	12	24	358	0.042646	0.077	0.103	0.105
0240060204	2003	12	25	359	0.042208	0.076104	0.1026	0.105
0240060204	2003	12	26	360	0.042	0.076	0.102	0.105
0240060204	2003	12	27	361	0.042	0.076	0.102	0.105
0240060204	2003	12	28	362	0.042708	0.076	0.102	0.105
0240060204	2003	12	29	363	0.042063	0.076	0.102	0.10413
0240060204	2003	12	30	364	0.042	0.076	0.102	0.104
0240060204	2003	12	31	365	0.042	0.076	0.102	0.104
0240060204	2004	1	1	1	0.042	0.077	0.102	0.10496
0240060204	2004	1	2	2	0.042	0.077	0.10292	0.105
0240060204	2004	1	3	3	0.042	0.077	0.103	0.105
0240060204	2004	1	4	4	0.042	0.077271	0.103	0.105
0240060204	2004	1	5	5	0.042208	0.078	0.103	0.105
0240060204	2004	1	6	6		0.078	0.103	0.1051
0240060204	2004	1	7	7		0.078	0.103	0.10565
0240060204	2004	1	8	8		0.078	0.103	0.105
0240060204	2004	1	9	9		0.077042	0.10206	0.105
0240060204	2004	1	10	10		0.077	0.102	0.105
0240060204	2004	1	11	11		0.077	0.102	0.105
0240060204	2004	1	12	12		0.077	0.102	0.105
0240060204	2004	1	13	13	0.042	0.077	0.102	0.105
0240060204	2004	1	14	14	0.042958	0.077	0.102	0.105
0240060204	2004	1	15	15	0.043	0.077	0.102	0.105
0240060204	2004	1	16	16	0.043	0.077	0.102	0.105
0240060204	2004	1	17	17	0.042229	0.076917	0.102	0.105
0240060204	2004	1	18	18	0.042	0.076	0.10135	0.10492
0240060204	2004	1	19	19	0.042	0.075813	0.10079	0.104
0240060204	2004	1	20	20	0.042	0.075	0.1	0.10377
0240060204	2004	1	21	21	0.042	0.075	0.1	0.103
0240060204	2004	1	22	22	0.042	0.075	0.1	0.103
0240060204	2004	1	23	23	0.042	0.075	0.1	0.103
0240060204	2004	1	24	24	0.042	0.075	0.1	0.103
0240060204	2004	1	25	25	0.042	0.075	0.1	0.103
0240060204	2004	1	26	26	0.042	0.075	0.1	0.103
0240060204	2004	1	27	27	0.042	0.075	0.1	0.103
0240060204	2004	1	28	28	0.042	0.075	0.1	0.103
0240060204	2004	1	29	29		0.074771	0.1	0.1034
0240060204	2004	1	30	30		0.073958	0.099875	0.103
0240060204	2004	1	31	31		0.073	0.099	0.10285
0240060204	2004	2	1	32		0.072188	0.098375	0.102
0240060204	2004	2	2	33		0.072	0.098	0.102
0240060204	2004	2	3	34		0.072	0.098	0.102
0240060204	2004	2	4	35		0.072	0.098	0.102
0240060204	2004	2	5	36		0.072	0.098	0.102
0240060204	2004	2	6	37		0.072271	0.098	0.102
0240060204	2004	2	7	38		0.073	0.098688	0.102
0240060204	2004	2	8	39		0.073	0.098979	0.102
0240060204	2004	2	9	40		0.073	0.098854	0.102
0240060204	2004	2	10	41	0.042962	0.073542	0.099	0.102
0240060204	2004	2	11	42		0.074	0.099	0.10208
0240060204	2004	2	12	43		0.074708	0.099771	0.103
0240060204	2004	2	13	44		0.075	0.1	0.103
0240060204	2004	2	14	45		0.075	0.1	0.103
0240060204	2004	2	15	46		0.075	0.1	0.103
0240060204	2004	2	16	47		0.075	0.1	0.103
0240060204	2004	2	17	48		0.075	0.1	0.103
0240060204	2004	2	18	49		0.075	0.1	0.103
0240060204	2004	2	19	50		0.075	0.1	0.103
0240060204	2004	2	20	51		0.074542	0.099458	0.103
0240060204	2004	2	21	52		0.074	0.099	0.103
0240060204	2004	2	22	53		0.074563	0.09925	0.103
0240060204	2004	2	23	54		0.075	0.1	0.103
0240060204	2004	2	24	55		0.075	0.1	0.103
0240060204	2004	2	25	56		0.075	0.1	0.103
0240060204	2004	2	26	57		0.075	0.1	0.103
0240060204	2004	2	27	58		0.075	0.1	0.103
0240060204	2004	2	28	59		0.075	0.1	0.103
0240060204	2004	2	29	60		0.075	0.1	0.103
0240060204	2004	3	1	61		0.074333	0.0995	0.103
0240060204	2004	3	2	62		0.074	0.099	0.103
0240060204	2004	3	3	63		0.074	0.099	0.103
0240060204	2004	3	4	64		0.074	0.099	0.103
0240060204	2004	3	5	65		0.074	0.099	0.103
0240060204	2004	3	6	66	0.042521	0.074	0.099	0.103
0240060204	2004	3	7	67	0.042	0.074	0.099	0.103
0240060204	2004	3	8	68	0.042	0.073667	0.098875	0.103
0240060204	2004	3	9	69	0.042	0.073	0.098	0.10229
0240060204	2004	3	10	70	0.042958	0.073	0.098	0.102
0240060204	2004	3	11	71	0.043	0.073167	0.098125	0.102
0240060204	2004	3	12	72	0.043	0.074	0.099	0.102
0240060204	2004	3	13	73	0.043	0.074	0.099	0.10294
0240060204	2004	3	14	74	0.043	0.074083	0.099	0.103
0240060204	2004	3	15	75	0.043	0.075	0.099	0.103
0240060204	2004	3	16	76	0.043	0.075	0.099	0.103
0240060204	2004	3	17	77	0.043	0.075	0.099792	0.103
0240060204	2004	3	18	78	0.043	0.075	0.1	0.103
0240060204	2004	3	19	79	0.043354	0.075	0.1	0.103
0240060204	2004	3	20	80	0.044	0.075	0.1	0.10321
0240060204	2004	3	21	81	0.043125	0.075	0.099583	0.103
0240060204	2004	3	22	82	0.043	0.074021	0.099	0.103
0240060204	2004	3	23	83	0.043	0.074	0.099	0.103
0240060204	2004	3	24	84	0.043	0.074	0.099	0.103
0240060204	2004	3	25	85	0.043	0.074	0.099	0.103
0240060204	2004	3	26	86	0.0435	0.074	0.099	0.103
0240060204	2004	3	27	87	0.043	0.074	0.099	0.103
0240060204	2004	3	28	88	0.043	0.073083	0.099	0.10271
0240060204	2004	3	29	89	0.043	0.073	0.098187	0.102
0240060204	2004	3	30	90	0.043	0.073	0.098	0.102
0240060204	2004	3	31	91	0.043	0.073	0.098	0.102
0240060204	2004	4	1	92	0.043	0.073	0.098	0.102
0240060204	2004	4	2	93	0.043	0.072917	0.098	0.102
0240060204	2004	4	3	94	0.043	0.072	0.098	0.102
0240060204	2004	4	4	95	0.043	0.072188	0.098	0.102
0240060204	2004	4	5	96	0.043	0.073208	0.098042	0.102
0240060204	2004	4	6	97	0.043854	0.074188	0.099	0.10212
0240060204	2004	4	7	98	0.045875	0.075896	0.10077	0.10306
0240060204	2004	4	8	99	0.047813	0.078021	0.1066	0.10448
0240060204	2004	4	9	100	0.050771	0.079625	0.11263	0.1059
0240060204	2004	4	10	101	0.059979	0.081542	0.12098	0.10785
0240060204	2004	4	11	102	0.064625	0.083229	0.12073	0.10938
0240060204	2004	4	12	103	0.068958	0.084437	0.1221	0.11069
0240060204	2004	4	13	104	0.073417	0.085583	0.12417	0.11194
0240060204	2004	4	14	105	0.0755	0.087229	0.12785	0.11333
0240060204	2004	4	15	106	0.078188	0.088667	0.13125	0.11438
0240060204	2004	4	16	107	0.084187	0.092	0.13577	0.11573
0240060204	2004	4	17	108	0.084188	0.096625	0.14498	0.11925
0240060204	2004	4	18	109	0.086292	0.099833	0.15185	0.12296
0240060204	2004	4	19	110	0.087625	0.10367	0.16342	0.12746
0240060204	2004	4	20	111	0.09025	0.10994	0.18767	0.13102
0240060204	2004	4	21	112	0.091437	0.12523	0.23952	0.14881
0240060204	2004	4	22	113	0.092542	0.14369	0.34994	0.20679
0240060204	2004	4	23	114	0.096229	0.235	0.37527	0.21606
0240060204	2004	4	24	115			0.38579	0.22256
0240060204	2004	4	25	116			0.39333	0.22767
0240060204	2004	4	26	117			0.39987	0.23154
0240060204	2004	4	27	118			0.4055	0.23475
0240060204	2004	4	28	119			0.40981	0.23802
0240060204	2004	4	29	120			0.41269	0.24144
0240060204	2004	4	30	121	0.095958		0.41519	0.24527
0240060204	2004	5	1	122	0.092521		0.41712	0.24806
0240060204	2004	5	2	123	0.089937		0.41881	0.25027
0240060204	2004	5	3	124	0.083833		0.42015	0.25204
0240060204	2004	5	4	125	0.080542		0.42148	0.25331
0240060204	2004	5	5	126	0.076313		0.42594	0.25429
0240060204	2004	5	6	127	0.090042		0.44106	0.25588
0240060204	2004	5	7	128			0.4785	0.25546
0240060204	2004	5	8	129	0.095292		0.52856	0.28223
0240060204	2004	5	9	130			0.565	0.33731
0240060204	2004	5	10	131	0.091313		0.58981	0.41394
0240060204	2004	5	11	132	0.090646		0.62333	0.46175
0240060204	2004	5	12	133	0.094146			0.50802
0240060204	2004	5	13	134	0.083625			
0240060204	2004	5	14	135	0.07375			
0240060204	2004	5	15	136	0.063146			
0240060204	2004	5	16	137	0.054375			
0240060204	2004	5	17	138	0.052917			
0240060204	2004	5	18	139	0.053792	0.44677		
0240060204	2004	5	19	140	0.069146	0.44756		
0240060204	2004	5	20	141	0.059979	0.44458		
0240060204	2004	5	21	142	0.053021	0.43635		
0240060204	2004	5	22	143	0.051292	0.42558		
0240060204	2004	5	23	144	0.051458	0.42021		
0240060204	2004	5	24	145	0.048625	0.4106		
0240060204	2004	5	25	146	0.049312	0.40663		
0240060204	2004	5	26	147	0.051208	0.4056	0.65417	
0240060204	2004	5	27	148	0.057667	0.41131		
0240060204	2004	5	28	149	0.059146	0.42106		
0240060204	2004	5	29	150	0.071875	0.42375		
0240060204	2004	5	30	151	0.074042	0.4309		
0240060204	2004	5	31	152	0.061917	0.42642		
0240060204	2004	6	1	153	0.063542	0.42415		
0240060204	2004	6	2	154	0.071208	0.42273		
0240060204	2004	6	3	155	0.077792	0.42208		
0240060204	2004	6	4	156	0.062021	0.41608		
0240060204	2004	6	5	157	0.050729	0.40854		
0240060204	2004	6	6	158	0.046187	0.4005		
0240060204	2004	6	7	159	0.047208	0.39392	0.656	
0240060204	2004	6	8	160	0.068208	0.39485	0.65548	
0240060204	2004	6	9	161	0.085604	0.40869		
0240060204	2004	6	10	162	0.086146	0.4231		
0240060204	2004	6	11	163	0.089458	0.42779		
0240060204	2004	6	12	164	0.074646	0.42379		
0240060204	2004	6	13	165	0.058667	0.4115		
0240060204	2004	6	14	166	0.050125	0.40019		
0240060204	2004	6	15	167	0.047688	0.39004	0.6526	
0240060204	2004	6	16	168	0.046146	0.37167	0.63819	
0240060204	2004	6	17	169	0.043833	0.34825	0.61865	
0240060204	2004	6	18	170	0.043479	0.32817	0.60171	0.54867
0240060204	2004	6	19	171	0.042958	0.31083	0.58421	0.53402
0240060204	2004	6	20	172	0.041271	0.2929	0.56025	0.51585
0240060204	2004	6	21	173	0.040458	0.27785	0.53442	0.49673
0240060204	2004	6	22	174	0.039812	0.26408	0.5075	0.47698
0240060204	2004	6	23	175	0.039375	0.25146	0.48183	0.45704
0240060204	2004	6	24	176	0.038417	0.23808	0.45848	0.43723
0240060204	2004	6	25	177	0.0412	0.2338	0.4453	0.4255
0240060204	2004	6	26	178				
0240060204	2004	6	27	179				
0240060204	2004	6	28	180				
0240060204	2004	6	29	181				
0240060204	2004	6	30	182				
0240060204	2004	7	1	183				
0240060204	2004	7	2	184				
0240060204	2004	7	3	185				
0240060204	2004	7	4	186				
0240060204	2004	7	5	187				
0240060204	2004	7	6	188				
0240060204	2004	7	7	189				
0240060204	2004	7	8	190				
0240060204	2004	7	9	191				
0240060204	2004	7	10	192				
0240060204	2004	7	11	193				
0240060204	2004	7	12	194				
0240060204	2004	7	13	195				
0240060204	2004	7	14	196				
0240060204	2004	7	15	197				
0240060204	2004	7	16	198				
0240060204	2004	7	17	199				
0240060204	2004	7	18	200				
0240060204	2004	7	19	201				
0240060204	2004	7	20	202	0.0383	0.1078	0.2475	0.2733
0240060204	2004	7	21	203	0.038333	0.10592	0.24238	0.27035
0240060204	2004	7	22	204	0.037437	0.10096	0.22877	0.26365
0240060204	2004	7	23	205	0.038187	0.097438	0.21533	0.25706
0240060204	2004	7	24	206	0.039833	0.096542	0.20854	0.2535
0240060204	2004	7	25	207	0.039375	0.094021	0.20025	0.24973
0240060204	2004	7	26	208	0.038979	0.090854	0.19125	0.24517
0240060204	2004	7	27	209	0.037062	0.086938	0.18206	0.2399
0240060204	2004	7	28	210	0.037167	0.084521	0.17392	0.23463
0240060204	2004	7	29	211	0.044479	0.085729	0.19254	0.23548
0240060204	2004	7	30	212	0.05225	0.088354	0.236	0.25775
0240060204	2004	7	31	213	0.047937	0.087708	0.22979	0.25533
0240060204	2004	8	1	214	0.063687	0.089313	0.2819	0.26896
0240060204	2004	8	2	215	0.057042	0.089875	0.29796	0.28342
0240060204	2004	8	3	216	0.047083	0.089708	0.28206	0.27606
0240060204	2004	8	4	217	0.042479	0.089208	0.2659	0.26898
0240060204	2004	8	5	218	0.041229	0.088063	0.24927	0.26187
0240060204	2004	8	6	219	0.03975	0.086417	0.23083	0.25458
0240060204	2004	8	7	220	0.038396	0.084479	0.21225	0.247
0240060204	2004	8	8	221	0.037021	0.082125	0.19525	0.23977
0240060204	2004	8	9	222	0.037292	0.080479	0.18129	0.233
0240060204	2004	8	10	223	0.038271	0.080083	0.17342	0.22781
0240060204	2004	8	11	224	0.038167	0.079188	0.16777	0.22392
0240060204	2004	8	12	225	0.039083	0.079042	0.163	0.22021
0240060204	2004	8	13	226	0.037896	0.077417	0.1575	0.2171
0240060204	2004	8	14	227	0.037375	0.076146	0.15231	0.21396
0240060204	2004	8	15	228	0.037146	0.075104	0.14812	0.2109
0240060204	2004	8	16	229	0.037229	0.074396	0.1451	0.20808
0240060204	2004	8	17	230	0.037104	0.073688	0.1424	0.20581
0240060204	2004	8	18	231	0.0405	0.07575	0.143	0.205
0240060204	2004	8	19	232				
0240060204	2004	8	20	233				
0240060204	2004	8	21	234				
0240060204	2004	8	22	235				
0240060204	2004	8	23	236				
0240060204	2004	8	24	237				
0240060204	2004	8	25	238				
0240060204	2004	8	26	239				
0240060204	2004	8	27	240				
0240060204	2004	8	28	241				
0240060204	2004	8	29	242				
0240060204	2004	8	30	243				
0240060204	2004	8	31	244				
0240060204	2004	9	1	245				
0240060204	2004	9	2	246				
0240060204	2004	9	3	247				
0240060204	2004	9	4	248				
0240060204	2004	9	5	249				
0240060204	2004	9	6	250				
0240060204	2004	9	7	251				
0240060204	2004	9	8	252				
0240060204	2004	9	9	253				
0240060204	2004	9	10	254				
0240060204	2004	9	11	255				
0240060204	2004	9	12	256				
0240060204	2004	9	13	257				
0240060204	2004	9	14	258				
0240060204	2004	9	15	259				
0240060204	2004	9	16	260				
0240060204	2004	9	17	261				
0240060204	2004	9	18	262				
0240060204	2004	9	19	263				
0240060204	2004	9	20	264				
0240060204	2004	9	21	265				
0240060204	2004	9	22	266				
0240060204	2004	9	23	267				
0240060204	2004	9	24	268				
0240060204	2004	9	25	269				
0240060204	2004	9	26	270				
0240060204	2004	9	27	271				
0240060204	2004	9	28	272				
0240060204	2004	9	29	273				
0240060204	2004	9	30	274				
0240060204	2004	10	1	275				
0240060204	2004	10	2	276				
0240060204	2004	10	3	277				
0240060204	2004	10	4	278				
0240060204	2004	10	5	279				
0240060204	2004	10	6	280				
0240060204	2004	10	7	281				
0240060204	2004	10	8	282				
0240060204	2004	10	9	283				
0240060204	2004	10	10	284				
0240060204	2004	10	11	285				
0240060204	2004	10	12	286				
0240060204	2004	10	13	287				
0240060204	2004	10	14	288				
0240060204	2004	10	15	289				
0240060204	2004	10	16	290				
0240060204	2004	10	17	291				
0240060204	2004	10	18	292				
0240060204	2004	10	19	293				
0240060204	2004	10	20	294				
0240060204	2004	10	21	295				
0240060204	2004	10	22	296				
0240060204	2004	10	23	297				
0240060204	2004	10	24	298				
0240060204	2004	10	25	299				
0240060204	2004	10	26	300				
0240060204	2004	10	27	301				
0240060204	2004	10	28	302				
0240060204	2004	10	29	303				
0240060204	2004	10	30	304				
0240060204	2004	10	31	305				
0240060204	2004	11	1	306				
0240060204	2004	11	2	307				
0240060204	2004	11	3	308				
0240060204	2004	11	4	309				
0240060204	2004	11	5	310				
0240060204	2004	11	6	311				
0240060204	2004	11	7	312				
0240060204	2004	11	8	313				
0240060204	2004	11	9	314				
0240060204	2004	11	10	315				
0240060204	2004	11	11	316				
0240060204	2004	11	12	317				
0240060204	2004	11	13	318				
0240060204	2004	11	14	319				
0240060204	2004	11	15	320				
0240060204	2004	11	16	321				
0240060204	2004	11	17	322				
0240060204	2004	11	18	323				
0240060204	2004	11	19	324				
0240060204	2004	11	20	325				
0240060204	2004	11	21	326				
0240060204	2004	11	22	327				
0240060204	2004	11	23	328				
0240060204	2004	11	24	329				
0240060204	2004	11	25	330				
0240060204	2004	11	26	331				
0240060204	2004	11	27	332				
0240060204	2004	11	28	333				
0240060204	2004	11	29	334				
0240060204	2004	11	30	335				
0240060204	2004	12	1	336				
0240060204	2004	12	2	337				
0240060204	2004	12	3	338				
0240060204	2004	12	4	339				
0240060204	2004	12	5	340				
0240060204	2004	12	6	341				
0240060204	2004	12	7	342				
0240060204	2004	12	8	343				
0240060204	2004	12	9	344				
0240060204	2004	12	10	345				
0240060204	2004	12	11	346				
0240060204	2004	12	12	347				
0240060204	2004	12	13	348				
0240060204	2004	12	14	349				
0240060204	2004	12	15	350				
0240060204	2004	12	16	351				
0240060204	2004	12	17	352				
0240060204	2004	12	18	353				
0240060204	2004	12	19	354				
0240060204	2004	12	20	355				
0240060204	2004	12	21	356				
0240060204	2004	12	22	357				
0240060204	2004	12	23	358				
0240060204	2004	12	24	359				
0240060204	2004	12	25	360				
0240060204	2004	12	26	361				
0240060204	2004	12	27	362				
0240060204	2004	12	28	363				
0240060204	2004	12	29	364				
0240060204	2004	12	30	365				
0240060204	2004	12	31	366				
