stationID	Y	M	D	DOY	depth_1	depth_25	depth_50	depth_100
0240700408	2003	1	1	1				
0240700408	2003	1	2	2				
0240700408	2003	1	3	3				
0240700408	2003	1	4	4				
0240700408	2003	1	5	5				
0240700408	2003	1	6	6				
0240700408	2003	1	7	7				
0240700408	2003	1	8	8				
0240700408	2003	1	9	9				
0240700408	2003	1	10	10				
0240700408	2003	1	11	11				
0240700408	2003	1	12	12				
0240700408	2003	1	13	13				
0240700408	2003	1	14	14				
0240700408	2003	1	15	15				
0240700408	2003	1	16	16				
0240700408	2003	1	17	17				
0240700408	2003	1	18	18				
0240700408	2003	1	19	19				
0240700408	2003	1	20	20				
0240700408	2003	1	21	21				
0240700408	2003	1	22	22				
0240700408	2003	1	23	23				
0240700408	2003	1	24	24				
0240700408	2003	1	25	25				
0240700408	2003	1	26	26				
0240700408	2003	1	27	27				
0240700408	2003	1	28	28				
0240700408	2003	1	29	29				
0240700408	2003	1	30	30				
0240700408	2003	1	31	31				
0240700408	2003	2	1	32				
0240700408	2003	2	2	33				
0240700408	2003	2	3	34				
0240700408	2003	2	4	35				
0240700408	2003	2	5	36				
0240700408	2003	2	6	37				
0240700408	2003	2	7	38				
0240700408	2003	2	8	39				
0240700408	2003	2	9	40				
0240700408	2003	2	10	41				
0240700408	2003	2	11	42				
0240700408	2003	2	12	43				
0240700408	2003	2	13	44				
0240700408	2003	2	14	45				
0240700408	2003	2	15	46				
0240700408	2003	2	16	47				
0240700408	2003	2	17	48				
0240700408	2003	2	18	49				
0240700408	2003	2	19	50				
0240700408	2003	2	20	51				
0240700408	2003	2	21	52				
0240700408	2003	2	22	53				
0240700408	2003	2	23	54				
0240700408	2003	2	24	55				
0240700408	2003	2	25	56				
0240700408	2003	2	26	57				
0240700408	2003	2	27	58				
0240700408	2003	2	28	59				
0240700408	2003	3	1	60				
0240700408	2003	3	2	61				
0240700408	2003	3	3	62				
0240700408	2003	3	4	63				
0240700408	2003	3	5	64				
0240700408	2003	3	6	65				
0240700408	2003	3	7	66				
0240700408	2003	3	8	67				
0240700408	2003	3	9	68				
0240700408	2003	3	10	69				
0240700408	2003	3	11	70				
0240700408	2003	3	12	71				
0240700408	2003	3	13	72				
0240700408	2003	3	14	73				
0240700408	2003	3	15	74				
0240700408	2003	3	16	75				
0240700408	2003	3	17	76				
0240700408	2003	3	18	77				
0240700408	2003	3	19	78				
0240700408	2003	3	20	79				
0240700408	2003	3	21	80				
0240700408	2003	3	22	81				
0240700408	2003	3	23	82				
0240700408	2003	3	24	83				
0240700408	2003	3	25	84				
0240700408	2003	3	26	85				
0240700408	2003	3	27	86				
0240700408	2003	3	28	87				
0240700408	2003	3	29	88				
0240700408	2003	3	30	89				
0240700408	2003	3	31	90				
0240700408	2003	4	1	91				
0240700408	2003	4	2	92				
0240700408	2003	4	3	93				
0240700408	2003	4	4	94				
0240700408	2003	4	5	95				
0240700408	2003	4	6	96				
0240700408	2003	4	7	97				
0240700408	2003	4	8	98				
0240700408	2003	4	9	99				
0240700408	2003	4	10	100				
0240700408	2003	4	11	101				
0240700408	2003	4	12	102				
0240700408	2003	4	13	103				
0240700408	2003	4	14	104				
0240700408	2003	4	15	105				
0240700408	2003	4	16	106				
0240700408	2003	4	17	107				
0240700408	2003	4	18	108				
0240700408	2003	4	19	109				
0240700408	2003	4	20	110				
0240700408	2003	4	21	111				
0240700408	2003	4	22	112				
0240700408	2003	4	23	113				
0240700408	2003	4	24	114				
0240700408	2003	4	25	115				
0240700408	2003	4	26	116				
0240700408	2003	4	27	117				
0240700408	2003	4	28	118				
0240700408	2003	4	29	119				
0240700408	2003	4	30	120				
0240700408	2003	5	1	121				
0240700408	2003	5	2	122				
0240700408	2003	5	3	123				
0240700408	2003	5	4	124				
0240700408	2003	5	5	125				
0240700408	2003	5	6	126				
0240700408	2003	5	7	127				
0240700408	2003	5	8	128				
0240700408	2003	5	9	129				
0240700408	2003	5	10	130				
0240700408	2003	5	11	131				
0240700408	2003	5	12	132				
0240700408	2003	5	13	133				
0240700408	2003	5	14	134				
0240700408	2003	5	15	135				
0240700408	2003	5	16	136				
0240700408	2003	5	17	137				
0240700408	2003	5	18	138				
0240700408	2003	5	19	139				
0240700408	2003	5	20	140				
0240700408	2003	5	21	141				
0240700408	2003	5	22	142				
0240700408	2003	5	23	143				
0240700408	2003	5	24	144				
0240700408	2003	5	25	145				
0240700408	2003	5	26	146				
0240700408	2003	5	27	147				
0240700408	2003	5	28	148				
0240700408	2003	5	29	149				
0240700408	2003	5	30	150				
0240700408	2003	5	31	151				
0240700408	2003	6	1	152				
0240700408	2003	6	2	153				
0240700408	2003	6	3	154				
0240700408	2003	6	4	155				
0240700408	2003	6	5	156				
0240700408	2003	6	6	157				
0240700408	2003	6	7	158				
0240700408	2003	6	8	159				
0240700408	2003	6	9	160				
0240700408	2003	6	10	161				
0240700408	2003	6	11	162				
0240700408	2003	6	12	163				
0240700408	2003	6	13	164				
0240700408	2003	6	14	165				
0240700408	2003	6	15	166				
0240700408	2003	6	16	167				
0240700408	2003	6	17	168				
0240700408	2003	6	18	169				
0240700408	2003	6	19	170				
0240700408	2003	6	20	171				
0240700408	2003	6	21	172				
0240700408	2003	6	22	173				
0240700408	2003	6	23	174				
0240700408	2003	6	24	175				
0240700408	2003	6	25	176				
0240700408	2003	6	26	177				
0240700408	2003	6	27	178				
0240700408	2003	6	28	179				
0240700408	2003	6	29	180				
0240700408	2003	6	30	181				
0240700408	2003	7	1	182				
0240700408	2003	7	2	183				
0240700408	2003	7	3	184				
0240700408	2003	7	4	185				
0240700408	2003	7	5	186				
0240700408	2003	7	6	187				
0240700408	2003	7	7	188				
0240700408	2003	7	8	189				
0240700408	2003	7	9	190				
0240700408	2003	7	10	191				
0240700408	2003	7	11	192				
0240700408	2003	7	12	193				
0240700408	2003	7	13	194				
0240700408	2003	7	14	195				
0240700408	2003	7	15	196				
0240700408	2003	7	16	197				
0240700408	2003	7	17	198				
0240700408	2003	7	18	199				
0240700408	2003	7	19	200				
0240700408	2003	7	20	201				
0240700408	2003	7	21	202				
0240700408	2003	7	22	203				
0240700408	2003	7	23	204				
0240700408	2003	7	24	205				
0240700408	2003	7	25	206				
0240700408	2003	7	26	207				
0240700408	2003	7	27	208				
0240700408	2003	7	28	209				
0240700408	2003	7	29	210				
0240700408	2003	7	30	211				
0240700408	2003	7	31	212				
0240700408	2003	8	1	213				
0240700408	2003	8	2	214				
0240700408	2003	8	3	215				
0240700408	2003	8	4	216				
0240700408	2003	8	5	217				
0240700408	2003	8	6	218				
0240700408	2003	8	7	219				
0240700408	2003	8	8	220				
0240700408	2003	8	9	221				
0240700408	2003	8	10	222				
0240700408	2003	8	11	223				
0240700408	2003	8	12	224				
0240700408	2003	8	13	225				
0240700408	2003	8	14	226				
0240700408	2003	8	15	227				
0240700408	2003	8	16	228				
0240700408	2003	8	17	229				
0240700408	2003	8	18	230				
0240700408	2003	8	19	231				
0240700408	2003	8	20	232				
0240700408	2003	8	21	233				
0240700408	2003	8	22	234				
0240700408	2003	8	23	235				
0240700408	2003	8	24	236				
0240700408	2003	8	25	237				
0240700408	2003	8	26	238				
0240700408	2003	8	27	239				
0240700408	2003	8	28	240				
0240700408	2003	8	29	241				
0240700408	2003	8	30	242				
0240700408	2003	8	31	243				
0240700408	2003	9	1	244				
0240700408	2003	9	2	245				
0240700408	2003	9	3	246				
0240700408	2003	9	4	247				
0240700408	2003	9	5	248				
0240700408	2003	9	6	249				
0240700408	2003	9	7	250				
0240700408	2003	9	8	251				
0240700408	2003	9	9	252				
0240700408	2003	9	10	253				
0240700408	2003	9	11	254				
0240700408	2003	9	12	255				
0240700408	2003	9	13	256				
0240700408	2003	9	14	257				
0240700408	2003	9	15	258				
0240700408	2003	9	16	259				
0240700408	2003	9	17	260				
0240700408	2003	9	18	261				
0240700408	2003	9	19	262				
0240700408	2003	9	20	263				
0240700408	2003	9	21	264				
0240700408	2003	9	22	265				
0240700408	2003	9	23	266				
0240700408	2003	9	24	267				
0240700408	2003	9	25	268				
0240700408	2003	9	26	269				
0240700408	2003	9	27	270				
0240700408	2003	9	28	271				
0240700408	2003	9	29	272				
0240700408	2003	9	30	273				
0240700408	2003	10	1	274				
0240700408	2003	10	2	275				
0240700408	2003	10	3	276				
0240700408	2003	10	4	277				
0240700408	2003	10	5	278				
0240700408	2003	10	6	279				
0240700408	2003	10	7	280				
0240700408	2003	10	8	281				
0240700408	2003	10	9	282				
0240700408	2003	10	10	283				
0240700408	2003	10	11	284				
0240700408	2003	10	12	285				
0240700408	2003	10	13	286				
0240700408	2003	10	14	287				
0240700408	2003	10	15	288				
0240700408	2003	10	16	289				
0240700408	2003	10	17	290				
0240700408	2003	10	18	291				
0240700408	2003	10	19	292				
0240700408	2003	10	20	293				
0240700408	2003	10	21	294				
0240700408	2003	10	22	295				
0240700408	2003	10	23	296				
0240700408	2003	10	24	297				
0240700408	2003	10	25	298				
0240700408	2003	10	26	299				
0240700408	2003	10	27	300				
0240700408	2003	10	28	301				
0240700408	2003	10	29	302				
0240700408	2003	10	30	303				
0240700408	2003	10	31	304				
0240700408	2003	11	1	305				
0240700408	2003	11	2	306				
0240700408	2003	11	3	307				
0240700408	2003	11	4	308				
0240700408	2003	11	5	309				
0240700408	2003	11	6	310				
0240700408	2003	11	7	311				
0240700408	2003	11	8	312				
0240700408	2003	11	9	313				
0240700408	2003	11	10	314				
0240700408	2003	11	11	315				
0240700408	2003	11	12	316				
0240700408	2003	11	13	317				
0240700408	2003	11	14	318				
0240700408	2003	11	15	319				
0240700408	2003	11	16	320				
0240700408	2003	11	17	321				
0240700408	2003	11	18	322				
0240700408	2003	11	19	323				
0240700408	2003	11	20	324				
0240700408	2003	11	21	325				
0240700408	2003	11	22	326				
0240700408	2003	11	23	327				
0240700408	2003	11	24	328				
0240700408	2003	11	25	329				
0240700408	2003	11	26	330				
0240700408	2003	11	27	331				
0240700408	2003	11	28	332				
0240700408	2003	11	29	333				
0240700408	2003	11	30	334				
0240700408	2003	12	1	335				
0240700408	2003	12	2	336				
0240700408	2003	12	3	337				
0240700408	2003	12	4	338				
0240700408	2003	12	5	339				
0240700408	2003	12	6	340				
0240700408	2003	12	7	341				
0240700408	2003	12	8	342				
0240700408	2003	12	9	343				
0240700408	2003	12	10	344				
0240700408	2003	12	11	345				
0240700408	2003	12	12	346				
0240700408	2003	12	13	347				
0240700408	2003	12	14	348				
0240700408	2003	12	15	349				
0240700408	2003	12	16	350				
0240700408	2003	12	17	351				
0240700408	2003	12	18	352				
0240700408	2003	12	19	353				
0240700408	2003	12	20	354				
0240700408	2003	12	21	355				
0240700408	2003	12	22	356				
0240700408	2003	12	23	357				
0240700408	2003	12	24	358				
0240700408	2003	12	25	359				
0240700408	2003	12	26	360				
0240700408	2003	12	27	361				
0240700408	2003	12	28	362				
0240700408	2003	12	29	363				
0240700408	2003	12	30	364				
0240700408	2003	12	31	365	0.116	0.16	0.205	0.4
0240700408	2004	1	1	1	0.11615	0.1606	0.2055	0.40046
0240700408	2004	1	2	2	0.11646	0.16133	0.206	0.40085
0240700408	2004	1	3	3	0.11606	0.16152	0.206	0.40054
0240700408	2004	1	4	4	0.11577	0.16183	0.20602	0.40081
0240700408	2004	1	5	5	0.11358	0.16188	0.20642	0.40094
0240700408	2004	1	6	6	0.1024	0.16223	0.20698	0.40138
0240700408	2004	1	7	7	0.1011	0.16298	0.20787	0.40248
0240700408	2004	1	8	8	0.1074	0.16383	0.20827	0.40331
0240700408	2004	1	9	9	0.11046	0.16423	0.20881	0.40413
0240700408	2004	1	10	10	0.11348	0.16479	0.20952	0.40456
0240700408	2004	1	11	11	0.14654	0.1654	0.21	0.40506
0240700408	2004	1	12	12	0.15938	0.16583	0.21033	0.40494
0240700408	2004	1	13	13	0.15981	0.16654	0.21071	0.40535
0240700408	2004	1	14	14	0.16323	0.16727	0.21131	0.40535
0240700408	2004	1	15	15	0.1666	0.1684	0.21196	0.40538
0240700408	2004	1	16	16	0.16835	0.16967	0.2125	0.40558
0240700408	2004	1	17	17	0.17025	0.1716	0.213	0.40612
0240700408	2004	1	18	18	0.17002	0.17308	0.213	0.406
0240700408	2004	1	19	19	0.17023	0.174	0.21377	0.40623
0240700408	2004	1	20	20	0.17056	0.17448	0.214	0.40637
0240700408	2004	1	21	21	0.1694	0.17446	0.21458	0.4066
0240700408	2004	1	22	22	0.17048	0.17485	0.215	0.40715
0240700408	2004	1	23	23	0.17092	0.17531	0.21546	0.40729
0240700408	2004	1	24	24	0.17015	0.17506	0.21598	0.407
0240700408	2004	1	25	25	0.16896	0.175	0.216	0.407
0240700408	2004	1	26	26	0.16133	0.17379	0.21617	0.40702
0240700408	2004	1	27	27	0.12225	0.1724	0.21658	0.40773
0240700408	2004	1	28	28	0.10929	0.17104	0.21658	0.40756
0240700408	2004	1	29	29	0.10735	0.171	0.217	0.408
0240700408	2004	1	30	30	0.10773	0.171	0.21702	0.40835
0240700408	2004	1	31	31	0.10994	0.171	0.21721	0.4086
0240700408	2004	2	1	32	0.11408	0.17127	0.21717	0.40917
0240700408	2004	2	2	33	0.11158	0.17183	0.21729	0.40921
0240700408	2004	2	3	34	0.10994	0.17223	0.2176	0.40952
0240700408	2004	2	4	35	0.11238	0.172	0.218	0.40998
0240700408	2004	2	5	36	0.1125	0.172	0.218	0.41063
0240700408	2004	2	6	37	0.113	0.1725	0.218	0.41125
0240700408	2004	2	7	38	0.11229	0.17329	0.21856	0.41156
0240700408	2004	2	8	39	0.11256	0.174	0.21919	0.41173
0240700408	2004	2	9	40	0.11402	0.17465	0.21965	0.41262
0240700408	2004	2	10	41	0.11519	0.17542	0.21987	0.41315
0240700408	2004	2	11	42	0.11873	0.176	0.22	0.413
0240700408	2004	2	12	43	0.11735	0.1756	0.2205	0.41321
0240700408	2004	2	13	44	0.11454	0.17633	0.22104	0.41333
0240700408	2004	2	14	45	0.11565	0.17617	0.221	0.413
0240700408	2004	2	15	46	0.11681	0.17712	0.22127	0.4134
0240700408	2004	2	16	47	0.11942	0.17785	0.2216	0.41394
0240700408	2004	2	17	48	0.14571	0.17896	0.22219	0.4144
0240700408	2004	2	18	49	0.24015	0.22319	0.22662	0.41473
0240700408	2004	2	19	50	0.23171	0.2361	0.238	0.41477
0240700408	2004	2	20	51	0.22917	0.22683	0.23787	0.41523
0240700408	2004	2	21	52	0.22462	0.2204	0.2371	0.41527
0240700408	2004	2	22	53	0.22588	0.22025	0.23733	0.4154
0240700408	2004	2	23	54	0.22177	0.21865	0.23712	0.4156
0240700408	2004	2	24	55	0.22169	0.21875	0.23752	0.41625
0240700408	2004	2	25	56	0.22071	0.21831	0.23754	0.41627
0240700408	2004	2	26	57	0.22148	0.21894	0.23796	0.4164
0240700408	2004	2	27	58	0.22225	0.21994	0.23821	0.41658
0240700408	2004	2	28	59	0.2215	0.21944	0.23838	0.41631
0240700408	2004	2	29	60	0.23085	0.22592	0.23921	0.41642
0240700408	2004	3	1	61	0.22992	0.22769	0.24087	0.41696
0240700408	2004	3	2	62	0.22671	0.22454	0.24152	0.41754
0240700408	2004	3	3	63	0.227	0.22463	0.242	0.418
0240700408	2004	3	4	64	0.22717	0.22513	0.2425	0.418
0240700408	2004	3	5	65	0.22744	0.22552	0.24327	0.41844
0240700408	2004	3	6	66	0.23323	0.23085	0.24627	0.41963
0240700408	2004	3	7	67	0.23817	0.23573	0.25244	0.4215
0240700408	2004	3	8	68			0.26396	0.42337
0240700408	2004	3	9	69	0.244	0.25023	0.27104	0.42352
0240700408	2004	3	10	70	0.23862	0.2444	0.27033	0.42283
0240700408	2004	3	11	71	0.23381	0.23731	0.26844	0.42217
0240700408	2004	3	12	72	0.23329	0.23558	0.26785	0.42198
0240700408	2004	3	13	73	0.23267	0.23481	0.26729	0.42144
0240700408	2004	3	14	74	0.23077	0.23227	0.26642	0.42133
0240700408	2004	3	15	75	0.23048	0.23194	0.26594	0.42081
0240700408	2004	3	16	76	0.23042	0.23183	0.26581	0.42046
0240700408	2004	3	17	77	0.23092	0.23227	0.26583	0.4206
0240700408	2004	3	18	78	0.23071	0.23175	0.2656	0.42133
0240700408	2004	3	19	79	0.23075	0.2321	0.26546	0.42135
0240700408	2004	3	20	80	0.22831	0.22902	0.2644	0.42104
0240700408	2004	3	21	81	0.2276	0.22808	0.26354	0.42038
0240700408	2004	3	22	82	0.22796	0.22867	0.26335	0.4199
0240700408	2004	3	23	83	0.2284	0.22898	0.26323	0.4196
0240700408	2004	3	24	84	0.2284	0.22912	0.26315	0.41985
0240700408	2004	3	25	85	0.2279	0.22854	0.26248	0.4195
0240700408	2004	3	26	86	0.22773	0.22858	0.26219	0.41925
0240700408	2004	3	27	87	0.24402	0.2455	0.26969	0.41881
0240700408	2004	3	28	88	0.24098	0.24775	0.27554	0.4186
0240700408	2004	3	29	89	0.236	0.2406	0.27319	0.41867
0240700408	2004	3	30	90	0.23369	0.23677	0.27135	0.41877
0240700408	2004	3	31	91	0.2326	0.23517	0.27015	0.41869
0240700408	2004	4	1	92	0.23173	0.23356	0.26881	0.41867
0240700408	2004	4	2	93	0.22981	0.23106	0.26717	0.41848
0240700408	2004	4	3	94	0.22904	0.2299	0.2661	0.41817
0240700408	2004	4	4	95	0.22904	0.22975	0.26581	0.41823
0240700408	2004	4	5	96	0.22856	0.22883	0.26479	0.41802
0240700408	2004	4	6	97	0.22717	0.22746	0.26369	0.4176
0240700408	2004	4	7	98	0.22627	0.22625	0.26242	0.41742
0240700408	2004	4	8	99	0.22765	0.22694	0.262	0.41667
0240700408	2004	4	9	100				0.41915
0240700408	2004	4	10	101	0.257			0.41892
0240700408	2004	4	11	102	0.24662	0.2564	0.28706	0.41837
0240700408	2004	4	12	103	0.24244	0.24952	0.28421	0.41869
0240700408	2004	4	13	104	0.24004	0.24579	0.28283	0.4194
0240700408	2004	4	14	105	0.23723	0.24179	0.28021	0.41931
0240700408	2004	4	15	106	0.23383	0.23696	0.27719	0.41871
0240700408	2004	4	16	107	0.23113	0.23267	0.27473	0.41844
0240700408	2004	4	17	108	0.22927	0.23012	0.27254	0.41785
0240700408	2004	4	18	109	0.22815	0.22867	0.27021	0.4171
0240700408	2004	4	19	110	0.22652	0.22631	0.26846	0.41727
0240700408	2004	4	20	111	0.2379	0.23921	0.27419	0.41729
0240700408	2004	4	21	112	0.23504	0.23669	0.27444	0.41765
0240700408	2004	4	22	113				0.4214
0240700408	2004	4	23	114				0.42292
0240700408	2004	4	24	115				0.42302
0240700408	2004	4	25	116				0.42285
0240700408	2004	4	26	117				0.42206
0240700408	2004	4	27	118				0.4214
0240700408	2004	4	28	119	0.26094			0.42056
0240700408	2004	4	29	120	0.24935	0.2585	0.29133	0.41988
0240700408	2004	4	30	121	0.24998	0.25875	0.29235	0.42054
0240700408	2004	5	1	122	0.24746	0.25533	0.29096	0.42081
0240700408	2004	5	2	123	0.24471	0.25131	0.28913	0.421
0240700408	2004	5	3	124	0.24221	0.24773	0.28702	0.42117
0240700408	2004	5	4	125	0.23969	0.24415	0.28483	0.4214
0240700408	2004	5	5	126	0.23633	0.24006	0.2821	0.42112
0240700408	2004	5	6	127	0.23215	0.23454	0.27856	0.42056
0240700408	2004	5	7	128	0.23044	0.23213	0.27654	0.42081
0240700408	2004	5	8	129	0.22881	0.2301	0.27437	0.42088
0240700408	2004	5	9	130	0.22621	0.22756	0.2719	0.42054
0240700408	2004	5	10	131	0.22344	0.22448	0.26875	0.42021
0240700408	2004	5	11	132	0.22198	0.223	0.26702	0.41998
0240700408	2004	5	12	133	0.22175	0.22252	0.26531	0.41954
0240700408	2004	5	13	134	0.22181	0.22285	0.26554	0.42008
0240700408	2004	5	14	135	0.22177	0.22252	0.26504	0.4206
0240700408	2004	5	15	136	0.22273	0.22271	0.2644	0.42102
0240700408	2004	5	16	137	0.22275	0.22215	0.26335	0.42081
0240700408	2004	5	17	138	0.22331	0.22227	0.2629	0.42081
0240700408	2004	5	18	139	0.22313	0.2221	0.26271	0.42156
0240700408	2004	5	19	140	0.22238	0.22138	0.26248	0.42229
0240700408	2004	5	20	141	0.21919	0.21808	0.2599	0.422
0240700408	2004	5	21	142	0.21967	0.21794	0.25875	0.42158
0240700408	2004	5	22	143	0.22615	0.22229	0.25881	0.42129
0240700408	2004	5	23	144	0.23329	0.23217	0.26523	0.4216
0240700408	2004	5	24	145	0.22817	0.22727	0.26373	0.42144
0240700408	2004	5	25	146	0.22488	0.22331	0.2615	0.42146
0240700408	2004	5	26	147	0.2216	0.2204	0.2596	0.42152
0240700408	2004	5	27	148	0.21665	0.21556	0.25702	0.42194
0240700408	2004	5	28	149	0.21227	0.21246	0.25498	0.4224
0240700408	2004	5	29	150	0.2081	0.20915	0.25283	0.42192
0240700408	2004	5	30	151	0.20923	0.20854	0.25173	0.42108
0240700408	2004	5	31	152	0.20696	0.20767	0.2511	0.4215
0240700408	2004	6	1	153	0.20023	0.20333	0.2494	0.42156
0240700408	2004	6	2	154	0.19465	0.20019	0.24765	0.42198
0240700408	2004	6	3	155	0.18883	0.19775	0.24612	0.42148
0240700408	2004	6	4	156	0.19165	0.19802	0.24577	0.42137
0240700408	2004	6	5	157	0.18658	0.19777	0.2451	0.42073
0240700408	2004	6	6	158	0.17825	0.19454	0.24369	0.4195
0240700408	2004	6	7	159	0.16744	0.1901	0.24163	0.41779
0240700408	2004	6	8	160	0.15723	0.18871	0.24023	0.41663
0240700408	2004	6	9	161	0.155	0.19035	0.24037	0.41535
0240700408	2004	6	10	162	0.18146	0.19198	0.2415	0.41537
0240700408	2004	6	11	163	0.18085	0.19173	0.2424	0.41548
0240700408	2004	6	12	164	0.1704	0.18977	0.24167	0.41483
0240700408	2004	6	13	165	0.16221	0.18742	0.2404	0.41444
0240700408	2004	6	14	166	0.15275	0.18277	0.23867	0.41356
0240700408	2004	6	15	167	0.14312	0.17615	0.23671	0.41294
0240700408	2004	6	16	168	0.1351	0.16877	0.23485	0.41177
0240700408	2004	6	17	169	0.13117	0.16762	0.23469	0.41165
0240700408	2004	6	18	170	0.13346	0.17212	0.23558	0.41194
0240700408	2004	6	19	171	0.16163	0.17567	0.2374	0.41233
0240700408	2004	6	20	172	0.16369	0.17838	0.23902	0.41337
0240700408	2004	6	21	173	0.15819	0.17873	0.2394	0.41321
0240700408	2004	6	22	174	0.15117	0.17619	0.23883	0.41275
0240700408	2004	6	23	175	0.1444	0.17212	0.23725	0.41252
0240700408	2004	6	24	176	0.138	0.16656	0.23533	0.41183
0240700408	2004	6	25	177	0.13315	0.16169	0.23425	0.41119
0240700408	2004	6	26	178	0.13125	0.16021	0.234	0.411
0240700408	2004	6	27	179	0.13015	0.16102	0.2345	0.41098
0240700408	2004	6	28	180	0.1286	0.159	0.23344	0.41108
0240700408	2004	6	29	181	0.12819	0.15612	0.23163	0.411
0240700408	2004	6	30	182	0.12694	0.15238	0.22858	0.41048
0240700408	2004	7	1	183	0.1245	0.14908	0.22638	0.40946
0240700408	2004	7	2	184	0.12427	0.14767	0.22581	0.40944
0240700408	2004	7	3	185	0.13733	0.14665	0.22438	0.40852
0240700408	2004	7	4	186	0.17327	0.146	0.224	0.4084
0240700408	2004	7	5	187	0.16277	0.14623	0.22496	0.40825
0240700408	2004	7	6	188	0.15598	0.14631	0.22492	0.4079
0240700408	2004	7	7	189	0.14865	0.146	0.22394	0.40748
0240700408	2004	7	8	190	0.1545	0.14621	0.22238	0.40731
0240700408	2004	7	9	191	0.19658	0.14775	0.22333	0.40777
0240700408	2004	7	10	192	0.1996	0.16506	0.22517	0.40815
0240700408	2004	7	11	193	0.18452	0.16792	0.22608	0.40829
0240700408	2004	7	12	194	0.17323	0.16492	0.22592	0.40783
0240700408	2004	7	13	195	0.1646	0.16208	0.22517	0.4074
0240700408	2004	7	14	196	0.158	0.15967	0.22456	0.40698
0240700408	2004	7	15	197	0.15302	0.15806	0.22369	0.40646
0240700408	2004	7	16	198	0.14708	0.15598	0.22267	0.40575
0240700408	2004	7	17	199	0.1505	0.1546	0.2224	0.40544
0240700408	2004	7	18	200	0.14852	0.15358	0.2215	0.40519
0240700408	2004	7	19	201	0.1431	0.15233	0.21935	0.40444
0240700408	2004	7	20	202	0.1375	0.15054	0.21656	0.40352
0240700408	2004	7	21	203	0.13417	0.1495	0.21473	0.40287
0240700408	2004	7	22	204	0.13158	0.14887	0.21479	0.40202
0240700408	2004	7	23	205	0.13008	0.14779	0.2156	0.402
0240700408	2004	7	24	206	0.12937	0.147	0.21571	0.40246
0240700408	2004	7	25	207	0.12875	0.14698	0.21475	0.40242
0240700408	2004	7	26	208	0.12769	0.14596	0.21248	0.402
0240700408	2004	7	27	209	0.13998	0.14481	0.20881	0.40085
0240700408	2004	7	28	210	0.21323	0.155	0.20881	0.40192
0240700408	2004	7	29	211	0.2044	0.17498	0.21288	0.40333
0240700408	2004	7	30	212	0.21044	0.18413	0.21494	0.40394
0240700408	2004	7	31	213	0.19681	0.18204	0.21644	0.40444
0240700408	2004	8	1	214	0.1854	0.17771	0.21656	0.4044
0240700408	2004	8	2	215	0.17621	0.17456	0.21631	0.40377
0240700408	2004	8	3	216	0.16887	0.17171	0.21633	0.40302
0240700408	2004	8	4	217	0.16454	0.1695	0.2166	0.40285
0240700408	2004	8	5	218	0.15863	0.16667	0.21587	0.40223
0240700408	2004	8	6	219	0.15369	0.16385	0.21523	0.402
0240700408	2004	8	7	220	0.14769	0.16092	0.21319	0.40148
0240700408	2004	8	8	221	0.14183	0.15792	0.21129	0.4009
0240700408	2004	8	9	222	0.137	0.15502	0.20973	0.40019
0240700408	2004	8	10	223	0.13242	0.15229	0.20879	0.39931
0240700408	2004	8	11	224	0.13058	0.1505	0.20875	0.39946
0240700408	2004	8	12	225	0.12831	0.14823	0.2071	0.39902
0240700408	2004	8	13	226	0.12533	0.14573	0.20517	0.39848
0240700408	2004	8	14	227	0.12335	0.14367	0.20263	0.39827
0240700408	2004	8	15	228	0.12173	0.14223	0.19908	0.3975
0240700408	2004	8	16	229	0.1211	0.14073	0.19446	0.39673
0240700408	2004	8	17	230	0.11973	0.13958	0.18904	0.39548
0240700408	2004	8	18	231	0.11944	0.13881	0.18606	0.39477
0240700408	2004	8	19	232	0.11654	0.13715	0.18429	0.39346
0240700408	2004	8	20	233	0.11638	0.13625	0.18183	0.39321
0240700408	2004	8	21	234	0.11629	0.136	0.17869	0.39229
0240700408	2004	8	22	235	0.11688	0.13577	0.17617	0.39021
0240700408	2004	8	23	236	0.11658	0.13546	0.17569	0.38673
0240700408	2004	8	24	237	0.11583	0.1349	0.17579	0.38342
0240700408	2004	8	25	238	0.11552	0.13485	0.17585	0.38069
0240700408	2004	8	26	239	0.11517	0.13465	0.17579	0.3785
0240700408	2004	8	27	240	0.11429	0.13398	0.1756	0.37673
0240700408	2004	8	28	241	0.11344	0.133	0.17529	0.37248
0240700408	2004	8	29	242	0.11421	0.133	0.17371	0.36946
0240700408	2004	8	30	243	0.11377	0.13283	0.1716	0.36667
0240700408	2004	8	31	244	0.11429	0.13269	0.16887	0.36327
0240700408	2004	9	1	245	0.11335	0.13194	0.16608	0.35946
0240700408	2004	9	2	246	0.11327	0.13138	0.16308	0.35546
0240700408	2004	9	3	247	0.11302	0.131	0.16029	0.3515
0240700408	2004	9	4	248	0.11283	0.13065	0.15783	0.34842
0240700408	2004	9	5	249	0.11194	0.13029	0.15762	0.34683
0240700408	2004	9	6	250	0.11148	0.12994	0.15806	0.34644
0240700408	2004	9	7	251	0.1119	0.1301	0.1579	0.34563
0240700408	2004	9	8	252	0.11315	0.13052	0.15754	0.34431
0240700408	2004	9	9	253	0.11415	0.1315	0.15767	0.34363
0240700408	2004	9	10	254	0.11377	0.13135	0.15669	0.34173
0240700408	2004	9	11	255	0.11325	0.13081	0.15596	0.34092
0240700408	2004	9	12	256	0.11352	0.131	0.15431	0.3389
0240700408	2004	9	13	257	0.11315	0.13046	0.15165	0.33629
0240700408	2004	9	14	258	0.1129	0.13029	0.151	0.33506
0240700408	2004	9	15	259	0.15673	0.13013	0.15198	0.3354
0240700408	2004	9	16	260	0.15212	0.12977	0.15235	0.33552
0240700408	2004	9	17	261	0.14812	0.13056	0.15269	0.33594
0240700408	2004	9	18	262	0.14388	0.1316	0.15327	0.33546
0240700408	2004	9	19	263	0.13848	0.13204	0.15329	0.33458
0240700408	2004	9	20	264	0.13396	0.13242	0.15292	0.33342
0240700408	2004	9	21	265	0.17279		0.153	0.33358
0240700408	2004	9	22	266	0.21092	0.15288	0.153	0.33542
0240700408	2004	9	23	267	0.20569	0.17985	0.15365	0.33756
0240700408	2004	9	24	268	0.19935	0.18029	0.15442	0.33908
0240700408	2004	9	25	269	0.19427	0.17981	0.15527	0.34012
0240700408	2004	9	26	270	0.18927	0.1786	0.15627	0.34129
0240700408	2004	9	27	271	0.18485	0.17635	0.15685	0.34165
0240700408	2004	9	28	272	0.18094	0.17396	0.15765	0.34271
0240700408	2004	9	29	273	0.1784	0.17258	0.15856	0.34373
0240700408	2004	9	30	274	0.18169	0.17106	0.15956	0.34463
0240700408	2004	10	1	275	0.21842	0.20027	0.16021	0.34554
0240700408	2004	10	2	276	0.20969	0.20306	0.16098	0.3469
0240700408	2004	10	3	277	0.20485	0.19902	0.16177	0.34813
0240700408	2004	10	4	278	0.19985	0.19467	0.16265	0.34881
0240700408	2004	10	5	279	0.19658	0.1915	0.16365	0.34985
0240700408	2004	10	6	280	0.1991	0.19112	0.16479	0.35065
0240700408	2004	10	7	281	0.20244	0.19546	0.16658	0.35213
0240700408	2004	10	8	282	0.19815	0.19279	0.16767	0.35323
0240700408	2004	10	9	283	0.19354	0.1891	0.16865	0.35371
0240700408	2004	10	10	284	0.19069	0.18646	0.16958	0.35467
0240700408	2004	10	11	285	0.18815	0.18427	0.17065	0.3556
0240700408	2004	10	12	286	0.18498	0.18185	0.17163	0.35658
0240700408	2004	10	13	287	0.18135	0.1791	0.172	0.357
0240700408	2004	10	14	288	0.17935	0.17648	0.17277	0.3581
0240700408	2004	10	15	289	0.17985	0.17575	0.17362	0.359
0240700408	2004	10	16	290	0.17842	0.17423	0.1744	0.36019
0240700408	2004	10	17	291	0.17752	0.17329	0.17519	0.36146
0240700408	2004	10	18	292	0.17635	0.173	0.17635	0.36258
0240700408	2004	10	19	293	0.17398	0.17177	0.1771	0.36346
0240700408	2004	10	20	294	0.17281	0.171	0.17794	0.36442
0240700408	2004	10	21	295	0.17181	0.17062	0.17894	0.36529
0240700408	2004	10	22	296	0.16983	0.16958	0.17975	0.36585
0240700408	2004	10	23	297	0.17804	0.16881	0.18052	0.36721
0240700408	2004	10	24	298	0.17552	0.16835	0.18098	0.36767
0240700408	2004	10	25	299	0.17333	0.16769	0.18125	0.36862
0240700408	2004	10	26	300	0.17069	0.16671	0.18165	0.36965
0240700408	2004	10	27	301	0.17006	0.1664	0.18262	0.37065
0240700408	2004	10	28	302	0.17165	0.16748	0.18387	0.37215
0240700408	2004	10	29	303	0.16833	0.16631	0.18481	0.37217
0240700408	2004	10	30	304	0.16485	0.16421	0.18477	0.37298
0240700408	2004	10	31	305	0.1621	0.16235	0.18475	0.37363
0240700408	2004	11	1	306	0.16067	0.16123	0.185	0.37433
0240700408	2004	11	2	307	0.15898	0.1599	0.18537	0.37531
0240700408	2004	11	3	308	0.15817	0.15917	0.18588	0.37656
0240700408	2004	11	4	309	0.15692	0.15871	0.18621	0.37735
0240700408	2004	11	5	310	0.1556	0.15779	0.18677	0.37829
0240700408	2004	11	6	311	0.1535	0.15704	0.18727	0.37912
0240700408	2004	11	7	312	0.15062	0.15575	0.1874	0.37935
0240700408	2004	11	8	313	0.14887	0.155	0.18796	0.38025
0240700408	2004	11	9	314	0.148	0.155	0.18854	0.38085
0240700408	2004	11	10	315	0.14631	0.15408	0.189	0.38113
0240700408	2004	11	11	316	0.14333	0.15252	0.189	0.38158
0240700408	2004	11	12	317	0.14254	0.15192	0.18925	0.38256
0240700408	2004	11	13	318	0.14185	0.15112	0.18967	0.3834
0240700408	2004	11	14	319	0.14137	0.151	0.19	0.38415
0240700408	2004	11	15	320	0.1415	0.15106	0.19062	0.38508
0240700408	2004	11	16	321	0.14123	0.15127	0.19129	0.38596
0240700408	2004	11	17	322	0.1405	0.151	0.19177	0.38663
0240700408	2004	11	18	323	0.14029	0.151	0.19252	0.38702
0240700408	2004	11	19	324	0.13956	0.15106	0.193	0.38752
0240700408	2004	11	20	325	0.13754	0.1501	0.19313	0.38765
0240700408	2004	11	21	326	0.1366	0.1499	0.1936	0.38858
0240700408	2004	11	22	327	0.1364	0.1495	0.19419	0.38933
0240700408	2004	11	23	328	0.13554	0.14902	0.194	0.3899
0240700408	2004	11	24	329	0.1354	0.14902	0.19477	0.3905
0240700408	2004	11	25	330	0.13585	0.1496	0.1956	0.39158
0240700408	2004	11	26	331	0.13562	0.15	0.196	0.39192
0240700408	2004	11	27	332	0.13408	0.14952	0.19631	0.39229
0240700408	2004	11	28	333	0.133	0.149	0.19698	0.3929
0240700408	2004	11	29	334	0.133	0.14883	0.197	0.39329
0240700408	2004	11	30	335	0.13248	0.14862	0.19756	0.3936
0240700408	2004	12	1	336	0.132	0.14879	0.198	0.39452
0240700408	2004	12	2	337	0.13154	0.14875	0.19831	0.39525
0240700408	2004	12	3	338	0.13154	0.149	0.199	0.39583
0240700408	2004	12	4	339	0.13215	0.14952	0.1994	0.39644
0240700408	2004	12	5	340	0.13181	0.15	0.2	0.39673
0240700408	2004	12	6	341	0.13177	0.1504	0.20044	0.39729
0240700408	2004	12	7	342	0.13129	0.15098	0.20098	0.39783
0240700408	2004	12	8	343	0.13158	0.15158	0.20133	0.39838
0240700408	2004	12	9	344	0.13235	0.15258	0.202	0.39898
0240700408	2004	12	10	345	0.13212	0.15356	0.20229	0.39929
0240700408	2004	12	11	346	0.13231	0.15456	0.20283	0.39954
0240700408	2004	12	12	347	0.13279	0.15594	0.203	0.4
0240700408	2004	12	13	348	0.1314	0.1561	0.20333	0.40015
0240700408	2004	12	14	349	0.13098	0.15658	0.2036	0.40048
0240700408	2004	12	15	350	0.13152	0.1576	0.20427	0.40113
0240700408	2004	12	16	351	0.13215	0.15917	0.20485	0.40131
0240700408	2004	12	17	352	0.13179	0.16027	0.20521	0.40146
0240700408	2004	12	18	353	0.13198	0.16125	0.20548	0.40198
0240700408	2004	12	19	354	0.1315	0.16238	0.206	0.40213
0240700408	2004	12	20	355	0.13237	0.16348	0.20681	0.4021
0240700408	2004	12	21	356	0.13144	0.1639	0.20688	0.40225
0240700408	2004	12	22	357	0.131	0.164	0.207	0.40258
0240700408	2004	12	23	358	0.12919	0.164	0.207	0.40267
0240700408	2004	12	24	359	0.11098	0.1646	0.20756	0.40338
0240700408	2004	12	25	360	0.11798	0.16552	0.20817	0.40429
0240700408	2004	12	26	361	0.12879	0.16631	0.20854	0.40456
0240700408	2004	12	27	362	0.12965	0.167	0.209	0.405
0240700408	2004	12	28	363	0.13046	0.1681	0.20942	0.40533
0240700408	2004	12	29	364	0.13146	0.1686	0.21	0.40544
0240700408	2004	12	30	365	0.13265	0.16971	0.21069	0.40575
0240700408	2004	12	31	366	0.13283	0.1703	0.21068	0.40545
0240700408	2006	1	1	1				
0240700408	2006	1	2	2				
0240700408	2006	1	3	3				
0240700408	2006	1	4	4				
0240700408	2006	1	5	5				
0240700408	2006	1	6	6				
0240700408	2006	1	7	7				
0240700408	2006	1	8	8				
0240700408	2006	1	9	9				
0240700408	2006	1	10	10				
0240700408	2006	1	11	11				
0240700408	2006	1	12	12				
0240700408	2006	1	13	13				
0240700408	2006	1	14	14				
0240700408	2006	1	15	15				
0240700408	2006	1	16	16				
0240700408	2006	1	17	17				
0240700408	2006	1	18	18				
0240700408	2006	1	19	19				
0240700408	2006	1	20	20				
0240700408	2006	1	21	21				
0240700408	2006	1	22	22				
0240700408	2006	1	23	23				
0240700408	2006	1	24	24				
0240700408	2006	1	25	25				
0240700408	2006	1	26	26				
0240700408	2006	1	27	27				
0240700408	2006	1	28	28				
0240700408	2006	1	29	29				
0240700408	2006	1	30	30				
0240700408	2006	1	31	31				
0240700408	2006	2	1	32				
0240700408	2006	2	2	33				
0240700408	2006	2	3	34				
0240700408	2006	2	4	35				
0240700408	2006	2	5	36				
0240700408	2006	2	6	37				
0240700408	2006	2	7	38				
0240700408	2006	2	8	39				
0240700408	2006	2	9	40				
0240700408	2006	2	10	41				
0240700408	2006	2	11	42				
0240700408	2006	2	12	43				
0240700408	2006	2	13	44				
0240700408	2006	2	14	45				
0240700408	2006	2	15	46				
0240700408	2006	2	16	47				
0240700408	2006	2	17	48				
0240700408	2006	2	18	49				
0240700408	2006	2	19	50				
0240700408	2006	2	20	51				
0240700408	2006	2	21	52				
0240700408	2006	2	22	53				
0240700408	2006	2	23	54				
0240700408	2006	2	24	55				
0240700408	2006	2	25	56				
0240700408	2006	2	26	57				
0240700408	2006	2	27	58				
0240700408	2006	2	28	59				
0240700408	2006	3	1	60				
0240700408	2006	3	2	61				
0240700408	2006	3	3	62				
0240700408	2006	3	4	63				
0240700408	2006	3	5	64				
0240700408	2006	3	6	65				
0240700408	2006	3	7	66				
0240700408	2006	3	8	67				
0240700408	2006	3	9	68				
0240700408	2006	3	10	69				
0240700408	2006	3	11	70				
0240700408	2006	3	12	71				
0240700408	2006	3	13	72				
0240700408	2006	3	14	73				
0240700408	2006	3	15	74				
0240700408	2006	3	16	75				
0240700408	2006	3	17	76				
0240700408	2006	3	18	77				
0240700408	2006	3	19	78				
0240700408	2006	3	20	79				
0240700408	2006	3	21	80				
0240700408	2006	3	22	81				
0240700408	2006	3	23	82				
0240700408	2006	3	24	83				
0240700408	2006	3	25	84				
0240700408	2006	3	26	85				
0240700408	2006	3	27	86				
0240700408	2006	3	28	87				
0240700408	2006	3	29	88				
0240700408	2006	3	30	89				
0240700408	2006	3	31	90				
0240700408	2006	4	1	91				
0240700408	2006	4	2	92				
0240700408	2006	4	3	93				
0240700408	2006	4	4	94				
0240700408	2006	4	5	95				
0240700408	2006	4	6	96				
0240700408	2006	4	7	97				
0240700408	2006	4	8	98				
0240700408	2006	4	9	99				
0240700408	2006	4	10	100				
0240700408	2006	4	11	101				
0240700408	2006	4	12	102				
0240700408	2006	4	13	103				
0240700408	2006	4	14	104				
0240700408	2006	4	15	105				
0240700408	2006	4	16	106				
0240700408	2006	4	17	107				
0240700408	2006	4	18	108				
0240700408	2006	4	19	109				
0240700408	2006	4	20	110				
0240700408	2006	4	21	111				
0240700408	2006	4	22	112				
0240700408	2006	4	23	113				
0240700408	2006	4	24	114				
0240700408	2006	4	25	115				
0240700408	2006	4	26	116				
0240700408	2006	4	27	117				
0240700408	2006	4	28	118				
0240700408	2006	4	29	119				
0240700408	2006	4	30	120				
0240700408	2006	5	1	121				
0240700408	2006	5	2	122				
0240700408	2006	5	3	123				
0240700408	2006	5	4	124				
0240700408	2006	5	5	125				
0240700408	2006	5	6	126				
0240700408	2006	5	7	127				
0240700408	2006	5	8	128				
0240700408	2006	5	9	129				
0240700408	2006	5	10	130				
0240700408	2006	5	11	131				
0240700408	2006	5	12	132				
0240700408	2006	5	13	133				
0240700408	2006	5	14	134				
0240700408	2006	5	15	135				
0240700408	2006	5	16	136				
0240700408	2006	5	17	137				
0240700408	2006	5	18	138				
0240700408	2006	5	19	139				
0240700408	2006	5	20	140				
0240700408	2006	5	21	141				
0240700408	2006	5	22	142				
0240700408	2006	5	23	143				
0240700408	2006	5	24	144				
0240700408	2006	5	25	145				
0240700408	2006	5	26	146				
0240700408	2006	5	27	147				
0240700408	2006	5	28	148				
0240700408	2006	5	29	149				
0240700408	2006	5	30	150				
0240700408	2006	5	31	151				
0240700408	2006	6	1	152				
0240700408	2006	6	2	153				
0240700408	2006	6	3	154				
0240700408	2006	6	4	155				
0240700408	2006	6	5	156				
0240700408	2006	6	6	157				
0240700408	2006	6	7	158				
0240700408	2006	6	8	159				
0240700408	2006	6	9	160				
0240700408	2006	6	10	161				
0240700408	2006	6	11	162				
0240700408	2006	6	12	163				
0240700408	2006	6	13	164				
0240700408	2006	6	14	165				
0240700408	2006	6	15	166				
0240700408	2006	6	16	167				
0240700408	2006	6	17	168				
0240700408	2006	6	18	169				
0240700408	2006	6	19	170				
0240700408	2006	6	20	171				
0240700408	2006	6	21	172				
0240700408	2006	6	22	173				
0240700408	2006	6	23	174				
0240700408	2006	6	24	175				
0240700408	2006	6	25	176				
0240700408	2006	6	26	177				
0240700408	2006	6	27	178				
0240700408	2006	6	28	179				
0240700408	2006	6	29	180				
0240700408	2006	6	30	181				
0240700408	2006	7	1	182				
0240700408	2006	7	2	183				
0240700408	2006	7	3	184				
0240700408	2006	7	4	185				
0240700408	2006	7	5	186				
0240700408	2006	7	6	187				
0240700408	2006	7	7	188				
0240700408	2006	7	8	189				
0240700408	2006	7	9	190				
0240700408	2006	7	10	191				
0240700408	2006	7	11	192				
0240700408	2006	7	12	193				
0240700408	2006	7	13	194				
0240700408	2006	7	14	195				
0240700408	2006	7	15	196				
0240700408	2006	7	16	197				
0240700408	2006	7	17	198				
0240700408	2006	7	18	199				
0240700408	2006	7	19	200				
0240700408	2006	7	20	201				
0240700408	2006	7	21	202				
0240700408	2006	7	22	203				
0240700408	2006	7	23	204				
0240700408	2006	7	24	205				
0240700408	2006	7	25	206				
0240700408	2006	7	26	207				
0240700408	2006	7	27	208				
0240700408	2006	7	28	209				
0240700408	2006	7	29	210				
0240700408	2006	7	30	211				
0240700408	2006	7	31	212				
0240700408	2006	8	1	213				
0240700408	2006	8	2	214				
0240700408	2006	8	3	215				
0240700408	2006	8	4	216				
0240700408	2006	8	5	217				
0240700408	2006	8	6	218				
0240700408	2006	8	7	219				
0240700408	2006	8	8	220				
0240700408	2006	8	9	221				
0240700408	2006	8	10	222				
0240700408	2006	8	11	223				
0240700408	2006	8	12	224				
0240700408	2006	8	13	225				
0240700408	2006	8	14	226				
0240700408	2006	8	15	227				
0240700408	2006	8	16	228				
0240700408	2006	8	17	229				
0240700408	2006	8	18	230				
0240700408	2006	8	19	231				
0240700408	2006	8	20	232				
0240700408	2006	8	21	233				
0240700408	2006	8	22	234				
0240700408	2006	8	23	235				
0240700408	2006	8	24	236				
0240700408	2006	8	25	237				
0240700408	2006	8	26	238				
0240700408	2006	8	27	239				
0240700408	2006	8	28	240				
0240700408	2006	8	29	241				
0240700408	2006	8	30	242				
0240700408	2006	8	31	243				
0240700408	2006	9	1	244				
0240700408	2006	9	2	245				
0240700408	2006	9	3	246				
0240700408	2006	9	4	247				
0240700408	2006	9	5	248				
0240700408	2006	9	6	249				
0240700408	2006	9	7	250				
0240700408	2006	9	8	251				
0240700408	2006	9	9	252				
0240700408	2006	9	10	253				
0240700408	2006	9	11	254				
0240700408	2006	9	12	255				
0240700408	2006	9	13	256				
0240700408	2006	9	14	257				
0240700408	2006	9	15	258				
0240700408	2006	9	16	259				
0240700408	2006	9	17	260				
0240700408	2006	9	18	261				
0240700408	2006	9	19	262				
0240700408	2006	9	20	263				
0240700408	2006	9	21	264				
0240700408	2006	9	22	265				
0240700408	2006	9	23	266				
0240700408	2006	9	24	267				
0240700408	2006	9	25	268				
0240700408	2006	9	26	269				
0240700408	2006	9	27	270				
0240700408	2006	9	28	271				
0240700408	2006	9	29	272				
0240700408	2006	9	30	273				
0240700408	2006	10	1	274				
0240700408	2006	10	2	275				
0240700408	2006	10	3	276				
0240700408	2006	10	4	277				
0240700408	2006	10	5	278				
0240700408	2006	10	6	279				
0240700408	2006	10	7	280				
0240700408	2006	10	8	281				
0240700408	2006	10	9	282				
0240700408	2006	10	10	283				
0240700408	2006	10	11	284				
0240700408	2006	10	12	285				
0240700408	2006	10	13	286				
0240700408	2006	10	14	287				
0240700408	2006	10	15	288				
0240700408	2006	10	16	289				
0240700408	2006	10	17	290				
0240700408	2006	10	18	291				
0240700408	2006	10	19	292				
0240700408	2006	10	20	293				
0240700408	2006	10	21	294				
0240700408	2006	10	22	295				
0240700408	2006	10	23	296				
0240700408	2006	10	24	297				
0240700408	2006	10	25	298				
0240700408	2006	10	26	299				
0240700408	2006	10	27	300				
0240700408	2006	10	28	301				
0240700408	2006	10	29	302				
0240700408	2006	10	30	303				
0240700408	2006	10	31	304				
0240700408	2006	11	1	305				
0240700408	2006	11	2	306				
0240700408	2006	11	3	307				
0240700408	2006	11	4	308				
0240700408	2006	11	5	309				
0240700408	2006	11	6	310				
0240700408	2006	11	7	311				
0240700408	2006	11	8	312				
0240700408	2006	11	9	313				
0240700408	2006	11	10	314				
0240700408	2006	11	11	315				
0240700408	2006	11	12	316				
0240700408	2006	11	13	317				
0240700408	2006	11	14	318				
0240700408	2006	11	15	319				
0240700408	2006	11	16	320				
0240700408	2006	11	17	321				
0240700408	2006	11	18	322				
0240700408	2006	11	19	323				
0240700408	2006	11	20	324				
0240700408	2006	11	21	325				
0240700408	2006	11	22	326				
0240700408	2006	11	23	327				
0240700408	2006	11	24	328				
0240700408	2006	11	25	329				
0240700408	2006	11	26	330				
0240700408	2006	11	27	331				
0240700408	2006	11	28	332				
0240700408	2006	11	29	333				
0240700408	2006	11	30	334				
0240700408	2006	12	1	335				
0240700408	2006	12	2	336				
0240700408	2006	12	3	337				
0240700408	2006	12	4	338				
0240700408	2006	12	5	339				
0240700408	2006	12	6	340				
0240700408	2006	12	7	341				
0240700408	2006	12	8	342				
0240700408	2006	12	9	343				
0240700408	2006	12	10	344				
0240700408	2006	12	11	345				
0240700408	2006	12	12	346				
0240700408	2006	12	13	347				
0240700408	2006	12	14	348				
0240700408	2006	12	15	349				
0240700408	2006	12	16	350				
0240700408	2006	12	17	351				
0240700408	2006	12	18	352				
0240700408	2006	12	19	353				
0240700408	2006	12	20	354				
0240700408	2006	12	21	355				
0240700408	2006	12	22	356				
0240700408	2006	12	23	357				
0240700408	2006	12	24	358				
0240700408	2006	12	25	359				
0240700408	2006	12	26	360				
0240700408	2006	12	27	361				
0240700408	2006	12	28	362				
0240700408	2006	12	29	363				
0240700408	2006	12	30	364				
0240700408	2006	12	31	365				
0240700408	2007	1	1	1				
0240700408	2007	1	2	2				
0240700408	2007	1	3	3				
0240700408	2007	1	4	4				
0240700408	2007	1	5	5				
0240700408	2007	1	6	6				
0240700408	2007	1	7	7				
0240700408	2007	1	8	8				
0240700408	2007	1	9	9				
0240700408	2007	1	10	10				
0240700408	2007	1	11	11				
0240700408	2007	1	12	12				
0240700408	2007	1	13	13				
0240700408	2007	1	14	14				
0240700408	2007	1	15	15				
0240700408	2007	1	16	16				
0240700408	2007	1	17	17				
0240700408	2007	1	18	18				
0240700408	2007	1	19	19				
0240700408	2007	1	20	20				
0240700408	2007	1	21	21				
0240700408	2007	1	22	22				
0240700408	2007	1	23	23				
0240700408	2007	1	24	24				
0240700408	2007	1	25	25				
0240700408	2007	1	26	26				
0240700408	2007	1	27	27				
0240700408	2007	1	28	28				
0240700408	2007	1	29	29				
0240700408	2007	1	30	30				
0240700408	2007	1	31	31				
0240700408	2007	2	1	32				
0240700408	2007	2	2	33				
0240700408	2007	2	3	34				
0240700408	2007	2	4	35				
0240700408	2007	2	5	36				
0240700408	2007	2	6	37				
0240700408	2007	2	7	38				
0240700408	2007	2	8	39				
0240700408	2007	2	9	40				
0240700408	2007	2	10	41				
0240700408	2007	2	11	42				
0240700408	2007	2	12	43				
0240700408	2007	2	13	44				
0240700408	2007	2	14	45				
0240700408	2007	2	15	46				
0240700408	2007	2	16	47				
0240700408	2007	2	17	48				
0240700408	2007	2	18	49				
0240700408	2007	2	19	50				
0240700408	2007	2	20	51				
0240700408	2007	2	21	52				
0240700408	2007	2	22	53				
0240700408	2007	2	23	54				
0240700408	2007	2	24	55				
0240700408	2007	2	25	56				
0240700408	2007	2	26	57				
0240700408	2007	2	27	58				
0240700408	2007	2	28	59				
0240700408	2007	3	1	60				
0240700408	2007	3	2	61				
0240700408	2007	3	3	62				
0240700408	2007	3	4	63				
0240700408	2007	3	5	64				
0240700408	2007	3	6	65				
0240700408	2007	3	7	66				
0240700408	2007	3	8	67				
0240700408	2007	3	9	68				
0240700408	2007	3	10	69				
0240700408	2007	3	11	70				
0240700408	2007	3	12	71				
0240700408	2007	3	13	72				
0240700408	2007	3	14	73				
0240700408	2007	3	15	74				
0240700408	2007	3	16	75				
0240700408	2007	3	17	76				
0240700408	2007	3	18	77				
0240700408	2007	3	19	78	0.22516	0.21942	0.23342	0.365
0240700408	2007	3	20	79	0.2245	0.219	0.23329	0.36435
0240700408	2007	3	21	80	0.2245	0.21919	0.23342	0.36423
0240700408	2007	3	22	81	0.2236	0.2184	0.23335	0.36388
0240700408	2007	3	23	82	0.22365	0.21844	0.23335	0.36398
0240700408	2007	3	24	83	0.22467	0.21925	0.23302	0.364
0240700408	2007	3	25	84	0.22881	0.22327	0.23456	0.36446
0240700408	2007	3	26	85	0.22696	0.22185	0.2349	0.36475
0240700408	2007	3	27	86	0.22517	0.22038	0.23435	0.36438
0240700408	2007	3	28	87	0.2351	0.22517	0.23471	0.36431
0240700408	2007	3	29	88			0.25373	0.3746
0240700408	2007	3	30	89	0.25152	0.24812	0.25815	0.37817
0240700408	2007	3	31	90	0.24398	0.24158	0.25658	0.37708
0240700408	2007	4	1	91	0.24113	0.23796	0.25469	0.37765
0240700408	2007	4	2	92	0.24179	0.23781	0.25369	0.37792
0240700408	2007	4	3	93	0.2405	0.2376	0.25475	0.37877
0240700408	2007	4	4	94	0.23804	0.235	0.25317	0.37917
0240700408	2007	4	5	95	0.23881	0.23506	0.25294	0.37942
0240700408	2007	4	6	96	0.23965	0.23627	0.25448	0.3804
0240700408	2007	4	7	97	0.23796	0.23485	0.25425	0.38042
0240700408	2007	4	8	98	0.23725	0.23415	0.25375	0.38067
0240700408	2007	4	9	99	0.23804	0.23465	0.25421	0.38133
0240700408	2007	4	10	100	0.23862	0.23527	0.25415	0.38154
0240700408	2007	4	11	101	0.23969	0.23644	0.25535	0.3826
0240700408	2007	4	12	102	0.23906	0.23606	0.25527	0.38404
0240700408	2007	4	13	103	0.23852	0.23567	0.2549	0.38487
0240700408	2007	4	14	104	0.23837	0.23533	0.25448	0.38506
0240700408	2007	4	15	105	0.2379	0.23475	0.25373	0.38537
0240700408	2007	4	16	106	0.23671	0.23363	0.25223	0.38525
0240700408	2007	4	17	107	0.23535	0.23183	0.25065	0.38479
0240700408	2007	4	18	108	0.23417	0.2306	0.2491	0.38431
0240700408	2007	4	19	109	0.23458	0.23071	0.24819	0.38342
0240700408	2007	4	20	110	0.23356	0.22985	0.24758	0.38356
0240700408	2007	4	21	111	0.2369	0.2316	0.24758	0.38352
0240700408	2007	4	22	112	0.24365	0.23958	0.25319	0.38483
0240700408	2007	4	23	113	0.23785	0.23494	0.2529	0.38513
0240700408	2007	4	24	114			0.26352	0.38822
0240700408	2007	4	25	115				
0240700408	2007	4	26	116				
0240700408	2007	4	27	117				
0240700408	2007	4	28	118				
0240700408	2007	4	29	119				
0240700408	2007	4	30	120				
0240700408	2007	5	1	121				
0240700408	2007	5	2	122				
0240700408	2007	5	3	123				
0240700408	2007	5	4	124				
0240700408	2007	5	5	125				
0240700408	2007	5	6	126				
0240700408	2007	5	7	127				
0240700408	2007	5	8	128				
0240700408	2007	5	9	129				
0240700408	2007	5	10	130				
0240700408	2007	5	11	131				
0240700408	2007	5	12	132				
0240700408	2007	5	13	133				
0240700408	2007	5	14	134				
0240700408	2007	5	15	135	0.22322	0.22217	0.24665	0.39404
0240700408	2007	5	16	136	0.22225	0.22119	0.245	0.39515
0240700408	2007	5	17	137	0.21923	0.21923	0.24265	0.39571
0240700408	2007	5	18	138	0.21548	0.21667	0.24044	0.39583
0240700408	2007	5	19	139	0.21154	0.21456	0.23825	0.39433
0240700408	2007	5	20	140	0.20731	0.21246	0.23612	0.39277
0240700408	2007	5	21	141	0.2071	0.21073	0.2344	0.39208
0240700408	2007	5	22	142	0.23985	0.23185	0.2384	0.39463
0240700408	2007	5	23	143	0.23042	0.22692	0.24008	0.39644
0240700408	2007	5	24	144	0.22485	0.22221	0.23812	0.39638
0240700408	2007	5	25	145	0.22196	0.21923	0.23623	0.39556
0240700408	2007	5	26	146	0.22481	0.22106	0.23546	0.39512
0240700408	2007	5	27	147	0.22177	0.21881	0.235	0.39448
0240700408	2007	5	28	148	0.21935	0.21771	0.23473	0.39388
0240700408	2007	5	29	149	0.22969	0.22285	0.23419	0.39281
0240700408	2007	5	30	150	0.25471	0.25075	0.25292	0.39931
0240700408	2007	5	31	151	0.24077	0.24042	0.25558	0.40048
0240700408	2007	6	1	152	0.23662	0.23625	0.25338	0.40035
0240700408	2007	6	2	153	0.23463	0.23348	0.25096	0.4004
0240700408	2007	6	3	154	0.23115	0.23027	0.24833	0.3999
0240700408	2007	6	4	155	0.22792	0.22665	0.24537	0.39904
0240700408	2007	6	5	156	0.22683	0.22556	0.24377	0.39848
0240700408	2007	6	6	157	0.22317	0.22302	0.24233	0.39704
0240700408	2007	6	7	158	0.21821	0.21902	0.23946	0.39579
0240700408	2007	6	8	159	0.21496	0.21675	0.23706	0.3954
0240700408	2007	6	9	160	0.20894	0.2141	0.235	0.39427
0240700408	2007	6	10	161	0.20202	0.21142	0.233	0.39263
0240700408	2007	6	11	162	0.1969	0.20994	0.2316	0.39156
0240700408	2007	6	12	163	0.24592	0.23292	0.23531	0.39237
0240700408	2007	6	13	164			0.27925	0.40481
0240700408	2007	6	14	165				0.40575
0240700408	2007	6	15	166	0.26381	0.26298	0.28704	0.40542
0240700408	2007	6	16	167	0.25231	0.253	0.28106	0.40529
0240700408	2007	6	17	168	0.24494	0.24615	0.27565	0.40548
0240700408	2007	6	18	169	0.24079	0.24163	0.27098	0.40631
0240700408	2007	6	19	170	0.23871	0.239	0.26737	0.40723
0240700408	2007	6	20	171	0.2364	0.23677	0.26421	0.40854
0240700408	2007	6	21	172	0.2341	0.23402	0.26098	0.40917
0240700408	2007	6	22	173	0.24135	0.24029	0.26358	0.41004
0240700408	2007	6	23	174	0.23423	0.235	0.26108	0.4096
0240700408	2007	6	24	175	0.22775	0.23029	0.2571	0.40858
0240700408	2007	6	25	176	0.21965	0.22512	0.25319	0.40698
0240700408	2007	6	26	177	0.21196	0.22071	0.24946	0.40342
0240700408	2007	6	27	178	0.20577	0.21775	0.24637	0.40244
0240700408	2007	6	28	179	0.19925	0.21521	0.2436	0.40202
0240700408	2007	6	29	180	0.19254	0.21304	0.24123	0.39879
0240700408	2007	6	30	181	0.18475	0.21083	0.23846	0.39783
0240700408	2007	7	1	182	0.17465	0.20858	0.23631	0.39675
0240700408	2007	7	2	183	0.16198	0.20579	0.23417	0.39502
0240700408	2007	7	3	184	0.15154	0.20285	0.23152	0.39369
0240700408	2007	7	4	185	0.14554	0.19965	0.22948	0.39212
0240700408	2007	7	5	186	0.14169	0.19738	0.22742	0.39017
0240700408	2007	7	6	187	0.1414	0.19869	0.22675	0.38921
0240700408	2007	7	7	188	0.14027	0.19462	0.22498	0.38708
0240700408	2007	7	8	189	0.13858	0.1875	0.22231	0.38456
0240700408	2007	7	9	190	0.1375	0.18302	0.22033	0.3825
0240700408	2007	7	10	191	0.13683	0.18115	0.21871	0.38017
0240700408	2007	7	11	192	0.13646	0.18137	0.21796	0.37792
0240700408	2007	7	12	193	0.13623	0.18073	0.21708	0.37635
0240700408	2007	7	13	194	0.1366	0.18125	0.2166	0.37531
0240700408	2007	7	14	195	0.13694	0.17862	0.21533	0.37221
0240700408	2007	7	15	196	0.13633	0.17165	0.21325	0.36702
0240700408	2007	7	16	197	0.13619	0.1654	0.21115	0.36419
0240700408	2007	7	17	198	0.13583	0.15933	0.20823	0.36104
0240700408	2007	7	18	199	0.13531	0.15467	0.2051	0.35717
0240700408	2007	7	19	200	0.13477	0.15231	0.20319	0.35354
0240700408	2007	7	20	201	0.13433	0.15071	0.20154	0.35073
0240700408	2007	7	21	202	0.13429	0.14937	0.19919	0.34767
0240700408	2007	7	22	203	0.13338	0.14763	0.19492	0.34304
0240700408	2007	7	23	204	0.1324	0.14642	0.19098	0.33896
0240700408	2007	7	24	205	0.13119	0.14502	0.18681	0.33404
0240700408	2007	7	25	206	0.13046	0.14396	0.18252	0.32973
0240700408	2007	7	26	207	0.12929	0.14306	0.17862	0.32585
0240700408	2007	7	27	208	0.1294	0.143	0.177	0.32415
0240700408	2007	7	28	209	0.12917	0.143	0.17758	0.324
0240700408	2007	7	29	210	0.13004	0.14356	0.17865	0.32398
0240700408	2007	7	30	211	0.13062	0.144	0.17922	0.32376
0240700408	2007	7	31	212	0.13242	0.14481	0.17997	0.32335
0240700408	2007	8	1	213	0.15442	0.145	0.18006	0.3226
0240700408	2007	8	2	214	0.19498	0.14533	0.1806	0.32383
0240700408	2007	8	3	215	0.19108	0.146	0.18213	0.324
0240700408	2007	8	4	216	0.18729	0.14669	0.1831	0.32417
0240700408	2007	8	5	217	0.18144	0.14821	0.18429	0.32348
0240700408	2007	8	6	218	0.17488	0.14917	0.18494	0.32275
0240700408	2007	8	7	219	0.16702	0.14992	0.18473	0.32173
0240700408	2007	8	8	220	0.15631	0.15	0.18431	0.32048
0240700408	2007	8	9	221	0.14612	0.14944	0.18271	0.31902
0240700408	2007	8	10	222	0.14023	0.149	0.18142	0.31773
0240700408	2007	8	11	223	0.13823	0.14825	0.18031	0.31669
0240700408	2007	8	12	224	0.13625	0.14798	0.17894	0.31556
0240700408	2007	8	13	225	0.13521	0.14744	0.17781	0.31456
0240700408	2007	8	14	226	0.1335	0.147	0.17602	0.31265
0240700408	2007	8	15	227	0.13285	0.14652	0.17431	0.3109
0240700408	2007	8	16	228	0.13217	0.146	0.17244	0.30865
0240700408	2007	8	17	229	0.13142	0.14548	0.17088	0.30648
0240700408	2007	8	18	230	0.13121	0.145	0.1685	0.30404
0240700408	2007	8	19	231	0.13062	0.14492	0.16587	0.30056
0240700408	2007	8	20	232	0.12917	0.14375	0.163	0.29679
0240700408	2007	8	21	233	0.12769	0.14265	0.16	0.29285
0240700408	2007	8	22	234	0.12673	0.14188	0.158	0.28956
0240700408	2007	8	23	235			0.24269	0.30652
0240700408	2007	8	24	236	0.23842	0.23783	0.23548	0.31477
0240700408	2007	8	25	237	0.23196	0.23085	0.22919	0.31315
0240700408	2007	8	26	238	0.22679	0.22583	0.22483	0.31192
0240700408	2007	8	27	239	0.21954	0.21946	0.22087	0.31063
0240700408	2007	8	28	240	0.21681	0.21552	0.21785	0.30929
0240700408	2007	8	29	241	0.21915	0.21737	0.21687	0.309
0240700408	2007	8	30	242	0.21477	0.21477	0.21583	0.309
0240700408	2007	8	31	243	0.20912	0.21148	0.21475	0.30862
0240700408	2007	9	1	244	0.20254	0.20815	0.21362	0.30777
0240700408	2007	9	2	245	0.19594	0.20533	0.21215	0.30677
0240700408	2007	9	3	246	0.18873	0.20269	0.21042	0.30567
0240700408	2007	9	4	247	0.18096	0.19954	0.2084	0.30406
0240700408	2007	9	5	248	0.17248	0.19625	0.20631	0.3025
0240700408	2007	9	6	249	0.16525	0.19408	0.20467	0.30079
0240700408	2007	9	7	250	0.15948	0.1916	0.20315	0.30008
0240700408	2007	9	8	251	0.15185	0.18719	0.20108	0.29875
0240700408	2007	9	9	252	0.14713	0.18465	0.19942	0.29785
0240700408	2007	9	10	253	0.14537	0.18388	0.19856	0.29748
0240700408	2007	9	11	254	0.14227	0.18052	0.197	0.29748
0240700408	2007	9	12	255	0.13979	0.1755	0.19529	0.29694
0240700408	2007	9	13	256	0.13681	0.17056	0.19331	0.29554
0240700408	2007	9	14	257	0.13348	0.16629	0.19167	0.29452
0240700408	2007	9	15	258	0.13244	0.16256	0.19038	0.29417
0240700408	2007	9	16	259	0.13215	0.15973	0.18846	0.29306
0240700408	2007	9	17	260	0.13163	0.15731	0.18681	0.29177
0240700408	2007	9	18	261	0.13027	0.15548	0.18535	0.29108
0240700408	2007	9	19	262	0.1291	0.15352	0.1836	0.29037
0240700408	2007	9	20	263	0.13058	0.15246	0.18179	0.28973
0240700408	2007	9	21	264	0.12915	0.1505	0.17896	0.28813
0240700408	2007	9	22	265	0.12765	0.14858	0.17667	0.28698
0240700408	2007	9	23	266	0.1284	0.14773	0.17373	0.28573
0240700408	2007	9	24	267	0.12698	0.14694	0.17288	0.28488
0240700408	2007	9	25	268	0.12621	0.146	0.17271	0.28537
0240700408	2007	9	26	269	0.1264	0.14565	0.17229	0.286
0240700408	2007	9	27	270	0.12635	0.145	0.17175	0.2864
0240700408	2007	9	28	271	0.12737	0.14533	0.17121	0.28671
0240700408	2007	9	29	272	0.12881	0.14623	0.17083	0.28696
0240700408	2007	9	30	273	0.14633	0.14575	0.171	0.287
0240700408	2007	10	1	274	0.17179	0.14479	0.17106	0.28769
0240700408	2007	10	2	275	0.17019	0.145	0.17085	0.28833
0240700408	2007	10	3	276	0.16562	0.14475	0.17063	0.2889
0240700408	2007	10	4	277	0.16133	0.14429	0.17044	0.28933
0240700408	2007	10	5	278	0.15896	0.14546	0.1711	0.2901
0240700408	2007	10	6	279	0.15465	0.14633	0.17106	0.29042
0240700408	2007	10	7	280	0.20656	0.14562	0.17096	0.29052
0240700408	2007	10	8	281	0.19681	0.15829	0.17121	0.29156
0240700408	2007	10	9	282	0.19081	0.16373	0.17129	0.29246
0240700408	2007	10	10	283	0.18573	0.16565	0.17179	0.29283
0240700408	2007	10	11	284	0.18192	0.16669	0.17242	0.29373
0240700408	2007	10	12	285	0.1786	0.1676	0.17302	0.2946
0240700408	2007	10	13	286	0.1781	0.168	0.17431	0.29521
0240700408	2007	10	14	287	0.21144	0.17542	0.175	0.296
0240700408	2007	10	15	288	0.22975	0.2221	0.17583	0.29762
0240700408	2007	10	16	289	0.22227	0.21931	0.17656	0.30031
0240700408	2007	10	17	290	0.21846	0.21594	0.17794	0.30169
0240700408	2007	10	18	291	0.21573	0.21346	0.17977	0.30285
0240700408	2007	10	19	292	0.21219	0.21029	0.18163	0.30379
0240700408	2007	10	20	293	0.2091	0.20719	0.18277	0.30471
0240700408	2007	10	21	294	0.20648	0.2044	0.18385	0.305
0240700408	2007	10	22	295	0.20369	0.20171	0.18448	0.30567
0240700408	2007	10	23	296	0.20144	0.19967	0.18525	0.30669
0240700408	2007	10	24	297	0.19873	0.19758	0.18569	0.30748
0240700408	2007	10	25	298	0.19594	0.19565	0.18633	0.30821
0240700408	2007	10	26	299	0.19231	0.19304	0.18681	0.30819
0240700408	2007	10	27	300	0.18958	0.19087	0.18681	0.30867
0240700408	2007	10	28	301	0.18683	0.18917	0.187	0.3096
0240700408	2007	10	29	302	0.18448	0.18771	0.18733	0.31004
0240700408	2007	10	30	303	0.18185	0.18669	0.18748	0.31077
0240700408	2007	10	31	304	0.1784	0.18525	0.18737	0.31092
0240700408	2007	11	1	305	0.17563	0.18365	0.18792	0.31158
0240700408	2007	11	2	306	0.1729	0.18229	0.18777	0.31148
0240700408	2007	11	3	307	0.17063	0.18075	0.18771	0.31225
0240700408	2007	11	4	308	0.16871	0.1799	0.18808	0.313
0240700408	2007	11	5	309	0.16642	0.17902	0.18798	0.313
0240700408	2007	11	6	310	0.1639	0.17762	0.18767	0.31354
0240700408	2007	11	7	311	0.16335	0.17725	0.18817	0.31433
0240700408	2007	11	8	312	0.16206	0.17715	0.18829	0.31467
0240700408	2007	11	9	313	0.16004	0.17669	0.18835	0.31502
0240700408	2007	11	10	314	0.15883	0.17658	0.18879	0.31565
0240700408	2007	11	11	315	0.15677	0.17644	0.189	0.316
0240700408	2007	11	12	316	0.15396	0.17569	0.189	0.31606
0240700408	2007	11	13	317	0.15233	0.1749	0.18919	0.31658
0240700408	2007	11	14	318	0.1491	0.17383	0.189	0.31648
0240700408	2007	11	15	319	0.146	0.17244	0.18885	0.31673
0240700408	2007	11	16	320	0.14521	0.17173	0.18904	0.31765
0240700408	2007	11	17	321	0.1431	0.17121	0.18923	0.31794
0240700408	2007	11	18	322	0.1419	0.17094	0.18925	0.31846
0240700408	2007	11	19	323	0.14062	0.17071	0.1895	0.31923
0240700408	2007	11	20	324	0.13773	0.16954	0.18919	0.31873
0240700408	2007	11	21	325	0.13581	0.16819	0.189	0.319
0240700408	2007	11	22	326	0.13444	0.1676	0.18898	0.319
0240700408	2007	11	23	327	0.13294	0.16667	0.18888	0.3196
0240700408	2007	11	24	328	0.1325	0.16621	0.18867	0.32008
0240700408	2007	11	25	329	0.13292	0.16621	0.189	0.32121
0240700408	2007	11	26	330	0.13246	0.166	0.189	0.3214
0240700408	2007	11	27	331	0.13231	0.16602	0.18915	0.32179
0240700408	2007	11	28	332	0.13185	0.16592	0.18925	0.32227
0240700408	2007	11	29	333	0.13119	0.16583	0.18927	0.32248
0240700408	2007	11	30	334	0.1299	0.16525	0.189	0.32267
0240700408	2007	12	1	335	0.13	0.165	0.189	0.32358
0240700408	2007	12	2	336	0.12931	0.16523	0.18921	0.3241
0240700408	2007	12	3	337	0.13002	0.16567	0.18963	0.32473
0240700408	2007	12	4	338	0.1316	0.16667	0.19002	0.32567
0240700408	2007	12	5	339	0.13121	0.167	0.19	0.32556
0240700408	2007	12	6	340	0.13088	0.167	0.1906	0.326
0240700408	2007	12	7	341	0.131	0.16792	0.191	0.326
0240700408	2007	12	8	342	0.12994	0.16721	0.191	0.3261
0240700408	2007	12	9	343	0.12948	0.16717	0.19075	0.32692
0240700408	2007	12	10	344	0.12975	0.16767	0.191	0.32756
0240700408	2007	12	11	345	0.13	0.168	0.191	0.328
0240700408	2007	12	12	346	0.12971	0.16819	0.191	0.32802
0240700408	2007	12	13	347	0.12946	0.1684	0.19129	0.32867
0240700408	2007	12	14	348	0.1299	0.16896	0.19179	0.329
0240700408	2007	12	15	349	0.12956	0.169	0.19135	0.32921
0240700408	2007	12	16	350	0.12929	0.16925	0.19192	0.32988
0240700408	2007	12	17	351	0.1294	0.1696	0.192	0.33052
0240700408	2007	12	18	352	0.12944	0.17	0.19217	0.331
0240700408	2007	12	19	353	0.12952	0.1701	0.19244	0.33123
0240700408	2007	12	20	354	0.12958	0.17063	0.19269	0.33167
0240700408	2007	12	21	355	0.12935	0.17069	0.19285	0.33198
0240700408	2007	12	22	356	0.12804	0.17027	0.19273	0.332
0240700408	2007	12	23	357	0.12698	0.17	0.19265	0.3326
0240700408	2007	12	24	358	0.1269	0.16996	0.19262	0.333
0240700408	2007	12	25	359	0.12719	0.17	0.19296	0.33335
0240700408	2007	12	26	360	0.12687	0.17027	0.19262	0.33335
0240700408	2007	12	27	361	0.12654	0.17023	0.193	0.33394
0240700408	2007	12	28	362	0.12602	0.17023	0.193	0.334
0240700408	2007	12	29	363	0.12513	0.17008	0.193	0.3346
0240700408	2007	12	30	364	0.12425	0.17013	0.193	0.33506
0240700408	2007	12	31	365	0.12498	0.17035	0.193	0.33527
0240700408	2008	1	1	1	0.12417	0.17029	0.193	0.33525
0240700408	2008	1	2	2	0.12069	0.17058	0.19292	0.3356
0240700408	2008	1	3	3	0.11944	0.17081	0.19325	0.3364
0240700408	2008	1	4	4	0.12521	0.1715	0.1936	0.3371
0240700408	2008	1	5	5	0.15475	0.17206	0.19398	0.33758
0240700408	2008	1	6	6	0.17625	0.1726	0.194	0.338
0240700408	2008	1	7	7	0.1791	0.173	0.194	0.338
0240700408	2008	1	8	8	0.17538	0.1731	0.194	0.33796
0240700408	2008	1	9	9	0.17158	0.1736	0.19427	0.3386
0240700408	2008	1	10	10	0.17017	0.174	0.19427	0.339
0240700408	2008	1	11	11	0.1696	0.17425	0.19456	0.33923
0240700408	2008	1	12	12	0.16875	0.17431	0.19475	0.33923
0240700408	2008	1	13	13	0.16773	0.17467	0.19496	0.3396
0240700408	2008	1	14	14	0.16683	0.175	0.195	0.34
0240700408	2008	1	15	15	0.16667	0.17519	0.195	0.34035
0240700408	2008	1	16	16	0.16558	0.17496	0.19496	0.34
0240700408	2008	1	17	17	0.13873	0.17479	0.19469	0.34029
0240700408	2008	1	18	18	0.12606	0.17477	0.19492	0.34021
0240700408	2008	1	19	19	0.11873	0.17427	0.1946	0.34025
0240700408	2008	1	20	20	0.11781	0.17375	0.195	0.34008
0240700408	2008	1	21	21	0.11604	0.16981	0.194	0.34
0240700408	2008	1	22	22	0.11235	0.14488	0.19433	0.34015
0240700408	2008	1	23	23	0.11273	0.13727	0.19421	0.33975
0240700408	2008	1	24	24	0.11112	0.1339	0.19421	0.33954
0240700408	2008	1	25	25	0.11419	0.13462	0.194	0.33933
0240700408	2008	1	26	26	0.11715	0.13663	0.19387	0.33929
0240700408	2008	1	27	27	0.12017	0.13877	0.19337	0.3396
0240700408	2008	1	28	28	0.12492	0.14287	0.19333	0.34004
0240700408	2008	1	29	29	0.12173	0.14608	0.193	0.33948
0240700408	2008	1	30	30	0.11592	0.14075	0.19317	0.34008
0240700408	2008	1	31	31	0.11356	0.13746	0.19356	0.34002
0240700408	2008	2	1	32	0.11648	0.13758	0.19342	0.34023
0240700408	2008	2	2	33	0.11731	0.13875	0.19323	0.33983
0240700408	2008	2	3	34	0.11802	0.1391	0.19304	0.3399
0240700408	2008	2	4	35	0.12152	0.14167	0.193	0.34
0240700408	2008	2	5	36	0.11844	0.14171	0.19277	0.33992
0240700408	2008	2	6	37	0.11527	0.13894	0.19265	0.34048
0240700408	2008	2	7	38	0.11694	0.139	0.193	0.34077
0240700408	2008	2	8	39	0.1185	0.1401	0.19319	0.341
0240700408	2008	2	9	40	0.11904	0.14106	0.193	0.34077
0240700408	2008	2	10	41	0.1146	0.13865	0.193	0.3406
0240700408	2008	2	11	42	0.11519	0.13765	0.19306	0.34077
0240700408	2008	2	12	43	0.11569	0.1376	0.193	0.34044
0240700408	2008	2	13	44	0.11804	0.13858	0.19302	0.34065
0240700408	2008	2	14	45	0.12117	0.14065	0.19244	0.3401
0240700408	2008	2	15	46	0.11677	0.13942	0.19246	0.34062
0240700408	2008	2	16	47	0.1189	0.13969	0.19294	0.3414
0240700408	2008	2	17	48	0.12444	0.14279	0.193	0.34133
0240700408	2008	2	18	49	0.12358	0.14585	0.193	0.342
0240700408	2008	2	19	50	0.12129	0.146	0.19331	0.34238
0240700408	2008	2	20	51	0.12156	0.14823	0.19352	0.34248
0240700408	2008	2	21	52	0.11777	0.14523	0.19419	0.34321
0240700408	2008	2	22	53	0.11804	0.14308	0.19463	0.34379
0240700408	2008	2	23	54	0.122	0.14625	0.19504	0.34419
0240700408	2008	2	24	55	0.12767	0.15502	0.19523	0.34458
0240700408	2008	2	25	56	0.13325	0.16798	0.195	0.34496
0240700408	2008	2	26	57	0.13821	0.17883	0.19565	0.345
0240700408	2008	2	27	58	0.13838	0.18994	0.19656	0.34565
0240700408	2008	2	28	59	0.14025	0.19154	0.19702	0.34631
0240700408	2008	2	29	60	0.15258	0.1894	0.19727	0.34662
0240700408	2008	3	1	61	0.175	0.18758	0.1974	0.34738
0240700408	2008	3	2	62	0.17502	0.1859	0.197	0.34702
0240700408	2008	3	3	63	0.17527	0.18523	0.197	0.34731
0240700408	2008	3	4	64	0.17594	0.18502	0.197	0.34773
0240700408	2008	3	5	65	0.17598	0.18477	0.19692	0.34733
0240700408	2008	3	6	66	0.17485	0.1844	0.19692	0.34744
0240700408	2008	3	7	67	0.17479	0.18381	0.19662	0.34742
0240700408	2008	3	8	68	0.17637	0.1841	0.197	0.34785
0240700408	2008	3	9	69	0.17727	0.18444	0.19671	0.34754
0240700408	2008	3	10	70	0.178	0.18494	0.19671	0.34777
0240700408	2008	3	11	71	0.17983	0.18583	0.19727	0.34829
0240700408	2008	3	12	72	0.18113	0.18715	0.19748	0.3479
0240700408	2008	3	13	73	0.1811	0.18758	0.19767	0.34765
0240700408	2008	3	14	74	0.18127	0.18785	0.198	0.34727
0240700408	2008	3	15	75	0.18071	0.18704	0.19788	0.34704
0240700408	2008	3	16	76	0.18	0.187	0.198	0.347
0240700408	2008	3	17	77	0.18077	0.187	0.19763	0.3474
0240700408	2008	3	18	78	0.18163	0.18762	0.19785	0.34748
0240700408	2008	3	19	79	0.1819	0.18779	0.19785	0.34748
0240700408	2008	3	20	80	0.18254	0.1885	0.19819	0.34765
0240700408	2008	3	21	81	0.18296	0.18883	0.19829	0.3474
0240700408	2008	3	22	82	0.18258	0.18883	0.19804	0.34694
0240700408	2008	3	23	83	0.18194	0.18806	0.19829	0.34683
0240700408	2008	3	24	84	0.18327	0.18885	0.19858	0.34756
0240700408	2008	3	25	85	0.18346	0.18923	0.19865	0.34729
0240700408	2008	3	26	86	0.18362	0.18954	0.19896	0.34733
0240700408	2008	3	27	87	0.18323	0.18975	0.199	0.347
0240700408	2008	3	28	88	0.18331	0.18942	0.199	0.34694
0240700408	2008	3	29	89	0.18402	0.19008	0.19927	0.3471
0240700408	2008	3	30	90	0.18319	0.18971	0.199	0.34625
0240700408	2008	3	31	91	0.18202	0.18896	0.199	0.34623
0240700408	2008	4	1	92	0.18412	0.18875	0.199	0.34669
0240700408	2008	4	2	93	0.19083	0.19215	0.199	0.3479
0240700408	2008	4	3	94	0.20504	0.2005	0.19948	0.34923
0240700408	2008	4	4	95	0.20708	0.2075	0.20054	0.3516
0240700408	2008	4	5	96	0.20692	0.2084	0.20223	0.35306
0240700408	2008	4	6	97	0.206	0.20785	0.20396	0.35287
0240700408	2008	4	7	98	0.20404	0.20615	0.205	0.3525
0240700408	2008	4	8	99	0.20731	0.20879	0.20594	0.35312
0240700408	2008	4	9	100	0.21129	0.21752	0.20887	0.35517
0240700408	2008	4	10	101	0.21429	0.22065	0.21787	0.35829
0240700408	2008	4	11	102	0.22231	0.22827	0.22681	0.36279
0240700408	2008	4	12	103	0.23917	0.244	0.24415	0.37417
0240700408	2008	4	13	104	0.2334	0.23938	0.24833	0.38754
0240700408	2008	4	14	105	0.23398	0.24254	0.26069	0.395
0240700408	2008	4	15	106	0.23758	0.24981	0.28115	0.3974
0240700408	2008	4	16	107	0.23125	0.23981	0.272	0.39506
0240700408	2008	4	17	108	0.22802	0.23529	0.2669	0.3946
0240700408	2008	4	18	109	0.22638	0.23317	0.2636	0.3935
0240700408	2008	4	19	110	0.22598	0.23227	0.26137	0.3926
0240700408	2008	4	20	111	0.22563	0.23135	0.25877	0.39125
0240700408	2008	4	21	112	0.22354	0.229	0.2559	0.3906
0240700408	2008	4	22	113	0.22271	0.22771	0.25375	0.39038
0240700408	2008	4	23	114	0.22254	0.227	0.25177	0.38929
0240700408	2008	4	24	115	0.22327	0.22717	0.25063	0.388
0240700408	2008	4	25	116	0.23225	0.23677	0.25581	0.38833
0240700408	2008	4	26	117	0.22681	0.23275	0.2571	0.38808
0240700408	2008	4	27	118	0.22658	0.23194	0.25637	0.38896
0240700408	2008	4	28	119	0.22577	0.23102	0.25581	0.38952
0240700408	2008	4	29	120	0.22523	0.23	0.25458	0.38906
0240700408	2008	4	30	121	0.22479	0.22942	0.25283	0.38777
0240700408	2008	5	1	122	0.22292	0.22771	0.25075	0.38606
0240700408	2008	5	2	123	0.22385	0.22898	0.25115	0.38615
0240700408	2008	5	3	124	0.22737	0.23258	0.25467	0.38865
0240700408	2008	5	4	125	0.22673	0.23231	0.25602	0.38946
0240700408	2008	5	5	126	0.22485	0.2301	0.25421	0.38875
0240700408	2008	5	6	127	0.22381	0.22892	0.25252	0.38777
0240700408	2008	5	7	128	0.22229	0.22688	0.25046	0.38658
0240700408	2008	5	8	129	0.22573	0.22965	0.25	0.38571
0240700408	2008	5	9	130	0.22504	0.22967	0.25075	0.38546
0240700408	2008	5	10	131	0.22385	0.22846	0.2499	0.38465
0240700408	2008	5	11	132	0.22321	0.22758	0.24952	0.38454
0240700408	2008	5	12	133	0.22285	0.22665	0.24867	0.384
0240700408	2008	5	13	134	0.22894	0.23204	0.24915	0.3845
0240700408	2008	5	14	135	0.22496	0.22933	0.24931	0.38446
0240700408	2008	5	15	136	0.2236	0.2274	0.24781	0.38388
0240700408	2008	5	16	137	0.22169	0.22544	0.24654	0.38313
0240700408	2008	5	17	138	0.21919	0.22317	0.24452	0.38173
0240700408	2008	5	18	139	0.21613	0.22054	0.24252	0.3801
0240700408	2008	5	19	140	0.21279	0.21819	0.24046	0.37854
0240700408	2008	5	20	141	0.20896	0.2154	0.23806	0.377
0240700408	2008	5	21	142	0.20617	0.21369	0.23635	0.3749
0240700408	2008	5	22	143	0.26181	0.24204	0.24315	0.37633
0240700408	2008	5	23	144	0.2616	0.25481	0.26627	0.38388
0240700408	2008	5	24	145	0.25883	0.25604	0.27325	0.38469
0240700408	2008	5	25	146	0.24429	0.24623	0.26942	0.38373
0240700408	2008	5	26	147	0.23875	0.24092	0.26502	0.38317
0240700408	2008	5	27	148	0.23713	0.239	0.26279	0.383
0240700408	2008	5	28	149	0.23719	0.239	0.262	0.38302
0240700408	2008	5	29	150	0.25298	0.25108	0.27035	0.38448
0240700408	2008	5	30	151	0.24125	0.24404	0.2679	0.38444
0240700408	2008	5	31	152	0.2355	0.23875	0.2636	0.38433
0240700408	2008	6	1	153	0.23181	0.23525	0.26023	0.3836
0240700408	2008	6	2	154	0.23213	0.23513	0.25831	0.38317
0240700408	2008	6	3	155	0.23423	0.2364	0.25842	0.38335
0240700408	2008	6	4	156	0.23785	0.23879	0.25875	0.3829
0240700408	2008	6	5	157	0.25213	0.24996	0.26535	0.38392
0240700408	2008	6	6	158	0.25333	0.25625	0.27702	0.38844
0240700408	2008	6	7	159	0.24292	0.24752	0.27198	0.38846
0240700408	2008	6	8	160	0.23777	0.24271	0.26773	0.38754
0240700408	2008	6	9	161	0.23252	0.23735	0.26298	0.38654
0240700408	2008	6	10	162	0.2279	0.2334	0.25923	0.3861
0240700408	2008	6	11	163	0.22256	0.22892	0.25521	0.38452
0240700408	2008	6	12	164	0.21708	0.22504	0.25183	0.38325
0240700408	2008	6	13	165	0.211	0.22131	0.24865	0.38237
0240700408	2008	6	14	166	0.2045	0.2184	0.24581	0.38137
0240700408	2008	6	15	167	0.19813	0.21598	0.24325	0.38048
0240700408	2008	6	16	168	0.1956	0.21467	0.24087	0.37994
0240700408	2008	6	17	169	0.20135	0.21438	0.23956	0.37954
0240700408	2008	6	18	170	0.23965	0.23035	0.2454	0.3831
0240700408	2008	6	19	171	0.23806	0.23612	0.25129	0.38608
0240700408	2008	6	20	172	0.23008	0.23194	0.25148	0.38654
0240700408	2008	6	21	173	0.22344	0.22773	0.24923	0.38613
0240700408	2008	6	22	174	0.21623	0.22358	0.24635	0.38454
0240700408	2008	6	23	175	0.21144	0.22033	0.24367	0.38331
0240700408	2008	6	24	176	0.21621	0.22152	0.24258	0.38254
0240700408	2008	6	25	177	0.21067	0.21965	0.24158	0.38177
0240700408	2008	6	26	178	0.20508	0.2175	0.23975	0.38025
0240700408	2008	6	27	179	0.1994	0.21523	0.23827	0.37883
0240700408	2008	6	28	180	0.19204	0.21269	0.23627	0.37777
0240700408	2008	6	29	181	0.18429	0.20998	0.23415	0.37642
0240700408	2008	6	30	182	0.17423	0.20681	0.23173	0.37463
0240700408	2008	7	1	183	0.1614	0.2026	0.22929	0.37256
0240700408	2008	7	2	184	0.151	0.20079	0.22765	0.37075
0240700408	2008	7	3	185	0.1446	0.19796	0.22619	0.36944
0240700408	2008	7	4	186	0.14023	0.19321	0.22381	0.36765
0240700408	2008	7	5	187	0.13765	0.18752	0.22081	0.36548
0240700408	2008	7	6	188	0.13613	0.18563	0.2191	0.36358
0240700408	2008	7	7	189	0.13679	0.18852	0.21867	0.36213
0240700408	2008	7	8	190	0.13669	0.1905	0.21794	0.36077
0240700408	2008	7	9	191	0.13646	0.18942	0.21669	0.3594
0240700408	2008	7	10	192	0.21504	0.19031	0.21608	0.3586
0240700408	2008	7	11	193	0.19335	0.19413	0.21648	0.35815
0240700408	2008	7	12	194	0.18194	0.19398	0.21588	0.35702
0240700408	2008	7	13	195	0.17183	0.19217	0.21494	0.35594
0240700408	2008	7	14	196	0.16075	0.18821	0.21308	0.35444
0240700408	2008	7	15	197	0.15069	0.18283	0.21081	0.35325
0240700408	2008	7	16	198	0.17017	0.18102	0.20885	0.35231
0240700408	2008	7	17	199	0.24025	0.22217	0.21327	0.35842
0240700408	2008	7	18	200	0.22738	0.22219	0.21931	0.36129
0240700408	2008	7	19	201	0.2179	0.2171	0.22081	0.36237
0240700408	2008	7	20	202	0.20963	0.21208	0.22083	0.36242
0240700408	2008	7	21	203	0.21506	0.214	0.22096	0.3624
0240700408	2008	7	22	204	0.20927	0.21238	0.22146	0.36256
0240700408	2008	7	23	205	0.20492	0.21012	0.22225	0.36252
0240700408	2008	7	24	206	0.21427	0.21308	0.22256	0.3625
0240700408	2008	7	25	207	0.21948	0.21825	0.22331	0.36369
0240700408	2008	7	26	208	0.21204	0.21492	0.22433	0.36573
0240700408	2008	7	27	209	0.20494	0.21083	0.22398	0.36569
0240700408	2008	7	28	210	0.1966	0.20702	0.2229	0.36381
0240700408	2008	7	29	211	0.18785	0.2034	0.22183	0.36198
0240700408	2008	7	30	212	0.17796	0.19883	0.21983	0.36023
0240700408	2008	7	31	213	0.16544	0.19183	0.21735	0.35865
0240700408	2008	8	1	214	0.1541	0.185	0.21471	0.35723
0240700408	2008	8	2	215	0.14685	0.17644	0.21121	0.35542
0240700408	2008	8	3	216	0.142	0.16917	0.20727	0.353
0240700408	2008	8	4	217	0.13894	0.16412	0.20323	0.3511
0240700408	2008	8	5	218	0.13665	0.16027	0.19896	0.34948
0240700408	2008	8	6	219	0.13512	0.15781	0.19567	0.34756
0240700408	2008	8	7	220	0.13406	0.15617	0.19196	0.3454
0240700408	2008	8	8	221	0.13265	0.15435	0.18702	0.34338
0240700408	2008	8	9	222	0.1329	0.15354	0.18331	0.34075
0240700408	2008	8	10	223	0.13229	0.15258	0.17902	0.33865
0240700408	2008	8	11	224	0.13165	0.15125	0.17383	0.33656
0240700408	2008	8	12	225	0.13004	0.14971	0.16798	0.3345
0240700408	2008	8	13	226	0.12892	0.14825	0.16279	0.33204
0240700408	2008	8	14	227	0.12804	0.14787	0.16156	0.33071
0240700408	2008	8	15	228	0.12758	0.14704	0.16362	0.331
0240700408	2008	8	16	229	0.12865	0.14737	0.16377	0.3311
0240700408	2008	8	17	230	0.12848	0.14733	0.16242	0.33015
0240700408	2008	8	18	231	0.12896	0.14733	0.16029	0.32923
0240700408	2008	8	19	232	0.1285	0.147	0.15792	0.32767
0240700408	2008	8	20	233	0.1279	0.14625	0.15502	0.32573
0240700408	2008	8	21	234	0.12781	0.146	0.15275	0.324
0240700408	2008	8	22	235	0.1275	0.14512	0.14973	0.32162
0240700408	2008	8	23	236	0.1254	0.144	0.14746	0.3199
0240700408	2008	8	24	237	0.12504	0.14304	0.14637	0.31825
0240700408	2008	8	25	238	0.12546	0.143	0.14592	0.31698
0240700408	2008	8	26	239	0.12513	0.143	0.14552	0.31542
0240700408	2008	8	27	240	0.12619	0.14344	0.145	0.31379
0240700408	2008	8	28	241	0.12669	0.14342	0.14481	0.313
0240700408	2008	8	29	242	0.12631	0.14329	0.14469	0.31192
0240700408	2008	8	30	243	0.12667	0.14358	0.14385	0.31012
0240700408	2008	8	31	244	0.1269	0.14396	0.14294	0.30775
0240700408	2008	9	1	245	0.12669	0.14381	0.1421	0.30546
0240700408	2008	9	2	246	0.12571	0.143	0.14175	0.30377
0240700408	2008	9	3	247	0.12342	0.14194	0.14135	0.30342
0240700408	2008	9	4	248	0.12312	0.141	0.14073	0.30298
0240700408	2008	9	5	249	0.1234	0.141	0.14029	0.30229
0240700408	2008	9	6	250	0.12321	0.141	0.14073	0.30252
0240700408	2008	9	7	251	0.12206	0.14046	0.14096	0.30288
0240700408	2008	9	8	252	0.20317	0.13919	0.14127	0.30379
0240700408	2008	9	9	253	0.19362	0.13942	0.14194	0.30465
0240700408	2008	9	10	254	0.19029	0.14046	0.14348	0.30531
0240700408	2008	9	11	255	0.19667	0.14152	0.14456	0.30583
0240700408	2008	9	12	256	0.20096	0.14306	0.14575	0.30671
0240700408	2008	9	13	257	0.2161	0.17646	0.14679	0.30742
0240700408	2008	9	14	258	0.2061	0.18462	0.14771	0.30746
0240700408	2008	9	15	259	0.19919	0.18381	0.14846	0.3076
0240700408	2008	9	16	260	0.194	0.18277	0.14898	0.30808
0240700408	2008	9	17	261	0.18946	0.18152	0.14969	0.30829
0240700408	2008	9	18	262	0.18504	0.17983	0.15048	0.30825
0240700408	2008	9	19	263	0.18065	0.1784	0.15108	0.30794
0240700408	2008	9	20	264	0.17652	0.1766	0.1516	0.30781
0240700408	2008	9	21	265	0.17394	0.17554	0.152	0.308
0240700408	2008	9	22	266	0.17265	0.17477	0.15271	0.30817
0240700408	2008	9	23	267	0.17158	0.17375	0.15337	0.30796
0240700408	2008	9	24	268	0.16985	0.17221	0.15369	0.30812
0240700408	2008	9	25	269	0.16879	0.17171	0.15427	0.3084
0240700408	2008	9	26	270	0.16623	0.17067	0.15471	0.30833
0240700408	2008	9	27	271	0.16215	0.16954	0.155	0.30777
0240700408	2008	9	28	272	0.15785	0.16775	0.15523	0.3074
0240700408	2008	9	29	273	0.15433	0.1654	0.15479	0.30669
0240700408	2008	9	30	274	0.14992	0.16298	0.15442	0.30644
0240700408	2008	10	1	275	0.14483	0.16046	0.15387	0.30637
0240700408	2008	10	2	276	0.14071	0.1584	0.15342	0.30623
0240700408	2008	10	3	277	0.13748	0.15662	0.15312	0.30546
0240700408	2008	10	4	278	0.13527	0.15538	0.153	0.30533
0240700408	2008	10	5	279	0.13413	0.1545	0.15267	0.30523
0240700408	2008	10	6	280	0.13331	0.15377	0.15233	0.305
0240700408	2008	10	7	281	0.13158	0.15269	0.15235	0.30535
0240700408	2008	10	8	282	0.1311	0.15175	0.15198	0.30556
0240700408	2008	10	9	283	0.12917	0.15071	0.152	0.30567
0240700408	2008	10	10	284	0.12808	0.14948	0.15167	0.3055
0240700408	2008	10	11	285	0.12775	0.149	0.15198	0.306
0240700408	2008	10	12	286	0.16777	0.14862	0.152	0.3031
0240700408	2008	10	13	287	0.2041	0.15392	0.15237	0.30108
0240700408	2008	10	14	288	0.19846	0.16783	0.15275	0.3016
0240700408	2008	10	15	289	0.19629	0.17083	0.153	0.30227
0240700408	2008	10	16	290	0.19369	0.1724	0.15367	0.30277
0240700408	2008	10	17	291	0.19125	0.173	0.15467	0.3034
0240700408	2008	10	18	292	0.18881	0.17354	0.15569	0.30425
0240700408	2008	10	19	293	0.18652	0.17333	0.15669	0.3045
0240700408	2008	10	20	294	0.18358	0.173	0.15758	0.30469
0240700408	2008	10	21	295	0.182	0.17223	0.158	0.30508
0240700408	2008	10	22	296	0.18188	0.17146	0.15856	0.30562
0240700408	2008	10	23	297	0.18142	0.17019	0.159	0.30604
0240700408	2008	10	24	298	0.18635	0.17046	0.159	0.3071
0240700408	2008	10	25	299	0.18754	0.1721	0.15977	0.3081
0240700408	2008	10	26	300	0.18581	0.17258	0.16029	0.308
0240700408	2008	10	27	301	0.18342	0.17156	0.1606	0.30854
0240700408	2008	10	28	302	0.18233	0.17083	0.16129	0.30937
0240700408	2008	10	29	303	0.181	0.17063	0.16175	0.31004
0240700408	2008	10	30	304	0.18056	0.171	0.16275	0.31094
0240700408	2008	10	31	305	0.17817	0.1705	0.16344	0.31104
0240700408	2008	11	1	306	0.17675	0.17046	0.16448	0.31192
0240700408	2008	11	2	307	0.1756	0.17075	0.16523	0.31254
0240700408	2008	11	3	308	0.17354	0.1704	0.16575	0.31265
0240700408	2008	11	4	309	0.17135	0.16925	0.166	0.31288
0240700408	2008	11	5	310	0.16981	0.16846	0.16604	0.31346
0240700408	2008	11	6	311	0.17079	0.1669	0.166	0.314
0240700408	2008	11	7	312	0.17662	0.166	0.16625	0.31456
0240700408	2008	11	8	313	0.18681	0.166	0.16667	0.31506
0240700408	2008	11	9	314	0.20021	0.16852	0.16723	0.31515
0240700408	2008	11	10	315	0.20485	0.1831	0.16733	0.31523
0240700408	2008	11	11	316	0.20654	0.19258	0.168	0.31592
0240700408	2008	11	12	317	0.20873	0.20198	0.16829	0.3166
0240700408	2008	11	13	318	0.20771	0.20358	0.169	0.31702
0240700408	2008	11	14	319	0.20552	0.2021	0.169	0.31765
0240700408	2008	11	15	320	0.20402	0.20065	0.16919	0.31802
0240700408	2008	11	16	321	0.20344	0.2	0.16965	0.31879
0240700408	2008	11	17	322	0.20235	0.19881	0.17	0.31904
0240700408	2008	11	18	323	0.20163	0.19821	0.17027	0.31977
0240700408	2008	11	19	324	0.20069	0.19733	0.17067	0.32015
0240700408	2008	11	20	325	0.19904	0.19581	0.17075	0.32
0240700408	2008	11	21	326	0.19727	0.19394	0.17094	0.32058
0240700408	2008	11	22	327	0.19744	0.19325	0.17102	0.32129
0240700408	2008	11	23	328	0.19729	0.19292	0.17129	0.32177
0240700408	2008	11	24	329	0.19654	0.19225	0.1714	0.32223
0240700408	2008	11	25	330	0.19612	0.19163	0.17208	0.3224
0240700408	2008	11	26	331	0.19552	0.19081	0.17229	0.3229
0240700408	2008	11	27	332	0.19485	0.19013	0.17231	0.32304
0240700408	2008	11	28	333	0.194	0.18942	0.17267	0.32362
0240700408	2008	11	29	334	0.19363	0.18883	0.173	0.32396
0240700408	2008	11	30	335	0.19329	0.18808	0.173	0.32458
0240700408	2008	12	1	336	0.19315	0.188	0.1736	0.3249
0240700408	2008	12	2	337	0.19365	0.18825	0.17419	0.32544
0240700408	2008	12	3	338	0.19246	0.18771	0.174	0.32515
0240700408	2008	12	4	339	0.19112	0.18663	0.174	0.32512
0240700408	2008	12	5	340	0.1901	0.186	0.17454	0.32594
0240700408	2008	12	6	341	0.19085	0.18567	0.175	0.327
0240700408	2008	12	7	342	0.1915	0.18598	0.17519	0.32725
0240700408	2008	12	8	343	0.191	0.18594	0.1755	0.32702
0240700408	2008	12	9	344	0.19002	0.185	0.17544	0.32721
0240700408	2008	12	10	345	0.18988	0.18473	0.17596	0.32806
0240700408	2008	12	11	346	0.18994	0.18462	0.176	0.32823
0240700408	2008	12	12	347	0.18929	0.18425	0.17625	0.3286
0240700408	2008	12	13	348	0.18946	0.18423	0.17644	0.32923
0240700408	2008	12	14	349	0.18792	0.18306	0.176	0.32812
0240700408	2008	12	15	350	0.18317	0.18177	0.176	0.32844
0240700408	2008	12	16	351	0.17375	0.18065	0.176	0.32902
0240700408	2008	12	17	352	0.14198	0.17904	0.17623	0.32946
0240700408	2008	12	18	353	0.13733	0.17781	0.17642	0.32944
0240700408	2008	12	19	354	0.14206	0.17694	0.17658	0.32944
0240700408	2008	12	20	355	0.13587	0.17583	0.17621	0.329
0240700408	2008	12	21	356	0.1251	0.17473	0.17629	0.329
0240700408	2008	12	22	357	0.12167	0.17388	0.17694	0.3296
0240700408	2008	12	23	358	0.12123	0.17198	0.17675	0.32973
0240700408	2008	12	24	359	0.11938	0.16221	0.17677	0.32969
0240700408	2008	12	25	360	0.12127	0.15429	0.177	0.33002
0240700408	2008	12	26	361	0.1235	0.16006	0.17723	0.33021
0240700408	2008	12	27	362	0.12367	0.16796	0.17717	0.33
0240700408	2008	12	28	363	0.12404	0.16635	0.17763	0.33058
0240700408	2008	12	29	364	0.12842	0.17152	0.17785	0.33062
0240700408	2008	12	30	365	0.13265	0.17377	0.17785	0.33065
0240700408	2008	12	31	366				
0240700408	2009	1	1	1	0.13078	0.17346	0.17768	0.33049
0240700408	2009	1	2	2				
0240700408	2009	1	3	3				
0240700408	2009	1	4	4				
0240700408	2009	1	5	5				
0240700408	2009	1	6	6				
0240700408	2009	1	7	7				
0240700408	2009	1	8	8				
0240700408	2009	1	9	9				
0240700408	2009	1	10	10				
0240700408	2009	1	11	11				
0240700408	2009	1	12	12				
0240700408	2009	1	13	13				
0240700408	2009	1	14	14				
0240700408	2009	1	15	15				
0240700408	2009	1	16	16				
0240700408	2009	1	17	17				
0240700408	2009	1	18	18				
0240700408	2009	1	19	19				
0240700408	2009	1	20	20				
0240700408	2009	1	21	21				
0240700408	2009	1	22	22				
0240700408	2009	1	23	23				
0240700408	2009	1	24	24				
0240700408	2009	1	25	25				
0240700408	2009	1	26	26				
0240700408	2009	1	27	27				
0240700408	2009	1	28	28				
0240700408	2009	1	29	29				
0240700408	2009	1	30	30				
0240700408	2009	1	31	31				
0240700408	2009	2	1	32				
0240700408	2009	2	2	33				
0240700408	2009	2	3	34				
0240700408	2009	2	4	35				
0240700408	2009	2	5	36				
0240700408	2009	2	6	37				
0240700408	2009	2	7	38				
0240700408	2009	2	8	39				
0240700408	2009	2	9	40				
0240700408	2009	2	10	41				
0240700408	2009	2	11	42				
0240700408	2009	2	12	43				
0240700408	2009	2	13	44				
0240700408	2009	2	14	45				
0240700408	2009	2	15	46				
0240700408	2009	2	16	47				
0240700408	2009	2	17	48				
0240700408	2009	2	18	49				
0240700408	2009	2	19	50				
0240700408	2009	2	20	51				
0240700408	2009	2	21	52				
0240700408	2009	2	22	53				
0240700408	2009	2	23	54				
0240700408	2009	2	24	55				
0240700408	2009	2	25	56				
0240700408	2009	2	26	57				
0240700408	2009	2	27	58				
0240700408	2009	2	28	59				
0240700408	2009	3	1	60				
0240700408	2009	3	2	61				
0240700408	2009	3	3	62				
0240700408	2009	3	4	63				
0240700408	2009	3	5	64				
0240700408	2009	3	6	65				
0240700408	2009	3	7	66				
0240700408	2009	3	8	67				
0240700408	2009	3	9	68				
0240700408	2009	3	10	69				
0240700408	2009	3	11	70				
0240700408	2009	3	12	71				
0240700408	2009	3	13	72				
0240700408	2009	3	14	73				
0240700408	2009	3	15	74				
0240700408	2009	3	16	75				
0240700408	2009	3	17	76				
0240700408	2009	3	18	77				
0240700408	2009	3	19	78				
0240700408	2009	3	20	79				
0240700408	2009	3	21	80				
0240700408	2009	3	22	81				
0240700408	2009	3	23	82				
0240700408	2009	3	24	83				
0240700408	2009	3	25	84				
0240700408	2009	3	26	85				
0240700408	2009	3	27	86				
0240700408	2009	3	28	87				
0240700408	2009	3	29	88				
0240700408	2009	3	30	89				
0240700408	2009	3	31	90				
0240700408	2009	4	1	91				
0240700408	2009	4	2	92				
0240700408	2009	4	3	93				
0240700408	2009	4	4	94				
0240700408	2009	4	5	95				
0240700408	2009	4	6	96				
0240700408	2009	4	7	97				
0240700408	2009	4	8	98				
0240700408	2009	4	9	99				
0240700408	2009	4	10	100				
0240700408	2009	4	11	101				
0240700408	2009	4	12	102				
0240700408	2009	4	13	103				
0240700408	2009	4	14	104				
0240700408	2009	4	15	105				
0240700408	2009	4	16	106				
0240700408	2009	4	17	107				
0240700408	2009	4	18	108				
0240700408	2009	4	19	109				
0240700408	2009	4	20	110				
0240700408	2009	4	21	111				
0240700408	2009	4	22	112				
0240700408	2009	4	23	113				
0240700408	2009	4	24	114				
0240700408	2009	4	25	115				
0240700408	2009	4	26	116				
0240700408	2009	4	27	117				
0240700408	2009	4	28	118				
0240700408	2009	4	29	119				
0240700408	2009	4	30	120				
0240700408	2009	5	1	121				
0240700408	2009	5	2	122				
0240700408	2009	5	3	123				
0240700408	2009	5	4	124				
0240700408	2009	5	5	125				
0240700408	2009	5	6	126				
0240700408	2009	5	7	127				
0240700408	2009	5	8	128				
0240700408	2009	5	9	129				
0240700408	2009	5	10	130				
0240700408	2009	5	11	131				
0240700408	2009	5	12	132				
0240700408	2009	5	13	133				
0240700408	2009	5	14	134				
0240700408	2009	5	15	135				
0240700408	2009	5	16	136				
0240700408	2009	5	17	137				
0240700408	2009	5	18	138				
0240700408	2009	5	19	139				
0240700408	2009	5	20	140				
0240700408	2009	5	21	141				
0240700408	2009	5	22	142				
0240700408	2009	5	23	143				
0240700408	2009	5	24	144				
0240700408	2009	5	25	145				
0240700408	2009	5	26	146				
0240700408	2009	5	27	147				
0240700408	2009	5	28	148				
0240700408	2009	5	29	149				
0240700408	2009	5	30	150				
0240700408	2009	5	31	151				
0240700408	2009	6	1	152				
0240700408	2009	6	2	153				
0240700408	2009	6	3	154				
0240700408	2009	6	4	155				
0240700408	2009	6	5	156				
0240700408	2009	6	6	157				
0240700408	2009	6	7	158				
0240700408	2009	6	8	159				
0240700408	2009	6	9	160				
0240700408	2009	6	10	161				
0240700408	2009	6	11	162				
0240700408	2009	6	12	163				
0240700408	2009	6	13	164				
0240700408	2009	6	14	165				
0240700408	2009	6	15	166				
0240700408	2009	6	16	167				
0240700408	2009	6	17	168				
0240700408	2009	6	18	169				
0240700408	2009	6	19	170				
0240700408	2009	6	20	171				
0240700408	2009	6	21	172				
0240700408	2009	6	22	173				
0240700408	2009	6	23	174				
0240700408	2009	6	24	175				
0240700408	2009	6	25	176				
0240700408	2009	6	26	177				
0240700408	2009	6	27	178				
0240700408	2009	6	28	179				
0240700408	2009	6	29	180				
0240700408	2009	6	30	181				
0240700408	2009	7	1	182				
0240700408	2009	7	2	183				
0240700408	2009	7	3	184				
0240700408	2009	7	4	185				
0240700408	2009	7	5	186				
0240700408	2009	7	6	187				
0240700408	2009	7	7	188				
0240700408	2009	7	8	189				
0240700408	2009	7	9	190				
0240700408	2009	7	10	191				
0240700408	2009	7	11	192				
0240700408	2009	7	12	193				
0240700408	2009	7	13	194				
0240700408	2009	7	14	195				
0240700408	2009	7	15	196				
0240700408	2009	7	16	197				
0240700408	2009	7	17	198				
0240700408	2009	7	18	199				
0240700408	2009	7	19	200				
0240700408	2009	7	20	201				
0240700408	2009	7	21	202				
0240700408	2009	7	22	203				
0240700408	2009	7	23	204				
0240700408	2009	7	24	205				
0240700408	2009	7	25	206				
0240700408	2009	7	26	207				
0240700408	2009	7	27	208				
0240700408	2009	7	28	209				
0240700408	2009	7	29	210				
0240700408	2009	7	30	211				
0240700408	2009	7	31	212				
0240700408	2009	8	1	213				
0240700408	2009	8	2	214				
0240700408	2009	8	3	215				
0240700408	2009	8	4	216				
0240700408	2009	8	5	217				
0240700408	2009	8	6	218				
0240700408	2009	8	7	219				
0240700408	2009	8	8	220				
0240700408	2009	8	9	221				
0240700408	2009	8	10	222				
0240700408	2009	8	11	223				
0240700408	2009	8	12	224				
0240700408	2009	8	13	225				
0240700408	2009	8	14	226				
0240700408	2009	8	15	227				
0240700408	2009	8	16	228				
0240700408	2009	8	17	229				
0240700408	2009	8	18	230				
0240700408	2009	8	19	231				
0240700408	2009	8	20	232				
0240700408	2009	8	21	233				
0240700408	2009	8	22	234				
0240700408	2009	8	23	235				
0240700408	2009	8	24	236				
0240700408	2009	8	25	237				
0240700408	2009	8	26	238				
0240700408	2009	8	27	239				
0240700408	2009	8	28	240				
0240700408	2009	8	29	241				
0240700408	2009	8	30	242				
0240700408	2009	8	31	243				
0240700408	2009	9	1	244				
0240700408	2009	9	2	245				
0240700408	2009	9	3	246				
0240700408	2009	9	4	247				
0240700408	2009	9	5	248				
0240700408	2009	9	6	249				
0240700408	2009	9	7	250				
0240700408	2009	9	8	251				
0240700408	2009	9	9	252				
0240700408	2009	9	10	253				
0240700408	2009	9	11	254				
0240700408	2009	9	12	255				
0240700408	2009	9	13	256				
0240700408	2009	9	14	257				
0240700408	2009	9	15	258				
0240700408	2009	9	16	259				
0240700408	2009	9	17	260				
0240700408	2009	9	18	261				
0240700408	2009	9	19	262				
0240700408	2009	9	20	263				
0240700408	2009	9	21	264				
0240700408	2009	9	22	265				
0240700408	2009	9	23	266				
0240700408	2009	9	24	267				
0240700408	2009	9	25	268				
0240700408	2009	9	26	269				
0240700408	2009	9	27	270				
0240700408	2009	9	28	271				
0240700408	2009	9	29	272				
0240700408	2009	9	30	273				
0240700408	2009	10	1	274				
0240700408	2009	10	2	275				
0240700408	2009	10	3	276				
0240700408	2009	10	4	277				
0240700408	2009	10	5	278				
0240700408	2009	10	6	279				
0240700408	2009	10	7	280				
0240700408	2009	10	8	281				
0240700408	2009	10	9	282				
0240700408	2009	10	10	283				
0240700408	2009	10	11	284				
0240700408	2009	10	12	285				
0240700408	2009	10	13	286				
0240700408	2009	10	14	287				
0240700408	2009	10	15	288				
0240700408	2009	10	16	289				
0240700408	2009	10	17	290				
0240700408	2009	10	18	291				
0240700408	2009	10	19	292				
0240700408	2009	10	20	293				
0240700408	2009	10	21	294				
0240700408	2009	10	22	295				
0240700408	2009	10	23	296				
0240700408	2009	10	24	297				
0240700408	2009	10	25	298				
0240700408	2009	10	26	299				
0240700408	2009	10	27	300				
0240700408	2009	10	28	301				
0240700408	2009	10	29	302				
0240700408	2009	10	30	303				
0240700408	2009	10	31	304				
0240700408	2009	11	1	305				
0240700408	2009	11	2	306				
0240700408	2009	11	3	307				
0240700408	2009	11	4	308				
0240700408	2009	11	5	309				
0240700408	2009	11	6	310				
0240700408	2009	11	7	311				
0240700408	2009	11	8	312				
0240700408	2009	11	9	313				
0240700408	2009	11	10	314				
0240700408	2009	11	11	315				
0240700408	2009	11	12	316				
0240700408	2009	11	13	317				
0240700408	2009	11	14	318				
0240700408	2009	11	15	319				
0240700408	2009	11	16	320				
0240700408	2009	11	17	321				
0240700408	2009	11	18	322				
0240700408	2009	11	19	323				
0240700408	2009	11	20	324				
0240700408	2009	11	21	325				
0240700408	2009	11	22	326				
0240700408	2009	11	23	327				
0240700408	2009	11	24	328				
0240700408	2009	11	25	329				
0240700408	2009	11	26	330				
0240700408	2009	11	27	331				
0240700408	2009	11	28	332				
0240700408	2009	11	29	333				
0240700408	2009	11	30	334				
0240700408	2009	12	1	335				
0240700408	2009	12	2	336				
0240700408	2009	12	3	337				
0240700408	2009	12	4	338				
0240700408	2009	12	5	339				
0240700408	2009	12	6	340				
0240700408	2009	12	7	341				
0240700408	2009	12	8	342				
0240700408	2009	12	9	343				
0240700408	2009	12	10	344				
0240700408	2009	12	11	345				
0240700408	2009	12	12	346				
0240700408	2009	12	13	347				
0240700408	2009	12	14	348				
0240700408	2009	12	15	349				
0240700408	2009	12	16	350				
0240700408	2009	12	17	351				
0240700408	2009	12	18	352				
0240700408	2009	12	19	353				
0240700408	2009	12	20	354				
0240700408	2009	12	21	355				
0240700408	2009	12	22	356				
0240700408	2009	12	23	357				
0240700408	2009	12	24	358				
0240700408	2009	12	25	359				
0240700408	2009	12	26	360				
0240700408	2009	12	27	361				
0240700408	2009	12	28	362				
0240700408	2009	12	29	363				
0240700408	2009	12	30	364				
0240700408	2009	12	31	365				
