stationID	Y	M	D	DOY	depth_1
0240780510	2005	1	1	1	0.31715
0240780510	2005	1	2	2	0.315
0240780510	2005	1	3	3	0.31298
0240780510	2005	1	4	4	0.31106
0240780510	2005	1	5	5	0.309
0240780510	2005	1	6	6	0.307
0240780510	2005	1	7	7	0.30477
0240780510	2005	1	8	8	0.30306
0240780510	2005	1	9	9	0.30156
0240780510	2005	1	10	10	0.3006
0240780510	2005	1	11	11	0.29962
0240780510	2005	1	12	12	0.29863
0240780510	2005	1	13	13	0.29746
0240780510	2005	1	14	14	0.32408
0240780510	2005	1	15	15	0.33475
0240780510	2005	1	16	16	0.33179
0240780510	2005	1	17	17	0.33137
0240780510	2005	1	18	18	0.32421
0240780510	2005	1	19	19	0.31294
0240780510	2005	1	20	20	0.31392
0240780510	2005	1	21	21	0.31573
0240780510	2005	1	22	22	0.31369
0240780510	2005	1	23	23	0.31573
0240780510	2005	1	24	24	0.30827
0240780510	2005	1	25	25	0.30885
0240780510	2005	1	26	26	0.31123
0240780510	2005	1	27	27	0.31235
0240780510	2005	1	28	28	0.30965
0240780510	2005	1	29	29	0.30775
0240780510	2005	1	30	30	0.33071
0240780510	2005	1	31	31	0.33115
0240780510	2005	2	1	32	0.32671
0240780510	2005	2	2	33	0.32392
0240780510	2005	2	3	34	0.32242
0240780510	2005	2	4	35	0.3245
0240780510	2005	2	5	36	0.32208
0240780510	2005	2	6	37	0.3194
0240780510	2005	2	7	38	0.3175
0240780510	2005	2	8	39	0.31565
0240780510	2005	2	9	40	0.31383
0240780510	2005	2	10	41	0.31233
0240780510	2005	2	11	42	0.30998
0240780510	2005	2	12	43	0.30854
0240780510	2005	2	13	44	0.30675
0240780510	2005	2	14	45	0.30829
0240780510	2005	2	15	46	0.31494
0240780510	2005	2	16	47	0.31212
0240780510	2005	2	17	48	0.31015
0240780510	2005	2	18	49	0.30779
0240780510	2005	2	19	50	0.30627
0240780510	2005	2	20	51	0.30552
0240780510	2005	2	21	52	0.30529
0240780510	2005	2	22	53	0.30448
0240780510	2005	2	23	54	0.30348
0240780510	2005	2	24	55	0.31379
0240780510	2005	2	25	56	0.31681
0240780510	2005	2	26	57	0.31377
0240780510	2005	2	27	58	0.31223
0240780510	2005	2	28	59	0.34394
0240780510	2005	3	1	60	0.3384
0240780510	2005	3	2	61	0.33256
0240780510	2005	3	3	62	0.3286
0240780510	2005	3	4	63	0.32583
0240780510	2005	3	5	64	0.32365
0240780510	2005	3	6	65	0.32146
0240780510	2005	3	7	66	0.3191
0240780510	2005	3	8	67	0.32398
0240780510	2005	3	9	68	0.32565
0240780510	2005	3	10	69	0.32196
0240780510	2005	3	11	70	0.31929
0240780510	2005	3	12	71	0.31954
0240780510	2005	3	13	72	0.31683
0240780510	2005	3	14	73	0.31954
0240780510	2005	3	15	74	0.31898
0240780510	2005	3	16	75	0.32579
0240780510	2005	3	17	76	0.36456
0240780510	2005	3	18	77	0.37896
0240780510	2005	3	19	78	0.36731
0240780510	2005	3	20	79	0.36296
0240780510	2005	3	21	80	0.35546
0240780510	2005	3	22	81	0.34658
0240780510	2005	3	23	82	0.36058
0240780510	2005	3	24	83	0.36837
0240780510	2005	3	25	84	0.36162
0240780510	2005	3	26	85	0.35617
0240780510	2005	3	27	86	0.35142
0240780510	2005	3	28	87	0.36062
0240780510	2005	3	29	88	0.36154
0240780510	2005	3	30	89	0.35554
0240780510	2005	3	31	90	0.35029
0240780510	2005	4	1	91	0.34644
0240780510	2005	4	2	92	0.35975
0240780510	2005	4	3	93	0.36371
0240780510	2005	4	4	94	0.35604
0240780510	2005	4	5	95	0.34919
0240780510	2005	4	6	96	0.34321
0240780510	2005	4	7	97	0.33852
0240780510	2005	4	8	98	0.35387
0240780510	2005	4	9	99	0.35227
0240780510	2005	4	10	100	0.34733
0240780510	2005	4	11	101	0.34252
0240780510	2005	4	12	102	0.33935
0240780510	2005	4	13	103	0.35812
0240780510	2005	4	14	104	0.35852
0240780510	2005	4	15	105	0.35233
0240780510	2005	4	16	106	0.34758
0240780510	2005	4	17	107	0.34317
0240780510	2005	4	18	108	0.33865
0240780510	2005	4	19	109	0.33354
0240780510	2005	4	20	110	0.32813
0240780510	2005	4	21	111	0.32252
0240780510	2005	4	22	112	0.31794
0240780510	2005	4	23	113	0.31375
0240780510	2005	4	24	114	0.3109
0240780510	2005	4	25	115	0.3076
0240780510	2005	4	26	116	0.30417
0240780510	2005	4	27	117	0.30177
0240780510	2005	4	28	118	0.29806
0240780510	2005	4	29	119	0.29544
0240780510	2005	4	30	120	0.29362
0240780510	2005	5	1	121	0.293
0240780510	2005	5	2	122	0.29181
0240780510	2005	5	3	123	0.29012
0240780510	2005	5	4	124	0.28706
0240780510	2005	5	5	125	0.28725
0240780510	2005	5	6	126	0.39367
0240780510	2005	5	7	127	
0240780510	2005	5	8	128	
0240780510	2005	5	9	129	0.38544
0240780510	2005	5	10	130	0.36896
0240780510	2005	5	11	131	0.35567
0240780510	2005	5	12	132	0.34508
0240780510	2005	5	13	133	0.33713
0240780510	2005	5	14	134	0.3311
0240780510	2005	5	15	135	0.32469
0240780510	2005	5	16	136	0.3195
0240780510	2005	5	17	137	0.3145
0240780510	2005	5	18	138	0.30875
0240780510	2005	5	19	139	0.30617
0240780510	2005	5	20	140	0.30835
0240780510	2005	5	21	141	0.3211
0240780510	2005	5	22	142	0.31471
0240780510	2005	5	23	143	0.30904
0240780510	2005	5	24	144	0.30588
0240780510	2005	5	25	145	0.31088
0240780510	2005	5	26	146	0.30735
0240780510	2005	5	27	147	0.30165
0240780510	2005	5	28	148	0.29581
0240780510	2005	5	29	149	0.29044
0240780510	2005	5	30	150	0.28537
0240780510	2005	5	31	151	0.2809
0240780510	2005	6	1	152	0.27675
0240780510	2005	6	2	153	0.3125
0240780510	2005	6	3	154	0.32065
0240780510	2005	6	4	155	0.31602
0240780510	2005	6	5	156	0.31125
0240780510	2005	6	6	157	0.31125
0240780510	2005	6	7	158	0.31431
0240780510	2005	6	8	159	0.30915
0240780510	2005	6	9	160	0.31546
0240780510	2005	6	10	161	0.32229
0240780510	2005	6	11	162	0.31592
0240780510	2005	6	12	163	0.31004
0240780510	2005	6	13	164	0.30419
0240780510	2005	6	14	165	0.29802
0240780510	2005	6	15	166	0.29131
0240780510	2005	6	16	167	0.28463
0240780510	2005	6	17	168	0.27844
0240780510	2005	6	18	169	0.27315
0240780510	2005	6	19	170	0.26712
0240780510	2005	6	20	171	0.26138
0240780510	2005	6	21	172	0.25625
0240780510	2005	6	22	173	0.25025
0240780510	2005	6	23	174	0.24419
0240780510	2005	6	24	175	0.23779
0240780510	2005	6	25	176	0.2325
0240780510	2005	6	26	177	0.2319
0240780510	2005	6	27	178	0.24935
0240780510	2005	6	28	179	0.2694
0240780510	2005	6	29	180	0.31308
0240780510	2005	6	30	181	0.3155
0240780510	2005	7	1	182	0.30658
0240780510	2005	7	2	183	0.29988
0240780510	2005	7	3	184	0.29477
0240780510	2005	7	4	185	0.28852
0240780510	2005	7	5	186	0.31044
0240780510	2005	7	6	187	0.34696
0240780510	2005	7	7	188	0.33315
0240780510	2005	7	8	189	0.32281
0240780510	2005	7	9	190	0.31435
0240780510	2005	7	10	191	0.30633
0240780510	2005	7	11	192	0.29919
0240780510	2005	7	12	193	0.29352
0240780510	2005	7	13	194	0.29485
0240780510	2005	7	14	195	0.29671
0240780510	2005	7	15	196	0.29267
0240780510	2005	7	16	197	0.28775
0240780510	2005	7	17	198	0.28337
0240780510	2005	7	18	199	0.28262
0240780510	2005	7	19	200	0.27733
0240780510	2005	7	20	201	0.27202
0240780510	2005	7	21	202	0.26627
0240780510	2005	7	22	203	0.267
0240780510	2005	7	23	204	0.28298
0240780510	2005	7	24	205	0.27513
0240780510	2005	7	25	206	0.26779
0240780510	2005	7	26	207	0.26085
0240780510	2005	7	27	208	0.25423
0240780510	2005	7	28	209	0.24737
0240780510	2005	7	29	210	0.30638
0240780510	2005	7	30	211	0.32913
0240780510	2005	7	31	212	0.35723
0240780510	2005	8	1	213	0.40475
0240780510	2005	8	2	214	0.3825
0240780510	2005	8	3	215	0.35865
0240780510	2005	8	4	216	0.3436
0240780510	2005	8	5	217	0.33112
0240780510	2005	8	6	218	0.3206
0240780510	2005	8	7	219	0.317
0240780510	2005	8	8	220	0.31546
0240780510	2005	8	9	221	0.36546
0240780510	2005	8	10	222	
0240780510	2005	8	11	223	0.41023
0240780510	2005	8	12	224	0.3806
0240780510	2005	8	13	225	0.35946
0240780510	2005	8	14	226	0.34456
0240780510	2005	8	15	227	0.33944
0240780510	2005	8	16	228	0.34565
0240780510	2005	8	17	229	0.36225
0240780510	2005	8	18	230	0.353
0240780510	2005	8	19	231	0.34452
0240780510	2005	8	20	232	0.33681
0240780510	2005	8	21	233	0.32827
0240780510	2005	8	22	234	0.31937
0240780510	2005	8	23	235	0.31223
0240780510	2005	8	24	236	0.30698
0240780510	2005	8	25	237	0.30085
0240780510	2005	8	26	238	0.29473
0240780510	2005	8	27	239	0.29035
0240780510	2005	8	28	240	0.28758
0240780510	2005	8	29	241	0.30485
0240780510	2005	8	30	242	0.32265
0240780510	2005	8	31	243	0.31475
0240780510	2005	9	1	244	0.30765
0240780510	2005	9	2	245	0.30152
0240780510	2005	9	3	246	0.29562
0240780510	2005	9	4	247	0.29029
0240780510	2005	9	5	248	0.28498
0240780510	2005	9	6	249	0.27962
0240780510	2005	9	7	250	0.27737
0240780510	2005	9	8	251	0.27563
0240780510	2005	9	9	252	0.27081
0240780510	2005	9	10	253	0.26662
0240780510	2005	9	11	254	0.26177
0240780510	2005	9	12	255	0.25765
0240780510	2005	9	13	256	0.26152
0240780510	2005	9	14	257	0.26546
0240780510	2005	9	15	258	0.29154
0240780510	2005	9	16	259	0.29894
0240780510	2005	9	17	260	0.29048
0240780510	2005	9	18	261	0.28519
0240780510	2005	9	19	262	0.28102
0240780510	2005	9	20	263	0.27696
0240780510	2005	9	21	264	0.27548
0240780510	2005	9	22	265	0.27227
0240780510	2005	9	23	266	0.26815
0240780510	2005	9	24	267	0.26483
0240780510	2005	9	25	268	0.26169
0240780510	2005	9	26	269	0.25898
0240780510	2005	9	27	270	0.27004
0240780510	2005	9	28	271	0.26721
0240780510	2005	9	29	272	0.26358
0240780510	2005	9	30	273	0.25977
0240780510	2005	10	1	274	0.25615
0240780510	2005	10	2	275	0.25221
0240780510	2005	10	3	276	0.2491
0240780510	2005	10	4	277	0.24719
0240780510	2005	10	5	278	0.2465
0240780510	2005	10	6	279	0.24481
0240780510	2005	10	7	280	0.29496
0240780510	2005	10	8	281	
0240780510	2005	10	9	282	
0240780510	2005	10	10	283	
0240780510	2005	10	11	284	
0240780510	2005	10	12	285	
0240780510	2005	10	13	286	
0240780510	2005	10	14	287	
0240780510	2005	10	15	288	
0240780510	2005	10	16	289	
0240780510	2005	10	17	290	
0240780510	2005	10	18	291	0.42004
0240780510	2005	10	19	292	0.40408
0240780510	2005	10	20	293	0.38992
0240780510	2005	10	21	294	0.37973
0240780510	2005	10	22	295	0.38042
0240780510	2005	10	23	296	0.37329
0240780510	2005	10	24	297	0.40565
0240780510	2005	10	25	298	
0240780510	2005	10	26	299	
0240780510	2005	10	27	300	
0240780510	2005	10	28	301	0.42412
0240780510	2005	10	29	302	0.4146
0240780510	2005	10	30	303	0.39948
0240780510	2005	10	31	304	0.3891
0240780510	2005	11	1	305	0.38031
0240780510	2005	11	2	306	0.37206
0240780510	2005	11	3	307	0.36435
0240780510	2005	11	4	308	0.35852
0240780510	2005	11	5	309	0.35279
0240780510	2005	11	6	310	0.34725
0240780510	2005	11	7	311	0.34164
0240780510	2005	11	8	312	0.33683
0240780510	2005	11	9	313	0.33248
0240780510	2005	11	10	314	0.32867
0240780510	2005	11	11	315	0.32517
0240780510	2005	11	12	316	0.32212
0240780510	2005	11	13	317	0.31931
0240780510	2005	11	14	318	0.31673
0240780510	2005	11	15	319	0.31433
0240780510	2005	11	16	320	0.312
0240780510	2005	11	17	321	0.31631
0240780510	2005	11	18	322	0.31383
0240780510	2005	11	19	323	0.3119
0240780510	2005	11	20	324	0.31067
0240780510	2005	11	21	325	0.34519
0240780510	2005	11	22	326	0.36498
0240780510	2005	11	23	327	0.35925
0240780510	2005	11	24	328	0.3541
0240780510	2005	11	25	329	0.34892
0240780510	2005	11	26	330	0.34592
0240780510	2005	11	27	331	0.34381
0240780510	2005	11	28	332	0.34358
0240780510	2005	11	29	333	0.34112
0240780510	2005	11	30	334	0.33977
0240780510	2005	12	1	335	0.337
0240780510	2005	12	2	336	0.33533
0240780510	2005	12	3	337	0.33348
0240780510	2005	12	4	338	0.33798
0240780510	2005	12	5	339	0.37206
0240780510	2005	12	6	340	0.38192
0240780510	2005	12	7	341	0.37298
0240780510	2005	12	8	342	0.36719
0240780510	2005	12	9	343	0.36956
0240780510	2005	12	10	344	0.36702
0240780510	2005	12	11	345	0.36315
0240780510	2005	12	12	346	0.35829
0240780510	2005	12	13	347	0.35442
0240780510	2005	12	14	348	0.3516
0240780510	2005	12	15	349	0.35698
0240780510	2005	12	16	350	0.36946
0240780510	2005	12	17	351	0.36365
0240780510	2005	12	18	352	0.37477
0240780510	2005	12	19	353	0.37465
0240780510	2005	12	20	354	0.37027
0240780510	2005	12	21	355	0.36696
0240780510	2005	12	22	356	0.36367
0240780510	2005	12	23	357	0.36117
0240780510	2005	12	24	358	0.35923
0240780510	2005	12	25	359	0.37827
0240780510	2005	12	26	360	0.38258
0240780510	2005	12	27	361	0.37394
0240780510	2005	12	28	362	0.3691
0240780510	2005	12	29	363	0.37885
0240780510	2005	12	30	364	0.37246
0240780510	2005	12	31	365	0.36802
0240780510	2006	1	1	1	0.36374
0240780510	2006	1	2	2	0.36665
0240780510	2006	1	3	3	
0240780510	2006	1	4	4	0.42198
0240780510	2006	1	5	5	0.41604
0240780510	2006	1	6	6	0.40719
0240780510	2006	1	7	7	0.39631
0240780510	2006	1	8	8	0.38979
0240780510	2006	1	9	9	0.38379
0240780510	2006	1	10	10	0.37715
0240780510	2006	1	11	11	0.37262
0240780510	2006	1	12	12	0.36865
0240780510	2006	1	13	13	0.36579
0240780510	2006	1	14	14	0.38744
0240780510	2006	1	15	15	0.38348
0240780510	2006	1	16	16	0.37871
0240780510	2006	1	17	17	0.37531
0240780510	2006	1	18	18	0.37829
0240780510	2006	1	19	19	0.37517
0240780510	2006	1	20	20	0.3715
0240780510	2006	1	21	21	0.36844
0240780510	2006	1	22	22	0.36738
0240780510	2006	1	23	23	0.36604
0240780510	2006	1	24	24	0.37075
0240780510	2006	1	25	25	0.3686
0240780510	2006	1	26	26	0.36433
0240780510	2006	1	27	27	0.36125
0240780510	2006	1	28	28	0.35921
0240780510	2006	1	29	29	0.35762
0240780510	2006	1	30	30	0.35573
0240780510	2006	1	31	31	0.37563
0240780510	2006	2	1	32	0.37904
0240780510	2006	2	2	33	0.37556
0240780510	2006	2	3	34	0.3725
0240780510	2006	2	4	35	0.37058
0240780510	2006	2	5	36	0.36783
0240780510	2006	2	6	37	0.36433
0240780510	2006	2	7	38	0.36242
0240780510	2006	2	8	39	0.36052
0240780510	2006	2	9	40	0.35871
0240780510	2006	2	10	41	0.3571
0240780510	2006	2	11	42	0.35969
0240780510	2006	2	12	43	0.3651
0240780510	2006	2	13	44	0.36256
0240780510	2006	2	14	45	0.3605
0240780510	2006	2	15	46	0.35808
0240780510	2006	2	16	47	0.35483
0240780510	2006	2	17	48	0.3515
0240780510	2006	2	18	49	0.34838
0240780510	2006	2	19	50	0.34725
0240780510	2006	2	20	51	0.34669
0240780510	2006	2	21	52	0.34546
0240780510	2006	2	22	53	0.344
0240780510	2006	2	23	54	0.36215
0240780510	2006	2	24	55	0.35754
0240780510	2006	2	25	56	0.35402
0240780510	2006	2	26	57	0.35119
0240780510	2006	2	27	58	0.3489
0240780510	2006	2	28	59	0.34717
0240780510	2006	3	1	60	0.3444
0240780510	2006	3	2	61	0.34112
0240780510	2006	3	3	62	0.3375
0240780510	2006	3	4	63	0.33481
0240780510	2006	3	5	64	0.33269
0240780510	2006	3	6	65	0.33121
0240780510	2006	3	7	66	0.33023
0240780510	2006	3	8	67	0.32854
0240780510	2006	3	9	68	0.32621
0240780510	2006	3	10	69	0.32348
0240780510	2006	3	11	70	0.32038
0240780510	2006	3	12	71	0.31704
0240780510	2006	3	13	72	0.31369
0240780510	2006	3	14	73	0.31073
0240780510	2006	3	15	74	0.30742
0240780510	2006	3	16	75	0.30444
0240780510	2006	3	17	76	0.30215
0240780510	2006	3	18	77	0.3
0240780510	2006	3	19	78	0.29771
0240780510	2006	3	20	79	0.29644
0240780510	2006	3	21	80	0.32958
0240780510	2006	3	22	81	0.3244
0240780510	2006	3	23	82	0.3195
0240780510	2006	3	24	83	0.33229
0240780510	2006	3	25	84	0.33454
0240780510	2006	3	26	85	0.33056
0240780510	2006	3	27	86	0.32752
0240780510	2006	3	28	87	0.32475
0240780510	2006	3	29	88	0.32194
0240780510	2006	3	30	89	0.31885
0240780510	2006	3	31	90	0.3156
0240780510	2006	4	1	91	0.31244
0240780510	2006	4	2	92	0.30894
0240780510	2006	4	3	93	0.32206
0240780510	2006	4	4	94	0.33179
0240780510	2006	4	5	95	0.32515
0240780510	2006	4	6	96	0.32088
0240780510	2006	4	7	97	0.31692
0240780510	2006	4	8	98	0.31604
0240780510	2006	4	9	99	0.33142
0240780510	2006	4	10	100	0.32598
0240780510	2006	4	11	101	0.32181
0240780510	2006	4	12	102	0.31813
0240780510	2006	4	13	103	0.31415
0240780510	2006	4	14	104	0.31004
0240780510	2006	4	15	105	0.30535
0240780510	2006	4	16	106	0.30052
0240780510	2006	4	17	107	0.2969
0240780510	2006	4	18	108	0.29452
0240780510	2006	4	19	109	0.29033
0240780510	2006	4	20	110	0.28512
0240780510	2006	4	21	111	0.27921
0240780510	2006	4	22	112	0.27935
0240780510	2006	4	23	113	0.27958
0240780510	2006	4	24	114	0.27381
0240780510	2006	4	25	115	0.26835
0240780510	2006	4	26	116	0.28279
0240780510	2006	4	27	117	0.30858
0240780510	2006	4	28	118	0.30515
0240780510	2006	4	29	119	0.29552
0240780510	2006	4	30	120	0.28819
0240780510	2006	5	1	121	0.28275
0240780510	2006	5	2	122	0.27794
0240780510	2006	5	3	123	0.27288
0240780510	2006	5	4	124	0.26769
0240780510	2006	5	5	125	0.27971
0240780510	2006	5	6	126	0.31802
0240780510	2006	5	7	127	0.31142
0240780510	2006	5	8	128	0.35333
0240780510	2006	5	9	129	0.34635
0240780510	2006	5	10	130	0.33821
0240780510	2006	5	11	131	0.33119
0240780510	2006	5	12	132	0.3244
0240780510	2006	5	13	133	0.31735
0240780510	2006	5	14	134	0.31554
0240780510	2006	5	15	135	0.34319
0240780510	2006	5	16	136	0.3879
0240780510	2006	5	17	137	0.36642
0240780510	2006	5	18	138	0.35363
0240780510	2006	5	19	139	0.35871
0240780510	2006	5	20	140	0.34725
0240780510	2006	5	21	141	0.34123
0240780510	2006	5	22	142	0.33133
0240780510	2006	5	23	143	0.3225
0240780510	2006	5	24	144	0.3145
0240780510	2006	5	25	145	0.30683
0240780510	2006	5	26	146	0.30592
0240780510	2006	5	27	147	0.3376
0240780510	2006	5	28	148	0.32606
0240780510	2006	5	29	149	0.31725
0240780510	2006	5	30	150	0.3094
0240780510	2006	5	31	151	0.30285
0240780510	2006	6	1	152	0.2974
0240780510	2006	6	2	153	0.29081
0240780510	2006	6	3	154	0.31142
0240780510	2006	6	4	155	0.31467
0240780510	2006	6	5	156	0.31219
0240780510	2006	6	6	157	0.31746
0240780510	2006	6	7	158	0.30856
0240780510	2006	6	8	159	0.30002
0240780510	2006	6	9	160	0.29323
0240780510	2006	6	10	161	0.28617
0240780510	2006	6	11	162	0.33165
0240780510	2006	6	12	163	0.32373
0240780510	2006	6	13	164	0.31933
0240780510	2006	6	14	165	0.33625
0240780510	2006	6	15	166	0.3395
0240780510	2006	6	16	167	0.33021
0240780510	2006	6	17	168	0.32175
0240780510	2006	6	18	169	0.3144
0240780510	2006	6	19	170	0.30704
0240780510	2006	6	20	171	0.29915
0240780510	2006	6	21	172	0.29304
0240780510	2006	6	22	173	0.28838
0240780510	2006	6	23	174	0.28171
0240780510	2006	6	24	175	0.27535
0240780510	2006	6	25	176	0.27435
0240780510	2006	6	26	177	0.30592
0240780510	2006	6	27	178	0.3324
0240780510	2006	6	28	179	0.33346
0240780510	2006	6	29	180	0.32467
0240780510	2006	6	30	181	0.3176
0240780510	2006	7	1	182	0.3111
0240780510	2006	7	2	183	0.30433
0240780510	2006	7	3	184	0.30213
0240780510	2006	7	4	185	0.31625
0240780510	2006	7	5	186	0.30525
0240780510	2006	7	6	187	0.29844
0240780510	2006	7	7	188	0.29552
0240780510	2006	7	8	189	0.2906
0240780510	2006	7	9	190	0.28442
0240780510	2006	7	10	191	0.27825
0240780510	2006	7	11	192	0.27185
0240780510	2006	7	12	193	0.26535
0240780510	2006	7	13	194	0.25879
0240780510	2006	7	14	195	0.27583
0240780510	2006	7	15	196	0.27119
0240780510	2006	7	16	197	0.26915
0240780510	2006	7	17	198	0.2644
0240780510	2006	7	18	199	0.25781
0240780510	2006	7	19	200	0.25129
0240780510	2006	7	20	201	0.24502
0240780510	2006	7	21	202	0.23879
0240780510	2006	7	22	203	0.23162
0240780510	2006	7	23	204	0.26246
0240780510	2006	7	24	205	0.30052
0240780510	2006	7	25	206	0.3136
0240780510	2006	7	26	207	0.32144
0240780510	2006	7	27	208	0.316
0240780510	2006	7	28	209	
0240780510	2006	7	29	210	
0240780510	2006	7	30	211	
0240780510	2006	7	31	212	
0240780510	2006	8	1	213	
0240780510	2006	8	2	214	
0240780510	2006	8	3	215	
0240780510	2006	8	4	216	
0240780510	2006	8	5	217	
0240780510	2006	8	6	218	
0240780510	2006	8	7	219	
0240780510	2006	8	8	220	
0240780510	2006	8	9	221	
0240780510	2006	8	10	222	
0240780510	2006	8	11	223	
0240780510	2006	8	12	224	
0240780510	2006	8	13	225	
0240780510	2006	8	14	226	
0240780510	2006	8	15	227	
0240780510	2006	8	16	228	
0240780510	2006	8	17	229	
0240780510	2006	8	18	230	
0240780510	2006	8	19	231	
0240780510	2006	8	20	232	
0240780510	2006	8	21	233	
0240780510	2006	8	22	234	
0240780510	2006	8	23	235	
0240780510	2006	8	24	236	
0240780510	2006	8	25	237	
0240780510	2006	8	26	238	
0240780510	2006	8	27	239	
0240780510	2006	8	28	240	
0240780510	2006	8	29	241	0.24052
0240780510	2006	8	30	242	0.25031
0240780510	2006	8	31	243	0.29356
0240780510	2006	9	1	244	0.42602
0240780510	2006	9	2	245	0.42525
0240780510	2006	9	3	246	0.39925
0240780510	2006	9	4	247	0.37554
0240780510	2006	9	5	248	0.37656
0240780510	2006	9	6	249	0.3979
0240780510	2006	9	7	250	0.38992
0240780510	2006	9	8	251	0.37888
0240780510	2006	9	9	252	0.36871
0240780510	2006	9	10	253	0.35673
0240780510	2006	9	11	254	0.34731
0240780510	2006	9	12	255	0.33906
0240780510	2006	9	13	256	0.33423
0240780510	2006	9	14	257	0.33717
0240780510	2006	9	15	258	0.33267
0240780510	2006	9	16	259	0.32667
0240780510	2006	9	17	260	0.32054
0240780510	2006	9	18	261	0.31435
0240780510	2006	9	19	262	0.3166
0240780510	2006	9	20	263	0.3371
0240780510	2006	9	21	264	0.32812
0240780510	2006	9	22	265	0.32204
0240780510	2006	9	23	266	0.31698
0240780510	2006	9	24	267	0.31192
0240780510	2006	9	25	268	0.30775
0240780510	2006	9	26	269	0.30421
0240780510	2006	9	27	270	0.29957
0240780510	2006	9	28	271	0.29517
0240780510	2006	9	29	272	0.29396
0240780510	2006	9	30	273	0.2914
0240780510	2006	10	1	274	0.28727
0240780510	2006	10	2	275	0.28321
0240780510	2006	10	3	276	0.27908
0240780510	2006	10	4	277	0.27479
0240780510	2006	10	5	278	0.27071
0240780510	2006	10	6	279	0.2749
0240780510	2006	10	7	280	0.29517
0240780510	2006	10	8	281	0.28983
0240780510	2006	10	9	282	0.28696
0240780510	2006	10	10	283	0.28406
0240780510	2006	10	11	284	0.2801
0240780510	2006	10	12	285	0.27767
0240780510	2006	10	13	286	0.27423
0240780510	2006	10	14	287	0.2715
0240780510	2006	10	15	288	0.26815
0240780510	2006	10	16	289	0.26554
0240780510	2006	10	17	290	0.26381
0240780510	2006	10	18	291	0.30388
0240780510	2006	10	19	292	0.29537
0240780510	2006	10	20	293	0.29033
0240780510	2006	10	21	294	0.2851
0240780510	2006	10	22	295	0.28242
0240780510	2006	10	23	296	0.28062
0240780510	2006	10	24	297	0.27669
0240780510	2006	10	25	298	0.27363
0240780510	2006	10	26	299	0.27121
0240780510	2006	10	27	300	0.27165
0240780510	2006	10	28	301	0.32227
0240780510	2006	10	29	302	0.30981
0240780510	2006	10	30	303	0.30498
0240780510	2006	10	31	304	0.30152
0240780510	2006	11	1	305	0.29854
0240780510	2006	11	2	306	0.29602
0240780510	2006	11	3	307	0.29331
0240780510	2006	11	4	308	0.29106
0240780510	2006	11	5	309	0.28954
0240780510	2006	11	6	310	0.28813
0240780510	2006	11	7	311	0.30235
0240780510	2006	11	8	312	0.33952
0240780510	2006	11	9	313	0.33119
0240780510	2006	11	10	314	0.3255
0240780510	2006	11	11	315	0.32113
0240780510	2006	11	12	316	0.34898
0240780510	2006	11	13	317	0.40712
0240780510	2006	11	14	318	0.39694
0240780510	2006	11	15	319	0.37994
0240780510	2006	11	16	320	0.37542
0240780510	2006	11	17	321	0.37798
0240780510	2006	11	18	322	0.36965
0240780510	2006	11	19	323	0.36227
0240780510	2006	11	20	324	0.35596
0240780510	2006	11	21	325	0.35321
0240780510	2006	11	22	326	
0240780510	2006	11	23	327	
0240780510	2006	11	24	328	
0240780510	2006	11	25	329	
0240780510	2006	11	26	330	
0240780510	2006	11	27	331	
0240780510	2006	11	28	332	
0240780510	2006	11	29	333	0.42054
0240780510	2006	11	30	334	0.40796
0240780510	2006	12	1	335	0.39594
0240780510	2006	12	2	336	0.3871
0240780510	2006	12	3	337	0.37817
0240780510	2006	12	4	338	0.37269
0240780510	2006	12	5	339	0.36725
0240780510	2006	12	6	340	0.36267
0240780510	2006	12	7	341	0.35888
0240780510	2006	12	8	342	0.35412
0240780510	2006	12	9	343	0.35112
0240780510	2006	12	10	344	0.34917
0240780510	2006	12	11	345	0.34675
0240780510	2006	12	12	346	0.34383
0240780510	2006	12	13	347	0.34119
0240780510	2006	12	14	348	0.33887
0240780510	2006	12	15	349	0.33627
0240780510	2006	12	16	350	0.33304
0240780510	2006	12	17	351	0.32952
0240780510	2006	12	18	352	0.32615
0240780510	2006	12	19	353	0.32312
0240780510	2006	12	20	354	0.3206
0240780510	2006	12	21	355	0.31853
0240780510	2006	12	22	356	0.3166
0240780510	2006	12	23	357	0.34406
0240780510	2006	12	24	358	0.34019
0240780510	2006	12	25	359	0.35033
0240780510	2006	12	26	360	0.36798
0240780510	2006	12	27	361	0.3596
0240780510	2006	12	28	362	0.35412
0240780510	2006	12	29	363	0.35033
0240780510	2006	12	30	364	0.34708
0240780510	2006	12	31	365	0.34392
0240780510	2007	1	1	1	0.3477
0240780510	2007	1	2	2	0.35371
0240780510	2007	1	3	3	0.3486
0240780510	2007	1	4	4	0.34548
0240780510	2007	1	5	5	0.34431
0240780510	2007	1	6	6	0.35842
0240780510	2007	1	7	7	0.35392
0240780510	2007	1	8	8	0.35104
0240780510	2007	1	9	9	0.34829
0240780510	2007	1	10	10	0.34594
0240780510	2007	1	11	11	0.3436
0240780510	2007	1	12	12	0.34177
0240780510	2007	1	13	13	0.33935
0240780510	2007	1	14	14	0.33663
0240780510	2007	1	15	15	0.33358
0240780510	2007	1	16	16	0.3311
0240780510	2007	1	17	17	0.3291
0240780510	2007	1	18	18	0.32873
0240780510	2007	1	19	19	0.33992
0240780510	2007	1	20	20	0.33798
0240780510	2007	1	21	21	0.33629
0240780510	2007	1	22	22	0.40042
0240780510	2007	1	23	23	0.39696
0240780510	2007	1	24	24	0.38398
0240780510	2007	1	25	25	0.37512
0240780510	2007	1	26	26	0.3685
0240780510	2007	1	27	27	0.36408
0240780510	2007	1	28	28	0.36477
0240780510	2007	1	29	29	0.37356
0240780510	2007	1	30	30	0.36844
0240780510	2007	1	31	31	0.36483
0240780510	2007	2	1	32	0.37027
0240780510	2007	2	2	33	0.39885
0240780510	2007	2	3	34	0.38944
0240780510	2007	2	4	35	0.37973
0240780510	2007	2	5	36	0.37367
0240780510	2007	2	6	37	0.36956
0240780510	2007	2	7	38	0.36698
0240780510	2007	2	8	39	0.36331
0240780510	2007	2	9	40	0.36067
0240780510	2007	2	10	41	0.35835
0240780510	2007	2	11	42	0.35573
0240780510	2007	2	12	43	0.3534
0240780510	2007	2	13	44	0.35098
0240780510	2007	2	14	45	0.36517
0240780510	2007	2	15	46	0.36088
0240780510	2007	2	16	47	0.35829
0240780510	2007	2	17	48	0.35621
0240780510	2007	2	18	49	0.35442
0240780510	2007	2	19	50	0.35196
0240780510	2007	2	20	51	0.3495
0240780510	2007	2	21	52	0.34638
0240780510	2007	2	22	53	0.34442
0240780510	2007	2	23	54	0.3414
0240780510	2007	2	24	55	0.33825
0240780510	2007	2	25	56	0.34275
0240780510	2007	2	26	57	0.35679
0240780510	2007	2	27	58	0.35258
0240780510	2007	2	28	59	
0240780510	2007	3	1	60	
0240780510	2007	3	2	61	
0240780510	2007	3	3	62	
0240780510	2007	3	4	63	
0240780510	2007	3	5	64	
0240780510	2007	3	6	65	
0240780510	2007	3	7	66	
0240780510	2007	3	8	67	0.3374
0240780510	2007	3	9	68	0.33567
0240780510	2007	3	10	69	0.33319
0240780510	2007	3	11	70	0.33025
0240780510	2007	3	12	71	0.32704
0240780510	2007	3	13	72	0.32413
0240780510	2007	3	14	73	0.32069
0240780510	2007	3	15	74	0.31696
0240780510	2007	3	16	75	0.33381
0240780510	2007	3	17	76	0.34696
0240780510	2007	3	18	77	0.34319
0240780510	2007	3	19	78	0.34035
0240780510	2007	3	20	79	0.33727
0240780510	2007	3	21	80	0.33346
0240780510	2007	3	22	81	0.33004
0240780510	2007	3	23	82	0.32621
0240780510	2007	3	24	83	0.32185
0240780510	2007	3	25	84	0.31769
0240780510	2007	3	26	85	0.3141
0240780510	2007	3	27	86	0.31031
0240780510	2007	3	28	87	0.3069
0240780510	2007	3	29	88	0.30617
0240780510	2007	3	30	89	0.30406
0240780510	2007	3	31	90	0.30156
0240780510	2007	4	1	91	0.29819
0240780510	2007	4	2	92	0.29408
0240780510	2007	4	3	93	0.28952
0240780510	2007	4	4	94	0.31083
0240780510	2007	4	5	95	0.30675
0240780510	2007	4	6	96	0.30246
0240780510	2007	4	7	97	0.3001
0240780510	2007	4	8	98	0.29817
0240780510	2007	4	9	99	0.29623
0240780510	2007	4	10	100	0.29423
0240780510	2007	4	11	101	0.29223
0240780510	2007	4	12	102	0.29931
0240780510	2007	4	13	103	0.29727
0240780510	2007	4	14	104	0.29306
0240780510	2007	4	15	105	0.33394
0240780510	2007	4	16	106	0.38108
0240780510	2007	4	17	107	0.36329
0240780510	2007	4	18	108	0.35219
0240780510	2007	4	19	109	0.34469
0240780510	2007	4	20	110	0.3389
0240780510	2007	4	21	111	0.33285
0240780510	2007	4	22	112	0.32671
0240780510	2007	4	23	113	0.32017
0240780510	2007	4	24	114	0.31385
0240780510	2007	4	25	115	0.30746
0240780510	2007	4	26	116	0.30135
0240780510	2007	4	27	117	0.29704
0240780510	2007	4	28	118	0.29262
0240780510	2007	4	29	119	0.28806
0240780510	2007	4	30	120	0.28269
0240780510	2007	5	1	121	0.2765
0240780510	2007	5	2	122	0.27033
0240780510	2007	5	3	123	0.26598
0240780510	2007	5	4	124	0.27513
0240780510	2007	5	5	125	0.27281
0240780510	2007	5	6	126	0.29846
0240780510	2007	5	7	127	0.28485
0240780510	2007	5	8	128	0.28258
0240780510	2007	5	9	129	0.30223
0240780510	2007	5	10	130	0.30012
0240780510	2007	5	11	131	0.2925
0240780510	2007	5	12	132	0.28729
0240780510	2007	5	13	133	0.28419
0240780510	2007	5	14	134	0.2799
0240780510	2007	5	15	135	0.27458
0240780510	2007	5	16	136	0.26869
0240780510	2007	5	17	137	0.27454
0240780510	2007	5	18	138	0.29933
0240780510	2007	5	19	139	0.29079
0240780510	2007	5	20	140	0.283
0240780510	2007	5	21	141	0.27592
0240780510	2007	5	22	142	0.26994
0240780510	2007	5	23	143	0.26421
0240780510	2007	5	24	144	0.25125
0240780510	2007	5	25	145	0.23744
0240780510	2007	5	26	146	0.23513
0240780510	2007	5	27	147	0.22954
0240780510	2007	5	28	148	0.22329
0240780510	2007	5	29	149	0.21704
0240780510	2007	5	30	150	0.21027
0240780510	2007	5	31	151	0.20408
0240780510	2007	6	1	152	0.19796
0240780510	2007	6	2	153	0.1921
0240780510	2007	6	3	154	0.27869
0240780510	2007	6	4	155	0.25548
0240780510	2007	6	5	156	0.24131
0240780510	2007	6	6	157	0.22906
0240780510	2007	6	7	158	0.21865
0240780510	2007	6	8	159	0.20888
0240780510	2007	6	9	160	0.19935
0240780510	2007	6	10	161	0.19125
0240780510	2007	6	11	162	0.18302
0240780510	2007	6	12	163	0.17471
0240780510	2007	6	13	164	0.16827
0240780510	2007	6	14	165	0.17296
0240780510	2007	6	15	166	0.16696
0240780510	2007	6	16	167	0.16358
0240780510	2007	6	17	168	0.15823
0240780510	2007	6	18	169	0.15054
0240780510	2007	6	19	170	0.14285
0240780510	2007	6	20	171	0.13785
0240780510	2007	6	21	172	0.13469
0240780510	2007	6	22	173	0.12908
0240780510	2007	6	23	174	0.12367
0240780510	2007	6	24	175	0.11873
0240780510	2007	6	25	176	0.11971
0240780510	2007	6	26	177	0.13037
0240780510	2007	6	27	178	0.12542
0240780510	2007	6	28	179	0.11915
0240780510	2007	6	29	180	0.1231
0240780510	2007	6	30	181	0.15698
0240780510	2007	7	1	182	0.2161
0240780510	2007	7	2	183	0.20448
0240780510	2007	7	3	184	0.19681
0240780510	2007	7	4	185	0.18965
0240780510	2007	7	5	186	0.18219
0240780510	2007	7	6	187	0.17488
0240780510	2007	7	7	188	0.16785
0240780510	2007	7	8	189	0.16294
0240780510	2007	7	9	190	0.15648
0240780510	2007	7	10	191	0.18133
0240780510	2007	7	11	192	0.22194
0240780510	2007	7	12	193	0.233
0240780510	2007	7	13	194	0.21754
0240780510	2007	7	14	195	0.208
0240780510	2007	7	15	196	0.19885
0240780510	2007	7	16	197	0.19017
0240780510	2007	7	17	198	0.20367
0240780510	2007	7	18	199	0.26821
0240780510	2007	7	19	200	0.24719
0240780510	2007	7	20	201	0.23629
0240780510	2007	7	21	202	0.22856
0240780510	2007	7	22	203	0.22071
0240780510	2007	7	23	204	0.21369
0240780510	2007	7	24	205	0.20667
0240780510	2007	7	25	206	0.19933
0240780510	2007	7	26	207	0.1921
0240780510	2007	7	27	208	0.1835
0240780510	2007	7	28	209	0.1715
0240780510	2007	7	29	210	0.16381
0240780510	2007	7	30	211	0.23117
0240780510	2007	7	31	212	0.25381
0240780510	2007	8	1	213	0.23562
0240780510	2007	8	2	214	0.22352
0240780510	2007	8	3	215	0.2146
0240780510	2007	8	4	216	0.20692
0240780510	2007	8	5	217	0.19917
0240780510	2007	8	6	218	0.19777
0240780510	2007	8	7	219	0.19202
0240780510	2007	8	8	220	0.17765
0240780510	2007	8	9	221	0.16733
0240780510	2007	8	10	222	0.17031
0240780510	2007	8	11	223	0.17733
0240780510	2007	8	12	224	0.17325
0240780510	2007	8	13	225	0.16769
0240780510	2007	8	14	226	0.16212
0240780510	2007	8	15	227	0.15658
0240780510	2007	8	16	228	0.15102
0240780510	2007	8	17	229	0.148
0240780510	2007	8	18	230	
0240780510	2007	8	19	231	
0240780510	2007	8	20	232	
0240780510	2007	8	21	233	
0240780510	2007	8	22	234	
0240780510	2007	8	23	235	
0240780510	2007	8	24	236	0.16039
0240780510	2007	8	25	237	0.15702
0240780510	2007	8	26	238	0.15181
0240780510	2007	8	27	239	0.14904
0240780510	2007	8	28	240	0.14512
0240780510	2007	8	29	241	0.13971
0240780510	2007	8	30	242	0.13412
0240780510	2007	8	31	243	0.12925
0240780510	2007	9	1	244	0.1258
0240780510	2007	9	2	245	
0240780510	2007	9	3	246	
0240780510	2007	9	4	247	
0240780510	2007	9	5	248	
0240780510	2007	9	6	249	0.10159
0240780510	2007	9	7	250	0.099062
0240780510	2007	9	8	251	0.096979
0240780510	2007	9	9	252	0.098479
0240780510	2007	9	10	253	0.096375
0240780510	2007	9	11	254	0.094104
0240780510	2007	9	12	255	0.0925
0240780510	2007	9	13	256	0.090729
0240780510	2007	9	14	257	0.090271
0240780510	2007	9	15	258	0.13069
0240780510	2007	9	16	259	0.12329
0240780510	2007	9	17	260	0.1186
0240780510	2007	9	18	261	0.11463
0240780510	2007	9	19	262	0.11144
0240780510	2007	9	20	263	0.1185
0240780510	2007	9	21	264	0.1591
0240780510	2007	9	22	265	0.15248
0240780510	2007	9	23	266	0.1465
0240780510	2007	9	24	267	0.14071
0240780510	2007	9	25	268	0.13512
0240780510	2007	9	26	269	0.13008
0240780510	2007	9	27	270	0.12744
0240780510	2007	9	28	271	0.12654
0240780510	2007	9	29	272	0.12135
0240780510	2007	9	30	273	0.116
0240780510	2007	10	1	274	0.1115
0240780510	2007	10	2	275	0.10575
0240780510	2007	10	3	276	0.099646
0240780510	2007	10	4	277	0.097063
0240780510	2007	10	5	278	0.095083
0240780510	2007	10	6	279	0.093208
0240780510	2007	10	7	280	0.091271
0240780510	2007	10	8	281	0.089542
0240780510	2007	10	9	282	0.087604
0240780510	2007	10	10	283	0.086458
0240780510	2007	10	11	284	0.085
0240780510	2007	10	12	285	0.083542
0240780510	2007	10	13	286	0.082479
0240780510	2007	10	14	287	0.081437
0240780510	2007	10	15	288	0.080458
0240780510	2007	10	16	289	0.079521
0240780510	2007	10	17	290	0.080104
0240780510	2007	10	18	291	0.088104
0240780510	2007	10	19	292	0.1005
0240780510	2007	10	20	293	0.10544
0240780510	2007	10	21	294	0.10092
0240780510	2007	10	22	295	0.097708
0240780510	2007	10	23	296	0.095125
0240780510	2007	10	24	297	0.093104
0240780510	2007	10	25	298	0.092
0240780510	2007	10	26	299	0.10185
0240780510	2007	10	27	300	0.13721
0240780510	2007	10	28	301	0.14327
0240780510	2007	10	29	302	0.14063
0240780510	2007	10	30	303	0.13827
0240780510	2007	10	31	304	0.13615
0240780510	2007	11	1	305	0.13371
0240780510	2007	11	2	306	0.1299
0240780510	2007	11	3	307	0.1264
0240780510	2007	11	4	308	0.12317
0240780510	2007	11	5	309	0.12
0240780510	2007	11	6	310	0.11758
0240780510	2007	11	7	311	0.11529
0240780510	2007	11	8	312	0.11317
0240780510	2007	11	9	313	0.11158
0240780510	2007	11	10	314	0.111
0240780510	2007	11	11	315	0.10958
0240780510	2007	11	12	316	0.10767
0240780510	2007	11	13	317	0.10315
0240780510	2007	11	14	318	0.098938
0240780510	2007	11	15	319	0.10413
0240780510	2007	11	16	320	0.11988
0240780510	2007	11	17	321	0.11967
0240780510	2007	11	18	322	0.11819
0240780510	2007	11	19	323	0.11621
0240780510	2007	11	20	324	0.11427
0240780510	2007	11	21	325	0.11198
0240780510	2007	11	22	326	0.10902
0240780510	2007	11	23	327	0.10613
0240780510	2007	11	24	328	0.1034
0240780510	2007	11	25	329	0.10156
0240780510	2007	11	26	330	0.10425
0240780510	2007	11	27	331	0.1189
0240780510	2007	11	28	332	0.12163
0240780510	2007	11	29	333	0.12021
0240780510	2007	11	30	334	0.11744
0240780510	2007	12	1	335	0.1146
0240780510	2007	12	2	336	0.11238
0240780510	2007	12	3	337	0.11144
0240780510	2007	12	4	338	0.1126
0240780510	2007	12	5	339	0.11171
0240780510	2007	12	6	340	0.11052
0240780510	2007	12	7	341	0.10923
0240780510	2007	12	8	342	0.10756
0240780510	2007	12	9	343	0.1056
0240780510	2007	12	10	344	0.1034
0240780510	2007	12	11	345	0.102
0240780510	2007	12	12	346	0.101
0240780510	2007	12	13	347	0.098562
0240780510	2007	12	14	348	0.096604
0240780510	2007	12	15	349	0.095771
0240780510	2007	12	16	350	0.12819
0240780510	2007	12	17	351	0.13681
0240780510	2007	12	18	352	0.13744
0240780510	2007	12	19	353	0.13798
0240780510	2007	12	20	354	0.137
0240780510	2007	12	21	355	0.13648
0240780510	2007	12	22	356	0.13513
0240780510	2007	12	23	357	0.13365
0240780510	2007	12	24	358	0.13119
0240780510	2007	12	25	359	0.12888
0240780510	2007	12	26	360	0.13627
0240780510	2007	12	27	361	0.14802
0240780510	2007	12	28	362	0.15042
0240780510	2007	12	29	363	0.14967
0240780510	2007	12	30	364	0.15535
0240780510	2007	12	31	365	0.16344
0240780510	2008	1	1	1	0.16209
0240780510	2008	1	2	2	0.15921
0240780510	2008	1	3	3	0.15746
0240780510	2008	1	4	4	0.15563
0240780510	2008	1	5	5	0.15394
0240780510	2008	1	6	6	0.15358
0240780510	2008	1	7	7	0.1516
0240780510	2008	1	8	8	0.14927
0240780510	2008	1	9	9	0.14644
0240780510	2008	1	10	10	0.14292
0240780510	2008	1	11	11	0.14333
0240780510	2008	1	12	12	0.14406
0240780510	2008	1	13	13	0.14148
0240780510	2008	1	14	14	0.13898
0240780510	2008	1	15	15	0.13658
0240780510	2008	1	16	16	0.13473
0240780510	2008	1	17	17	0.14135
0240780510	2008	1	18	18	0.15933
0240780510	2008	1	19	19	0.17229
0240780510	2008	1	20	20	0.18871
0240780510	2008	1	21	21	0.18356
0240780510	2008	1	22	22	0.18481
0240780510	2008	1	23	23	0.20069
0240780510	2008	1	24	24	0.19638
0240780510	2008	1	25	25	0.19171
0240780510	2008	1	26	26	0.18846
0240780510	2008	1	27	27	0.18706
0240780510	2008	1	28	28	0.18448
0240780510	2008	1	29	29	0.18206
0240780510	2008	1	30	30	0.17956
0240780510	2008	1	31	31	0.1774
0240780510	2008	2	1	32	0.19696
0240780510	2008	2	2	33	0.20396
0240780510	2008	2	3	34	0.19815
0240780510	2008	2	4	35	0.19325
0240780510	2008	2	5	36	0.18846
0240780510	2008	2	6	37	0.18292
0240780510	2008	2	7	38	0.17573
0240780510	2008	2	8	39	0.17015
0240780510	2008	2	9	40	0.16585
0240780510	2008	2	10	41	0.16073
0240780510	2008	2	11	42	0.15625
0240780510	2008	2	12	43	0.15331
0240780510	2008	2	13	44	0.19679
0240780510	2008	2	14	45	0.2125
0240780510	2008	2	15	46	0.20423
0240780510	2008	2	16	47	0.19871
0240780510	2008	2	17	48	0.19429
0240780510	2008	2	18	49	0.21808
0240780510	2008	2	19	50	0.2149
0240780510	2008	2	20	51	0.20667
0240780510	2008	2	21	52	0.20127
0240780510	2008	2	22	53	0.22727
0240780510	2008	2	23	54	0.22556
0240780510	2008	2	24	55	0.22135
0240780510	2008	2	25	56	0.215
0240780510	2008	2	26	57	0.21956
0240780510	2008	2	27	58	0.22358
0240780510	2008	2	28	59	0.21554
0240780510	2008	2	29	60	0.21044
0240780510	2008	3	1	61	0.20569
0240780510	2008	3	2	62	0.20081
0240780510	2008	3	3	63	0.19638
0240780510	2008	3	4	64	0.19125
0240780510	2008	3	5	65	0.22152
0240780510	2008	3	6	66	0.21498
0240780510	2008	3	7	67	0.21896
0240780510	2008	3	8	68	0.2376
0240780510	2008	3	9	69	0.22758
0240780510	2008	3	10	70	0.21919
0240780510	2008	3	11	71	0.21308
0240780510	2008	3	12	72	0.20723
0240780510	2008	3	13	73	0.20058
0240780510	2008	3	14	74	0.19377
0240780510	2008	3	15	75	0.19227
0240780510	2008	3	16	76	0.2246
0240780510	2008	3	17	77	0.21608
0240780510	2008	3	18	78	0.2084
0240780510	2008	3	19	79	0.19713
0240780510	2008	3	20	80	0.18954
0240780510	2008	3	21	81	0.18456
0240780510	2008	3	22	82	0.17883
0240780510	2008	3	23	83	0.1731
0240780510	2008	3	24	84	0.16808
0240780510	2008	3	25	85	0.16317
0240780510	2008	3	26	86	0.15831
0240780510	2008	3	27	87	0.15304
0240780510	2008	3	28	88	0.14756
0240780510	2008	3	29	89	0.14294
0240780510	2008	3	30	90	0.14119
0240780510	2008	3	31	91	0.1459
0240780510	2008	4	1	92	0.16465
0240780510	2008	4	2	93	0.1869
0240780510	2008	4	3	94	0.18212
0240780510	2008	4	4	95	0.20269
0240780510	2008	4	5	96	0.25887
0240780510	2008	4	6	97	0.26096
0240780510	2008	4	7	98	0.2471
0240780510	2008	4	8	99	0.23842
0240780510	2008	4	9	100	0.23304
0240780510	2008	4	10	101	0.22763
0240780510	2008	4	11	102	0.2196
0240780510	2008	4	12	103	0.21019
0240780510	2008	4	13	104	0.20208
0240780510	2008	4	14	105	0.19515
0240780510	2008	4	15	106	0.18952
0240780510	2008	4	16	107	0.18369
0240780510	2008	4	17	108	0.17788
0240780510	2008	4	18	109	0.17173
0240780510	2008	4	19	110	0.16446
0240780510	2008	4	20	111	0.17119
0240780510	2008	4	21	112	0.18929
0240780510	2008	4	22	113	0.23417
0240780510	2008	4	23	114	0.23608
0240780510	2008	4	24	115	0.22375
0240780510	2008	4	25	116	0.21298
0240780510	2008	4	26	117	0.20229
0240780510	2008	4	27	118	0.20308
0240780510	2008	4	28	119	0.24242
0240780510	2008	4	29	120	0.23344
0240780510	2008	4	30	121	0.22127
0240780510	2008	5	1	122	0.21133
0240780510	2008	5	2	123	0.20185
0240780510	2008	5	3	124	0.19229
0240780510	2008	5	4	125	0.18377
0240780510	2008	5	5	126	0.17681
0240780510	2008	5	6	127	0.16546
0240780510	2008	5	7	128	0.15435
0240780510	2008	5	8	129	0.14894
0240780510	2008	5	9	130	0.14481
0240780510	2008	5	10	131	0.13921
0240780510	2008	5	11	132	0.13856
0240780510	2008	5	12	133	0.1414
0240780510	2008	5	13	134	0.13762
0240780510	2008	5	14	135	0.13265
0240780510	2008	5	15	136	0.12785
0240780510	2008	5	16	137	0.12438
0240780510	2008	5	17	138	0.12127
0240780510	2008	5	18	139	0.11706
0240780510	2008	5	19	140	0.1139
0240780510	2008	5	20	141	0.1119
0240780510	2008	5	21	142	0.11531
0240780510	2008	5	22	143	0.11698
0240780510	2008	5	23	144	0.11544
0240780510	2008	5	24	145	0.11371
0240780510	2008	5	25	146	0.11185
0240780510	2008	5	26	147	0.10863
0240780510	2008	5	27	148	0.10533
0240780510	2008	5	28	149	0.10327
0240780510	2008	5	29	150	0.10519
0240780510	2008	5	30	151	0.10485
0240780510	2008	5	31	152	0.10338
0240780510	2008	6	1	153	0.10104
0240780510	2008	6	2	154	0.098667
0240780510	2008	6	3	155	0.096042
0240780510	2008	6	4	156	0.093771
0240780510	2008	6	5	157	0.091167
0240780510	2008	6	6	158	0.089104
0240780510	2008	6	7	159	0.087208
0240780510	2008	6	8	160	0.085292
0240780510	2008	6	9	161	0.083917
0240780510	2008	6	10	162	0.082187
0240780510	2008	6	11	163	0.080563
0240780510	2008	6	12	164	0.079125
0240780510	2008	6	13	165	0.077583
0240780510	2008	6	14	166	0.076583
0240780510	2008	6	15	167	0.075771
0240780510	2008	6	16	168	0.075417
0240780510	2008	6	17	169	0.0745
0240780510	2008	6	18	170	0.0735
0240780510	2008	6	19	171	0.072563
0240780510	2008	6	20	172	0.071958
0240780510	2008	6	21	173	0.074
0240780510	2008	6	22	174	0.074625
0240780510	2008	6	23	175	0.078
0240780510	2008	6	24	176	0.083083
0240780510	2008	6	25	177	0.08025
0240780510	2008	6	26	178	0.078562
0240780510	2008	6	27	179	0.077208
0240780510	2008	6	28	180	0.076104
0240780510	2008	6	29	181	0.07625
0240780510	2008	6	30	182	0.090667
0240780510	2008	7	1	183	0.093271
0240780510	2008	7	2	184	0.088354
0240780510	2008	7	3	185	0.084708
0240780510	2008	7	4	186	0.082083
0240780510	2008	7	5	187	0.081063
0240780510	2008	7	6	188	0.084771
0240780510	2008	7	7	189	0.081917
0240780510	2008	7	8	190	0.0865
0240780510	2008	7	9	191	0.088792
0240780510	2008	7	10	192	0.085458
0240780510	2008	7	11	193	0.11902
0240780510	2008	7	12	194	0.119
0240780510	2008	7	13	195	0.11031
0240780510	2008	7	14	196	0.105
0240780510	2008	7	15	197	0.10167
0240780510	2008	7	16	198	0.098604
0240780510	2008	7	17	199	0.095625
0240780510	2008	7	18	200	0.093104
0240780510	2008	7	19	201	0.090708
0240780510	2008	7	20	202	0.098562
0240780510	2008	7	21	203	0.10338
0240780510	2008	7	22	204	0.12819
0240780510	2008	7	23	205	0.13598
0240780510	2008	7	24	206	0.19231
0240780510	2008	7	25	207	0.16629
0240780510	2008	7	26	208	0.15212
0240780510	2008	7	27	209	0.14379
0240780510	2008	7	28	210	0.1441
0240780510	2008	7	29	211	0.13608
0240780510	2008	7	30	212	0.13927
0240780510	2008	7	31	213	0.18581
0240780510	2008	8	1	214	0.18344
0240780510	2008	8	2	215	0.16721
0240780510	2008	8	3	216	0.1546
0240780510	2008	8	4	217	0.14483
0240780510	2008	8	5	218	0.13544
0240780510	2008	8	6	219	0.12742
0240780510	2008	8	7	220	0.12021
0240780510	2008	8	8	221	0.11469
0240780510	2008	8	9	222	0.10992
0240780510	2008	8	10	223	0.10565
0240780510	2008	8	11	224	0.10187
0240780510	2008	8	12	225	0.098292
0240780510	2008	8	13	226	0.095854
0240780510	2008	8	14	227	0.094875
0240780510	2008	8	15	228	0.097417
0240780510	2008	8	16	229	0.11398
0240780510	2008	8	17	230	0.107
0240780510	2008	8	18	231	0.10204
0240780510	2008	8	19	232	0.098042
0240780510	2008	8	20	233	0.094979
0240780510	2008	8	21	234	0.092521
0240780510	2008	8	22	235	0.09
0240780510	2008	8	23	236	0.088146
0240780510	2008	8	24	237	0.086583
0240780510	2008	8	25	238	0.085167
0240780510	2008	8	26	239	0.084188
0240780510	2008	8	27	240	0.10154
0240780510	2008	8	28	241	0.11912
0240780510	2008	8	29	242	0.13821
0240780510	2008	8	30	243	0.13352
0240780510	2008	8	31	244	0.13065
0240780510	2008	9	1	245	0.12398
0240780510	2008	9	2	246	0.1166
0240780510	2008	9	3	247	0.1101
0240780510	2008	9	4	248	0.10473
0240780510	2008	9	5	249	0.117
0240780510	2008	9	6	250	0.15354
0240780510	2008	9	7	251	0.15169
0240780510	2008	9	8	252	0.14331
0240780510	2008	9	9	253	0.13529
0240780510	2008	9	10	254	0.13165
0240780510	2008	9	11	255	0.1284
0240780510	2008	9	12	256	0.12202
0240780510	2008	9	13	257	0.11548
0240780510	2008	9	14	258	0.10985
0240780510	2008	9	15	259	0.1051
0240780510	2008	9	16	260	0.10375
0240780510	2008	9	17	261	0.10456
0240780510	2008	9	18	262	0.1016
0240780510	2008	9	19	263	0.098563
0240780510	2008	9	20	264	0.096229
0240780510	2008	9	21	265	0.094312
0240780510	2008	9	22	266	0.092917
0240780510	2008	9	23	267	0.091125
0240780510	2008	9	24	268	0.089083
0240780510	2008	9	25	269	0.088167
0240780510	2008	9	26	270	0.099896
0240780510	2008	9	27	271	0.11058
0240780510	2008	9	28	272	0.11163
0240780510	2008	9	29	273	0.11015
0240780510	2008	9	30	274	0.10785
0240780510	2008	10	1	275	0.10956
0240780510	2008	10	2	276	0.11488
0240780510	2008	10	3	277	0.11271
0240780510	2008	10	4	278	0.10935
0240780510	2008	10	5	279	0.10523
0240780510	2008	10	6	280	0.10121
0240780510	2008	10	7	281	0.098042
0240780510	2008	10	8	282	0.095458
0240780510	2008	10	9	283	0.093187
0240780510	2008	10	10	284	0.093
0240780510	2008	10	11	285	0.092521
0240780510	2008	10	12	286	0.091042
0240780510	2008	10	13	287	0.089125
0240780510	2008	10	14	288	0.087208
0240780510	2008	10	15	289	0.085625
0240780510	2008	10	16	290	0.084563
0240780510	2008	10	17	291	0.084583
0240780510	2008	10	18	292	0.095042
0240780510	2008	10	19	293	0.093021
0240780510	2008	10	20	294	0.091229
0240780510	2008	10	21	295	0.089542
0240780510	2008	10	22	296	0.08817
0240780510	2008	10	23	297	0.086875
0240780510	2008	10	24	298	0.086
0240780510	2008	10	25	299	0.087333
0240780510	2008	10	26	300	0.088708
0240780510	2008	10	27	301	0.088313
0240780510	2008	10	28	302	0.087167
0240780510	2008	10	29	303	0.085625
0240780510	2008	10	30	304	0.084833
0240780510	2008	10	31	305	0.084479
0240780510	2008	11	1	306	0.083604
0240780510	2008	11	2	307	0.083313
0240780510	2008	11	3	308	0.083
0240780510	2008	11	4	309	0.096812
0240780510	2008	11	5	310	0.10708
0240780510	2008	11	6	311	0.10592
0240780510	2008	11	7	312	0.10556
0240780510	2008	11	8	313	0.10463
0240780510	2008	11	9	314	0.1031
0240780510	2008	11	10	315	0.10117
0240780510	2008	11	11	316	0.099563
0240780510	2008	11	12	317	0.098063
0240780510	2008	11	13	318	0.10317
0240780510	2008	11	14	319	0.11656
0240780510	2008	11	15	320	0.1401
0240780510	2008	11	16	321	0.15321
0240780510	2008	11	17	322	0.14585
0240780510	2008	11	18	323	0.14181
0240780510	2008	11	19	324	0.13954
0240780510	2008	11	20	325	0.13775
0240780510	2008	11	21	326	0.13754
0240780510	2008	11	22	327	0.13942
0240780510	2008	11	23	328	0.139
0240780510	2008	11	24	329	0.13852
0240780510	2008	11	25	330	0.13877
0240780510	2008	11	26	331	0.13856
0240780510	2008	11	27	332	0.13754
0240780510	2008	11	28	333	0.13656
0240780510	2008	11	29	334	0.13546
0240780510	2008	11	30	335	0.14548
0240780510	2008	12	1	336	0.16075
0240780510	2008	12	2	337	0.1586
0240780510	2008	12	3	338	0.15592
0240780510	2008	12	4	339	0.15329
0240780510	2008	12	5	340	0.15133
0240780510	2008	12	6	341	0.14954
0240780510	2008	12	7	342	0.14865
0240780510	2008	12	8	343	0.14767
0240780510	2008	12	9	344	0.147
0240780510	2008	12	10	345	0.14658
0240780510	2008	12	11	346	0.14867
0240780510	2008	12	12	347	
0240780510	2008	12	13	348	
0240780510	2008	12	14	349	
0240780510	2008	12	15	350	
0240780510	2008	12	16	351	
0240780510	2008	12	17	352	
0240780510	2008	12	18	353	
0240780510	2008	12	19	354	
0240780510	2008	12	20	355	
0240780510	2008	12	21	356	
0240780510	2008	12	22	357	
0240780510	2008	12	23	358	0.17527
0240780510	2008	12	24	359	0.17408
0240780510	2008	12	25	360	0.17465
0240780510	2008	12	26	361	0.17696
0240780510	2008	12	27	362	0.17729
0240780510	2008	12	28	363	0.17783
0240780510	2008	12	29	364	0.1791
0240780510	2008	12	30	365	0.18419
0240780510	2008	12	31	366	0.1791
0240780510	2009	1	1	1	
0240780510	2009	1	2	2	
0240780510	2009	1	3	3	
0240780510	2009	1	4	4	
0240780510	2009	1	5	5	
0240780510	2009	1	6	6	
0240780510	2009	1	7	7	
0240780510	2009	1	8	8	0.27413
0240780510	2009	1	9	9	0.28129
0240780510	2009	1	10	10	0.2794
0240780510	2009	1	11	11	0.27652
0240780510	2009	1	12	12	0.28072
0240780510	2009	1	13	13	0.3087
0240780510	2009	1	14	14	0.32846
0240780510	2009	1	15	15	0.31704
0240780510	2009	1	16	16	0.31011
0240780510	2009	1	17	17	0.29504
0240780510	2009	1	18	18	0.3101
0240780510	2009	1	19	19	0.34306
0240780510	2009	1	20	20	0.32354
0240780510	2009	1	21	21	0.31713
0240780510	2009	1	22	22	0.33352
0240780510	2009	1	23	23	0.34929
0240780510	2009	1	24	24	0.32552
0240780510	2009	1	25	25	0.31341
0240780510	2009	1	26	26	0.30688
0240780510	2009	1	27	27	0.29987
0240780510	2009	1	28	28	0.29784
0240780510	2009	1	29	29	0.32377
0240780510	2009	1	30	30	0.30967
0240780510	2009	1	31	31	0.30346
0240780510	2009	2	1	32	0.29893
0240780510	2009	2	2	33	0.29037
0240780510	2009	2	3	34	0.28613
0240780510	2009	2	4	35	0.2877
0240780510	2009	2	5	36	0.28809
0240780510	2009	2	6	37	0.28238
0240780510	2009	2	7	38	0.28151
0240780510	2009	2	8	39	0.27096
0240780510	2009	2	9	40	0.2629
0240780510	2009	2	10	41	0.25685
0240780510	2009	2	11	42	0.24582
0240780510	2009	2	12	43	0.23381
0240780510	2009	2	13	44	0.22946
0240780510	2009	2	14	45	0.22709
0240780510	2009	2	15	46	0.22599
0240780510	2009	2	16	47	0.22553
0240780510	2009	2	17	48	0.22668
0240780510	2009	2	18	49	0.26212
0240780510	2009	2	19	50	0.3115
0240780510	2009	2	20	51	0.28891
0240780510	2009	2	21	52	0.28352
0240780510	2009	2	22	53	0.27668
0240780510	2009	2	23	54	0.27302
0240780510	2009	2	24	55	0.27138
0240780510	2009	2	25	56	0.26895
0240780510	2009	2	26	57	0.26401
0240780510	2009	2	27	58	0.25355
0240780510	2009	2	28	59	0.29954
0240780510	2009	3	1	60	0.35034
0240780510	2009	3	2	61	0.33853
0240780510	2009	3	3	62	0.32036
0240780510	2009	3	4	63	0.31062
0240780510	2009	3	5	64	0.30831
0240780510	2009	3	6	65	0.29727
0240780510	2009	3	7	66	0.27968
0240780510	2009	3	8	67	0.26286
0240780510	2009	3	9	68	0.24705
0240780510	2009	3	10	69	0.23849
0240780510	2009	3	11	70	0.22966
0240780510	2009	3	12	71	0.22161
0240780510	2009	3	13	72	0.22268
0240780510	2009	3	14	73	0.23561
0240780510	2009	3	15	74	0.29615
0240780510	2009	3	16	75	0.3239
0240780510	2009	3	17	76	0.33093
0240780510	2009	3	18	77	0.30382
0240780510	2009	3	19	78	0.28519
0240780510	2009	3	20	79	0.30203
0240780510	2009	3	21	80	0.29181
0240780510	2009	3	22	81	0.28182
0240780510	2009	3	23	82	0.27257
0240780510	2009	3	24	83	0.26787
0240780510	2009	3	25	84	0.26499
0240780510	2009	3	26	85	0.25745
0240780510	2009	3	27	86	0.28469
0240780510	2009	3	28	87	0.32948
0240780510	2009	3	29	88	0.30694
0240780510	2009	3	30	89	0.27926
0240780510	2009	3	31	90	0.26878
0240780510	2009	4	1	91	0.25854
0240780510	2009	4	2	92	0.25221
0240780510	2009	4	3	93	0.24372
0240780510	2009	4	4	94	0.23338
0240780510	2009	4	5	95	0.22573
0240780510	2009	4	6	96	0.24235
0240780510	2009	4	7	97	0.26014
0240780510	2009	4	8	98	0.25347
0240780510	2009	4	9	99	0.24375
0240780510	2009	4	10	100	0.23119
0240780510	2009	4	11	101	0.28888
0240780510	2009	4	12	102	0.27053
0240780510	2009	4	13	103	0.25683
0240780510	2009	4	14	104	0.24583
0240780510	2009	4	15	105	0.25061
0240780510	2009	4	16	106	0.24476
0240780510	2009	4	17	107	0.23604
0240780510	2009	4	18	108	0.22211
0240780510	2009	4	19	109	0.2086
0240780510	2009	4	20	110	0.20603
0240780510	2009	4	21	111	0.20492
0240780510	2009	4	22	112	0.20288
0240780510	2009	4	23	113	0.1983
0240780510	2009	4	24	114	0.18405
0240780510	2009	4	25	115	0.16606
0240780510	2009	4	26	116	0.15282
0240780510	2009	4	27	117	0.14225
0240780510	2009	4	28	118	0.13639
0240780510	2009	4	29	119	0.13228
0240780510	2009	4	30	120	0.13145
0240780510	2009	5	1	121	0.12636
0240780510	2009	5	2	122	0.12115
0240780510	2009	5	3	123	0.11795
0240780510	2009	5	4	124	0.11921
0240780510	2009	5	5	125	0.1264
0240780510	2009	5	6	126	0.12673
0240780510	2009	5	7	127	0.12387
0240780510	2009	5	8	128	0.12403
0240780510	2009	5	9	129	0.11908
0240780510	2009	5	10	130	0.11843
0240780510	2009	5	11	131	0.12452
0240780510	2009	5	12	132	0.12807
0240780510	2009	5	13	133	0.12689
0240780510	2009	5	14	134	0.12522
0240780510	2009	5	15	135	0.11884
0240780510	2009	5	16	136	0.11714
0240780510	2009	5	17	137	0.11753
0240780510	2009	5	18	138	0.13433
0240780510	2009	5	19	139	0.13378
0240780510	2009	5	20	140	0.132
0240780510	2009	5	21	141	0.1282
0240780510	2009	5	22	142	0.12532
0240780510	2009	5	23	143	0.12097
0240780510	2009	5	24	144	0.12288
0240780510	2009	5	25	145	0.12429
0240780510	2009	5	26	146	0.12207
0240780510	2009	5	27	147	0.11996
0240780510	2009	5	28	148	0.11577
0240780510	2009	5	29	149	0.11332
0240780510	2009	5	30	150	0.11131
0240780510	2009	5	31	151	0.11471
0240780510	2009	6	1	152	0.11328
0240780510	2009	6	2	153	0.10573
0240780510	2009	6	3	154	0.12521
0240780510	2009	6	4	155	
0240780510	2009	6	5	156	0.12636
0240780510	2009	6	6	157	0.1498
0240780510	2009	6	7	158	0.14136
0240780510	2009	6	8	159	0.14881
0240780510	2009	6	9	160	0.14308
0240780510	2009	6	10	161	0.14304
0240780510	2009	6	11	162	
0240780510	2009	6	12	163	0.13426
0240780510	2009	6	13	164	0.12837
0240780510	2009	6	14	165	0.12336
0240780510	2009	6	15	166	
0240780510	2009	6	16	167	
0240780510	2009	6	17	168	
0240780510	2009	6	18	169	0.14728
0240780510	2009	6	19	170	0.14069
0240780510	2009	6	20	171	0.13315
0240780510	2009	6	21	172	0.12756
0240780510	2009	6	22	173	0.12652
0240780510	2009	6	23	174	0.12632
0240780510	2009	6	24	175	0.12473
0240780510	2009	6	25	176	0.12096
0240780510	2009	6	26	177	0.11638
0240780510	2009	6	27	178	0.11404
0240780510	2009	6	28	179	0.11421
0240780510	2009	6	29	180	0.11101
0240780510	2009	6	30	181	0.10825
0240780510	2009	7	1	182	0.10396
0240780510	2009	7	2	183	0.1005
0240780510	2009	7	3	184	0.10084
0240780510	2009	7	4	185	0.10078
0240780510	2009	7	5	186	0.10043
0240780510	2009	7	6	187	0.13475
0240780510	2009	7	7	188	0.12382
0240780510	2009	7	8	189	0.12048
0240780510	2009	7	9	190	0.11815
0240780510	2009	7	10	191	0.11898
0240780510	2009	7	11	192	0.11839
0240780510	2009	7	12	193	0.11339
0240780510	2009	7	13	194	0.11152
0240780510	2009	7	14	195	0.11278
0240780510	2009	7	15	196	0.11333
0240780510	2009	7	16	197	0.11145
0240780510	2009	7	17	198	0.11802
0240780510	2009	7	18	199	0.14061
0240780510	2009	7	19	200	0.13672
0240780510	2009	7	20	201	0.13481
0240780510	2009	7	21	202	0.13554
0240780510	2009	7	22	203	0.13384
0240780510	2009	7	23	204	0.13059
0240780510	2009	7	24	205	0.13684
0240780510	2009	7	25	206	0.13437
0240780510	2009	7	26	207	0.12957
0240780510	2009	7	27	208	0.13267
0240780510	2009	7	28	209	0.13334
0240780510	2009	7	29	210	0.14045
0240780510	2009	7	30	211	0.14228
0240780510	2009	7	31	212	0.1341
0240780510	2009	8	1	213	0.13244
0240780510	2009	8	2	214	0.14557
0240780510	2009	8	3	215	0.15557
0240780510	2009	8	4	216	0.1497
0240780510	2009	8	5	217	0.14282
0240780510	2009	8	6	218	0.15256
0240780510	2009	8	7	219	0.16592
0240780510	2009	8	8	220	0.15885
0240780510	2009	8	9	221	0.15045
0240780510	2009	8	10	222	0.14108
0240780510	2009	8	11	223	0.13322
0240780510	2009	8	12	224	0.14906
0240780510	2009	8	13	225	0.18189
0240780510	2009	8	14	226	0.19826
0240780510	2009	8	15	227	0.1931
0240780510	2009	8	16	228	0.18654
0240780510	2009	8	17	229	0.17967
0240780510	2009	8	18	230	0.17231
0240780510	2009	8	19	231	0.16607
0240780510	2009	8	20	232	0.15977
0240780510	2009	8	21	233	0.15438
0240780510	2009	8	22	234	0.16835
0240780510	2009	8	23	235	0.19416
0240780510	2009	8	24	236	0.18964
0240780510	2009	8	25	237	0.18543
0240780510	2009	8	26	238	0.17989
0240780510	2009	8	27	239	0.17341
0240780510	2009	8	28	240	0.16881
0240780510	2009	8	29	241	0.16628
0240780510	2009	8	30	242	0.17394
0240780510	2009	8	31	243	0.23702
0240780510	2009	9	1	244	0.22425
0240780510	2009	9	2	245	0.21654
0240780510	2009	9	3	246	0.21011
0240780510	2009	9	4	247	0.20435
0240780510	2009	9	5	248	0.1988
0240780510	2009	9	6	249	0.19227
0240780510	2009	9	7	250	0.19584
0240780510	2009	9	8	251	0.23339
0240780510	2009	9	9	252	0.22376
0240780510	2009	9	10	253	0.21734
0240780510	2009	9	11	254	0.21391
0240780510	2009	9	12	255	0.20807
0240780510	2009	9	13	256	0.20121
0240780510	2009	9	14	257	0.19624
0240780510	2009	9	15	258	0.18963
0240780510	2009	9	16	259	0.18245
0240780510	2009	9	17	260	0.17671
0240780510	2009	9	18	261	0.1748
0240780510	2009	9	19	262	0.17227
0240780510	2009	9	20	263	0.16974
0240780510	2009	9	21	264	0.16631
0240780510	2009	9	22	265	0.15972
0240780510	2009	9	23	266	0.19003
0240780510	2009	9	24	267	0.22072
0240780510	2009	9	25	268	0.21281
0240780510	2009	9	26	269	0.2108
0240780510	2009	9	27	270	0.24621
0240780510	2009	9	28	271	0.23339
0240780510	2009	9	29	272	0.23346
0240780510	2009	9	30	273	0.23123
0240780510	2009	10	1	274	0.22764
0240780510	2009	10	2	275	0.22319
0240780510	2009	10	3	276	0.21532
0240780510	2009	10	4	277	0.22145
0240780510	2009	10	5	278	0.21699
0240780510	2009	10	6	279	0.21818
0240780510	2009	10	7	280	0.21448
0240780510	2009	10	8	281	0.21289
0240780510	2009	10	9	282	0.20875
0240780510	2009	10	10	283	0.19845
0240780510	2009	10	11	284	0.19983
0240780510	2009	10	12	285	0.201
0240780510	2009	10	13	286	0.19936
0240780510	2009	10	14	287	0.19913
0240780510	2009	10	15	288	0.21276
0240780510	2009	10	16	289	0.21345
0240780510	2009	10	17	290	0.21594
0240780510	2009	10	18	291	0.21773
0240780510	2009	10	19	292	0.21868
0240780510	2009	10	20	293	0.21846
0240780510	2009	10	21	294	0.21429
0240780510	2009	10	22	295	0.20912
0240780510	2009	10	23	296	0.2013
0240780510	2009	10	24	297	0.19176
0240780510	2009	10	25	298	0.18745
0240780510	2009	10	26	299	0.18977
0240780510	2009	10	27	300	0.18943
0240780510	2009	10	28	301	0.18518
0240780510	2009	10	29	302	0.18433
0240780510	2009	10	30	303	0.18368
0240780510	2009	10	31	304	0.17863
0240780510	2009	11	1	305	0.18578
0240780510	2009	11	2	306	0.18684
0240780510	2009	11	3	307	0.17803
0240780510	2009	11	4	308	0.18308
0240780510	2009	11	5	309	0.18592
0240780510	2009	11	6	310	0.18897
0240780510	2009	11	7	311	0.19144
0240780510	2009	11	8	312	0.18951
0240780510	2009	11	9	313	0.18595
0240780510	2009	11	10	314	0.18428
0240780510	2009	11	11	315	0.27068
0240780510	2009	11	12	316	0.3667
0240780510	2009	11	13	317	0.41037
0240780510	2009	11	14	318	0.39179
0240780510	2009	11	15	319	0.36495
0240780510	2009	11	16	320	0.34445
0240780510	2009	11	17	321	0.33011
0240780510	2009	11	18	322	0.31899
0240780510	2009	11	19	323	0.31147
0240780510	2009	11	20	324	0.30897
0240780510	2009	11	21	325	0.30966
0240780510	2009	11	22	326	0.30694
0240780510	2009	11	23	327	0.31478
0240780510	2009	11	24	328	0.31331
0240780510	2009	11	25	329	0.30847
0240780510	2009	11	26	330	0.30704
0240780510	2009	11	27	331	0.31092
0240780510	2009	11	28	332	0.31077
0240780510	2009	11	29	333	0.30793
0240780510	2009	11	30	334	0.30166
0240780510	2009	12	1	335	0.30486
0240780510	2009	12	2	336	0.31461
0240780510	2009	12	3	337	
0240780510	2009	12	4	338	
0240780510	2009	12	5	339	
0240780510	2009	12	6	340	
0240780510	2009	12	7	341	
0240780510	2009	12	8	342	
0240780510	2009	12	9	343	
0240780510	2009	12	10	344	
0240780510	2009	12	11	345	
0240780510	2009	12	12	346	
0240780510	2009	12	13	347	
0240780510	2009	12	14	348	
0240780510	2009	12	15	349	
0240780510	2009	12	16	350	
0240780510	2009	12	17	351	
0240780510	2009	12	18	352	
0240780510	2009	12	19	353	
0240780510	2009	12	20	354	
0240780510	2009	12	21	355	
0240780510	2009	12	22	356	
0240780510	2009	12	23	357	
0240780510	2009	12	24	358	
0240780510	2009	12	25	359	
0240780510	2009	12	26	360	
0240780510	2009	12	27	361	
0240780510	2009	12	28	362	
0240780510	2009	12	29	363	
0240780510	2009	12	30	364	
0240780510	2009	12	31	365	
0240780510	2010	1	1	1	
0240780510	2010	1	2	2	
0240780510	2010	1	3	3	
0240780510	2010	1	4	4	
0240780510	2010	1	5	5	
0240780510	2010	1	6	6	
0240780510	2010	1	7	7	
0240780510	2010	1	8	8	
0240780510	2010	1	9	9	
0240780510	2010	1	10	10	
0240780510	2010	1	11	11	
0240780510	2010	1	12	12	
0240780510	2010	1	13	13	
0240780510	2010	1	14	14	
0240780510	2010	1	15	15	
0240780510	2010	1	16	16	
0240780510	2010	1	17	17	
0240780510	2010	1	18	18	
0240780510	2010	1	19	19	
0240780510	2010	1	20	20	
0240780510	2010	1	21	21	
0240780510	2010	1	22	22	
0240780510	2010	1	23	23	
0240780510	2010	1	24	24	
0240780510	2010	1	25	25	
0240780510	2010	1	26	26	
0240780510	2010	1	27	27	
0240780510	2010	1	28	28	
0240780510	2010	1	29	29	
0240780510	2010	1	30	30	
0240780510	2010	1	31	31	
0240780510	2010	2	1	32	
0240780510	2010	2	2	33	
0240780510	2010	2	3	34	
0240780510	2010	2	4	35	
0240780510	2010	2	5	36	
0240780510	2010	2	6	37	
0240780510	2010	2	7	38	
0240780510	2010	2	8	39	
0240780510	2010	2	9	40	
0240780510	2010	2	10	41	
0240780510	2010	2	11	42	
0240780510	2010	2	12	43	
0240780510	2010	2	13	44	
0240780510	2010	2	14	45	
0240780510	2010	2	15	46	
0240780510	2010	2	16	47	
0240780510	2010	2	17	48	
0240780510	2010	2	18	49	
0240780510	2010	2	19	50	
0240780510	2010	2	20	51	
0240780510	2010	2	21	52	
0240780510	2010	2	22	53	
0240780510	2010	2	23	54	
0240780510	2010	2	24	55	
0240780510	2010	2	25	56	
0240780510	2010	2	26	57	
0240780510	2010	2	27	58	
0240780510	2010	2	28	59	
0240780510	2010	3	1	60	
0240780510	2010	3	2	61	
0240780510	2010	3	3	62	
0240780510	2010	3	4	63	
0240780510	2010	3	5	64	
0240780510	2010	3	6	65	
0240780510	2010	3	7	66	
0240780510	2010	3	8	67	
0240780510	2010	3	9	68	
0240780510	2010	3	10	69	
0240780510	2010	3	11	70	
0240780510	2010	3	12	71	
0240780510	2010	3	13	72	
0240780510	2010	3	14	73	
0240780510	2010	3	15	74	
0240780510	2010	3	16	75	
0240780510	2010	3	17	76	
0240780510	2010	3	18	77	
0240780510	2010	3	19	78	
0240780510	2010	3	20	79	
0240780510	2010	3	21	80	
0240780510	2010	3	22	81	
0240780510	2010	3	23	82	
0240780510	2010	3	24	83	
0240780510	2010	3	25	84	
0240780510	2010	3	26	85	
0240780510	2010	3	27	86	
0240780510	2010	3	28	87	
0240780510	2010	3	29	88	
0240780510	2010	3	30	89	
0240780510	2010	3	31	90	
0240780510	2010	4	1	91	
0240780510	2010	4	2	92	
0240780510	2010	4	3	93	
0240780510	2010	4	4	94	
0240780510	2010	4	5	95	
0240780510	2010	4	6	96	
0240780510	2010	4	7	97	
0240780510	2010	4	8	98	
0240780510	2010	4	9	99	
0240780510	2010	4	10	100	
0240780510	2010	4	11	101	
0240780510	2010	4	12	102	
0240780510	2010	4	13	103	
0240780510	2010	4	14	104	
0240780510	2010	4	15	105	
0240780510	2010	4	16	106	
0240780510	2010	4	17	107	
0240780510	2010	4	18	108	
0240780510	2010	4	19	109	
0240780510	2010	4	20	110	
0240780510	2010	4	21	111	
0240780510	2010	4	22	112	
0240780510	2010	4	23	113	
0240780510	2010	4	24	114	
0240780510	2010	4	25	115	
0240780510	2010	4	26	116	
0240780510	2010	4	27	117	
0240780510	2010	4	28	118	
0240780510	2010	4	29	119	
0240780510	2010	4	30	120	
0240780510	2010	5	1	121	
0240780510	2010	5	2	122	
0240780510	2010	5	3	123	
0240780510	2010	5	4	124	
0240780510	2010	5	5	125	
0240780510	2010	5	6	126	
0240780510	2010	5	7	127	
0240780510	2010	5	8	128	
0240780510	2010	5	9	129	
0240780510	2010	5	10	130	
0240780510	2010	5	11	131	
0240780510	2010	5	12	132	
0240780510	2010	5	13	133	
0240780510	2010	5	14	134	
0240780510	2010	5	15	135	
0240780510	2010	5	16	136	
0240780510	2010	5	17	137	
0240780510	2010	5	18	138	
0240780510	2010	5	19	139	
0240780510	2010	5	20	140	
0240780510	2010	5	21	141	
0240780510	2010	5	22	142	
0240780510	2010	5	23	143	
0240780510	2010	5	24	144	
0240780510	2010	5	25	145	
0240780510	2010	5	26	146	
0240780510	2010	5	27	147	
0240780510	2010	5	28	148	
0240780510	2010	5	29	149	
0240780510	2010	5	30	150	
0240780510	2010	5	31	151	
0240780510	2010	6	1	152	
0240780510	2010	6	2	153	
0240780510	2010	6	3	154	
0240780510	2010	6	4	155	
0240780510	2010	6	5	156	
0240780510	2010	6	6	157	
0240780510	2010	6	7	158	
0240780510	2010	6	8	159	
0240780510	2010	6	9	160	
0240780510	2010	6	10	161	
0240780510	2010	6	11	162	
0240780510	2010	6	12	163	
0240780510	2010	6	13	164	
0240780510	2010	6	14	165	
0240780510	2010	6	15	166	
0240780510	2010	6	16	167	
0240780510	2010	6	17	168	
0240780510	2010	6	18	169	
0240780510	2010	6	19	170	
0240780510	2010	6	20	171	
0240780510	2010	6	21	172	
0240780510	2010	6	22	173	
0240780510	2010	6	23	174	
0240780510	2010	6	24	175	
0240780510	2010	6	25	176	
0240780510	2010	6	26	177	
0240780510	2010	6	27	178	
0240780510	2010	6	28	179	
0240780510	2010	6	29	180	
0240780510	2010	6	30	181	
0240780510	2010	7	1	182	
0240780510	2010	7	2	183	
0240780510	2010	7	3	184	
0240780510	2010	7	4	185	
0240780510	2010	7	5	186	
0240780510	2010	7	6	187	
0240780510	2010	7	7	188	
0240780510	2010	7	8	189	
0240780510	2010	7	9	190	
0240780510	2010	7	10	191	
0240780510	2010	7	11	192	
0240780510	2010	7	12	193	
0240780510	2010	7	13	194	
0240780510	2010	7	14	195	
0240780510	2010	7	15	196	
0240780510	2010	7	16	197	
0240780510	2010	7	17	198	
0240780510	2010	7	18	199	
0240780510	2010	7	19	200	
0240780510	2010	7	20	201	
0240780510	2010	7	21	202	
0240780510	2010	7	22	203	
0240780510	2010	7	23	204	
0240780510	2010	7	24	205	
0240780510	2010	7	25	206	
0240780510	2010	7	26	207	
0240780510	2010	7	27	208	
0240780510	2010	7	28	209	
0240780510	2010	7	29	210	
0240780510	2010	7	30	211	
0240780510	2010	7	31	212	
0240780510	2010	8	1	213	
0240780510	2010	8	2	214	
0240780510	2010	8	3	215	
0240780510	2010	8	4	216	
0240780510	2010	8	5	217	
0240780510	2010	8	6	218	
0240780510	2010	8	7	219	
0240780510	2010	8	8	220	
0240780510	2010	8	9	221	
0240780510	2010	8	10	222	
0240780510	2010	8	11	223	
0240780510	2010	8	12	224	
0240780510	2010	8	13	225	
0240780510	2010	8	14	226	
0240780510	2010	8	15	227	
0240780510	2010	8	16	228	
0240780510	2010	8	17	229	
0240780510	2010	8	18	230	
0240780510	2010	8	19	231	
0240780510	2010	8	20	232	
0240780510	2010	8	21	233	
0240780510	2010	8	22	234	
0240780510	2010	8	23	235	
0240780510	2010	8	24	236	
0240780510	2010	8	25	237	
0240780510	2010	8	26	238	
0240780510	2010	8	27	239	
0240780510	2010	8	28	240	
0240780510	2010	8	29	241	
0240780510	2010	8	30	242	
0240780510	2010	8	31	243	
0240780510	2010	9	1	244	
0240780510	2010	9	2	245	
0240780510	2010	9	3	246	
0240780510	2010	9	4	247	
0240780510	2010	9	5	248	
0240780510	2010	9	6	249	
0240780510	2010	9	7	250	
0240780510	2010	9	8	251	
0240780510	2010	9	9	252	
0240780510	2010	9	10	253	
0240780510	2010	9	11	254	
0240780510	2010	9	12	255	
0240780510	2010	9	13	256	
0240780510	2010	9	14	257	
0240780510	2010	9	15	258	
0240780510	2010	9	16	259	
0240780510	2010	9	17	260	
0240780510	2010	9	18	261	
0240780510	2010	9	19	262	
0240780510	2010	9	20	263	
0240780510	2010	9	21	264	
0240780510	2010	9	22	265	
0240780510	2010	9	23	266	
0240780510	2010	9	24	267	
0240780510	2010	9	25	268	
0240780510	2010	9	26	269	
0240780510	2010	9	27	270	
0240780510	2010	9	28	271	
0240780510	2010	9	29	272	
0240780510	2010	9	30	273	
0240780510	2010	10	1	274	
0240780510	2010	10	2	275	
0240780510	2010	10	3	276	
0240780510	2010	10	4	277	
0240780510	2010	10	5	278	
0240780510	2010	10	6	279	
0240780510	2010	10	7	280	
0240780510	2010	10	8	281	
0240780510	2010	10	9	282	
0240780510	2010	10	10	283	
0240780510	2010	10	11	284	
0240780510	2010	10	12	285	
0240780510	2010	10	13	286	
0240780510	2010	10	14	287	
0240780510	2010	10	15	288	
0240780510	2010	10	16	289	
0240780510	2010	10	17	290	
0240780510	2010	10	18	291	
0240780510	2010	10	19	292	
0240780510	2010	10	20	293	
0240780510	2010	10	21	294	
0240780510	2010	10	22	295	
0240780510	2010	10	23	296	
0240780510	2010	10	24	297	
0240780510	2010	10	25	298	
0240780510	2010	10	26	299	
0240780510	2010	10	27	300	
0240780510	2010	10	28	301	
0240780510	2010	10	29	302	
0240780510	2010	10	30	303	
0240780510	2010	10	31	304	
0240780510	2010	11	1	305	
0240780510	2010	11	2	306	
0240780510	2010	11	3	307	
0240780510	2010	11	4	308	
0240780510	2010	11	5	309	
0240780510	2010	11	6	310	
0240780510	2010	11	7	311	
0240780510	2010	11	8	312	
0240780510	2010	11	9	313	
0240780510	2010	11	10	314	
0240780510	2010	11	11	315	
0240780510	2010	11	12	316	
0240780510	2010	11	13	317	
0240780510	2010	11	14	318	
0240780510	2010	11	15	319	
0240780510	2010	11	16	320	
0240780510	2010	11	17	321	
0240780510	2010	11	18	322	
0240780510	2010	11	19	323	
0240780510	2010	11	20	324	
0240780510	2010	11	21	325	
0240780510	2010	11	22	326	
0240780510	2010	11	23	327	
0240780510	2010	11	24	328	
0240780510	2010	11	25	329	
0240780510	2010	11	26	330	
0240780510	2010	11	27	331	
0240780510	2010	11	28	332	
0240780510	2010	11	29	333	
0240780510	2010	11	30	334	
0240780510	2010	12	1	335	
0240780510	2010	12	2	336	
0240780510	2010	12	3	337	
0240780510	2010	12	4	338	
0240780510	2010	12	5	339	
0240780510	2010	12	6	340	
0240780510	2010	12	7	341	
0240780510	2010	12	8	342	
0240780510	2010	12	9	343	
0240780510	2010	12	10	344	
0240780510	2010	12	11	345	
0240780510	2010	12	12	346	
0240780510	2010	12	13	347	
0240780510	2010	12	14	348	
0240780510	2010	12	15	349	
0240780510	2010	12	16	350	
0240780510	2010	12	17	351	
0240780510	2010	12	18	352	
0240780510	2010	12	19	353	
0240780510	2010	12	20	354	
0240780510	2010	12	21	355	
0240780510	2010	12	22	356	
0240780510	2010	12	23	357	
0240780510	2010	12	24	358	
0240780510	2010	12	25	359	
0240780510	2010	12	26	360	
0240780510	2010	12	27	361	
0240780510	2010	12	28	362	
0240780510	2010	12	29	363	
0240780510	2010	12	30	364	
0240780510	2010	12	31	365	
