stationID	Y	M	D	DOY	depth_5	depth_20	depth_51
0250330206	2002	1	1	1	-9999	-9999	-9999
0250330206	2002	1	2	2	-9999	-9999	-9999
0250330206	2002	1	3	3	-9999	-9999	-9999
0250330206	2002	1	4	4	-9999	-9999	-9999
0250330206	2002	1	5	5	-9999	-9999	-9999
0250330206	2002	1	6	6	-9999	-9999	-9999
0250330206	2002	1	7	7	-9999	-9999	-9999
0250330206	2002	1	8	8	-9999	-9999	-9999
0250330206	2002	1	9	9	-9999	-9999	-9999
0250330206	2002	1	10	10	-9999	-9999	-9999
0250330206	2002	1	11	11	-9999	-9999	-9999
0250330206	2002	1	12	12	-9999	-9999	-9999
0250330206	2002	1	13	13	-9999	-9999	-9999
0250330206	2002	1	14	14	-9999	-9999	-9999
0250330206	2002	1	15	15	-9999	-9999	-9999
0250330206	2002	1	16	16	-9999	-9999	-9999
0250330206	2002	1	17	17	-9999	-9999	-9999
0250330206	2002	1	18	18	-9999	-9999	-9999
0250330206	2002	1	19	19	-9999	-9999	-9999
0250330206	2002	1	20	20	-9999	-9999	-9999
0250330206	2002	1	21	21	-9999	-9999	-9999
0250330206	2002	1	22	22	-9999	-9999	-9999
0250330206	2002	1	23	23	-9999	-9999	-9999
0250330206	2002	1	24	24	-9999	-9999	-9999
0250330206	2002	1	25	25	-9999	-9999	-9999
0250330206	2002	1	26	26	-9999	-9999	-9999
0250330206	2002	1	27	27	-9999	-9999	-9999
0250330206	2002	1	28	28	-9999	-9999	-9999
0250330206	2002	1	29	29	-9999	-9999	-9999
0250330206	2002	1	30	30	-9999	-9999	-9999
0250330206	2002	1	31	31	-9999	-9999	-9999
0250330206	2002	2	1	32	-9999	-9999	-9999
0250330206	2002	2	2	33	-9999	-9999	-9999
0250330206	2002	2	3	34	-9999	-9999	-9999
0250330206	2002	2	4	35	-9999	-9999	-9999
0250330206	2002	2	5	36	-9999	-9999	-9999
0250330206	2002	2	6	37	-9999	-9999	-9999
0250330206	2002	2	7	38	-9999	-9999	-9999
0250330206	2002	2	8	39	-9999	-9999	-9999
0250330206	2002	2	9	40	-9999	-9999	-9999
0250330206	2002	2	10	41	-9999	-9999	-9999
0250330206	2002	2	11	42	-9999	-9999	-9999
0250330206	2002	2	12	43	-9999	-9999	-9999
0250330206	2002	2	13	44	-9999	-9999	-9999
0250330206	2002	2	14	45	-9999	-9999	-9999
0250330206	2002	2	15	46	-9999	-9999	-9999
0250330206	2002	2	16	47	-9999	-9999	-9999
0250330206	2002	2	17	48	-9999	-9999	-9999
0250330206	2002	2	18	49	-9999	-9999	-9999
0250330206	2002	2	19	50	-9999	-9999	-9999
0250330206	2002	2	20	51	-9999	-9999	-9999
0250330206	2002	2	21	52	-9999	-9999	-9999
0250330206	2002	2	22	53	-9999	-9999	-9999
0250330206	2002	2	23	54	-9999	-9999	-9999
0250330206	2002	2	24	55	-9999	-9999	-9999
0250330206	2002	2	25	56	-9999	-9999	-9999
0250330206	2002	2	26	57	-9999	-9999	-9999
0250330206	2002	2	27	58	-9999	-9999	-9999
0250330206	2002	2	28	59	-9999	-9999	-9999
0250330206	2002	3	1	60	-9999	-9999	-9999
0250330206	2002	3	2	61	-9999	-9999	-9999
0250330206	2002	3	3	62	-9999	-9999	-9999
0250330206	2002	3	4	63	-9999	-9999	-9999
0250330206	2002	3	5	64	-9999	-9999	-9999
0250330206	2002	3	6	65	-9999	-9999	-9999
0250330206	2002	3	7	66	-9999	-9999	-9999
0250330206	2002	3	8	67	-9999	-9999	-9999
0250330206	2002	3	9	68	-9999	-9999	-9999
0250330206	2002	3	10	69	-9999	-9999	-9999
0250330206	2002	3	11	70	-9999	-9999	-9999
0250330206	2002	3	12	71	-9999	-9999	-9999
0250330206	2002	3	13	72	-9999	-9999	-9999
0250330206	2002	3	14	73	-9999	-9999	-9999
0250330206	2002	3	15	74	-9999	-9999	-9999
0250330206	2002	3	16	75	-9999	-9999	-9999
0250330206	2002	3	17	76	-9999	-9999	-9999
0250330206	2002	3	18	77	-9999	-9999	-9999
0250330206	2002	3	19	78	-9999	-9999	-9999
0250330206	2002	3	20	79	-9999	-9999	-9999
0250330206	2002	3	21	80	-9999	-9999	-9999
0250330206	2002	3	22	81	-9999	-9999	-9999
0250330206	2002	3	23	82	-9999	-9999	-9999
0250330206	2002	3	24	83	-9999	-9999	-9999
0250330206	2002	3	25	84	-9999	-9999	-9999
0250330206	2002	3	26	85	-9999	-9999	-9999
0250330206	2002	3	27	86	-9999	-9999	-9999
0250330206	2002	3	28	87	-9999	-9999	-9999
0250330206	2002	3	29	88	-9999	-9999	-9999
0250330206	2002	3	30	89	-9999	-9999	-9999
0250330206	2002	3	31	90	-9999	-9999	-9999
0250330206	2002	4	1	91	-9999	-9999	-9999
0250330206	2002	4	2	92	-9999	-9999	-9999
0250330206	2002	4	3	93	-9999	-9999	-9999
0250330206	2002	4	4	94	-9999	-9999	-9999
0250330206	2002	4	5	95	-9999	-9999	-9999
0250330206	2002	4	6	96	-9999	-9999	-9999
0250330206	2002	4	7	97	-9999	-9999	-9999
0250330206	2002	4	8	98	-9999	-9999	-9999
0250330206	2002	4	9	99	-9999	-9999	-9999
0250330206	2002	4	10	100	-9999	-9999	-9999
0250330206	2002	4	11	101	-9999	-9999	-9999
0250330206	2002	4	12	102	-9999	-9999	-9999
0250330206	2002	4	13	103	-9999	-9999	-9999
0250330206	2002	4	14	104	-9999	-9999	-9999
0250330206	2002	4	15	105	-9999	-9999	-9999
0250330206	2002	4	16	106	-9999	-9999	-9999
0250330206	2002	4	17	107	-9999	-9999	-9999
0250330206	2002	4	18	108	-9999	-9999	-9999
0250330206	2002	4	19	109	-9999	-9999	-9999
0250330206	2002	4	20	110	-9999	-9999	-9999
0250330206	2002	4	21	111	-9999	-9999	-9999
0250330206	2002	4	22	112	-9999	-9999	-9999
0250330206	2002	4	23	113	-9999	-9999	-9999
0250330206	2002	4	24	114	-9999	-9999	-9999
0250330206	2002	4	25	115	-9999	-9999	-9999
0250330206	2002	4	26	116	-9999	-9999	-9999
0250330206	2002	4	27	117	-9999	-9999	-9999
0250330206	2002	4	28	118	-9999	-9999	-9999
0250330206	2002	4	29	119	-9999	-9999	-9999
0250330206	2002	4	30	120	-9999	-9999	-9999
0250330206	2002	5	1	121	-9999	-9999	-9999
0250330206	2002	5	2	122	-9999	-9999	-9999
0250330206	2002	5	3	123	-9999	-9999	-9999
0250330206	2002	5	4	124	-9999	-9999	-9999
0250330206	2002	5	5	125	-9999	-9999	-9999
0250330206	2002	5	6	126	-9999	-9999	-9999
0250330206	2002	5	7	127	-9999	-9999	-9999
0250330206	2002	5	8	128	-9999	-9999	-9999
0250330206	2002	5	9	129	-9999	-9999	-9999
0250330206	2002	5	10	130	-9999	-9999	-9999
0250330206	2002	5	11	131	-9999	-9999	-9999
0250330206	2002	5	12	132	-9999	-9999	-9999
0250330206	2002	5	13	133	-9999	-9999	-9999
0250330206	2002	5	14	134	-9999	-9999	-9999
0250330206	2002	5	15	135	-9999	-9999	-9999
0250330206	2002	5	16	136	-9999	-9999	-9999
0250330206	2002	5	17	137	-9999	-9999	-9999
0250330206	2002	5	18	138	-9999	-9999	-9999
0250330206	2002	5	19	139	-9999	-9999	-9999
0250330206	2002	5	20	140	-9999	-9999	-9999
0250330206	2002	5	21	141	-9999	-9999	-9999
0250330206	2002	5	22	142	-9999	-9999	-9999
0250330206	2002	5	23	143	-9999	-9999	-9999
0250330206	2002	5	24	144	-9999	-9999	-9999
0250330206	2002	5	25	145	-9999	-9999	-9999
0250330206	2002	5	26	146	-9999	-9999	-9999
0250330206	2002	5	27	147	-9999	-9999	-9999
0250330206	2002	5	28	148	-9999	-9999	-9999
0250330206	2002	5	29	149	-9999	-9999	-9999
0250330206	2002	5	30	150	-9999	-9999	-9999
0250330206	2002	5	31	151	-9999	-9999	-9999
0250330206	2002	6	1	152	-9999	-9999	-9999
0250330206	2002	6	2	153	-9999	-9999	-9999
0250330206	2002	6	3	154	-9999	-9999	-9999
0250330206	2002	6	4	155	-9999	-9999	-9999
0250330206	2002	6	5	156	-9999	-9999	-9999
0250330206	2002	6	6	157	-9999	-9999	-9999
0250330206	2002	6	7	158	-9999	-9999	-9999
0250330206	2002	6	8	159	-9999	-9999	-9999
0250330206	2002	6	9	160	-9999	-9999	-9999
0250330206	2002	6	10	161	-9999	-9999	-9999
0250330206	2002	6	11	162	-9999	-9999	-9999
0250330206	2002	6	12	163	-9999	-9999	-9999
0250330206	2002	6	13	164	-9999	-9999	-9999
0250330206	2002	6	14	165	-9999	-9999	-9999
0250330206	2002	6	15	166	-9999	-9999	-9999
0250330206	2002	6	16	167	-9999	-9999	-9999
0250330206	2002	6	17	168	-9999	-9999	-9999
0250330206	2002	6	18	169	-9999	-9999	-9999
0250330206	2002	6	19	170	-9999	-9999	-9999
0250330206	2002	6	20	171	-9999	-9999	-9999
0250330206	2002	6	21	172	-9999	-9999	-9999
0250330206	2002	6	22	173	-9999	-9999	-9999
0250330206	2002	6	23	174	-9999	-9999	-9999
0250330206	2002	6	24	175	-9999	-9999	-9999
0250330206	2002	6	25	176	-9999	-9999	-9999
0250330206	2002	6	26	177	-9999	-9999	-9999
0250330206	2002	6	27	178	-9999	-9999	-9999
0250330206	2002	6	28	179	-9999	-9999	-9999
0250330206	2002	6	29	180	-9999	-9999	-9999
0250330206	2002	6	30	181	-9999	-9999	-9999
0250330206	2002	7	1	182	-9999	-9999	-9999
0250330206	2002	7	2	183	-9999	0.131	-9999
0250330206	2002	7	3	184	-9999	0.13087	0.20304
0250330206	2002	7	4	185	0.004	0.12742	0.20467
0250330206	2002	7	5	186	0.0095	0.12708	0.20329
0250330206	2002	7	6	187	0.0122	0.12867	0.20312
0250330206	2002	7	7	188	0.014208	0.13071	0.20292
0250330206	2002	7	8	189	0.0087778	0.13017	0.20283
0250330206	2002	7	9	190	-9999	0.13142	0.20371
0250330206	2002	7	10	191	0.20305	0.13046	0.20388
0250330206	2002	7	11	192	0.1775	0.12892	0.20317
0250330206	2002	7	12	193	0.16029	0.12921	0.20288
0250330206	2002	7	13	194	0.15137	0.12979	0.20292
0250330206	2002	7	14	195	0.14348	0.13013	0.20246
0250330206	2002	7	15	196	0.23713	0.13171	0.20279
0250330206	2002	7	16	197	0.23054	0.13192	0.20262
0250330206	2002	7	17	198	0.27308	-9999	0.2025
0250330206	2002	7	18	199	0.25125	-9999	0.20179
0250330206	2002	7	19	200	0.30625	0.36854	0.20333
0250330206	2002	7	20	201	0.28335	0.36343	0.23083
0250330206	2002	7	21	202	0.25838	0.35725	0.25654
0250330206	2002	7	22	203	0.23992	0.35192	0.27021
0250330206	2002	7	23	204	0.22362	0.34679	0.28121
0250330206	2002	7	24	205	0.21325	0.34312	0.28125
0250330206	2002	7	25	206	0.20404	0.33937	0.28467
0250330206	2002	7	26	207	0.2045	0.33625	0.28629
0250330206	2002	7	27	208	0.20138	0.33425	0.28788
0250330206	2002	7	28	209	0.19129	0.33133	0.28929
0250330206	2002	7	29	210	0.18279	0.32833	0.28946
0250330206	2002	7	30	211	0.17729	0.32533	0.29104
0250330206	2002	7	31	212	0.16608	0.32096	0.29238
0250330206	2002	8	1	213	0.15912	0.31583	0.29067
0250330206	2002	8	2	214	0.15571	0.31279	0.29021
0250330206	2002	8	3	215	0.15663	0.30717	0.28983
0250330206	2002	8	4	216	0.24867	0.31804	0.28779
0250330206	2002	8	5	217	0.22779	0.32429	0.28633
0250330206	2002	8	6	218	0.20467	0.3195	0.28692
0250330206	2002	8	7	219	0.18967	0.3135	0.28583
0250330206	2002	8	8	220	0.18296	0.3105	0.28579
0250330206	2002	8	9	221	0.17621	0.30808	0.28729
0250330206	2002	8	10	222	0.16754	0.30467	0.28771
0250330206	2002	8	11	223	0.15854	0.30058	0.28783
0250330206	2002	8	12	224	0.14992	0.29496	0.28788
0250330206	2002	8	13	225	0.14113	0.28892	0.28758
0250330206	2002	8	14	226	0.13087	0.28237	0.28708
0250330206	2002	8	15	227	0.12071	0.27537	0.28571
0250330206	2002	8	16	228	0.10871	0.26742	0.28304
0250330206	2002	8	17	229	0.099667	0.26142	0.28013
0250330206	2002	8	18	230	0.093625	0.25629	0.27767
0250330206	2002	8	19	231	0.089583	0.25312	0.27596
0250330206	2002	8	20	232	0.0785	0.24904	0.2745
0250330206	2002	8	21	233	0.066833	0.2415	0.27196
0250330206	2002	8	22	234	0.063833	0.23696	0.26921
0250330206	2002	8	23	235	0.055667	0.23308	0.26613
0250330206	2002	8	24	236	0.045957	0.22991	0.26317
0250330206	2002	8	25	237	0.034792	0.22663	0.26029
0250330206	2002	8	26	238	0.0275	0.22396	0.25721
0250330206	2002	8	27	239	0.018667	0.2215	0.25575
0250330206	2002	8	28	240	0.012125	0.21967	0.25354
0250330206	2002	8	29	241	0.007	0.21675	0.25092
0250330206	2002	8	30	242	0.010625	0.21271	0.24838
0250330206	2002	8	31	243	0.020917	0.21137	0.24562
0250330206	2002	9	1	244	0.025583	0.21025	0.24379
0250330206	2002	9	2	245	0.025739	0.20991	0.24158
0250330206	2002	9	3	246	0.022042	0.20863	0.24067
0250330206	2002	9	4	247	0.017083	0.20671	0.23892
0250330206	2002	9	5	248	0.013875	0.20688	0.23746
0250330206	2002	9	6	249	-9999	0.20554	0.23633
0250330206	2002	9	7	250	0.18483	0.30804	0.23546
0250330206	2002	9	8	251	0.28308	0.3665	0.23412
0250330206	2002	9	9	252	0.25621	0.35458	0.23304
0250330206	2002	9	10	253	0.29671	0.36217	0.23242
0250330206	2002	9	11	254	0.31775	0.3765	0.23213
0250330206	2002	9	12	255	0.29958	0.37296	0.37587
0250330206	2002	9	13	256	0.26783	0.36288	0.38808
0250330206	2002	9	14	257	0.24229	0.35571	0.38558
0250330206	2002	9	15	258	0.21988	0.34983	0.3825
0250330206	2002	9	16	259	0.20233	0.34492	0.37979
0250330206	2002	9	17	260	0.18808	0.34117	0.37746
0250330206	2002	9	18	261	0.17817	0.33842	0.37592
0250330206	2002	9	19	262	0.16438	0.33462	0.37429
0250330206	2002	9	20	263	0.15637	0.32971	0.37158
0250330206	2002	9	21	264	0.14933	0.32542	0.37013
0250330206	2002	9	22	265	0.14279	0.32125	0.36846
0250330206	2002	9	23	266	0.13642	0.31692	0.36675
0250330206	2002	9	24	267	0.12871	0.31233	0.36508
0250330206	2002	9	25	268	0.12238	0.30775	0.36342
0250330206	2002	9	26	269	0.11588	0.303	0.36162
0250330206	2002	9	27	270	0.10792	0.29733	0.35929
0250330206	2002	9	28	271	0.0975	0.28821	0.35658
0250330206	2002	9	29	272	0.11267	0.28283	0.35383
0250330206	2002	9	30	273	0.1245	0.27833	0.35058
0250330206	2002	10	1	274	0.11861	0.27348	0.34758
0250330206	2002	10	2	275	0.11408	0.26896	0.34413
0250330206	2002	10	3	276	0.17442	0.26179	0.34054
0250330206	2002	10	4	277	0.16154	0.25946	0.33638
0250330206	2002	10	5	278	0.14942	0.25779	0.33333
0250330206	2002	10	6	279	0.14054	0.25588	0.33083
0250330206	2002	10	7	280	0.13375	0.25504	0.32838
0250330206	2002	10	8	281	0.12783	0.25379	0.32579
0250330206	2002	10	9	282	0.122	0.25217	0.32329
0250330206	2002	10	10	283	0.11708	0.24879	0.32062
0250330206	2002	10	11	284	0.11263	0.24583	0.31792
0250330206	2002	10	12	285	0.10596	0.24258	0.31525
0250330206	2002	10	13	286	0.10017	0.23887	0.31154
0250330206	2002	10	14	287	0.095875	0.23629	0.30838
0250330206	2002	10	15	288	0.09075	0.23342	0.30542
0250330206	2002	10	16	289	0.0845	0.2305	0.30154
0250330206	2002	10	17	290	0.08075	0.22792	0.29817
0250330206	2002	10	18	291	0.085667	0.22508	0.29662
0250330206	2002	10	19	292	0.089792	0.22275	0.29338
0250330206	2002	10	20	293	0.091375	0.22121	0.29058
0250330206	2002	10	21	294	0.088708	0.22017	0.28875
0250330206	2002	10	22	295	0.087167	0.21942	0.28675
0250330206	2002	10	23	296	0.12842	0.21788	0.28408
0250330206	2002	10	24	297	0.21683	0.21783	0.28229
0250330206	2002	10	25	298	0.20808	0.21663	0.28079
0250330206	2002	10	26	299	0.19367	0.21575	0.27863
0250330206	2002	10	27	300	0.26533	0.21358	0.27621
0250330206	2002	10	28	301	0.26483	0.28054	0.27346
0250330206	2002	10	29	302	0.24833	0.30033	0.271
0250330206	2002	10	30	303	0.23387	0.30054	0.26971
0250330206	2002	10	31	304	0.22217	0.29796	0.26929
0250330206	2002	11	1	305	0.2105	0.29421	0.26788
0250330206	2002	11	2	306	0.20438	0.29033	0.26583
0250330206	2002	11	3	307	0.19529	0.28688	0.26538
0250330206	2002	11	4	308	0.18404	0.28229	0.26392
0250330206	2002	11	5	309	0.17579	0.27808	0.26313
0250330206	2002	11	6	310	0.16908	0.27446	0.26104
0250330206	2002	11	7	311	0.16525	0.27175	0.2595
0250330206	2002	11	8	312	0.16171	0.27029	0.25954
0250330206	2002	11	9	313	0.24687	0.26917	0.25854
0250330206	2002	11	10	314	0.29042	0.34521	0.25904
0250330206	2002	11	11	315	0.25517	0.34183	0.25812
0250330206	2002	11	12	316	0.23921	0.33525	0.25675
0250330206	2002	11	13	317	0.23396	0.33096	0.25571
0250330206	2002	11	14	318	0.22621	0.32796	0.25746
0250330206	2002	11	15	319	0.21896	0.32458	0.25825
0250330206	2002	11	16	320	0.20779	0.32071	0.25946
0250330206	2002	11	17	321	0.20508	0.31796	0.26129
0250330206	2002	11	18	322	0.20088	0.31579	0.26163
0250330206	2002	11	19	323	0.19542	0.31292	0.26238
0250330206	2002	11	20	324	0.19542	0.31112	0.26254
0250330206	2002	11	21	325	0.19408	0.31	0.264
0250330206	2002	11	22	326	0.19246	0.30821	0.26483
0250330206	2002	11	23	327	0.18858	0.30637	0.26546
0250330206	2002	11	24	328	0.18279	0.30362	0.26696
0250330206	2002	11	25	329	0.179	0.30096	0.26687
0250330206	2002	11	26	330	0.17383	0.29904	0.26646
0250330206	2002	11	27	331	0.16937	0.29729	0.26608
0250330206	2002	11	28	332	0.1665	0.29546	0.26596
0250330206	2002	11	29	333	0.16567	0.294	0.26575
0250330206	2002	11	30	334	0.19458	0.29496	0.26625
0250330206	2002	12	1	335	0.27463	0.29525	0.26625
0250330206	2002	12	2	336	0.24796	0.30008	0.26592
0250330206	2002	12	3	337	0.25137	0.305	0.26575
0250330206	2002	12	4	338	0.2405	0.30879	0.26642
0250330206	2002	12	5	339	0.23238	0.30988	0.266
0250330206	2002	12	6	340	0.22788	0.31004	0.26542
0250330206	2002	12	7	341	0.22604	0.31013	0.26554
0250330206	2002	12	8	342	0.22225	0.30954	0.26517
0250330206	2002	12	9	343	0.21404	0.30825	0.26563
0250330206	2002	12	10	344	0.20948	0.30683	0.2645
0250330206	2002	12	11	345	0.20746	0.30625	0.265
0250330206	2002	12	12	346	0.20167	0.30546	0.26379
0250330206	2002	12	13	347	0.19567	0.30442	0.26287
0250330206	2002	12	14	348	0.19692	0.30317	0.26329
0250330206	2002	12	15	349	0.19871	0.30287	0.26346
0250330206	2002	12	16	350	0.198	0.30296	0.2635
0250330206	2002	12	17	351	0.19671	0.30183	0.26338
0250330206	2002	12	18	352	0.19725	0.30158	0.26346
0250330206	2002	12	19	353	0.19758	0.30025	0.26296
0250330206	2002	12	20	354	0.19583	0.29958	0.26425
0250330206	2002	12	21	355	0.19304	0.29875	0.26346
0250330206	2002	12	22	356	0.192	0.29838	0.26267
0250330206	2002	12	23	357	0.18863	0.29771	0.26296
0250330206	2002	12	24	358	0.18788	0.29746	0.26358
0250330206	2002	12	25	359	0.18954	0.29663	0.26213
0250330206	2002	12	26	360	0.18758	0.29525	0.26187
0250330206	2002	12	27	361	0.18429	0.29496	0.26204
0250330206	2002	12	28	362	0.18162	0.29458	0.26292
0250330206	2002	12	29	363	0.17908	0.294	0.26175
0250330206	2002	12	30	364	0.1805	0.29367	0.26171
0250330206	2002	12	31	365	0.17979	0.29321	0.262
0250330206	2003	1	1	1	0.1785	0.29275	0.26129
0250330206	2003	1	2	2	0.17442	0.29108	0.26129
0250330206	2003	1	3	3	0.16842	0.29063	0.26063
0250330206	2003	1	4	4	0.17033	0.28996	0.26096
0250330206	2003	1	5	5	0.26229	0.28917	0.26083
0250330206	2003	1	6	6	0.29242	0.2895	0.26088
0250330206	2003	1	7	7	0.29142	0.31896	0.26104
0250330206	2003	1	8	8	0.30208	0.34654	0.27242
0250330206	2003	1	9	9	0.30708	0.35142	0.37287
0250330206	2003	1	10	10	0.30438	0.35154	0.3875
0250330206	2003	1	11	11	0.29079	0.34942	0.39158
0250330206	2003	1	12	12	0.26658	0.34425	0.39054
0250330206	2003	1	13	13	0.26287	0.34063	0.38896
0250330206	2003	1	14	14	0.25842	0.33846	0.38767
0250330206	2003	1	15	15	0.25529	0.33675	0.38654
0250330206	2003	1	16	16	0.24704	0.33512	0.38529
0250330206	2003	1	17	17	0.24429	0.33304	0.38396
0250330206	2003	1	18	18	0.24087	0.33192	0.38271
0250330206	2003	1	19	19	0.23658	0.33021	0.38167
0250330206	2003	1	20	20	0.23483	0.32896	0.3805
0250330206	2003	1	21	21	0.25463	0.32796	0.37971
0250330206	2003	1	22	22	0.25425	0.32913	0.37912
0250330206	2003	1	23	23	0.24804	0.32883	0.37912
0250330206	2003	1	24	24	0.24721	0.32933	0.37912
0250330206	2003	1	25	25	0.24221	0.32896	0.3795
0250330206	2003	1	26	26	0.23625	0.32763	0.37887
0250330206	2003	1	27	27	0.23404	0.3265	0.37812
0250330206	2003	1	28	28	0.23204	0.32592	0.37758
0250330206	2003	1	29	29	0.23004	0.32479	0.37658
0250330206	2003	1	30	30	0.226	0.32329	0.37621
0250330206	2003	1	31	31	0.22496	0.32225	0.37529
0250330206	2003	2	1	32	0.22371	0.32217	0.37475
0250330206	2003	2	2	33	0.22108	0.32129	0.37433
0250330206	2003	2	3	34	0.21104	0.31983	0.37387
0250330206	2003	2	4	35	0.20229	0.31708	0.3725
0250330206	2003	2	5	36	0.19463	0.31542	0.37125
0250330206	2003	2	6	37	0.17375	0.31417	0.37021
0250330206	2003	2	7	38	0.11933	0.31317	0.36946
0250330206	2003	2	8	39	0.08575	0.312	0.36887
0250330206	2003	2	9	40	0.08025	0.31104	0.36804
0250330206	2003	2	10	41	0.068625	0.31037	0.36717
0250330206	2003	2	11	42	0.073176	0.30865	0.36661
0250330206	2003	2	12	43	0.095917	0.30746	0.36554
0250330206	2003	2	13	44	0.30979	0.34912	0.4595
0250330206	2003	2	14	45	0.35758	0.44162	-9999
0250330206	2003	2	15	46	0.33671	0.39758	-9999
0250330206	2003	2	16	47	0.32604	0.3925	-9999
0250330206	2003	2	17	48	0.31758	0.38875	-9999
0250330206	2003	2	18	49	0.31342	0.38525	-9999
0250330206	2003	2	19	50	0.29683	0.3775	-9999
0250330206	2003	2	20	51	0.29612	0.36992	-9999
0250330206	2003	2	21	52	0.28804	0.36538	-9999
0250330206	2003	2	22	53	0.27917	0.36017	-9999
0250330206	2003	2	23	54	0.27533	0.35546	-9999
0250330206	2003	2	24	55	0.27637	0.35238	0.48488
0250330206	2003	2	25	56	0.27788	0.35117	0.41146
0250330206	2003	2	26	57	0.30996	0.35729	0.40963
0250330206	2003	2	27	58	0.30533	0.36067	0.41096
0250330206	2003	2	28	59	0.30483	0.3625	0.41179
0250330206	2003	3	1	60	0.30508	0.36483	0.41225
0250330206	2003	3	2	61	0.30658	0.36742	0.41317
0250330206	2003	3	3	62	0.30692	0.36962	0.41442
0250330206	2003	3	4	63	0.30713	0.37075	0.41512
0250330206	2003	3	5	64	0.30967	0.37192	0.41629
0250330206	2003	3	6	65	0.314	0.37312	0.41775
0250330206	2003	3	7	66	0.32463	0.38217	0.41975
0250330206	2003	3	8	67	0.33575	0.41292	0.423
0250330206	2003	3	9	68	0.34387	0.45443	0.42808
0250330206	2003	3	10	69	0.36221	0.45629	0.43346
0250330206	2003	3	11	70	0.45125	0.45917	0.44038
0250330206	2003	3	12	71	-9999	0.46121	0.4515
0250330206	2003	3	13	72	-9999	0.46371	0.48771
0250330206	2003	3	14	73	-9999	0.46612	0.53083
0250330206	2003	3	15	74	0.44242	0.46771	-9999
0250330206	2003	3	16	75	-9999	0.46892	-9999
0250330206	2003	3	17	76	-9999	0.46954	-9999
0250330206	2003	3	18	77	-9999	0.47017	-9999
0250330206	2003	3	19	78	0.43	0.47229	-9999
0250330206	2003	3	20	79	0.42046	0.47437	-9999
0250330206	2003	3	21	80	0.45454	0.47712	-9999
0250330206	2003	3	22	81	0.44104	0.4785	-9999
0250330206	2003	3	23	82	0.41804	0.48137	-9999
0250330206	2003	3	24	83	0.40887	0.48425	-9999
0250330206	2003	3	25	84	0.40617	0.48746	-9999
0250330206	2003	3	26	85	0.40083	0.49025	-9999
0250330206	2003	3	27	86	0.39617	0.40688	-9999
0250330206	2003	3	28	87	0.38371	0.4005	-9999
0250330206	2003	3	29	88	0.37333	0.39775	-9999
0250330206	2003	3	30	89	0.37012	0.39708	-9999
0250330206	2003	3	31	90	0.367	0.39558	-9999
0250330206	2003	4	1	91	0.36312	0.39371	-9999
0250330206	2003	4	2	92	0.35521	0.38992	-9999
0250330206	2003	4	3	93	0.34696	0.38492	-9999
0250330206	2003	4	4	94	0.33929	0.37792	-9999
0250330206	2003	4	5	95	0.33371	0.37417	-9999
0250330206	2003	4	6	96	0.32533	0.369	-9999
0250330206	2003	4	7	97	0.32404	0.36633	-9999
0250330206	2003	4	8	98	0.31679	0.363	-9999
0250330206	2003	4	9	99	0.313	0.35983	0.42996
0250330206	2003	4	10	100	0.30858	0.35725	0.40688
0250330206	2003	4	11	101	0.30092	0.35417	0.40579
0250330206	2003	4	12	102	0.29246	0.35133	0.40463
0250330206	2003	4	13	103	0.28246	0.34863	0.40321
0250330206	2003	4	14	104	0.27277	0.3465	0.40209
0250330206	2003	4	15	105	0.27346	0.34375	0.40092
0250330206	2003	4	16	106	0.32559	0.34664	0.40126
0250330206	2003	4	17	107	0.34814	0.38295	0.41017
0250330206	2003	4	18	108	0.33204	0.37462	0.41096
0250330206	2003	4	19	109	0.33596	0.37246	0.41192
0250330206	2003	4	20	110	0.331	0.37254	0.41292
0250330206	2003	4	21	111	0.32108	0.36858	0.41187
0250330206	2003	4	22	112	0.31504	0.36412	0.41004
0250330206	2003	4	23	113	0.31708	0.36188	0.40954
0250330206	2003	4	24	114	0.31071	0.35967	0.40738
0250330206	2003	4	25	115	0.30138	0.35788	0.40592
0250330206	2003	4	26	116	0.28883	0.35513	0.40483
0250330206	2003	4	27	117	0.27388	0.35254	0.40375
0250330206	2003	4	28	118	0.25783	0.34967	0.40246
0250330206	2003	4	29	119	0.24213	0.34617	0.40117
0250330206	2003	4	30	120	0.22529	0.34308	0.39983
0250330206	2003	5	1	121	0.212	0.34042	0.39875
0250330206	2003	5	2	122	0.20017	0.33833	0.39771
0250330206	2003	5	3	123	0.18896	0.33646	0.39683
0250330206	2003	5	4	124	0.18012	0.33371	0.39579
0250330206	2003	5	5	125	0.17412	0.33246	0.39496
0250330206	2003	5	6	126	0.16617	0.33004	0.39425
0250330206	2003	5	7	127	0.16217	0.32913	0.39354
0250330206	2003	5	8	128	0.15592	0.32771	0.393
0250330206	2003	5	9	129	0.14867	0.32558	0.39246
0250330206	2003	5	10	130	0.14154	0.32238	0.39171
0250330206	2003	5	11	131	0.13942	0.32104	0.39083
0250330206	2003	5	12	132	0.13429	0.32042	0.39008
0250330206	2003	5	13	133	0.12854	0.31933	0.38987
0250330206	2003	5	14	134	0.12046	0.31767	0.38925
0250330206	2003	5	15	135	0.11121	0.31392	0.3885
0250330206	2003	5	16	136	0.10579	0.31262	0.38775
0250330206	2003	5	17	137	0.096958	0.3115	0.38671
0250330206	2003	5	18	138	0.085087	0.31009	0.38617
0250330206	2003	5	19	139	0.069458	0.30662	0.38471
0250330206	2003	5	20	140	0.058	0.30267	0.38304
0250330206	2003	5	21	141	0.049667	0.29879	0.38108
0250330206	2003	5	22	142	0.040833	0.29546	0.37896
0250330206	2003	5	23	143	0.03525	0.29117	0.37654
0250330206	2003	5	24	144	0.031333	0.28696	0.37367
0250330206	2003	5	25	145	0.027208	0.28275	0.37008
0250330206	2003	5	26	146	0.022833	0.2785	0.36579
0250330206	2003	5	27	147	0.019042	0.27454	0.36104
0250330206	2003	5	28	148	0.0145	0.27025	0.35533
0250330206	2003	5	29	149	0.0135	0.26525	0.34925
0250330206	2003	5	30	150	0.019375	0.2615	0.34246
0250330206	2003	5	31	151	0.016958	0.25837	0.33571
0250330206	2003	6	1	152	0.013875	0.25433	0.32925
0250330206	2003	6	2	153	0.012417	0.25067	0.32192
0250330206	2003	6	3	154	0.011083	0.24742	0.31583
0250330206	2003	6	4	155	0.009381	0.24471	0.30896
0250330206	2003	6	5	156	0.0059412	0.24113	0.30346
0250330206	2003	6	6	157	0.0047857	0.23663	0.29925
0250330206	2003	6	7	158	0.0063913	0.2325	0.29471
0250330206	2003	6	8	159	0.014708	0.23096	0.29071
0250330206	2003	6	9	160	0.016458	0.23042	0.28654
0250330206	2003	6	10	161	0.013958	0.22829	0.28263
0250330206	2003	6	11	162	0.011304	0.22708	0.279
0250330206	2003	6	12	163	0.0094	0.22625	0.27688
0250330206	2003	6	13	164	0.010692	0.22521	0.27379
0250330206	2003	6	14	165	0.01025	0.22438	0.27058
0250330206	2003	6	15	166	0.010444	0.22417	0.26763
0250330206	2003	6	16	167	0.008875	0.22333	0.26458
0250330206	2003	6	17	168	0.0091667	0.22217	0.26188
0250330206	2003	6	18	169	0.0066	0.22152	0.25909
0250330206	2003	6	19	170	0.004	0.2185	0.2575
0250330206	2003	6	20	171	0.0052	0.21683	0.25429
0250330206	2003	6	21	172	0.00725	0.21596	0.25217
0250330206	2003	6	22	173	0.0051667	0.21563	0.2505
0250330206	2003	6	23	174	0.0046	0.21517	0.24817
0250330206	2003	6	24	175	0.00375	0.21458	0.24646
0250330206	2003	6	25	176	0.0043333	0.21342	0.24562
0250330206	2003	6	26	177	0.005	0.21262	0.24333
0250330206	2003	6	27	178	0.006	0.21308	0.24196
0250330206	2003	6	28	179	0.004	0.21363	0.24113
0250330206	2003	6	29	180	0.0036667	0.21396	0.24021
0250330206	2003	6	30	181	0.0033333	0.21421	0.23904
0250330206	2003	7	1	182	0.002	0.21333	0.238
0250330206	2003	7	2	183	0.003	0.21279	0.23688
0250330206	2003	7	3	184	0.003	0.21221	0.23583
0250330206	2003	7	4	185	0.0026667	0.21208	0.23475
0250330206	2003	7	5	186	0.002	0.21167	0.23375
0250330206	2003	7	6	187	0.001	0.21154	0.23371
0250330206	2003	7	7	188	0.001	0.21088	0.23254
0250330206	2003	7	8	189	0.003	0.21013	0.23171
0250330206	2003	7	9	190	0.003	0.20958	0.23083
0250330206	2003	7	10	191	-9999	0.21042	0.23096
0250330206	2003	7	11	192	-9999	0.21054	0.23033
0250330206	2003	7	12	193	-9999	0.21058	0.22967
0250330206	2003	7	13	194	-9999	0.20838	0.22871
0250330206	2003	7	14	195	-9999	0.20592	0.22792
0250330206	2003	7	15	196	-9999	0.20408	0.22692
0250330206	2003	7	16	197	-9999	0.20325	0.22562
0250330206	2003	7	17	198	-9999	0.20354	0.22546
0250330206	2003	7	18	199	-9999	0.20146	0.22488
0250330206	2003	7	19	200	0.003	0.20083	0.22404
0250330206	2003	7	20	201	-9999	0.202	0.22338
0250330206	2003	7	21	202	-9999	0.19888	0.22375
0250330206	2003	7	22	203	0.0073333	0.19658	0.22233
0250330206	2003	7	23	204	0.004	0.19708	0.22133
0250330206	2003	7	24	205	0.010667	0.19596	0.22088
0250330206	2003	7	25	206	0.0046667	0.19767	0.22117
0250330206	2003	7	26	207	0.002	0.19579	0.22017
0250330206	2003	7	27	208	0.002	0.19679	0.22004
0250330206	2003	7	28	209	-9999	0.19696	0.22021
0250330206	2003	7	29	210	-9999	0.19422	0.21939
0250330206	2003	7	30	211	0.0084	0.19121	0.21825
0250330206	2003	7	31	212	0.012583	0.19038	0.21738
0250330206	2003	8	1	213	0.036625	0.19096	0.217
0250330206	2003	8	2	214	0.045167	0.19108	0.21737
0250330206	2003	8	3	215	0.051625	0.19075	0.21742
0250330206	2003	8	4	216	0.060542	0.19321	0.21767
0250330206	2003	8	5	217	0.065958	0.19504	0.21858
0250330206	2003	8	6	218	0.066417	0.19621	0.21921
0250330206	2003	8	7	219	0.057667	0.19608	0.22008
0250330206	2003	8	8	220	0.04525	0.19675	0.22017
0250330206	2003	8	9	221	0.036333	0.19662	0.22017
0250330206	2003	8	10	222	0.029792	0.19529	0.22033
0250330206	2003	8	11	223	0.024875	0.19796	0.22017
0250330206	2003	8	12	224	0.017625	0.19783	0.22042
0250330206	2003	8	13	225	0.014565	0.19674	0.22013
0250330206	2003	8	14	226	0.012625	0.19729	0.22025
0250330206	2003	8	15	227	0.01	0.196	0.21979
0250330206	2003	8	16	228	0.018375	0.27617	0.21817
0250330206	2003	8	17	229	0.043125	0.27471	0.21667
0250330206	2003	8	18	230	0.062417	0.26221	0.21604
0250330206	2003	8	19	231	0.0745	0.25277	0.21691
0250330206	2003	8	20	232	0.074667	0.24414	0.21714
0250330206	2003	8	21	233	0.078375	0.23754	0.21733
0250330206	2003	8	22	234	0.07525	0.22896	0.21717
0250330206	2003	8	23	235	0.074667	0.22233	0.21648
0250330206	2003	8	24	236	0.079095	0.21829	0.21609
0250330206	2003	8	25	237	0.083083	0.21513	0.21546
0250330206	2003	8	26	238	0.086	0.2115	0.21554
0250330206	2003	8	27	239	0.090792	0.20937	0.21538
0250330206	2003	8	28	240	0.14362	0.22154	0.21492
0250330206	2003	8	29	241	0.15762	0.22296	0.21483
0250330206	2003	8	30	242	0.14871	0.22171	0.21538
0250330206	2003	8	31	243	0.13842	0.21946	0.21621
0250330206	2003	9	1	244	0.12913	0.21621	0.21625
0250330206	2003	9	2	245	0.15133	0.22096	0.21629
0250330206	2003	9	3	246	0.25312	0.35354	0.21425
0250330206	2003	9	4	247	0.23058	0.33733	0.21542
0250330206	2003	9	5	248	0.23608	0.32483	0.21787
0250330206	2003	9	6	249	0.25792	0.31754	0.22021
0250330206	2003	9	7	250	0.26433	0.31412	0.22183
0250330206	2003	9	8	251	0.25271	0.31275	0.22404
0250330206	2003	9	9	252	0.26242	0.34025	0.32121
0250330206	2003	9	10	253	0.296	0.377	0.47817
0250330206	2003	9	11	254	0.28883	0.36275	0.40621
0250330206	2003	9	12	255	0.27221	0.35225	0.40358
0250330206	2003	9	13	256	0.252	0.34322	0.4004
0250330206	2003	9	14	257	0.22908	0.33604	0.39763
0250330206	2003	9	15	258	0.20713	0.32767	0.39504
0250330206	2003	9	16	259	0.18937	0.31946	0.39238
0250330206	2003	9	17	260	0.17163	0.311	0.38942
0250330206	2003	9	18	261	0.15437	0.30083	0.38588
0250330206	2003	9	19	262	0.14208	0.29117	0.38171
0250330206	2003	9	20	263	0.13271	0.28221	0.37642
0250330206	2003	9	21	264	0.12392	0.27379	0.37008
0250330206	2003	9	22	265	0.11662	0.26563	0.36321
0250330206	2003	9	23	266	0.11071	0.258	0.35488
0250330206	2003	9	24	267	0.10358	0.25179	0.34642
0250330206	2003	9	25	268	0.09575	0.24529	0.34
0250330206	2003	9	26	269	0.088542	0.23971	0.32996
0250330206	2003	9	27	270	0.079958	0.23321	0.31762
0250330206	2003	9	28	271	0.072333	0.22858	0.30667
0250330206	2003	9	29	272	0.063083	0.22454	0.29654
0250330206	2003	9	30	273	0.054542	0.22108	0.28754
0250330206	2003	10	1	274	0.047917	0.21842	0.27913
0250330206	2003	10	2	275	0.041292	0.21579	0.2725
0250330206	2003	10	3	276	0.039792	0.21246	0.26817
0250330206	2003	10	4	277	0.040125	0.20958	0.26458
0250330206	2003	10	5	278	0.043375	0.20675	0.25992
0250330206	2003	10	6	279	0.045208	0.20575	0.25517
0250330206	2003	10	7	280	0.044792	0.20496	0.25108
0250330206	2003	10	8	281	0.041375	0.20325	0.24758
0250330206	2003	10	9	282	0.038625	0.20267	0.24404
0250330206	2003	10	10	283	0.037375	0.20267	0.24121
0250330206	2003	10	11	284	0.063542	0.20188	0.24104
0250330206	2003	10	12	285	0.071125	0.20042	0.23954
0250330206	2003	10	13	286	0.07225	0.20075	0.23863
0250330206	2003	10	14	287	0.0675	0.19875	0.23675
0250330206	2003	10	15	288	0.065833	0.19763	0.23521
0250330206	2003	10	16	289	0.065125	0.19767	0.23358
0250330206	2003	10	17	290	0.061875	0.19708	0.233
0250330206	2003	10	18	291	0.0605	0.19633	0.23183
0250330206	2003	10	19	292	0.058083	0.19688	0.23063
0250330206	2003	10	20	293	0.054917	0.19613	0.23004
0250330206	2003	10	21	294	0.049208	0.19617	0.22946
0250330206	2003	10	22	295	0.043875	0.19525	0.22892
0250330206	2003	10	23	296	0.038	0.19463	0.22775
0250330206	2003	10	24	297	0.032458	0.1935	0.22679
0250330206	2003	10	25	298	0.026833	0.19246	0.22579
0250330206	2003	10	26	299	0.021708	0.19025	0.22463
0250330206	2003	10	27	300	0.0185	0.18792	0.22279
0250330206	2003	10	28	301	0.017792	0.188	0.22104
0250330206	2003	10	29	302	0.01475	0.18758	0.22071
0250330206	2003	10	30	303	0.012708	0.18696	0.21988
0250330206	2003	10	31	304	0.011083	0.18629	0.21871
0250330206	2003	11	1	305	0.011083	0.18504	0.21742
0250330206	2003	11	2	306	0.010083	0.18392	0.21629
0250330206	2003	11	3	307	0.008875	0.18258	0.21604
0250330206	2003	11	4	308	0.0065909	0.17971	0.21421
0250330206	2003	11	5	309	0.0053333	0.17663	0.21154
0250330206	2003	11	6	310	0.0052381	0.17517	0.20983
0250330206	2003	11	7	311	0.0055714	0.17546	0.20917
0250330206	2003	11	8	312	0.0049	0.17508	0.20867
0250330206	2003	11	9	313	0.0047143	0.17558	0.20833
0250330206	2003	11	10	314	0.0050417	0.17621	0.20746
0250330206	2003	11	11	315	0.0047083	0.1765	0.20742
0250330206	2003	11	12	316	0.032167	-9999	-9999
0250330206	2003	11	13	317	0.32879	0.35783	0.43892
0250330206	2003	11	14	318	0.29746	0.35354	0.41242
0250330206	2003	11	15	319	0.28692	0.34746	0.40375
0250330206	2003	11	16	320	0.28404	0.34321	0.40158
0250330206	2003	11	17	321	0.29062	0.34333	0.40146
0250330206	2003	11	18	322	0.28237	0.34146	0.40096
0250330206	2003	11	19	323	0.27691	0.33883	0.39978
0250330206	2003	11	20	324	0.27325	0.33675	0.39875
0250330206	2003	11	21	325	0.26771	0.33412	0.39767
0250330206	2003	11	22	326	0.26104	0.33188	0.39617
0250330206	2003	11	23	327	0.22808	0.32804	0.395
0250330206	2003	11	24	328	0.22096	0.32329	0.39342
0250330206	2003	11	25	329	0.23908	0.32071	0.39175
0250330206	2003	11	26	330	0.23829	0.32021	0.39062
0250330206	2003	11	27	331	0.23208	0.31892	0.39017
0250330206	2003	11	28	332	0.22213	0.31692	0.38933
0250330206	2003	11	29	333	0.22367	0.31504	0.38821
0250330206	2003	11	30	334	0.23183	0.31458	0.38771
0250330206	2003	12	1	335	0.22817	0.31358	0.38704
0250330206	2003	12	2	336	0.2265	0.31317	0.3865
0250330206	2003	12	3	337	0.22196	0.31142	0.38571
0250330206	2003	12	4	338	0.21792	0.30967	0.38529
0250330206	2003	12	5	339	0.2155	0.30779	0.38479
0250330206	2003	12	6	340	0.21508	0.30725	0.38421
0250330206	2003	12	7	341	0.21621	0.30688	0.38404
0250330206	2003	12	8	342	0.22317	0.30658	0.38329
0250330206	2003	12	9	343	0.24162	0.30517	0.38317
0250330206	2003	12	10	344	0.23958	0.30404	0.38196
0250330206	2003	12	11	345	0.23713	0.30396	0.38154
0250330206	2003	12	12	346	0.23992	0.30421	0.38088
0250330206	2003	12	13	347	0.24758	0.30367	0.38096
0250330206	2003	12	14	348	0.2635	0.30383	0.38038
0250330206	2003	12	15	349	0.26733	0.30596	0.38017
0250330206	2003	12	16	350	0.23713	0.30763	0.38017
0250330206	2003	12	17	351	0.20554	0.30675	0.38029
0250330206	2003	12	18	352	0.20279	0.30508	0.37992
0250330206	2003	12	19	353	0.21433	0.30321	0.37971
0250330206	2003	12	20	354	0.24967	0.30142	0.37937
0250330206	2003	12	21	355	0.283	0.30142	0.37913
0250330206	2003	12	22	356	0.27129	0.30817	0.37883
0250330206	2003	12	23	357	0.25771	0.31079	0.37912
0250330206	2003	12	24	358	0.25479	0.31012	0.37967
0250330206	2003	12	25	359	0.26808	0.31058	0.37979
0250330206	2003	12	26	360	0.31796	0.33421	0.38908
0250330206	2003	12	27	361	0.30062	0.34671	0.4045
0250330206	2003	12	28	362	0.27633	0.34079	0.40329
0250330206	2003	12	29	363	0.253	0.33517	0.40137
0250330206	2003	12	30	364	0.24567	0.33079	0.39963
0250330206	2003	12	31	365	0.24375	0.32817	0.39817
0250330206	2004	1	1	1	0.23633	0.32563	0.39696
0250330206	2004	1	2	2	0.24671	0.324	0.396
0250330206	2004	1	3	3	0.27575	0.32462	0.39508
0250330206	2004	1	4	4	0.28754	0.32929	0.396
0250330206	2004	1	5	5	0.26654	0.32908	0.39708
0250330206	2004	1	6	6	0.246	0.32646	0.39679
0250330206	2004	1	7	7	0.24438	0.32446	0.39613
0250330206	2004	1	8	8	0.25621	0.32367	0.39521
0250330206	2004	1	9	9	0.26667	0.32346	0.39475
0250330206	2004	1	10	10	0.28054	0.32629	0.39462
0250330206	2004	1	11	11	0.29171	0.33312	0.39696
0250330206	2004	1	12	12	0.29367	0.33513	0.39942
0250330206	2004	1	13	13	0.31196	0.34712	0.40508
0250330206	2004	1	14	14	0.31254	0.34879	0.42588
0250330206	2004	1	15	15	0.31426	0.34917	0.43462
0250330206	2004	1	16	16	0.30825	0.34979	0.496
0250330206	2004	1	17	17	0.30033	0.34792	0.49425
0250330206	2004	1	18	18	0.29075	0.34512	0.48467
0250330206	2004	1	19	19	0.28879	0.34379	0.48254
0250330206	2004	1	20	20	0.2925	0.34283	0.47817
0250330206	2004	1	21	21	0.29796	0.34425	0.48004
0250330206	2004	1	22	22	0.2915	0.34362	0.47579
0250330206	2004	1	23	23	0.29383	0.34446	0.40742
0250330206	2004	1	24	24	0.295	0.34571	0.408
0250330206	2004	1	25	25	0.29442	0.34396	0.408
0250330206	2004	1	26	26	0.2717	0.34191	0.40722
0250330206	2004	1	27	27	0.24021	0.33658	0.40479
0250330206	2004	1	28	28	0.23762	0.33333	0.40342
0250330206	2004	1	29	29	0.23117	0.33163	0.40221
0250330206	2004	1	30	30	0.23587	0.33088	0.402
0250330206	2004	1	31	31	0.25392	0.33375	0.40296
0250330206	2004	2	1	32	0.26313	0.3335	0.40267
0250330206	2004	2	2	33	0.24717	0.33263	0.402
0250330206	2004	2	3	34	0.233	0.33067	0.40133
0250330206	2004	2	4	35	0.23875	0.32908	0.4005
0250330206	2004	2	5	36	0.24761	0.32787	0.39975
0250330206	2004	2	6	37	0.25163	0.32658	0.39888
0250330206	2004	2	7	38	0.24329	0.32675	0.39821
0250330206	2004	2	8	39	0.22388	0.32517	0.39792
0250330206	2004	2	9	40	0.18687	0.32375	0.39713
0250330206	2004	2	10	41	0.13975	0.32217	0.39667
0250330206	2004	2	11	42	0.10958	0.32058	0.39608
0250330206	2004	2	12	43	0.093708	0.31929	0.39537
0250330206	2004	2	13	44	0.074708	0.31792	0.39487
0250330206	2004	2	14	45	0.075417	0.31596	0.39408
0250330206	2004	2	15	46	0.08975	0.31371	0.39367
0250330206	2004	2	16	47	0.12625	0.32317	0.39567
0250330206	2004	2	17	48	0.22963	0.37129	0.44946
0250330206	2004	2	18	49	0.27	0.38396	0.45188
0250330206	2004	2	19	50	0.29562	0.38929	0.45292
0250330206	2004	2	20	51	0.30546	0.37333	0.45625
0250330206	2004	2	21	52	0.31238	0.36658	0.45783
0250330206	2004	2	22	53	0.32108	0.36113	0.459
0250330206	2004	2	23	54	0.32304	0.35704	0.45804
0250330206	2004	2	24	55	0.31858	0.35358	0.45967
0250330206	2004	2	25	56	0.31571	0.35221	0.45958
0250330206	2004	2	26	57	0.32079	0.35346	0.45783
0250330206	2004	2	27	58	0.32813	0.35879	0.45746
0250330206	2004	2	28	59	0.33508	0.36729	0.45854
0250330206	2004	2	29	60	0.32888	0.36329	0.46121
0250330206	2004	3	1	61	0.32529	0.36033	0.4635
0250330206	2004	3	2	62	0.32383	0.35837	0.46342
0250330206	2004	3	3	63	0.32304	0.35713	0.46446
0250330206	2004	3	4	64	0.32704	0.35867	0.46437
0250330206	2004	3	5	65	0.32892	0.35967	0.46671
0250330206	2004	3	6	66	0.33279	0.36029	0.47037
0250330206	2004	3	7	67	0.36604	0.38108	0.47379
0250330206	2004	3	8	68	0.37771	0.40479	0.47692
0250330206	2004	3	9	69	0.39787	0.44171	0.48004
0250330206	2004	3	10	70	0.41721	0.44408	0.4815
0250330206	2004	3	11	71	0.42892	0.44588	0.48433
0250330206	2004	3	12	72	0.43325	0.44767	0.48687
0250330206	2004	3	13	73	0.43896	0.44896	0.48938
0250330206	2004	3	14	74	0.43671	0.45142	0.49354
0250330206	2004	3	15	75	0.42796	0.45317	0.49671
0250330206	2004	3	16	76	0.42475	0.45417	0.50171
0250330206	2004	3	17	77	0.41096	0.45354	0.50542
0250330206	2004	3	18	78	0.40733	0.45375	0.50746
0250330206	2004	3	19	79	0.40579	0.45417	0.51204
0250330206	2004	3	20	80	0.40442	0.43838	0.5165
0250330206	2004	3	21	81	0.40271	0.39688	0.52121
0250330206	2004	3	22	82	0.39779	0.39317	0.52275
0250330206	2004	3	23	83	0.39346	0.39138	0.52325
0250330206	2004	3	24	84	0.39008	0.38975	0.52371
0250330206	2004	3	25	85	0.38575	0.38404	0.52242
0250330206	2004	3	26	86	0.38054	0.37917	0.52158
0250330206	2004	3	27	87	0.37517	0.37388	0.51858
0250330206	2004	3	28	88	0.36979	0.36829	0.51163
0250330206	2004	3	29	89	0.36329	0.36288	0.495
0250330206	2004	3	30	90	0.35771	0.35796	0.407
0250330206	2004	3	31	91	0.35246	0.35471	0.40608
0250330206	2004	4	1	92	0.3465	0.35167	0.40562
0250330206	2004	4	2	93	0.3755	0.38154	0.40683
0250330206	2004	4	3	94	0.39875	0.45992	0.41179
0250330206	2004	4	4	95	0.39617	0.45325	0.41375
0250330206	2004	4	5	96	0.39338	0.40042	0.41508
0250330206	2004	4	6	97	0.41321	0.40663	0.41658
0250330206	2004	4	7	98	0.40533	0.407	0.41613
0250330206	2004	4	8	99	0.40662	0.407	0.41658
0250330206	2004	4	9	100	0.40808	0.4085	0.41667
0250330206	2004	4	10	101	0.40571	0.40883	0.41654
0250330206	2004	4	11	102	0.40204	0.40762	0.41642
0250330206	2004	4	12	103	0.39879	0.3995	0.41633
0250330206	2004	4	13	104	0.39517	0.39704	0.41642
0250330206	2004	4	14	105	0.38979	0.39421	0.41608
0250330206	2004	4	15	106	0.38486	0.39129	0.41608
0250330206	2004	4	16	107	0.37958	0.38408	0.41604
0250330206	2004	4	17	108	0.37417	0.37879	0.41542
0250330206	2004	4	18	109	0.37262	0.37592	0.41554
0250330206	2004	4	19	110	0.36946	0.37329	0.41512
0250330206	2004	4	20	111	0.364	0.36792	0.41171
0250330206	2004	4	21	112	0.35933	0.36321	0.40783
0250330206	2004	4	22	113	0.35212	0.35925	0.40679
0250330206	2004	4	23	114	0.34433	0.35467	0.40592
0250330206	2004	4	24	115	0.33846	0.35108	0.40488
0250330206	2004	4	25	116	0.32983	0.34758	0.40375
0250330206	2004	4	26	117	0.31625	0.34512	0.40283
0250330206	2004	4	27	118	0.30029	0.34237	0.402
0250330206	2004	4	28	119	0.28387	0.34021	0.4015
0250330206	2004	4	29	120	0.26258	0.33721	0.40083
0250330206	2004	4	30	121	0.24725	0.33263	0.39988
0250330206	2004	5	1	122	0.23863	0.33033	0.39892
0250330206	2004	5	2	123	0.22804	0.32904	0.39817
0250330206	2004	5	3	124	0.21725	0.32737	0.39792
0250330206	2004	5	4	125	0.20762	0.32588	0.39733
0250330206	2004	5	5	126	0.19608	0.32371	0.39696
0250330206	2004	5	6	127	0.18529	0.32046	0.39663
0250330206	2004	5	7	128	0.17379	0.31746	0.396
0250330206	2004	5	8	129	0.16364	0.31436	0.39541
0250330206	2004	5	9	130	0.15467	0.3109	0.39473
0250330206	2004	5	10	131	0.14679	0.30775	0.39392
0250330206	2004	5	11	132	0.13779	0.30471	0.39325
0250330206	2004	5	12	133	0.12904	0.30025	0.39254
0250330206	2004	5	13	134	0.11925	0.29554	0.39125
0250330206	2004	5	14	135	0.11158	0.29171	0.38979
0250330206	2004	5	15	136	0.10313	0.2885	0.38846
0250330206	2004	5	16	137	0.092125	0.28542	0.38696
0250330206	2004	5	17	138	0.082208	0.28017	0.38479
0250330206	2004	5	18	139	0.074042	0.27663	0.38304
0250330206	2004	5	19	140	0.065708	0.27308	0.38083
0250330206	2004	5	20	141	0.058542	0.268	0.37808
0250330206	2004	5	21	142	0.052458	0.2635	0.37467
0250330206	2004	5	22	143	0.045583	0.25867	0.37071
0250330206	2004	5	23	144	0.042375	0.25471	0.3665
0250330206	2004	5	24	145	0.038	0.25129	0.36229
0250330206	2004	5	25	146	0.035542	0.24762	0.35762
0250330206	2004	5	26	147	0.033458	0.24492	0.35271
0250330206	2004	5	27	148	0.030958	0.24217	0.34771
0250330206	2004	5	28	149	0.030375	0.24067	0.34187
0250330206	2004	5	29	150	0.026333	0.23867	0.33646
0250330206	2004	5	30	151	0.023625	0.23542	0.331
0250330206	2004	5	31	152	0.024958	0.2335	0.32563
0250330206	2004	6	1	153	0.023	0.23288	0.31954
0250330206	2004	6	2	154	0.021125	0.231	0.31371
0250330206	2004	6	3	155	0.021042	0.23	0.30846
0250330206	2004	6	4	156	0.019667	0.22854	0.30421
0250330206	2004	6	5	157	0.0185	0.22717	0.29962
0250330206	2004	6	6	158	0.017292	0.22625	0.29562
0250330206	2004	6	7	159	0.015125	0.22479	0.29175
0250330206	2004	6	8	160	0.013	0.22333	0.28812
0250330206	2004	6	9	161	0.011583	0.22179	0.28558
0250330206	2004	6	10	162	0.0081739	0.21779	0.28279
0250330206	2004	6	11	163	0.0088182	0.21592	0.27975
0250330206	2004	6	12	164	0.0091304	0.21546	0.27696
0250330206	2004	6	13	165	0.00925	0.21542	0.27475
0250330206	2004	6	14	166	0.009625	0.21592	0.27233
0250330206	2004	6	15	167	0.0092609	0.21588	0.27067
0250330206	2004	6	16	168	0.0088182	0.215	0.26896
0250330206	2004	6	17	169	0.0082727	0.21442	0.26696
0250330206	2004	6	18	170	0.0089474	0.21421	0.26508
0250330206	2004	6	19	171	0.0088	0.21354	0.26417
0250330206	2004	6	20	172	0.0083889	0.21246	0.26196
0250330206	2004	6	21	173	0.0090625	0.21154	0.26042
0250330206	2004	6	22	174	0.0083529	0.21125	0.25921
0250330206	2004	6	23	175	-9999	0.20854	0.258
0250330206	2004	6	24	176	-9999	0.20633	0.256
0250330206	2004	6	25	177	0.0057692	0.2035	0.25458
0250330206	2004	6	26	178	0.0069048	0.20454	0.25333
0250330206	2004	6	27	179	0.0077	0.20504	0.25279
0250330206	2004	6	28	180	0.0061364	0.20438	0.25225
0250330206	2004	6	29	181	0.0074167	0.20304	0.25112
0250330206	2004	6	30	182	0.0093478	0.20262	0.25004
0250330206	2004	7	1	183	0.009	0.20229	0.24942
0250330206	2004	7	2	184	0.0096	0.20258	0.24879
0250330206	2004	7	3	185	0.0080588	0.20229	0.24792
0250330206	2004	7	4	186	0.0096667	0.20254	0.24813
0250330206	2004	7	5	187	0.0094615	0.20321	0.24758
0250330206	2004	7	6	188	0.008	0.20362	0.24737
0250330206	2004	7	7	189	0.0078333	0.20429	0.24771
0250330206	2004	7	8	190	0.00725	0.20358	0.24733
0250330206	2004	7	9	191	0.0066154	0.2035	0.247
0250330206	2004	7	10	192	0.0062308	0.20213	0.24642
0250330206	2004	7	11	193	0.0072667	0.20246	0.24604
0250330206	2004	7	12	194	0.0061176	0.20317	0.24663
0250330206	2004	7	13	195	0.006375	0.20096	0.24563
0250330206	2004	7	14	196	0.0045909	0.20129	0.24558
0250330206	2004	7	15	197	0.0094583	0.19671	0.24433
0250330206	2004	7	16	198	0.021042	0.19562	0.24354
0250330206	2004	7	17	199	0.050333	0.19242	0.24225
0250330206	2004	7	18	200	0.091208	0.19467	0.24213
0250330206	2004	7	19	201	0.096625	0.19471	0.24229
0250330206	2004	7	20	202	0.096917	0.19325	0.24196
0250330206	2004	7	21	203	0.10325	0.19346	0.24217
0250330206	2004	7	22	204	0.1105	0.19496	0.24192
0250330206	2004	7	23	205	0.11267	0.19546	0.24225
0250330206	2004	7	24	206	0.10633	0.195	0.24254
0250330206	2004	7	25	207	0.099833	0.19267	0.24187
0250330206	2004	7	26	208	0.099667	0.19171	0.24029
0250330206	2004	7	27	209	0.099917	0.19075	0.24021
0250330206	2004	7	28	210	0.10375	0.1895	0.23896
0250330206	2004	7	29	211	0.10971	0.19167	0.23871
0250330206	2004	7	30	212	0.11104	0.19242	0.23917
0250330206	2004	7	31	213	0.1105	0.19442	0.23988
0250330206	2004	8	1	214	0.10788	0.19537	0.24042
0250330206	2004	8	2	215	0.10154	0.19696	0.24163
0250330206	2004	8	3	216	0.090208	0.19604	0.24196
0250330206	2004	8	4	217	0.080583	0.19683	0.24154
0250330206	2004	8	5	218	0.067417	0.196	0.24183
0250330206	2004	8	6	219	0.063583	0.19471	0.24092
0250330206	2004	8	7	220	0.059458	0.19296	0.24017
0250330206	2004	8	8	221	0.058583	0.19283	0.23925
0250330206	2004	8	9	222	0.058417	0.1945	0.23917
0250330206	2004	8	10	223	0.051	0.19471	0.23958
0250330206	2004	8	11	224	0.047208	0.19262	0.23879
0250330206	2004	8	12	225	0.048208	0.19237	0.23796
0250330206	2004	8	13	226	0.33979	0.19162	0.23758
0250330206	2004	8	14	227	0.3015	0.19163	0.23692
0250330206	2004	8	15	228	0.27337	0.19458	0.23762
0250330206	2004	8	16	229	0.24863	0.1955	0.23771
0250330206	2004	8	17	230	0.27583	0.19421	0.23779
0250330206	2004	8	18	231	0.25588	0.19337	0.23683
0250330206	2004	8	19	232	0.24679	0.19275	0.23621
0250330206	2004	8	20	233	0.3405	0.19413	0.23596
0250330206	2004	8	21	234	0.34654	0.19542	0.23562
0250330206	2004	8	22	235	0.308	0.20004	0.23671
0250330206	2004	8	23	236	0.27146	0.20242	0.23704
0250330206	2004	8	24	237	0.2385	0.20338	0.23721
0250330206	2004	8	25	238	0.21183	0.20354	0.23721
0250330206	2004	8	26	239	0.18829	0.20379	0.23708
0250330206	2004	8	27	240	0.16742	0.20383	0.23729
0250330206	2004	8	28	241	0.15142	0.20367	0.23783
0250330206	2004	8	29	242	0.1385	0.20288	0.23829
0250330206	2004	8	30	243	0.12825	0.20242	0.23875
0250330206	2004	8	31	244	0.11938	0.20225	0.23912
0250330206	2004	9	1	245	0.10863	0.201	0.23921
0250330206	2004	9	2	246	0.10042	0.19958	0.23913
0250330206	2004	9	3	247	0.092833	0.19996	0.23887
0250330206	2004	9	4	248	0.082167	0.19704	0.23896
0250330206	2004	9	5	249	0.078458	0.19542	0.23808
0250330206	2004	9	6	250	0.078833	0.19333	0.23642
0250330206	2004	9	7	251	0.080542	0.193	0.23608
0250330206	2004	9	8	252	0.081833	0.19446	0.23608
0250330206	2004	9	9	253	0.078708	0.19496	0.23642
0250330206	2004	9	10	254	0.073208	0.19475	0.23683
0250330206	2004	9	11	255	0.066833	0.19542	0.2375
0250330206	2004	9	12	256	0.059792	0.1945	0.23746
0250330206	2004	9	13	257	0.14842	0.19008	0.23596
0250330206	2004	9	14	258	0.15242	0.19054	0.23521
0250330206	2004	9	15	259	0.14062	0.19067	0.23488
0250330206	2004	9	16	260	0.12917	0.19063	0.23467
0250330206	2004	9	17	261	0.12004	0.19079	0.23454
0250330206	2004	9	18	262	0.11221	0.191	0.23462
0250330206	2004	9	19	263	0.18583	0.23721	0.27829
0250330206	2004	9	20	264	0.33821	0.36371	0.40608
0250330206	2004	9	21	265	0.31308	0.35254	0.40333
0250330206	2004	9	22	266	0.29233	0.34271	0.40025
0250330206	2004	9	23	267	0.27517	0.33442	0.39721
0250330206	2004	9	24	268	0.25763	0.32675	0.39437
0250330206	2004	9	25	269	0.23629	0.31817	0.39117
0250330206	2004	9	26	270	0.21583	0.30871	0.38804
0250330206	2004	9	27	271	0.19746	0.29912	0.38383
0250330206	2004	9	28	272	0.18058	0.28962	0.379
0250330206	2004	9	29	273	0.19	0.28104	0.37554
0250330206	2004	9	30	274	0.20821	0.27292	0.37896
0250330206	2004	10	1	275	0.19396	0.26488	0.37642
0250330206	2004	10	2	276	0.18296	0.25796	0.37221
0250330206	2004	10	3	277	0.1725	0.25183	0.36588
0250330206	2004	10	4	278	0.16263	0.24612	0.35825
0250330206	2004	10	5	279	0.15346	0.23942	0.34908
0250330206	2004	10	6	280	0.14504	0.23363	0.33933
0250330206	2004	10	7	281	0.13783	0.22754	0.32887
0250330206	2004	10	8	282	0.13263	0.22317	0.31883
0250330206	2004	10	9	283	0.12658	0.21962	0.31029
0250330206	2004	10	10	284	0.12192	0.21592	0.30371
0250330206	2004	10	11	285	0.11825	0.21275	0.29913
0250330206	2004	10	12	286	0.20146	0.20763	0.29675
0250330206	2004	10	13	287	0.19433	0.20654	0.29387
0250330206	2004	10	14	288	0.17958	0.20417	0.29171
0250330206	2004	10	15	289	0.16775	0.20317	0.28904
0250330206	2004	10	16	290	0.15738	0.20254	0.28787
0250330206	2004	10	17	291	0.14629	0.20158	0.28654
0250330206	2004	10	18	292	0.13683	0.19963	0.28525
0250330206	2004	10	19	293	0.14125	0.19838	0.28388
0250330206	2004	10	20	294	0.15442	0.19788	0.2825
0250330206	2004	10	21	295	0.21288	0.24575	0.30796
0250330206	2004	10	22	296	0.363	0.36871	0.40783
0250330206	2004	10	23	297	0.36092	0.36663	0.40846
0250330206	2004	10	24	298	0.36504	0.37167	0.408
0250330206	2004	10	25	299	0.36737	0.38079	0.40788
0250330206	2004	10	26	300	0.35488	0.36896	0.407
0250330206	2004	10	27	301	0.34658	0.36242	0.407
0250330206	2004	10	28	302	0.36396	0.37896	0.40763
0250330206	2004	10	29	303	0.36396	0.38012	0.408
0250330206	2004	10	30	304	0.36479	0.38025	0.408
0250330206	2004	10	31	305	0.36642	0.38146	0.40788
0250330206	2004	11	1	306	0.3635	0.38075	0.40771
0250330206	2004	11	2	307	0.35567	0.37317	0.40717
0250330206	2004	11	3	308	0.36042	0.37488	0.40721
0250330206	2004	11	4	309	0.36187	0.38008	0.407
0250330206	2004	11	5	310	0.36188	0.38075	0.407
0250330206	2004	11	6	311	0.35971	0.37837	0.407
0250330206	2004	11	7	312	0.36208	0.37825	0.407
0250330206	2004	11	8	313	0.41033	0.43717	0.407
0250330206	2004	11	9	314	0.43688	0.46854	0.40708
0250330206	2004	11	10	315	0.41604	0.48458	0.407
0250330206	2004	11	11	316	0.40654	0.50133	0.407
0250330206	2004	11	12	317	0.40542	0.51879	0.407
0250330206	2004	11	13	318	0.40342	0.53154	0.407
0250330206	2004	11	14	319	0.40288	0.48658	0.407
0250330206	2004	11	15	320	0.40117	0.40721	0.407
0250330206	2004	11	16	321	0.40238	0.41079	0.407
0250330206	2004	11	17	322	0.40142	0.41317	0.407
0250330206	2004	11	18	323	0.39837	0.40517	0.407
0250330206	2004	11	19	324	0.39371	0.40404	0.407
0250330206	2004	11	20	325	0.39013	0.40321	0.407
0250330206	2004	11	21	326	0.39221	0.41629	0.407
0250330206	2004	11	22	327	0.40979	0.48542	0.407
0250330206	2004	11	23	328	0.42308	0.49879	0.407
0250330206	2004	11	24	329	0.41525	0.50308	0.407
0250330206	2004	11	25	330	0.40746	0.50687	0.407
0250330206	2004	11	26	331	0.40796	0.51058	0.407
0250330206	2004	11	27	332	0.40696	0.51342	0.407
0250330206	2004	11	28	333	0.40679	0.51629	0.407
0250330206	2004	11	29	334	0.40408	0.52042	0.407
0250330206	2004	11	30	335	0.39485	0.42154	0.407
0250330206	2004	12	1	336	0.38862	0.40192	0.407
0250330206	2004	12	2	337	0.38096	0.39687	0.407
0250330206	2004	12	3	338	0.37446	0.39117	0.40688
0250330206	2004	12	4	339	0.36954	0.38625	0.40671
0250330206	2004	12	5	340	0.36992	0.38571	0.40642
0250330206	2004	12	6	341	0.37375	0.39096	0.40646
0250330206	2004	12	7	342	0.37878	0.39687	0.4067
0250330206	2004	12	8	343	0.38412	0.40071	0.40688
0250330206	2004	12	9	344	0.38721	0.40375	0.407
0250330206	2004	12	10	345	0.39029	0.42517	0.407
0250330206	2004	12	11	346	0.39396	0.50312	0.407
0250330206	2004	12	12	347	0.39688	0.50633	0.407
0250330206	2004	12	13	348	0.39792	0.5095	0.407
0250330206	2004	12	14	349	0.39663	0.51204	0.407
0250330206	2004	12	15	350	0.39529	0.46925	0.407
0250330206	2004	12	16	351	0.39321	0.40646	0.407
0250330206	2004	12	17	352	0.38871	0.40408	0.407
0250330206	2004	12	18	353	0.38817	0.40475	0.407
0250330206	2004	12	19	354	0.38833	0.40646	0.407
0250330206	2004	12	20	355	0.38858	0.40863	0.40679
0250330206	2004	12	21	356	0.38917	0.40729	0.40675
0250330206	2004	12	22	357	0.38421	0.40142	0.40671
0250330206	2004	12	23	358	0.37217	0.39108	0.40642
0250330206	2004	12	24	359	0.35625	0.377	0.40629
0250330206	2004	12	25	360	0.35167	0.36992	0.406
0250330206	2004	12	26	361	0.35212	0.36825	0.406
0250330206	2004	12	27	362	0.35425	0.369	0.40613
0250330206	2004	12	28	363	0.35704	0.37138	0.407
0250330206	2004	12	29	364	0.39929	0.44212	0.407
0250330206	2004	12	30	365	0.41617	0.47517	0.407
0250330206	2004	12	31	366	0.41846	0.48167	0.407
0250330206	2005	1	1	1	0.41871	0.48625	0.407
0250330206	2005	1	2	2	0.4095	0.49208	0.407
0250330206	2005	1	3	3	0.40637	0.49771	0.407
0250330206	2005	1	4	4	0.40575	0.50275	0.407
0250330206	2005	1	5	5	0.4045	0.50742	0.407
0250330206	2005	1	6	6	0.40321	0.51187	0.407
0250330206	2005	1	7	7	0.4025	0.51583	0.407
0250330206	2005	1	8	8	0.40129	0.51692	0.407
0250330206	2005	1	9	9	0.40213	0.51767	0.407
0250330206	2005	1	10	10	0.41054	0.51817	0.407
0250330206	2005	1	11	11	0.41192	0.52083	0.407
0250330206	2005	1	12	12	0.41225	0.51992	0.407
0250330206	2005	1	13	13	0.41288	0.52037	0.407
0250330206	2005	1	14	14	0.41075	0.51988	0.40704
0250330206	2005	1	15	15	0.40675	0.52163	0.40713
0250330206	2005	1	16	16	0.40642	0.52304	0.40729
0250330206	2005	1	17	17	0.4065	0.5235	0.40746
0250330206	2005	1	18	18	0.40708	0.52379	0.40775
0250330206	2005	1	19	19	0.40821	0.52417	0.40796
0250330206	2005	1	20	20	0.41129	0.52446	0.40796
0250330206	2005	1	21	21	0.41246	0.524	0.408
0250330206	2005	1	22	22	0.41392	0.52429	0.408
0250330206	2005	1	23	23	0.414	0.52437	0.408
0250330206	2005	1	24	24	0.414	0.52471	0.408
0250330206	2005	1	25	25	0.41421	0.52442	0.408
0250330206	2005	1	26	26	0.41383	0.52542	0.408
0250330206	2005	1	27	27	0.41558	0.52592	0.408
0250330206	2005	1	28	28	0.41683	0.52629	0.408
0250330206	2005	1	29	29	0.41658	0.525	0.408
0250330206	2005	1	30	30	0.40938	0.52579	0.408
0250330206	2005	1	31	31	0.407	0.5265	0.408
0250330206	2005	2	1	32	0.40604	0.52654	0.408
0250330206	2005	2	2	33	0.40567	0.52596	0.408
0250330206	2005	2	3	34	0.40442	0.52592	0.408
0250330206	2005	2	4	35	0.40308	0.526	0.40863
0250330206	2005	2	5	36	0.40263	0.52563	0.409
0250330206	2005	2	6	37	0.40242	0.52579	0.409
0250330206	2005	2	7	38	0.40121	0.49621	0.409
0250330206	2005	2	8	39	0.4005	0.406	0.409
0250330206	2005	2	9	40	0.39963	0.40562	0.40913
0250330206	2005	2	10	41	0.3985	0.405	0.40921
0250330206	2005	2	11	42	0.405	0.43129	0.40992
0250330206	2005	2	12	43	0.41075	0.44704	0.41
0250330206	2005	2	13	44	0.41263	0.45217	0.41
0250330206	2005	2	14	45	0.41383	0.45575	0.41
0250330206	2005	2	15	46	0.41525	0.46492	0.41
0250330206	2005	2	16	47	0.41825	0.47858	0.41092
0250330206	2005	2	17	48	0.42117	0.49125	0.41092
0250330206	2005	2	18	49	0.42396	0.50333	0.411
0250330206	2005	2	19	50	0.42742	0.51242	0.411
0250330206	2005	2	20	51	0.42995	0.5186	0.411
0250330206	2005	2	21	52	0.43104	0.522	0.411
0250330206	2005	2	22	53	0.43267	0.52371	0.411
0250330206	2005	2	23	54	0.43475	0.52413	0.411
0250330206	2005	2	24	55	0.43408	0.52488	0.41137
0250330206	2005	2	25	56	0.42354	0.52529	0.41167
0250330206	2005	2	26	57	0.4105	0.52463	0.41183
0250330206	2005	2	27	58	0.41008	0.52525	0.41196
0250330206	2005	2	28	59	0.41079	0.52508	0.412
0250330206	2005	3	1	60	0.41587	0.52429	0.412
0250330206	2005	3	2	61	0.42246	0.52525	0.412
0250330206	2005	3	3	62	0.42942	0.52421	0.412
0250330206	2005	3	4	63	0.43288	0.52542	0.412
0250330206	2005	3	5	64	0.43333	0.52554	0.412
0250330206	2005	3	6	65	0.43446	0.52496	0.41225
0250330206	2005	3	7	66	0.43546	0.52575	0.41225
0250330206	2005	3	8	67	0.435	0.52638	0.41217
0250330206	2005	3	9	68	0.4345	0.52771	0.41233
0250330206	2005	3	10	69	0.43183	0.53008	0.41271
0250330206	2005	3	11	70	0.43008	0.53167	0.41283
0250330206	2005	3	12	71	0.42854	0.53292	0.413
0250330206	2005	3	13	72	0.42525	0.53463	0.413
0250330206	2005	3	14	73	0.42413	0.5365	0.413
0250330206	2005	3	15	74	0.42333	0.53229	0.413
0250330206	2005	3	16	75	0.41667	0.5285	0.413
0250330206	2005	3	17	76	0.41654	0.52738	0.413
0250330206	2005	3	18	77	0.41825	0.52796	0.41296
0250330206	2005	3	19	78	0.41929	0.53029	0.413
0250330206	2005	3	20	79	0.42733	0.52858	0.413
0250330206	2005	3	21	80	0.43475	0.52738	0.413
0250330206	2005	3	22	81	0.43857	0.53048	0.413
0250330206	2005	3	23	82	0.438	0.53633	0.4135
0250330206	2005	3	24	83	0.44121	0.53408	0.41383
0250330206	2005	3	25	84	0.44213	0.53408	0.41375
0250330206	2005	3	26	85	0.44188	0.53346	0.41362
0250330206	2005	3	27	86	0.44279	0.53146	0.41343
0250330206	2005	3	28	87	0.44525	0.53196	0.41342
0250330206	2005	3	29	88	0.44237	0.53533	0.41354
0250330206	2005	3	30	89	0.44158	0.53696	0.41392
0250330206	2005	3	31	90	0.43996	0.53763	0.414
0250330206	2005	4	1	91	0.43	0.53612	0.41404
0250330206	2005	4	2	92	0.42371	0.53742	0.41417
0250330206	2005	4	3	93	0.42325	0.54192	0.41442
0250330206	2005	4	4	94	0.41104	0.54671	0.41479
0250330206	2005	4	5	95	0.40658	0.54475	0.415
0250330206	2005	4	6	96	0.40513	0.48254	0.41483
0250330206	2005	4	7	97	0.40354	0.406	0.41512
0250330206	2005	4	8	98	0.40092	0.40592	0.41537
0250330206	2005	4	9	99	0.39763	0.40963	0.41579
0250330206	2005	4	10	100	0.40154	0.43992	0.41562
0250330206	2005	4	11	101	0.40163	0.41058	0.41521
0250330206	2005	4	12	102	0.39771	0.40492	0.41521
0250330206	2005	4	13	103	0.39308	0.40296	0.41533
0250330206	2005	4	14	104	0.38871	0.39913	0.41567
0250330206	2005	4	15	105	0.3843	0.39626	0.41613
0250330206	2005	4	16	106	0.38042	0.39325	0.41638
0250330206	2005	4	17	107	0.37708	0.3905	0.41557
0250330206	2005	4	18	108	0.37333	0.38704	0.41271
0250330206	2005	4	19	109	0.36879	0.38367	0.41092
0250330206	2005	4	20	110	0.36483	0.3795	0.40946
0250330206	2005	4	21	111	0.36158	0.37671	0.408
0250330206	2005	4	22	112	0.35854	0.37396	0.4075
0250330206	2005	4	23	113	0.35575	0.36692	0.407
0250330206	2005	4	24	114	0.39212	0.44679	0.41196
0250330206	2005	4	25	115	0.40329	0.49096	0.41446
0250330206	2005	4	26	116	0.39825	0.40721	0.41421
0250330206	2005	4	27	117	0.3945	0.40292	0.414
0250330206	2005	4	28	118	0.39108	0.41154	0.41429
0250330206	2005	4	29	119	0.41204	0.49554	0.41521
0250330206	2005	4	30	120	0.40629	0.50246	0.41542
0250330206	2005	5	1	121	0.40187	0.48371	0.41588
0250330206	2005	5	2	122	0.39783	0.405	0.41608
0250330206	2005	5	3	123	0.39271	0.40483	0.41579
0250330206	2005	5	4	124	0.38696	0.40142	0.41554
0250330206	2005	5	5	125	0.38254	0.39783	0.41508
0250330206	2005	5	6	126	0.37917	0.39429	0.41487
0250330206	2005	5	7	127	0.37842	0.39404	0.41479
0250330206	2005	5	8	128	0.37471	0.39163	0.41425
0250330206	2005	5	9	129	0.37158	0.38837	0.41317
0250330206	2005	5	10	130	0.36746	0.38458	0.41167
0250330206	2005	5	11	131	0.36233	0.37992	0.40929
0250330206	2005	5	12	132	0.35925	0.37625	0.408
0250330206	2005	5	13	133	0.35588	0.37325	0.40737
0250330206	2005	5	14	134	0.35225	0.371	0.407
0250330206	2005	5	15	135	0.34658	0.36879	0.40683
0250330206	2005	5	16	136	0.33871	0.36621	0.406
0250330206	2005	5	17	137	0.3295	0.36342	0.406
0250330206	2005	5	18	138	0.32142	0.361	0.40579
0250330206	2005	5	19	139	0.30942	0.359	0.405
0250330206	2005	5	20	140	0.29308	0.35775	0.405
0250330206	2005	5	21	141	0.27417	0.35571	0.40491
0250330206	2005	5	22	142	0.25342	0.35396	0.40471
0250330206	2005	5	23	143	0.23225	0.35167	0.40408
0250330206	2005	5	24	144	0.21396	0.34942	0.404
0250330206	2005	5	25	145	0.19767	0.34633	0.40396
0250330206	2005	5	26	146	0.18396	0.34308	0.40379
0250330206	2005	5	27	147	0.17058	0.33971	0.40313
0250330206	2005	5	28	148	0.16033	0.33596	0.403
0250330206	2005	5	29	149	0.14892	0.33158	0.40288
0250330206	2005	5	30	150	0.13933	0.32729	0.40246
0250330206	2005	5	31	151	0.12896	0.32217	0.40196
0250330206	2005	6	1	152	0.11971	0.31646	0.40121
0250330206	2005	6	2	153	0.10988	0.31108	0.40083
0250330206	2005	6	3	154	0.099792	0.30504	0.40021
0250330206	2005	6	4	155	0.0895	0.29825	0.39933
0250330206	2005	6	5	156	0.08375	0.29196	0.39821
0250330206	2005	6	6	157	0.078625	0.28558	0.397
0250330206	2005	6	7	158	0.074417	0.2805	0.39579
0250330206	2005	6	8	159	0.068625	0.2755	0.39425
0250330206	2005	6	9	160	0.062833	0.26983	0.39246
0250330206	2005	6	10	161	0.05725	0.26396	0.39108
0250330206	2005	6	11	162	0.058625	0.26063	0.38879
0250330206	2005	6	12	163	0.057	0.25696	0.38726
0250330206	2005	6	13	164	0.062458	0.25404	0.38438
0250330206	2005	6	14	165	0.070458	0.25229	0.38117
0250330206	2005	6	15	166	0.069375	0.24962	0.37713
0250330206	2005	6	16	167	0.065083	0.24638	0.3725
0250330206	2005	6	17	168	0.060375	0.24321	0.36675
0250330206	2005	6	18	169	0.057167	0.24033	0.36083
0250330206	2005	6	19	170	0.053625	0.238	0.35363
0250330206	2005	6	20	171	0.051542	0.23617	0.34579
0250330206	2005	6	21	172	0.048417	0.23413	0.33871
0250330206	2005	6	22	173	0.047292	0.23175	0.33267
0250330206	2005	6	23	174	0.044833	0.23063	0.3285
0250330206	2005	6	24	175	0.042708	0.2265	0.32579
0250330206	2005	6	25	176	0.048375	0.22425	0.32146
0250330206	2005	6	26	177	0.053875	0.22308	0.31633
0250330206	2005	6	27	178	0.0585	0.2225	0.31129
0250330206	2005	6	28	179	0.057292	0.22175	0.30721
0250330206	2005	6	29	180	0.051792	0.22067	0.30421
0250330206	2005	6	30	181	0.048792	0.22025	0.30096
0250330206	2005	7	1	182	0.045542	0.21967	0.298
0250330206	2005	7	2	183	0.043167	0.21925	0.29621
0250330206	2005	7	3	184	0.040042	0.21846	0.29367
0250330206	2005	7	4	185	0.038083	0.21792	0.29204
0250330206	2005	7	5	186	0.036458	0.21688	0.28979
0250330206	2005	7	6	187	0.034792	0.21596	0.28742
0250330206	2005	7	7	188	0.032292	0.21467	0.28562
0250330206	2005	7	8	189	0.032292	0.21404	0.28417
0250330206	2005	7	9	190	0.031542	0.21338	0.283
0250330206	2005	7	10	191	0.031042	0.21296	0.28242
0250330206	2005	7	11	192	0.03025	0.21196	0.28204
0250330206	2005	7	12	193	0.029667	0.21196	0.28091
0250330206	2005	7	13	194	0.029417	0.21242	0.28058
0250330206	2005	7	14	195	0.028792	0.21213	0.27963
0250330206	2005	7	15	196	0.028667	0.21083	0.2795
0250330206	2005	7	16	197	0.027792	0.21025	0.2785
0250330206	2005	7	17	198	0.027417	0.20833	0.27788
0250330206	2005	7	18	199	0.032583	0.20779	0.27667
0250330206	2005	7	19	200	0.032167	0.20708	0.27575
0250330206	2005	7	20	201	0.034333	0.20604	0.27542
0250330206	2005	7	21	202	0.042333	0.20558	0.27517
0250330206	2005	7	22	203	0.14454	0.20254	0.27471
0250330206	2005	7	23	204	0.17625	0.20308	0.27408
0250330206	2005	7	24	205	0.32863	0.20021	0.27404
0250330206	2005	7	25	206	0.28783	0.20229	0.27504
0250330206	2005	7	26	207	0.27075	0.20258	0.27579
0250330206	2005	7	27	208	0.34579	0.2005	0.27467
0250330206	2005	7	28	209	0.31712	0.20321	0.27438
0250330206	2005	7	29	210	0.29279	0.20508	0.27525
0250330206	2005	7	30	211	0.27071	0.20792	0.27492
0250330206	2005	7	31	212	0.3095	0.20654	0.27504
0250330206	2005	8	1	213	0.35279	0.20638	0.2743
0250330206	2005	8	2	214	0.35096	0.20979	0.27483
0250330206	2005	8	3	215	0.32283	0.21354	0.2755
0250330206	2005	8	4	216	0.29733	0.2155	0.27533
0250330206	2005	8	5	217	0.28079	0.21712	0.27525
0250330206	2005	8	6	218	0.30675	0.21746	0.27542
0250330206	2005	8	7	219	0.35987	0.23867	0.27504
0250330206	2005	8	8	220	0.34763	0.28604	0.27796
0250330206	2005	8	9	221	0.36512	0.37058	0.39463
0250330206	2005	8	10	222	0.36979	0.38142	0.45767
0250330206	2005	8	11	223	0.36225	0.37875	0.43346
0250330206	2005	8	12	224	0.36717	0.38275	-9999
0250330206	2005	8	13	225	0.36654	0.38342	-9999
0250330206	2005	8	14	226	0.36529	0.37917	0.51979
0250330206	2005	8	15	227	0.37971	0.39033	0.41887
0250330206	2005	8	16	228	0.37246	0.38267	0.41629
0250330206	2005	8	17	229	0.36733	0.37638	0.41008
0250330206	2005	8	18	230	0.35354	0.36942	0.40758
0250330206	2005	8	19	231	0.34575	0.36317	0.40663
0250330206	2005	8	20	232	0.33033	0.35808	0.40571
0250330206	2005	8	21	233	0.31158	0.35267	0.40467
0250330206	2005	8	22	234	0.29375	0.34704	0.40333
0250330206	2005	8	23	235	0.27704	0.34025	0.40192
0250330206	2005	8	24	236	0.34129	0.33558	0.40087
0250330206	2005	8	25	237	0.32546	0.33167	0.39983
0250330206	2005	8	26	238	0.301	0.32733	0.39846
0250330206	2005	8	27	239	0.27696	0.32113	0.39671
0250330206	2005	8	28	240	0.25167	0.31392	0.39467
0250330206	2005	8	29	241	0.22713	0.30612	0.39225
0250330206	2005	8	30	242	0.20454	0.29788	0.38892
0250330206	2005	8	31	243	0.18396	0.28825	0.38458
0250330206	2005	9	1	244	0.16975	0.27929	0.37983
0250330206	2005	9	2	245	0.15975	0.27046	0.37458
0250330206	2005	9	3	246	0.15246	0.26325	0.36861
0250330206	2005	9	4	247	0.14829	0.25696	0.36338
0250330206	2005	9	5	248	0.14358	0.25058	0.35512
0250330206	2005	9	6	249	0.13917	0.24392	0.34579
0250330206	2005	9	7	250	0.13542	0.23808	0.3365
0250330206	2005	9	8	251	0.13233	0.23421	0.32842
0250330206	2005	9	9	252	0.12446	0.23113	0.32383
0250330206	2005	9	10	253	0.11767	0.22646	0.31725
0250330206	2005	9	11	254	0.11492	0.2235	0.312
0250330206	2005	9	12	255	0.10967	0.22079	0.30729
0250330206	2005	9	13	256	0.10325	0.21846	0.30275
0250330206	2005	9	14	257	0.096958	0.21538	0.29854
0250330206	2005	9	15	258	0.09025	0.21288	0.29375
0250330206	2005	9	16	259	0.086167	0.211	0.29062
0250330206	2005	9	17	260	0.080542	0.21037	0.28725
0250330206	2005	9	18	261	0.075458	0.20867	0.28442
0250330206	2005	9	19	262	0.071292	0.20754	0.28179
0250330206	2005	9	20	263	0.069542	0.20758	0.27954
0250330206	2005	9	21	264	0.066375	0.208	0.27825
0250330206	2005	9	22	265	0.063833	0.20821	0.27758
0250330206	2005	9	23	266	0.06175	0.20775	0.27583
0250330206	2005	9	24	267	0.059375	0.20683	0.27454
0250330206	2005	9	25	268	0.055167	0.20533	0.27267
0250330206	2005	9	26	269	0.0535	0.20433	0.27075
0250330206	2005	9	27	270	0.052625	0.20417	0.2695
0250330206	2005	9	28	271	0.05	0.20421	0.26861
0250330206	2005	9	29	272	0.048292	0.20258	0.26775
0250330206	2005	9	30	273	0.046917	0.201	0.26567
0250330206	2005	10	1	274	0.045583	0.20046	0.26454
0250330206	2005	10	2	275	0.044708	0.19988	0.26333
0250330206	2005	10	3	276	0.044083	0.19988	0.26233
0250330206	2005	10	4	277	0.044667	0.19996	0.262
0250330206	2005	10	5	278	0.041292	0.19842	0.26175
0250330206	2005	10	6	279	0.041625	0.19658	0.25979
0250330206	2005	10	7	280	0.040542	0.19571	0.25858
0250330206	2005	10	8	281	0.040417	0.19592	0.25779
0250330206	2005	10	9	282	0.038042	0.19467	0.25708
0250330206	2005	10	10	283	0.035292	0.19258	0.25571
0250330206	2005	10	11	284	0.032667	0.19	0.25446
0250330206	2005	10	12	285	0.032167	0.18842	0.25258
0250330206	2005	10	13	286	0.031542	0.18767	0.25154
0250330206	2005	10	14	287	0.03175	0.18742	0.25071
0250330206	2005	10	15	288	0.032	0.18737	0.25054
0250330206	2005	10	16	289	0.032333	0.18692	0.25017
0250330206	2005	10	17	290	0.032417	0.18729	0.25004
0250330206	2005	10	18	291	0.27879	0.18596	0.24996
0250330206	2005	10	19	292	0.36296	0.32954	0.24867
0250330206	2005	10	20	293	0.34133	0.34092	0.24808
0250330206	2005	10	21	294	0.33363	0.33571	0.25083
0250330206	2005	10	22	295	0.32333	0.33008	0.25462
0250330206	2005	10	23	296	0.31567	0.3235	0.25883
0250330206	2005	10	24	297	0.34146	0.31958	0.26079
0250330206	2005	10	25	298	0.33058	0.31887	0.26258
0250330206	2005	10	26	299	0.35762	0.34342	0.26413
0250330206	2005	10	27	300	0.34258	0.34071	0.27
0250330206	2005	10	28	301	0.33763	0.33658	0.27762
0250330206	2005	10	29	302	0.36217	0.35058	0.29942
0250330206	2005	10	30	303	0.34546	0.34496	0.35908
0250330206	2005	10	31	304	0.33558	0.33938	0.37387
0250330206	2005	11	1	305	0.32646	0.33363	0.37454
0250330206	2005	11	2	306	0.31775	0.32871	0.37333
0250330206	2005	11	3	307	0.30879	0.32396	0.37163
0250330206	2005	11	4	308	0.29704	0.3195	0.369
0250330206	2005	11	5	309	0.28617	0.31438	0.36579
0250330206	2005	11	6	310	0.27746	0.30996	0.36237
0250330206	2005	11	7	311	0.27117	0.306	0.35958
0250330206	2005	11	8	312	0.26246	0.30246	0.357
0250330206	2005	11	9	313	0.25533	0.29921	0.35404
0250330206	2005	11	10	314	0.2485	0.29658	0.35192
0250330206	2005	11	11	315	0.25104	0.29313	0.34975
0250330206	2005	11	12	316	0.29254	0.28879	0.34754
0250330206	2005	11	13	317	0.28492	0.28542	0.34517
0250330206	2005	11	14	318	0.27658	0.28279	0.34254
0250330206	2005	11	15	319	0.26642	0.28033	0.34025
0250330206	2005	11	16	320	0.25175	0.27613	0.33783
0250330206	2005	11	17	321	0.24496	0.27229	0.3345
0250330206	2005	11	18	322	0.237	0.26975	0.33204
0250330206	2005	11	19	323	0.22763	0.26721	0.32958
0250330206	2005	11	20	324	0.21917	0.26429	0.32717
0250330206	2005	11	21	325	0.21442	0.26133	0.32408
0250330206	2005	11	22	326	0.20792	0.25954	0.32217
0250330206	2005	11	23	327	0.20337	0.25733	0.31992
0250330206	2005	11	24	328	0.1995	0.25629	0.31779
0250330206	2005	11	25	329	0.18992	0.25417	0.31583
0250330206	2005	11	26	330	0.18462	0.25142	0.31329
0250330206	2005	11	27	331	0.17463	0.24888	0.31146
0250330206	2005	11	28	332	0.14817	0.24508	0.30925
0250330206	2005	11	29	333	0.15754	0.24271	0.30658
0250330206	2005	11	30	334	0.15908	0.24096	0.30529
0250330206	2005	12	1	335	0.15712	0.24025	0.304
0250330206	2005	12	2	336	0.157	0.24017	0.30296
0250330206	2005	12	3	337	0.15437	0.23971	0.30246
0250330206	2005	12	4	338	0.14546	0.23871	0.30171
0250330206	2005	12	5	339	0.12325	0.23583	0.30008
0250330206	2005	12	6	340	0.11638	0.23362	0.29774
0250330206	2005	12	7	341	0.115	0.23242	0.29587
0250330206	2005	12	8	342	0.10863	0.23138	0.29533
0250330206	2005	12	9	343	0.11258	0.22987	0.29417
0250330206	2005	12	10	344	0.12967	0.22896	0.29308
0250330206	2005	12	11	345	0.12921	0.22838	0.29254
0250330206	2005	12	12	346	0.14108	0.22858	0.29262
0250330206	2005	12	13	347	0.13825	0.22733	0.29138
0250330206	2005	12	14	348	0.12763	0.22721	0.29052
0250330206	2005	12	15	349	0.10746	0.22642	0.28983
0250330206	2005	12	16	350	0.097125	0.22546	0.28858
0250330206	2005	12	17	351	0.089	0.22367	0.28704
0250330206	2005	12	18	352	0.093042	0.22325	0.28725
0250330206	2005	12	19	353	0.11167	0.22271	0.28704
0250330206	2005	12	20	354	0.12388	0.22275	0.28675
0250330206	2005	12	21	355	0.13217	0.22275	0.28637
0250330206	2005	12	22	356	0.12996	0.22363	0.28662
0250330206	2005	12	23	357	0.12638	0.22492	0.28787
0250330206	2005	12	24	358	0.12204	0.22479	0.28742
0250330206	2005	12	25	359	0.11763	0.22342	0.28742
0250330206	2005	12	26	360	0.11521	0.22262	0.28704
0250330206	2005	12	27	361	0.11117	0.22138	0.28637
0250330206	2005	12	28	362	0.10967	0.21962	0.28537
0250330206	2005	12	29	363	0.10763	0.22038	0.28562
0250330206	2005	12	30	364	0.10254	0.21825	0.28525
0250330206	2005	12	31	365	0.10088	0.21621	0.284
0250330206	2006	1	1	1	0.09825	0.21654	0.28363
0250330206	2006	1	2	2	0.097792	0.21575	0.28296
0250330206	2006	1	3	3	0.094792	0.21633	0.28313
0250330206	2006	1	4	4	0.090917	0.21479	0.28226
0250330206	2006	1	5	5	0.088917	0.213	0.281
0250330206	2006	1	6	6	0.087208	0.21242	0.28075
0250330206	2006	1	7	7	0.085792	0.21183	0.28021
0250330206	2006	1	8	8	0.081792	0.21096	0.2795
0250330206	2006	1	9	9	0.07925	0.20958	0.27871
0250330206	2006	1	10	10	0.075042	0.2075	0.27713
0250330206	2006	1	11	11	0.073792	0.20588	0.27583
0250330206	2006	1	12	12	0.0755	0.20542	0.27592
0250330206	2006	1	13	13	0.071333	0.20521	0.27448
0250330206	2006	1	14	14	0.071833	0.20588	0.27475
0250330206	2006	1	15	15	0.069542	0.20625	0.27425
0250330206	2006	1	16	16	0.065042	0.20567	0.27408
0250330206	2006	1	17	17	0.0615	0.20217	0.27254
0250330206	2006	1	18	18	0.06375	0.20192	0.27154
0250330206	2006	1	19	19	0.065208	0.2025	0.27133
0250330206	2006	1	20	20	0.060792	0.20192	0.27071
0250330206	2006	1	21	21	0.058833	0.20046	0.27013
0250330206	2006	1	22	22	0.058833	0.19946	0.269
0250330206	2006	1	23	23	0.058875	0.19858	0.26829
0250330206	2006	1	24	24	0.060792	0.19833	0.26808
0250330206	2006	1	25	25	0.0625	0.19842	0.26758
0250330206	2006	1	26	26	0.06275	0.19921	0.267
0250330206	2006	1	27	27	0.062875	0.1985	0.26683
0250330206	2006	1	28	28	0.062542	0.19808	0.26625
0250330206	2006	1	29	29	0.064	0.198	0.26629
0250330206	2006	1	30	30	0.066292	0.19829	0.26554
0250330206	2006	1	31	31	0.068875	0.19967	0.26654
0250330206	2006	2	1	32	0.068292	0.20004	0.26637
0250330206	2006	2	2	33	0.069583	0.20113	0.26729
0250330206	2006	2	3	34	0.0695	0.20183	0.26733
0250330206	2006	2	4	35	0.06575	0.20158	0.26758
0250330206	2006	2	5	36	0.065917	0.20108	0.26738
0250330206	2006	2	6	37	0.059792	0.20004	0.26708
0250330206	2006	2	7	38	0.058833	0.19829	0.26588
0250330206	2006	2	8	39	0.058542	0.19838	0.26579
0250330206	2006	2	9	40	0.057208	0.19821	0.26579
0250330206	2006	2	10	41	0.053583	0.19804	0.26542
0250330206	2006	2	11	42	0.05175	0.19754	0.26488
0250330206	2006	2	12	43	0.048708	0.19604	0.26375
0250330206	2006	2	13	44	0.0475	0.19558	0.26354
0250330206	2006	2	14	45	0.046792	0.19625	0.26317
0250330206	2006	2	15	46	0.044875	0.19629	0.26363
0250330206	2006	2	16	47	0.042208	0.19596	0.2635
0250330206	2006	2	17	48	0.04	0.19504	0.2625
0250330206	2006	2	18	49	0.037042	0.19338	0.26217
0250330206	2006	2	19	50	0.037125	0.19254	0.26092
0250330206	2006	2	20	51	0.036875	0.19212	0.25996
0250330206	2006	2	21	52	0.0345	0.1915	0.25896
0250330206	2006	2	22	53	0.034375	0.19012	0.25875
0250330206	2006	2	23	54	0.034542	0.18988	0.25812
0250330206	2006	2	24	55	0.033583	0.19075	0.25817
0250330206	2006	2	25	56	0.033708	0.19042	0.25712
0250330206	2006	2	26	57	0.034625	0.19137	0.25779
0250330206	2006	2	27	58	0.034917	0.19271	0.25804
0250330206	2006	2	28	59	0.047542	0.19417	0.25804
0250330206	2006	3	1	60	0.20642	0.19408	0.25942
0250330206	2006	3	2	61	0.19608	0.19433	0.25921
0250330206	2006	3	3	62	0.18825	0.19333	0.25825
0250330206	2006	3	4	63	0.17937	0.1925	0.2575
0250330206	2006	3	5	64	0.1705	0.19204	0.25671
0250330206	2006	3	6	65	0.16512	0.19204	0.2565
0250330206	2006	3	7	66	0.15779	0.19233	0.25638
0250330206	2006	3	8	67	0.17892	0.19121	0.25554
0250330206	2006	3	9	68	0.19746	0.18908	0.25413
0250330206	2006	3	10	69	0.21517	0.18896	0.25296
0250330206	2006	3	11	70	0.21596	0.18792	0.25275
0250330206	2006	3	12	71	0.23354	0.18779	0.25229
0250330206	2006	3	13	72	0.25	0.18721	0.25138
0250330206	2006	3	14	73	0.26104	0.18696	0.25121
0250330206	2006	3	15	74	0.31013	0.18642	0.251
0250330206	2006	3	16	75	0.32804	0.18675	0.25004
0250330206	2006	3	17	76	0.33179	0.18642	0.25042
0250330206	2006	3	18	77	0.33779	0.18625	0.25008
0250330206	2006	3	19	78	0.33354	0.18612	0.24904
0250330206	2006	3	20	79	0.33163	0.18612	0.24962
0250330206	2006	3	21	80	0.33413	0.18608	0.24954
0250330206	2006	3	22	81	0.33446	0.18592	0.24921
0250330206	2006	3	23	82	0.33771	0.18633	0.24921
0250330206	2006	3	24	83	0.34042	0.18642	0.249
0250330206	2006	3	25	84	0.34287	0.18663	0.24775
0250330206	2006	3	26	85	0.34792	0.18717	0.24487
0250330206	2006	3	27	86	0.35721	0.21862	0.325
0250330206	2006	3	28	87	0.36533	0.33521	0.42754
0250330206	2006	3	29	88	0.3775	0.46904	0.52187
0250330206	2006	3	30	89	0.37479	0.45017	0.52817
0250330206	2006	3	31	90	0.38292	0.47754	0.53375
0250330206	2006	4	1	91	0.38513	0.48079	0.54039
0250330206	2006	4	2	92	0.38642	0.48475	0.55158
0250330206	2006	4	3	93	0.3855	0.48938	-9999
0250330206	2006	4	4	94	0.38212	0.43317	-9999
0250330206	2006	4	5	95	0.38196	0.4325	-9999
0250330206	2006	4	6	96	0.40329	0.49675	-9999
0250330206	2006	4	7	97	0.40696	0.49842	-9999
0250330206	2006	4	8	98	0.39858	0.462	-9999
0250330206	2006	4	9	99	0.393	0.40333	-9999
0250330206	2006	4	10	100	0.38321	0.39983	-9999
0250330206	2006	4	11	101	0.37658	0.39779	-9999
0250330206	2006	4	12	102	0.37133	0.39187	-9999
0250330206	2006	4	13	103	0.36504	0.38542	-9999
0250330206	2006	4	14	104	0.36046	0.38	-9999
0250330206	2006	4	15	105	0.36683	0.3805	-9999
0250330206	2006	4	16	106	0.35888	0.37679	-9999
0250330206	2006	4	17	107	0.35229	0.37125	-9999
0250330206	2006	4	18	108	0.34421	0.36463	0.40792
0250330206	2006	4	19	109	0.33787	0.35938	0.407
0250330206	2006	4	20	110	0.33179	0.35463	0.40596
0250330206	2006	4	21	111	0.32254	0.35112	0.40496
0250330206	2006	4	22	112	0.31125	0.34671	0.40379
0250330206	2006	4	23	113	0.2935	0.34287	0.40279
0250330206	2006	4	24	114	0.27954	0.33779	0.40175
0250330206	2006	4	25	115	0.26888	0.33606	0.40082
0250330206	2006	4	26	116	-9999	-9999	-9999
0250330206	2006	4	27	117	-9999	-9999	-9999
0250330206	2006	4	28	118	-9999	-9999	-9999
0250330206	2006	4	29	119	-9999	-9999	-9999
0250330206	2006	4	30	120	-9999	-9999	-9999
0250330206	2006	5	1	121	-9999	-9999	-9999
0250330206	2006	5	2	122	-9999	-9999	-9999
0250330206	2006	5	3	123	-9999	-9999	-9999
0250330206	2006	5	4	124	-9999	-9999	-9999
0250330206	2006	5	5	125	-9999	-9999	-9999
0250330206	2006	5	6	126	-9999	-9999	-9999
0250330206	2006	5	7	127	-9999	-9999	-9999
0250330206	2006	5	8	128	-9999	-9999	-9999
0250330206	2006	5	9	129	-9999	-9999	-9999
0250330206	2006	5	10	130	-9999	-9999	-9999
0250330206	2006	5	11	131	-9999	-9999	-9999
0250330206	2006	5	12	132	-9999	-9999	-9999
0250330206	2006	5	13	133	-9999	-9999	-9999
0250330206	2006	5	14	134	-9999	-9999	-9999
0250330206	2006	5	15	135	-9999	-9999	-9999
0250330206	2006	5	16	136	-9999	-9999	-9999
0250330206	2006	5	17	137	-9999	-9999	-9999
0250330206	2006	5	18	138	-9999	-9999	-9999
0250330206	2006	5	19	139	-9999	-9999	-9999
0250330206	2006	5	20	140	-9999	-9999	-9999
0250330206	2006	5	21	141	-9999	-9999	-9999
0250330206	2006	5	22	142	-9999	-9999	-9999
0250330206	2006	5	23	143	-9999	-9999	-9999
0250330206	2006	5	24	144	-9999	-9999	-9999
0250330206	2006	5	25	145	-9999	-9999	-9999
0250330206	2006	5	26	146	-9999	-9999	-9999
0250330206	2006	5	27	147	-9999	-9999	-9999
0250330206	2006	5	28	148	-9999	-9999	-9999
0250330206	2006	5	29	149	-9999	-9999	-9999
0250330206	2006	5	30	150	-9999	-9999	-9999
0250330206	2006	5	31	151	-9999	-9999	-9999
0250330206	2006	6	1	152	-9999	-9999	-9999
0250330206	2006	6	2	153	-9999	-9999	-9999
0250330206	2006	6	3	154	-9999	-9999	-9999
0250330206	2006	6	4	155	-9999	-9999	-9999
0250330206	2006	6	5	156	-9999	-9999	-9999
0250330206	2006	6	6	157	-9999	-9999	-9999
0250330206	2006	6	7	158	-9999	-9999	-9999
0250330206	2006	6	8	159	-9999	-9999	-9999
0250330206	2006	6	9	160	-9999	-9999	-9999
0250330206	2006	6	10	161	-9999	-9999	-9999
0250330206	2006	6	11	162	-9999	-9999	-9999
0250330206	2006	6	12	163	-9999	-9999	-9999
0250330206	2006	6	13	164	-9999	-9999	-9999
0250330206	2006	6	14	165	-9999	-9999	-9999
0250330206	2006	6	15	166	-9999	-9999	-9999
0250330206	2006	6	16	167	-9999	-9999	-9999
0250330206	2006	6	17	168	-9999	-9999	-9999
0250330206	2006	6	18	169	-9999	-9999	-9999
0250330206	2006	6	19	170	-9999	-9999	-9999
0250330206	2006	6	20	171	-9999	-9999	-9999
0250330206	2006	6	21	172	-9999	-9999	-9999
0250330206	2006	6	22	173	-9999	-9999	-9999
0250330206	2006	6	23	174	-9999	-9999	-9999
0250330206	2006	6	24	175	-9999	-9999	-9999
0250330206	2006	6	25	176	-9999	-9999	-9999
0250330206	2006	6	26	177	-9999	-9999	-9999
0250330206	2006	6	27	178	-9999	-9999	-9999
0250330206	2006	6	28	179	-9999	-9999	-9999
0250330206	2006	6	29	180	-9999	-9999	-9999
0250330206	2006	6	30	181	-9999	-9999	-9999
0250330206	2006	7	1	182	-9999	-9999	-9999
0250330206	2006	7	2	183	-9999	-9999	-9999
0250330206	2006	7	3	184	-9999	-9999	-9999
0250330206	2006	7	4	185	-9999	-9999	-9999
0250330206	2006	7	5	186	-9999	-9999	-9999
0250330206	2006	7	6	187	-9999	-9999	-9999
0250330206	2006	7	7	188	-9999	-9999	-9999
0250330206	2006	7	8	189	-9999	-9999	-9999
0250330206	2006	7	9	190	-9999	-9999	-9999
0250330206	2006	7	10	191	-9999	-9999	-9999
0250330206	2006	7	11	192	-9999	-9999	-9999
0250330206	2006	7	12	193	-9999	-9999	-9999
0250330206	2006	7	13	194	-9999	-9999	-9999
0250330206	2006	7	14	195	-9999	-9999	-9999
0250330206	2006	7	15	196	-9999	-9999	-9999
0250330206	2006	7	16	197	-9999	-9999	-9999
0250330206	2006	7	17	198	-9999	-9999	-9999
0250330206	2006	7	18	199	-9999	-9999	-9999
0250330206	2006	7	19	200	-9999	-9999	-9999
0250330206	2006	7	20	201	-9999	-9999	-9999
0250330206	2006	7	21	202	-9999	-9999	-9999
0250330206	2006	7	22	203	-9999	-9999	-9999
0250330206	2006	7	23	204	-9999	-9999	-9999
0250330206	2006	7	24	205	-9999	-9999	-9999
0250330206	2006	7	25	206	-9999	-9999	-9999
0250330206	2006	7	26	207	-9999	-9999	-9999
0250330206	2006	7	27	208	-9999	-9999	-9999
0250330206	2006	7	28	209	-9999	-9999	-9999
0250330206	2006	7	29	210	-9999	-9999	-9999
0250330206	2006	7	30	211	-9999	-9999	-9999
0250330206	2006	7	31	212	-9999	-9999	-9999
0250330206	2006	8	1	213	-9999	-9999	-9999
0250330206	2006	8	2	214	-9999	-9999	-9999
0250330206	2006	8	3	215	-9999	-9999	-9999
0250330206	2006	8	4	216	-9999	-9999	-9999
0250330206	2006	8	5	217	-9999	-9999	-9999
0250330206	2006	8	6	218	-9999	-9999	-9999
0250330206	2006	8	7	219	-9999	-9999	-9999
0250330206	2006	8	8	220	-9999	-9999	-9999
0250330206	2006	8	9	221	-9999	-9999	-9999
0250330206	2006	8	10	222	-9999	-9999	-9999
0250330206	2006	8	11	223	-9999	-9999	-9999
0250330206	2006	8	12	224	-9999	-9999	-9999
0250330206	2006	8	13	225	-9999	-9999	-9999
0250330206	2006	8	14	226	-9999	-9999	-9999
0250330206	2006	8	15	227	-9999	-9999	-9999
0250330206	2006	8	16	228	-9999	-9999	-9999
0250330206	2006	8	17	229	-9999	-9999	-9999
0250330206	2006	8	18	230	-9999	-9999	-9999
0250330206	2006	8	19	231	-9999	-9999	-9999
0250330206	2006	8	20	232	-9999	-9999	-9999
0250330206	2006	8	21	233	-9999	-9999	-9999
0250330206	2006	8	22	234	-9999	-9999	-9999
0250330206	2006	8	23	235	-9999	-9999	-9999
0250330206	2006	8	24	236	-9999	-9999	-9999
0250330206	2006	8	25	237	-9999	-9999	-9999
0250330206	2006	8	26	238	-9999	-9999	-9999
0250330206	2006	8	27	239	-9999	-9999	-9999
0250330206	2006	8	28	240	-9999	-9999	-9999
0250330206	2006	8	29	241	-9999	-9999	-9999
0250330206	2006	8	30	242	-9999	-9999	-9999
0250330206	2006	8	31	243	-9999	-9999	-9999
0250330206	2006	9	1	244	-9999	-9999	-9999
0250330206	2006	9	2	245	-9999	-9999	-9999
0250330206	2006	9	3	246	-9999	-9999	-9999
0250330206	2006	9	4	247	-9999	-9999	-9999
0250330206	2006	9	5	248	-9999	-9999	-9999
0250330206	2006	9	6	249	-9999	-9999	-9999
0250330206	2006	9	7	250	-9999	-9999	-9999
0250330206	2006	9	8	251	-9999	-9999	-9999
0250330206	2006	9	9	252	-9999	-9999	-9999
0250330206	2006	9	10	253	-9999	-9999	-9999
0250330206	2006	9	11	254	-9999	-9999	-9999
0250330206	2006	9	12	255	-9999	-9999	-9999
0250330206	2006	9	13	256	-9999	-9999	-9999
0250330206	2006	9	14	257	-9999	-9999	-9999
0250330206	2006	9	15	258	-9999	-9999	-9999
0250330206	2006	9	16	259	-9999	-9999	-9999
0250330206	2006	9	17	260	-9999	-9999	-9999
0250330206	2006	9	18	261	-9999	-9999	-9999
0250330206	2006	9	19	262	-9999	-9999	-9999
0250330206	2006	9	20	263	-9999	-9999	-9999
0250330206	2006	9	21	264	-9999	-9999	-9999
0250330206	2006	9	22	265	-9999	-9999	-9999
0250330206	2006	9	23	266	-9999	-9999	-9999
0250330206	2006	9	24	267	-9999	-9999	-9999
0250330206	2006	9	25	268	-9999	-9999	-9999
0250330206	2006	9	26	269	-9999	-9999	-9999
0250330206	2006	9	27	270	-9999	-9999	-9999
0250330206	2006	9	28	271	-9999	-9999	-9999
0250330206	2006	9	29	272	-9999	-9999	-9999
0250330206	2006	9	30	273	-9999	-9999	-9999
0250330206	2006	10	1	274	-9999	-9999	-9999
0250330206	2006	10	2	275	-9999	-9999	-9999
0250330206	2006	10	3	276	-9999	-9999	-9999
0250330206	2006	10	4	277	-9999	-9999	-9999
0250330206	2006	10	5	278	-9999	-9999	-9999
0250330206	2006	10	6	279	-9999	-9999	-9999
0250330206	2006	10	7	280	-9999	-9999	-9999
0250330206	2006	10	8	281	-9999	-9999	-9999
0250330206	2006	10	9	282	-9999	-9999	-9999
0250330206	2006	10	10	283	-9999	-9999	-9999
0250330206	2006	10	11	284	-9999	-9999	-9999
0250330206	2006	10	12	285	-9999	-9999	-9999
0250330206	2006	10	13	286	-9999	-9999	-9999
0250330206	2006	10	14	287	-9999	-9999	-9999
0250330206	2006	10	15	288	-9999	-9999	-9999
0250330206	2006	10	16	289	-9999	-9999	-9999
0250330206	2006	10	17	290	-9999	-9999	-9999
0250330206	2006	10	18	291	-9999	-9999	-9999
0250330206	2006	10	19	292	-9999	-9999	-9999
0250330206	2006	10	20	293	-9999	-9999	-9999
0250330206	2006	10	21	294	-9999	-9999	-9999
0250330206	2006	10	22	295	-9999	-9999	-9999
0250330206	2006	10	23	296	-9999	-9999	-9999
0250330206	2006	10	24	297	-9999	-9999	-9999
0250330206	2006	10	25	298	-9999	-9999	-9999
0250330206	2006	10	26	299	-9999	-9999	-9999
0250330206	2006	10	27	300	-9999	-9999	-9999
0250330206	2006	10	28	301	-9999	-9999	-9999
0250330206	2006	10	29	302	-9999	-9999	-9999
0250330206	2006	10	30	303	-9999	-9999	-9999
0250330206	2006	10	31	304	-9999	-9999	-9999
0250330206	2006	11	1	305	-9999	-9999	-9999
0250330206	2006	11	2	306	-9999	-9999	-9999
0250330206	2006	11	3	307	-9999	-9999	-9999
0250330206	2006	11	4	308	-9999	-9999	-9999
0250330206	2006	11	5	309	-9999	-9999	-9999
0250330206	2006	11	6	310	-9999	-9999	-9999
0250330206	2006	11	7	311	-9999	-9999	-9999
0250330206	2006	11	8	312	-9999	-9999	-9999
0250330206	2006	11	9	313	-9999	-9999	-9999
0250330206	2006	11	10	314	-9999	-9999	-9999
0250330206	2006	11	11	315	-9999	-9999	-9999
0250330206	2006	11	12	316	-9999	-9999	-9999
0250330206	2006	11	13	317	-9999	-9999	-9999
0250330206	2006	11	14	318	-9999	-9999	-9999
0250330206	2006	11	15	319	-9999	-9999	-9999
0250330206	2006	11	16	320	-9999	-9999	-9999
0250330206	2006	11	17	321	-9999	-9999	-9999
0250330206	2006	11	18	322	-9999	-9999	-9999
0250330206	2006	11	19	323	-9999	-9999	-9999
0250330206	2006	11	20	324	-9999	-9999	-9999
0250330206	2006	11	21	325	-9999	-9999	-9999
0250330206	2006	11	22	326	-9999	-9999	-9999
0250330206	2006	11	23	327	-9999	-9999	-9999
0250330206	2006	11	24	328	-9999	-9999	-9999
0250330206	2006	11	25	329	-9999	-9999	-9999
0250330206	2006	11	26	330	-9999	-9999	-9999
0250330206	2006	11	27	331	-9999	-9999	-9999
0250330206	2006	11	28	332	-9999	-9999	-9999
0250330206	2006	11	29	333	-9999	-9999	-9999
0250330206	2006	11	30	334	-9999	-9999	-9999
0250330206	2006	12	1	335	-9999	-9999	-9999
0250330206	2006	12	2	336	-9999	-9999	-9999
0250330206	2006	12	3	337	-9999	-9999	-9999
0250330206	2006	12	4	338	-9999	-9999	-9999
0250330206	2006	12	5	339	-9999	-9999	-9999
0250330206	2006	12	6	340	-9999	-9999	-9999
0250330206	2006	12	7	341	-9999	-9999	-9999
0250330206	2006	12	8	342	-9999	-9999	-9999
0250330206	2006	12	9	343	-9999	-9999	-9999
0250330206	2006	12	10	344	-9999	-9999	-9999
0250330206	2006	12	11	345	-9999	-9999	-9999
0250330206	2006	12	12	346	-9999	-9999	-9999
0250330206	2006	12	13	347	-9999	-9999	-9999
0250330206	2006	12	14	348	-9999	-9999	-9999
0250330206	2006	12	15	349	-9999	-9999	-9999
0250330206	2006	12	16	350	-9999	-9999	-9999
0250330206	2006	12	17	351	-9999	-9999	-9999
0250330206	2006	12	18	352	-9999	-9999	-9999
0250330206	2006	12	19	353	-9999	-9999	-9999
0250330206	2006	12	20	354	-9999	-9999	-9999
0250330206	2006	12	21	355	-9999	-9999	-9999
0250330206	2006	12	22	356	-9999	-9999	-9999
0250330206	2006	12	23	357	-9999	-9999	-9999
0250330206	2006	12	24	358	-9999	-9999	-9999
0250330206	2006	12	25	359	-9999	-9999	-9999
0250330206	2006	12	26	360	-9999	-9999	-9999
0250330206	2006	12	27	361	-9999	-9999	-9999
0250330206	2006	12	28	362	-9999	-9999	-9999
0250330206	2006	12	29	363	-9999	-9999	-9999
0250330206	2006	12	30	364	-9999	-9999	-9999
0250330206	2006	12	31	365	-9999	-9999	-9999
