stationID	Y	M	D	DOY	depth_5	depth_20	depth_51
0250340812	2008	1	1	1	-9999	-9999	-9999
0250340812	2008	1	2	2	-9999	-9999	-9999
0250340812	2008	1	3	3	-9999	-9999	-9999
0250340812	2008	1	4	4	-9999	-9999	-9999
0250340812	2008	1	5	5	-9999	-9999	-9999
0250340812	2008	1	6	6	-9999	-9999	-9999
0250340812	2008	1	7	7	-9999	-9999	-9999
0250340812	2008	1	8	8	-9999	-9999	-9999
0250340812	2008	1	9	9	-9999	-9999	-9999
0250340812	2008	1	10	10	-9999	-9999	-9999
0250340812	2008	1	11	11	-9999	-9999	-9999
0250340812	2008	1	12	12	-9999	-9999	-9999
0250340812	2008	1	13	13	-9999	-9999	-9999
0250340812	2008	1	14	14	-9999	-9999	-9999
0250340812	2008	1	15	15	-9999	-9999	-9999
0250340812	2008	1	16	16	-9999	-9999	-9999
0250340812	2008	1	17	17	-9999	-9999	-9999
0250340812	2008	1	18	18	-9999	-9999	-9999
0250340812	2008	1	19	19	-9999	-9999	-9999
0250340812	2008	1	20	20	-9999	-9999	-9999
0250340812	2008	1	21	21	-9999	-9999	-9999
0250340812	2008	1	22	22	-9999	-9999	-9999
0250340812	2008	1	23	23	-9999	-9999	-9999
0250340812	2008	1	24	24	-9999	-9999	-9999
0250340812	2008	1	25	25	-9999	-9999	-9999
0250340812	2008	1	26	26	-9999	-9999	-9999
0250340812	2008	1	27	27	-9999	-9999	-9999
0250340812	2008	1	28	28	-9999	-9999	-9999
0250340812	2008	1	29	29	-9999	-9999	-9999
0250340812	2008	1	30	30	-9999	-9999	-9999
0250340812	2008	1	31	31	-9999	-9999	-9999
0250340812	2008	2	1	32	-9999	-9999	-9999
0250340812	2008	2	2	33	-9999	-9999	-9999
0250340812	2008	2	3	34	-9999	-9999	-9999
0250340812	2008	2	4	35	-9999	-9999	-9999
0250340812	2008	2	5	36	-9999	-9999	-9999
0250340812	2008	2	6	37	-9999	-9999	-9999
0250340812	2008	2	7	38	-9999	-9999	-9999
0250340812	2008	2	8	39	-9999	-9999	-9999
0250340812	2008	2	9	40	-9999	-9999	-9999
0250340812	2008	2	10	41	-9999	-9999	-9999
0250340812	2008	2	11	42	-9999	-9999	-9999
0250340812	2008	2	12	43	-9999	-9999	-9999
0250340812	2008	2	13	44	-9999	-9999	-9999
0250340812	2008	2	14	45	-9999	-9999	-9999
0250340812	2008	2	15	46	-9999	-9999	-9999
0250340812	2008	2	16	47	-9999	-9999	-9999
0250340812	2008	2	17	48	-9999	-9999	-9999
0250340812	2008	2	18	49	-9999	-9999	-9999
0250340812	2008	2	19	50	-9999	-9999	-9999
0250340812	2008	2	20	51	-9999	-9999	-9999
0250340812	2008	2	21	52	-9999	-9999	-9999
0250340812	2008	2	22	53	-9999	-9999	-9999
0250340812	2008	2	23	54	-9999	-9999	-9999
0250340812	2008	2	24	55	-9999	-9999	-9999
0250340812	2008	2	25	56	-9999	-9999	-9999
0250340812	2008	2	26	57	-9999	-9999	-9999
0250340812	2008	2	27	58	-9999	-9999	-9999
0250340812	2008	2	28	59	-9999	-9999	-9999
0250340812	2008	2	29	60	-9999	-9999	-9999
0250340812	2008	3	1	61	-9999	-9999	-9999
0250340812	2008	3	2	62	-9999	-9999	-9999
0250340812	2008	3	3	63	-9999	-9999	-9999
0250340812	2008	3	4	64	-9999	-9999	-9999
0250340812	2008	3	5	65	-9999	-9999	-9999
0250340812	2008	3	6	66	-9999	-9999	-9999
0250340812	2008	3	7	67	-9999	-9999	-9999
0250340812	2008	3	8	68	-9999	-9999	-9999
0250340812	2008	3	9	69	-9999	-9999	-9999
0250340812	2008	3	10	70	-9999	-9999	-9999
0250340812	2008	3	11	71	-9999	-9999	-9999
0250340812	2008	3	12	72	-9999	-9999	-9999
0250340812	2008	3	13	73	-9999	-9999	-9999
0250340812	2008	3	14	74	-9999	-9999	-9999
0250340812	2008	3	15	75	-9999	-9999	-9999
0250340812	2008	3	16	76	-9999	-9999	-9999
0250340812	2008	3	17	77	-9999	-9999	-9999
0250340812	2008	3	18	78	-9999	-9999	-9999
0250340812	2008	3	19	79	-9999	-9999	-9999
0250340812	2008	3	20	80	-9999	-9999	-9999
0250340812	2008	3	21	81	-9999	-9999	-9999
0250340812	2008	3	22	82	-9999	-9999	-9999
0250340812	2008	3	23	83	-9999	-9999	-9999
0250340812	2008	3	24	84	-9999	-9999	-9999
0250340812	2008	3	25	85	-9999	-9999	-9999
0250340812	2008	3	26	86	-9999	-9999	-9999
0250340812	2008	3	27	87	-9999	-9999	-9999
0250340812	2008	3	28	88	-9999	-9999	-9999
0250340812	2008	3	29	89	-9999	-9999	-9999
0250340812	2008	3	30	90	-9999	-9999	-9999
0250340812	2008	3	31	91	-9999	-9999	-9999
0250340812	2008	4	1	92	-9999	-9999	-9999
0250340812	2008	4	2	93	-9999	-9999	-9999
0250340812	2008	4	3	94	-9999	-9999	-9999
0250340812	2008	4	4	95	-9999	-9999	-9999
0250340812	2008	4	5	96	-9999	-9999	-9999
0250340812	2008	4	6	97	-9999	-9999	-9999
0250340812	2008	4	7	98	-9999	-9999	-9999
0250340812	2008	4	8	99	-9999	-9999	-9999
0250340812	2008	4	9	100	-9999	-9999	-9999
0250340812	2008	4	10	101	-9999	-9999	-9999
0250340812	2008	4	11	102	-9999	-9999	-9999
0250340812	2008	4	12	103	-9999	-9999	-9999
0250340812	2008	4	13	104	-9999	-9999	-9999
0250340812	2008	4	14	105	-9999	-9999	-9999
0250340812	2008	4	15	106	-9999	-9999	-9999
0250340812	2008	4	16	107	-9999	-9999	-9999
0250340812	2008	4	17	108	-9999	-9999	-9999
0250340812	2008	4	18	109	-9999	-9999	-9999
0250340812	2008	4	19	110	-9999	-9999	-9999
0250340812	2008	4	20	111	-9999	-9999	-9999
0250340812	2008	4	21	112	-9999	-9999	-9999
0250340812	2008	4	22	113	-9999	-9999	-9999
0250340812	2008	4	23	114	-9999	-9999	-9999
0250340812	2008	4	24	115	-9999	-9999	-9999
0250340812	2008	4	25	116	-9999	-9999	-9999
0250340812	2008	4	26	117	-9999	-9999	-9999
0250340812	2008	4	27	118	-9999	-9999	-9999
0250340812	2008	4	28	119	-9999	-9999	-9999
0250340812	2008	4	29	120	-9999	-9999	-9999
0250340812	2008	4	30	121	-9999	-9999	-9999
0250340812	2008	5	1	122	-9999	-9999	-9999
0250340812	2008	5	2	123	-9999	-9999	-9999
0250340812	2008	5	3	124	-9999	-9999	-9999
0250340812	2008	5	4	125	-9999	-9999	-9999
0250340812	2008	5	5	126	-9999	-9999	-9999
0250340812	2008	5	6	127	-9999	-9999	-9999
0250340812	2008	5	7	128	-9999	-9999	-9999
0250340812	2008	5	8	129	-9999	-9999	-9999
0250340812	2008	5	9	130	-9999	-9999	-9999
0250340812	2008	5	10	131	-9999	-9999	-9999
0250340812	2008	5	11	132	-9999	-9999	-9999
0250340812	2008	5	12	133	-9999	-9999	-9999
0250340812	2008	5	13	134	-9999	-9999	-9999
0250340812	2008	5	14	135	-9999	-9999	-9999
0250340812	2008	5	15	136	-9999	-9999	-9999
0250340812	2008	5	16	137	-9999	-9999	-9999
0250340812	2008	5	17	138	-9999	-9999	-9999
0250340812	2008	5	18	139	-9999	-9999	-9999
0250340812	2008	5	19	140	-9999	-9999	-9999
0250340812	2008	5	20	141	-9999	-9999	-9999
0250340812	2008	5	21	142	-9999	-9999	-9999
0250340812	2008	5	22	143	-9999	-9999	-9999
0250340812	2008	5	23	144	-9999	-9999	-9999
0250340812	2008	5	24	145	-9999	-9999	-9999
0250340812	2008	5	25	146	-9999	-9999	-9999
0250340812	2008	5	26	147	-9999	-9999	-9999
0250340812	2008	5	27	148	-9999	-9999	-9999
0250340812	2008	5	28	149	-9999	-9999	-9999
0250340812	2008	5	29	150	-9999	-9999	-9999
0250340812	2008	5	30	151	-9999	-9999	-9999
0250340812	2008	5	31	152	-9999	-9999	-9999
0250340812	2008	6	1	153	-9999	-9999	-9999
0250340812	2008	6	2	154	-9999	-9999	-9999
0250340812	2008	6	3	155	-9999	-9999	-9999
0250340812	2008	6	4	156	-9999	-9999	-9999
0250340812	2008	6	5	157	-9999	-9999	-9999
0250340812	2008	6	6	158	-9999	-9999	-9999
0250340812	2008	6	7	159	-9999	-9999	-9999
0250340812	2008	6	8	160	-9999	-9999	-9999
0250340812	2008	6	9	161	-9999	-9999	-9999
0250340812	2008	6	10	162	-9999	-9999	-9999
0250340812	2008	6	11	163	-9999	-9999	-9999
0250340812	2008	6	12	164	-9999	-9999	-9999
0250340812	2008	6	13	165	-9999	-9999	-9999
0250340812	2008	6	14	166	-9999	-9999	-9999
0250340812	2008	6	15	167	-9999	-9999	-9999
0250340812	2008	6	16	168	-9999	-9999	-9999
0250340812	2008	6	17	169	-9999	-9999	-9999
0250340812	2008	6	18	170	-9999	-9999	-9999
0250340812	2008	6	19	171	-9999	-9999	-9999
0250340812	2008	6	20	172	-9999	-9999	-9999
0250340812	2008	6	21	173	-9999	-9999	-9999
0250340812	2008	6	22	174	-9999	-9999	-9999
0250340812	2008	6	23	175	-9999	-9999	-9999
0250340812	2008	6	24	176	-9999	-9999	-9999
0250340812	2008	6	25	177	-9999	-9999	-9999
0250340812	2008	6	26	178	0.114	0.31633	0.53633
0250340812	2008	6	27	179	0.1115	0.31321	0.5815
0250340812	2008	6	28	180	0.11192	0.30958	0.58729
0250340812	2008	6	29	181	0.10908	0.30475	0.58196
0250340812	2008	6	30	182	0.10617	0.30117	0.56609
0250340812	2008	7	1	183	0.10429	0.2985	0.57046
0250340812	2008	7	2	184	0.10158	0.29354	0.59008
0250340812	2008	7	3	185	0.10008	0.28933	0.55046
0250340812	2008	7	4	186	0.099292	0.28592	0.53862
0250340812	2008	7	5	187	0.097917	0.28517	0.51229
0250340812	2008	7	6	188	0.098458	0.28308	0.48625
0250340812	2008	7	7	189	0.094917	0.28096	0.45562
0250340812	2008	7	8	190	0.093042	0.27733	0.43654
0250340812	2008	7	9	191	0.094083	0.27633	0.42792
0250340812	2008	7	10	192	0.095042	0.27542	0.42058
0250340812	2008	7	11	193	0.093375	0.27446	0.41721
0250340812	2008	7	12	194	0.09175	0.27358	0.41408
0250340812	2008	7	13	195	0.19425	0.27129	0.41225
0250340812	2008	7	14	196	0.23258	0.27096	0.41112
0250340812	2008	7	15	197	0.25317	0.2715	0.40996
0250340812	2008	7	16	198	0.25375	0.27113	0.40929
0250340812	2008	7	17	199	0.23888	0.27208	0.40892
0250340812	2008	7	18	200	0.21575	0.273	0.40833
0250340812	2008	7	19	201	0.19367	0.27363	0.40821
0250340812	2008	7	20	202	0.17546	0.27425	0.40804
0250340812	2008	7	21	203	0.16167	0.2735	0.40787
0250340812	2008	7	22	204	0.15188	0.27313	0.40792
0250340812	2008	7	23	205	0.1405	0.27408	0.40746
0250340812	2008	7	24	206	0.13063	0.2715	0.40762
0250340812	2008	7	25	207	0.12504	0.26925	0.40733
0250340812	2008	7	26	208	0.15154	0.28538	0.40896
0250340812	2008	7	27	209	0.31783	0.39517	0.45638
0250340812	2008	7	28	210	0.30579	0.39304	0.43217
0250340812	2008	7	29	211	0.28979	0.38921	0.43062
0250340812	2008	7	30	212	0.2715	0.38446	0.42746
0250340812	2008	7	31	213	0.251	0.37875	0.42517
0250340812	2008	8	1	214	0.23117	0.37175	0.42412
0250340812	2008	8	2	215	0.21108	0.36383	0.423
0250340812	2008	8	3	216	0.19192	0.35433	0.42037
0250340812	2008	8	4	217	0.17433	0.34312	0.41925
0250340812	2008	8	5	218	0.16183	0.33588	0.41562
0250340812	2008	8	6	219	0.15308	0.32671	0.41487
0250340812	2008	8	7	220	0.14287	0.31887	0.41333
0250340812	2008	8	8	221	0.13771	0.31133	0.41158
0250340812	2008	8	9	222	0.14804	0.30579	0.40983
0250340812	2008	8	10	223	0.29271	0.34058	0.4095
0250340812	2008	8	11	224	0.27671	0.33938	0.40867
0250340812	2008	8	12	225	0.25079	0.33067	0.40837
0250340812	2008	8	13	226	0.22096	0.32167	0.40767
0250340812	2008	8	14	227	0.19354	0.31279	0.40746
0250340812	2008	8	15	228	0.17171	0.30483	0.40721
0250340812	2008	8	16	229	0.15642	0.29904	0.40683
0250340812	2008	8	17	230	0.26575	0.29462	0.40692
0250340812	2008	8	18	231	0.28078	0.29139	0.40665
0250340812	2008	8	19	232	0.33913	0.292	0.40654
0250340812	2008	8	20	233	0.31937	0.29487	0.40621
0250340812	2008	8	21	234	0.28446	0.297	0.406
0250340812	2008	8	22	235	0.2415	0.29429	0.40579
0250340812	2008	8	23	236	0.21346	0.29271	0.40529
0250340812	2008	8	24	237	0.18917	0.28888	0.40533
0250340812	2008	8	25	238	0.16804	0.28642	0.40483
0250340812	2008	8	26	239	0.153	0.28308	0.40467
0250340812	2008	8	27	240	0.14142	0.27867	0.40413
0250340812	2008	8	28	241	0.13121	0.27513	0.404
0250340812	2008	8	29	242	0.12371	0.27279	0.40354
0250340812	2008	8	30	243	0.11863	0.27063	0.40321
0250340812	2008	8	31	244	0.11225	0.2665	0.40333
0250340812	2008	9	1	245	0.11088	0.26621	0.40275
0250340812	2008	9	2	246	0.10942	0.26446	0.40221
0250340812	2008	9	3	247	0.10542	0.26121	0.40183
0250340812	2008	9	4	248	0.10363	0.25842	0.40158
0250340812	2008	9	5	249	0.099208	0.25558	0.40075
0250340812	2008	9	6	250	0.099417	0.25442	0.40004
0250340812	2008	9	7	251	0.09725	0.25258	0.39958
0250340812	2008	9	8	252	0.095917	0.25112	0.39871
0250340812	2008	9	9	253	0.09025	0.24896	0.39804
0250340812	2008	9	10	254	0.091375	0.24721	0.39804
0250340812	2008	9	11	255	0.087417	0.24558	0.39762
0250340812	2008	9	12	256	0.086333	0.24379	0.39704
0250340812	2008	9	13	257	0.084917	0.24192	0.39629
0250340812	2008	9	14	258	0.08425	0.24025	0.39488
0250340812	2008	9	15	259	0.083292	0.23829	0.39521
0250340812	2008	9	16	260	0.082	0.23679	0.394
0250340812	2008	9	17	261	0.081417	0.236	0.39321
0250340812	2008	9	18	262	0.079458	0.23462	0.39204
0250340812	2008	9	19	263	0.081208	0.23396	0.39113
0250340812	2008	9	20	264	0.079583	0.23375	0.39083
0250340812	2008	9	21	265	0.078792	0.23158	0.391
0250340812	2008	9	22	266	0.078292	0.23117	0.3895
0250340812	2008	9	23	267	0.074583	0.2295	0.389
0250340812	2008	9	24	268	0.076	0.22871	0.38754
0250340812	2008	9	25	269	0.077208	0.22954	0.38742
0250340812	2008	9	26	270	0.076	0.22954	0.38692
0250340812	2008	9	27	271	0.07225	0.22717	0.38558
0250340812	2008	9	28	272	0.071458	0.22567	0.38496
0250340812	2008	9	29	273	0.06975	0.22421	0.38508
0250340812	2008	9	30	274	0.071167	0.22158	0.38462
0250340812	2008	10	1	275	0.068	0.22196	0.38296
0250340812	2008	10	2	276	0.068542	0.22021	0.38087
0250340812	2008	10	3	277	0.068957	0.21952	0.38217
0250340812	2008	10	4	278	0.066833	0.21925	0.38213
0250340812	2008	10	5	279	0.063125	0.21679	0.38104
0250340812	2008	10	6	280	0.063333	0.214	0.38171
0250340812	2008	10	7	281	0.061708	0.21325	0.37996
0250340812	2008	10	8	282	0.062333	0.21142	0.37767
0250340812	2008	10	9	283	0.063292	0.21025	0.37692
0250340812	2008	10	10	284	0.0615	0.21067	0.37538
0250340812	2008	10	11	285	0.062304	0.21004	0.37665
0250340812	2008	10	12	286	0.057125	0.20713	0.37467
0250340812	2008	10	13	287	0.054167	0.20475	0.37371
0250340812	2008	10	14	288	0.054208	0.20217	0.37192
0250340812	2008	10	15	289	0.054417	0.20058	0.3705
0250340812	2008	10	16	290	0.056917	0.20233	0.36808
0250340812	2008	10	17	291	0.059125	0.20383	0.36696
0250340812	2008	10	18	292	0.059208	0.20367	0.36642
0250340812	2008	10	19	293	0.060667	0.20408	0.36721
0250340812	2008	10	20	294	0.063292	0.20529	0.36687
0250340812	2008	10	21	295	0.061917	0.20429	0.36746
0250340812	2008	10	22	296	0.058042	0.20529	0.36629
0250340812	2008	10	23	297	0.0555	0.203	0.36542
0250340812	2008	10	24	298	0.057333	0.19942	0.36421
0250340812	2008	10	25	299	0.057167	0.20054	0.36146
0250340812	2008	10	26	300	0.058833	0.2025	0.36196
0250340812	2008	10	27	301	0.058333	0.20283	0.36358
0250340812	2008	10	28	302	0.060833	0.20308	0.36196
0250340812	2008	10	29	303	0.059261	0.20304	0.36352
0250340812	2008	10	30	304	0.059125	0.201	0.36221
0250340812	2008	10	31	305	0.057417	0.20233	0.36025
0250340812	2008	11	1	306	0.056792	0.20367	0.36333
0250340812	2008	11	2	307	0.058167	0.20271	0.36254
0250340812	2008	11	3	308	0.059667	0.20283	0.35904
0250340812	2008	11	4	309	0.056167	0.20096	0.36158
0250340812	2008	11	5	310	0.055	0.19958	0.363
0250340812	2008	11	6	311	0.050909	0.198	0.35945
0250340812	2008	11	7	312	0.051136	0.19359	0.36018
0250340812	2008	11	8	313	0.050792	0.19183	0.35654
0250340812	2008	11	9	314	0.051917	0.19125	0.35492
0250340812	2008	11	10	315	0.050167	0.193	0.35404
0250340812	2008	11	11	316	0.053417	0.19346	0.35538
0250340812	2008	11	12	317	0.051333	0.19263	0.35508
0250340812	2008	11	13	318	0.050417	0.192	0.35392
0250340812	2008	11	14	319	0.054708	0.19288	0.35525
0250340812	2008	11	15	320	0.052917	0.19325	0.35375
0250340812	2008	11	16	321	0.052333	0.19121	0.35221
0250340812	2008	11	17	322	0.051833	0.19117	0.35258
0250340812	2008	11	18	323	0.053917	0.19083	0.3515
0250340812	2008	11	19	324	0.055292	0.18929	0.35367
0250340812	2008	11	20	325	0.052875	0.19087	0.35079
0250340812	2008	11	21	326	0.052292	0.19046	0.35042
0250340812	2008	11	22	327	0.053375	0.18933	0.35121
0250340812	2008	11	23	328	0.052833	0.189	0.35108
0250340812	2008	11	24	329	0.052042	0.18117	0.35025
0250340812	2008	11	25	330	0.05275	0.1605	0.34958
0250340812	2008	11	26	331	0.053167	0.16221	0.34879
0250340812	2008	11	27	332	0.078208	0.16408	0.34854
0250340812	2008	11	28	333	0.16287	0.16346	0.35096
0250340812	2008	11	29	334	0.21	0.16454	0.35067
0250340812	2008	11	30	335	0.2055	0.16733	0.35046
0250340812	2008	12	1	336	0.19783	0.17175	0.35125
0250340812	2008	12	2	337	0.18871	0.175	0.34892
0250340812	2008	12	3	338	0.18212	0.17875	0.34904
0250340812	2008	12	4	339	0.17392	0.18112	0.3495
0250340812	2008	12	5	340	0.16896	0.18192	0.35037
0250340812	2008	12	6	341	0.15996	0.18221	0.34896
0250340812	2008	12	7	342	0.12242	0.18288	0.34825
0250340812	2008	12	8	343	0.11454	0.18358	0.34721
0250340812	2008	12	9	344	0.13633	0.18479	0.34763
0250340812	2008	12	10	345	0.089083	0.1855	0.34796
0250340812	2008	12	11	346	0.078625	0.18525	0.34525
0250340812	2008	12	12	347	0.082208	0.18538	0.34529
0250340812	2008	12	13	348	0.0895	0.18513	0.345
0250340812	2008	12	14	349	0.098917	0.18608	0.34587
0250340812	2008	12	15	350	0.094458	0.18621	0.34467
0250340812	2008	12	16	351	0.087708	0.18625	0.34525
0250340812	2008	12	17	352	0.089917	0.18663	0.34333
0250340812	2008	12	18	353	0.094917	0.18646	0.34579
0250340812	2008	12	19	354	0.10217	0.18683	0.34479
0250340812	2008	12	20	355	0.10913	0.18671	0.34546
0250340812	2008	12	21	356	0.12213	0.18733	0.34396
0250340812	2008	12	22	357	0.13229	0.18579	0.34546
0250340812	2008	12	23	358	0.14183	0.18713	0.34563
0250340812	2008	12	24	359	0.1415	0.18579	0.34429
0250340812	2008	12	25	360	0.138	0.18671	0.3465
0250340812	2008	12	26	361	0.13417	0.18654	0.34467
0250340812	2008	12	27	362	0.13408	0.187	0.34542
0250340812	2008	12	28	363	0.13208	0.18625	0.34467
0250340812	2008	12	29	364	0.12896	0.18646	0.34567
0250340812	2008	12	30	365	0.12775	0.18604	0.34487
0250340812	2008	12	31	366	0.12621	0.18637	0.3455
0250340812	2009	1	1	1	0.12571	0.18642	0.345
0250340812	2009	1	2	2	0.12496	0.18658	0.34562
0250340812	2009	1	3	3	0.12438	0.18592	0.34533
0250340812	2009	1	4	4	0.12488	0.18625	0.34625
0250340812	2009	1	5	5	0.12558	0.18646	0.34733
0250340812	2009	1	6	6	0.12204	0.18613	0.34587
0250340812	2009	1	7	7	0.12312	0.18562	0.34858
0250340812	2009	1	8	8	0.12308	0.18654	0.34454
0250340812	2009	1	9	9	0.12375	0.18704	0.34525
0250340812	2009	1	10	10	0.12308	0.18596	0.34596
0250340812	2009	1	11	11	0.12158	0.18713	0.34521
0250340812	2009	1	12	12	0.12229	0.18708	0.34442
0250340812	2009	1	13	13	0.12371	0.18767	0.34575
0250340812	2009	1	14	14	0.12054	0.18729	0.34492
0250340812	2009	1	15	15	0.1225	0.18667	0.34567
0250340812	2009	1	16	16	0.121	0.18692	0.34533
0250340812	2009	1	17	17	0.12079	0.18796	0.34704
0250340812	2009	1	18	18	0.12238	0.18721	0.34425
0250340812	2009	1	19	19	0.12004	0.18746	0.34604
0250340812	2009	1	20	20	0.12333	0.18771	0.34417
0250340812	2009	1	21	21	0.12083	0.18733	0.3485
0250340812	2009	1	22	22	0.12096	0.187	0.34492
0250340812	2009	1	23	23	0.236	0.25125	0.34696
0250340812	2009	1	24	24	0.35992	0.3785	0.34787
0250340812	2009	1	25	25	0.36567	0.37946	0.39971
0250340812	2009	1	26	26	0.35421	0.37387	0.428
0250340812	2009	1	27	27	0.34992	0.37304	0.45171
0250340812	2009	1	28	28	0.34804	0.37188	0.47704
0250340812	2009	1	29	29	0.3475	0.37163	0.48517
0250340812	2009	1	30	30	0.34696	0.37167	0.49038
0250340812	2009	1	31	31	0.3465	0.37204	0.50692
0250340812	2009	2	1	32	0.34621	0.37175	0.53379
0250340812	2009	2	2	33	0.34654	0.37183	0.53858
0250340812	2009	2	3	34	0.34579	0.37158	0.54933
0250340812	2009	2	4	35	0.34429	0.37088	0.54783
0250340812	2009	2	5	36	0.34287	0.37033	0.54996
0250340812	2009	2	6	37	0.341	0.36958	0.53937
0250340812	2009	2	7	38	0.33996	0.36896	0.54379
0250340812	2009	2	8	39	0.33908	0.36833	0.52246
0250340812	2009	2	9	40	0.33817	0.36842	0.53258
0250340812	2009	2	10	41	0.33863	0.36775	0.51621
0250340812	2009	2	11	42	0.33833	0.36746	0.50363
0250340812	2009	2	12	43	0.33775	0.36721	0.50525
0250340812	2009	2	13	44	0.33758	0.36708	0.50675
0250340812	2009	2	14	45	0.33771	0.36692	0.5085
0250340812	2009	2	15	46	0.33746	0.36675	0.50175
0250340812	2009	2	16	47	0.33767	0.36596	0.50238
0250340812	2009	2	17	48	0.33679	0.36625	0.50296
0250340812	2009	2	18	49	0.33696	0.36617	0.50762
0250340812	2009	2	19	50	0.33675	0.36629	0.50483
0250340812	2009	2	20	51	0.3365	0.36613	0.50588
0250340812	2009	2	21	52	0.3365	0.36608	0.50529
0250340812	2009	2	22	53	0.33667	0.36633	0.50642
0250340812	2009	2	23	54	0.34462	0.36642	0.50058
0250340812	2009	2	24	55	0.37492	0.37583	0.51133
0250340812	2009	2	25	56	0.3725	0.37708	0.53242
0250340812	2009	2	26	57	0.37067	0.37692	0.53233
0250340812	2009	2	27	58	0.36696	0.37617	0.54125
0250340812	2009	2	28	59	0.36462	0.37558	0.5385
0250340812	2009	3	1	60	0.36333	0.37521	0.54925
0250340812	2009	3	2	61	0.36758	0.37546	0.55496
0250340812	2009	3	3	62	0.37508	0.37754	0.55475
0250340812	2009	3	4	63	0.37954	0.37908	0.56
0250340812	2009	3	5	64	0.37188	0.37833	0.56854
0250340812	2009	3	6	65	0.36954	0.3775	0.57092
0250340812	2009	3	7	66	0.368	0.37713	0.562
0250340812	2009	3	8	67	0.36662	0.37704	0.56646
0250340812	2009	3	9	68	0.36629	0.37592	0.56583
0250340812	2009	3	10	69	0.365	0.37587	0.56354
0250340812	2009	3	11	70	0.36392	0.375	0.57346
0250340812	2009	3	12	71	0.36326	0.37439	0.57304
0250340812	2009	3	13	72	0.36225	0.37375	0.57671
0250340812	2009	3	14	73	0.36133	0.37358	0.58204
0250340812	2009	3	15	74	0.36062	0.37317	0.58108
0250340812	2009	3	16	75	0.36079	0.37258	0.57458
0250340812	2009	3	17	76	0.35963	0.37258	0.58279
0250340812	2009	3	18	77	0.3595	0.37221	0.57246
0250340812	2009	3	19	78	0.36137	0.37254	0.5835
0250340812	2009	3	20	79	0.37012	0.37721	0.57688
0250340812	2009	3	21	80	0.37421	0.37867	0.58471
0250340812	2009	3	22	81	0.37575	0.37946	0.58371
0250340812	2009	3	23	82	0.37392	0.37904	0.583
0250340812	2009	3	24	83	0.37275	0.37888	0.57637
0250340812	2009	3	25	84	0.37125	0.37796	0.57192
0250340812	2009	3	26	85	0.37	0.37742	0.55663
0250340812	2009	3	27	86	0.36904	0.377	0.552
0250340812	2009	3	28	87	0.36833	0.37638	0.53512
0250340812	2009	3	29	88	0.367	0.37558	0.53275
0250340812	2009	3	30	89	0.36558	0.37546	0.53138
0250340812	2009	3	31	90	0.36512	0.37521	0.53183
0250340812	2009	4	1	91	0.36488	0.37529	0.53625
0250340812	2009	4	2	92	0.36533	0.37471	0.52562
0250340812	2009	4	3	93	0.36633	0.37483	0.534
0250340812	2009	4	4	94	0.36912	0.37613	0.53129
0250340812	2009	4	5	95	0.36983	0.37629	0.52571
0250340812	2009	4	6	96	0.36896	0.37621	0.53121
0250340812	2009	4	7	97	0.36917	0.376	0.53379
0250340812	2009	4	8	98	0.37521	0.37838	0.53354
0250340812	2009	4	9	99	0.37542	0.37904	0.53
0250340812	2009	4	10	100	0.37617	0.37954	0.53046
0250340812	2009	4	11	101	0.37779	0.37967	0.53204
0250340812	2009	4	12	102	0.37658	0.37992	0.53575
0250340812	2009	4	13	103	0.37962	0.38146	0.52954
0250340812	2009	4	14	104	0.38071	0.38208	0.52971
0250340812	2009	4	15	105	0.38563	0.38521	0.53087
0250340812	2009	4	16	106	0.38083	0.38267	0.53604
0250340812	2009	4	17	107	0.37787	0.3815	0.52792
0250340812	2009	4	18	108	0.3755	0.37962	0.531
0250340812	2009	4	19	109	0.38079	0.38142	0.53612
0250340812	2009	4	20	110	0.38708	0.38496	0.54271
0250340812	2009	4	21	111	0.38904	0.38725	0.54508
0250340812	2009	4	22	112	0.3915	0.39033	0.54788
0250340812	2009	4	23	113	0.39183	0.39104	0.54367
0250340812	2009	4	24	114	0.39196	0.38935	0.54787
0250340812	2009	4	25	115	0.39121	0.38825	0.54363
0250340812	2009	4	26	116	0.38821	0.38579	0.53437
0250340812	2009	4	27	117	0.38796	0.38437	0.53604
0250340812	2009	4	28	118	0.38767	0.38375	0.53746
0250340812	2009	4	29	119	0.38975	0.38446	0.53883
0250340812	2009	4	30	120	0.39029	0.38458	0.53725
0250340812	2009	5	1	121	0.39079	0.38421	0.53842
0250340812	2009	5	2	122	0.38558	0.38229	0.53763
0250340812	2009	5	3	123	0.38092	0.38096	0.54446
0250340812	2009	5	4	124	0.37675	0.37983	0.55879
0250340812	2009	5	5	125	0.37271	0.37808	0.56129
0250340812	2009	5	6	126	0.36781	0.37652	0.57876
0250340812	2009	5	7	127	0.36164	0.37473	0.60373
0250340812	2009	5	8	128	0.35883	0.37383	0.61721
0250340812	2009	5	9	129	0.35329	0.37192	0.61454
0250340812	2009	5	10	130	0.34687	0.37071	0.62904
0250340812	2009	5	11	131	0.33871	0.36954	0.63975
0250340812	2009	5	12	132	0.332	0.36783	0.65563
0250340812	2009	5	13	133	0.32242	0.36571	0.65588
0250340812	2009	5	14	134	0.31292	0.36367	0.66354
0250340812	2009	5	15	135	0.30125	0.36129	0.66012
0250340812	2009	5	16	136	0.29013	0.35888	0.66408
0250340812	2009	5	17	137	0.27633	0.35608	0.66733
0250340812	2009	5	18	138	0.26329	0.35262	0.68662
0250340812	2009	5	19	139	0.25125	0.34975	0.69208
0250340812	2009	5	20	140	0.24087	0.34571	0.69137
0250340812	2009	5	21	141	0.23842	0.34396	0.69892
0250340812	2009	5	22	142	0.32567	0.36262	0.70225
0250340812	2009	5	23	143	0.38546	0.37887	0.71971
0250340812	2009	5	24	144	0.38763	0.38096	0.73392
0250340812	2009	5	25	145	0.37662	0.37767	0.75296
0250340812	2009	5	26	146	0.36983	0.37558	0.75013
0250340812	2009	5	27	147	0.36329	0.37337	0.76033
0250340812	2009	5	28	148	0.35817	0.37108	0.76567
0250340812	2009	5	29	149	0.35142	0.36912	0.73083
0250340812	2009	5	30	150	0.34608	0.36708	0.7475
0250340812	2009	5	31	151	0.36821	0.36858	0.72612
0250340812	2009	6	1	152	0.36021	0.3685	0.72958
0250340812	2009	6	2	153	0.34954	0.36717	0.73608
0250340812	2009	6	3	154	0.33754	0.36521	0.73879
0250340812	2009	6	4	155	0.32292	0.36183	0.72863
0250340812	2009	6	5	156	0.30517	0.35763	0.72708
0250340812	2009	6	6	157	0.28629	0.35325	0.71746
0250340812	2009	6	7	158	0.26696	0.34746	0.7115
0250340812	2009	6	8	159	0.25442	0.34183	0.69937
0250340812	2009	6	9	160	0.23663	0.33612	0.6865
0250340812	2009	6	10	161	0.22025	0.32821	0.67917
0250340812	2009	6	11	162	0.20629	0.32	0.66204
0250340812	2009	6	12	163	0.19342	0.31221	0.66442
0250340812	2009	6	13	164	0.17858	0.30362	0.62792
0250340812	2009	6	14	165	0.16512	0.29437	0.58617
0250340812	2009	6	15	166	0.15367	0.286	0.54629
0250340812	2009	6	16	167	0.14521	0.27667	0.51863
0250340812	2009	6	17	168	0.13796	0.27025	0.49283
0250340812	2009	6	18	169	0.13254	0.2635	0.46271
0250340812	2009	6	19	170	0.12687	0.25717	0.43921
0250340812	2009	6	20	171	0.12104	0.24883	0.42533
0250340812	2009	6	21	172	0.11513	0.2435	0.4175
0250340812	2009	6	22	173	0.11117	0.23879	0.41179
0250340812	2009	6	23	174	0.10958	0.23588	0.40963
0250340812	2009	6	24	175	0.10896	0.23263	0.4085
0250340812	2009	6	25	176	0.103	0.22663	0.40775
0250340812	2009	6	26	177	0.10113	0.22279	0.407
0250340812	2009	6	27	178	0.099583	0.22146	0.40658
0250340812	2009	6	28	179	0.095625	0.21879	0.40575
0250340812	2009	6	29	180	0.09475	0.21663	0.40521
0250340812	2009	6	30	181	0.092292	0.21346	0.40396
0250340812	2009	7	1	182	0.090625	0.21383	0.40233
0250340812	2009	7	2	183	0.092708	0.2105	0.40079
0250340812	2009	7	3	184	0.090292	0.20963	0.39871
0250340812	2009	7	4	185	0.088875	0.20725	0.39642
0250340812	2009	7	5	186	0.087292	0.20583	0.39329
0250340812	2009	7	6	187	0.08775	0.20596	0.39225
0250340812	2009	7	7	188	0.083583	0.204	0.38963
0250340812	2009	7	8	189	0.084625	0.20438	0.38779
0250340812	2009	7	9	190	0.084542	0.20375	0.38363
0250340812	2009	7	10	191	0.085208	0.20083	0.38292
0250340812	2009	7	11	192	0.083	0.20042	0.381
0250340812	2009	7	12	193	0.082083	0.19913	0.379
0250340812	2009	7	13	194	0.080208	0.19708	0.3785
0250340812	2009	7	14	195	0.078167	0.19621	0.37729
0250340812	2009	7	15	196	0.073875	0.19521	0.37492
0250340812	2009	7	16	197	0.076	0.19308	0.37429
0250340812	2009	7	17	198	0.074667	0.19129	0.37312
0250340812	2009	7	18	199	0.073792	0.19283	0.37225
0250340812	2009	7	19	200	0.070208	0.18992	0.3705
0250340812	2009	7	20	201	0.072958	0.18792	0.36917
0250340812	2009	7	21	202	0.11771	0.18829	0.37088
0250340812	2009	7	22	203	0.10246	0.18783	0.36862
0250340812	2009	7	23	204	0.14687	0.18754	0.36925
0250340812	2009	7	24	205	0.128	0.18821	0.36717
0250340812	2009	7	25	206	0.11304	0.19058	0.36733
0250340812	2009	7	26	207	0.12983	0.21596	0.37121
0250340812	2009	7	27	208	0.3115	0.36942	0.40488
0250340812	2009	7	28	209	0.28133	0.35729	0.40225
0250340812	2009	7	29	210	0.24239	0.3423	0.40017
0250340812	2009	7	30	211	0.2085	0.32471	0.39975
0250340812	2009	7	31	212	0.18146	0.30392	0.39771
0250340812	2009	8	1	213	0.15567	0.28508	0.3955
0250340812	2009	8	2	214	0.1385	0.26892	0.39296
0250340812	2009	8	3	215	0.12175	0.25429	0.391
0250340812	2009	8	4	216	0.11104	0.2425	0.38654
0250340812	2009	8	5	217	0.10038	0.22992	0.38429
0250340812	2009	8	6	218	0.094261	0.22252	0.38017
0250340812	2009	8	7	219	0.088625	0.21417	0.37758
0250340812	2009	8	8	220	0.08175	0.20637	0.3765
0250340812	2009	8	9	221	0.081	0.20104	0.37133
0250340812	2009	8	10	222	0.080542	0.19779	0.36938
0250340812	2009	8	11	223	0.077208	0.19588	0.36792
0250340812	2009	8	12	224	0.076333	0.19433	0.3655
0250340812	2009	8	13	225	0.074083	0.19179	0.36321
0250340812	2009	8	14	226	0.071958	0.19104	0.36417
0250340812	2009	8	15	227	0.070375	0.18804	0.35979
0250340812	2009	8	16	228	0.070125	0.18821	0.36075
0250340812	2009	8	17	229	0.069208	0.18642	0.35842
0250340812	2009	8	18	230	0.068125	0.18396	0.3615
0250340812	2009	8	19	231	0.065042	0.18433	0.35746
0250340812	2009	8	20	232	0.065375	0.18208	0.35642
0250340812	2009	8	21	233	0.066583	0.18188	0.35542
0250340812	2009	8	22	234	0.064833	0.18054	0.35583
0250340812	2009	8	23	235	0.063667	0.17992	0.3555
0250340812	2009	8	24	236	0.063125	0.17921	0.35467
0250340812	2009	8	25	237	0.058917	0.177	0.35317
0250340812	2009	8	26	238	0.057917	0.17608	0.35121
0250340812	2009	8	27	239	0.061958	0.17575	0.35254
0250340812	2009	8	28	240	0.0615	0.17496	0.34954
0250340812	2009	8	29	241	0.060083	0.17471	0.35112
0250340812	2009	8	30	242	0.059708	0.17429	0.35033
0250340812	2009	8	31	243	0.05875	0.17233	0.34975
0250340812	2009	9	1	244	0.057208	0.17375	0.34758
0250340812	2009	9	2	245	0.056208	0.17108	0.34996
0250340812	2009	9	3	246	0.057167	0.17	0.34725
0250340812	2009	9	4	247	0.057583	0.17125	0.348
0250340812	2009	9	5	248	0.059167	0.17113	0.34608
0250340812	2009	9	6	249	0.054792	0.16979	0.34792
0250340812	2009	9	7	250	0.055958	0.1715	0.343
0250340812	2009	9	8	251	0.056792	0.17167	0.347
0250340812	2009	9	9	252	0.058667	0.17113	0.34621
0250340812	2009	9	10	253	0.057792	0.17067	0.34654
0250340812	2009	9	11	254	0.054	0.16796	0.34529
0250340812	2009	9	12	255	0.0565	0.16996	0.34512
0250340812	2009	9	13	256	0.056917	0.16771	0.3455
0250340812	2009	9	14	257	0.056708	0.16817	0.34213
0250340812	2009	9	15	258	0.056	0.16912	0.34358
0250340812	2009	9	16	259	0.053875	0.16658	0.34129
0250340812	2009	9	17	260	0.05225	0.16737	0.34283
0250340812	2009	9	18	261	0.053304	0.16761	0.34065
0250340812	2009	9	19	262	0.057167	0.16692	0.33975
0250340812	2009	9	20	263	0.055167	0.16633	0.34038
0250340812	2009	9	21	264	0.060625	0.16733	0.34208
0250340812	2009	9	22	265	0.056208	0.167	0.33896
0250340812	2009	9	23	266	0.055292	0.164	0.34063
0250340812	2009	9	24	267	0.052958	0.16287	0.33825
0250340812	2009	9	25	268	0.053	0.16325	0.33563
0250340812	2009	9	26	269	0.052875	0.16375	0.3375
0250340812	2009	9	27	270	0.054333	0.16333	0.338
0250340812	2009	9	28	271	0.056875	0.1645	0.33617
0250340812	2009	9	29	272	0.052917	0.1635	0.33283
0250340812	2009	9	30	273	0.055917	0.16454	0.33296
0250340812	2009	10	1	274	0.049167	0.16296	0.33571
0250340812	2009	10	2	275	0.047083	0.15937	0.334
0250340812	2009	10	3	276	0.048333	0.16004	0.33212
0250340812	2009	10	4	277	0.04825	0.15837	0.33171
0250340812	2009	10	5	278	0.05025	0.16133	0.33079
0250340812	2009	10	6	279	0.048208	0.15967	0.3315
0250340812	2009	10	7	280	0.047167	0.15996	0.33167
0250340812	2009	10	8	281	0.048917	0.16	0.32946
0250340812	2009	10	9	282	0.044875	0.15842	0.33033
0250340812	2009	10	10	283	0.044333	0.15571	0.32896
0250340812	2009	10	11	284	0.044917	0.15558	0.32529
0250340812	2009	10	12	285	0.045833	0.154	0.32687
0250340812	2009	10	13	286	0.044708	0.15537	0.32346
0250340812	2009	10	14	287	0.047833	0.15729	0.32621
0250340812	2009	10	15	288	0.046708	0.15704	0.32658
0250340812	2009	10	16	289	0.04725	0.15588	0.32525
0250340812	2009	10	17	290	0.047375	0.15754	0.32392
0250340812	2009	10	18	291	0.044958	0.1575	0.32817
0250340812	2009	10	19	292	0.05	0.15892	0.32475
0250340812	2009	10	20	293	0.047	0.15629	0.32462
0250340812	2009	10	21	294	0.044208	0.15767	0.32862
0250340812	2009	10	22	295	0.043333	0.155	0.32508
0250340812	2009	10	23	296	0.043208	0.1555	0.32304
0250340812	2009	10	24	297	0.044875	0.15392	0.32267
0250340812	2009	10	25	298	0.045792	0.1545	0.32129
0250340812	2009	10	26	299	0.044458	0.15375	0.32354
0250340812	2009	10	27	300	0.039583	0.15179	0.32175
0250340812	2009	10	28	301	0.0405	0.15067	0.32004
0250340812	2009	10	29	302	-9999	0.14983	0.31479
0250340812	2009	10	30	303	0.03975	0.14854	0.32133
0250340812	2009	10	31	304	0.039333	0.14767	0.31408
0250340812	2009	11	1	305	0.040625	0.14813	0.31596
0250340812	2009	11	2	306	0.041375	0.14921	0.31446
0250340812	2009	11	3	307	0.042708	0.15012	0.31388
0250340812	2009	11	4	308	0.040792	0.151	0.31683
0250340812	2009	11	5	309	0.043958	0.15142	0.31617
0250340812	2009	11	6	310	0.045	0.15242	0.31692
0250340812	2009	11	7	311	0.040042	0.15258	0.31842
0250340812	2009	11	8	312	0.043292	0.15283	0.31462
0250340812	2009	11	9	313	0.04225	0.15021	0.31475
0250340812	2009	11	10	314	0.040667	0.15017	0.31671
0250340812	2009	11	11	315	0.042625	0.15058	0.31592
0250340812	2009	11	12	316	0.046875	0.151	0.31712
0250340812	2009	11	13	317	0.043083	0.15179	0.32038
0250340812	2009	11	14	318	0.039333	0.15104	0.31575
0250340812	2009	11	15	319	0.039583	0.15171	0.3175
0250340812	2009	11	16	320	0.035958	0.14671	0.31504
0250340812	2009	11	17	321	0.037417	0.14771	0.31475
0250340812	2009	11	18	322	0.040625	0.14621	0.31046
0250340812	2009	11	19	323	0.030625	0.14458	0.31267
0250340812	2009	11	20	324	0.038667	0.14517	0.31033
0250340812	2009	11	21	325	0.037083	0.14671	0.31042
0250340812	2009	11	22	326	0.038292	0.14421	0.30937
0250340812	2009	11	23	327	0.0355	0.14446	0.30946
0250340812	2009	11	24	328	0.031417	0.14442	0.31246
0250340812	2009	11	25	329	0.034042	0.14317	0.308
0250340812	2009	11	26	330	0.032833	0.14275	0.30712
0250340812	2009	11	27	331	0.031792	0.14121	0.30192
0250340812	2009	11	28	332	0.038125	0.14354	0.30721
0250340812	2009	11	29	333	0.038042	0.14442	0.3045
0250340812	2009	11	30	334	0.037333	0.14475	0.30588
0250340812	2009	12	1	335	0.036583	0.14479	0.3065
0250340812	2009	12	2	336	0.038208	0.14379	0.30812
0250340812	2009	12	3	337	0.031625	0.14429	0.30567
0250340812	2009	12	4	338	0.034458	0.14267	0.3035
0250340812	2009	12	5	339	0.033875	0.14271	0.30387
0250340812	2009	12	6	340	0.033458	0.14125	0.30371
0250340812	2009	12	7	341	-9999	0.14233	0.30129
0250340812	2009	12	8	342	0.036375	0.14267	0.30146
0250340812	2009	12	9	343	0.036375	0.14333	0.30175
0250340812	2009	12	10	344	0.037875	0.14383	0.30592
0250340812	2009	12	11	345	0.038083	0.14417	0.30592
0250340812	2009	12	12	346	0.03825	0.14425	0.30392
0250340812	2009	12	13	347	0.039958	0.14579	0.30404
0250340812	2009	12	14	348	0.037792	0.14487	0.30533
0250340812	2009	12	15	349	0.039208	0.14612	0.3045
0250340812	2009	12	16	350	0.03725	0.14567	0.30696
0250340812	2009	12	17	351	0.03825	0.14529	0.30687
0250340812	2009	12	18	352	0.037083	0.14625	0.30408
0250340812	2009	12	19	353	0.03775	0.14525	0.30592
0250340812	2009	12	20	354	0.038083	0.14621	0.3045
0250340812	2009	12	21	355	0.040417	0.14587	0.30533
0250340812	2009	12	22	356	0.038583	0.14683	0.30504
0250340812	2009	12	23	357	0.041	0.147	0.30317
0250340812	2009	12	24	358	0.039125	0.14637	0.30508
0250340812	2009	12	25	359	0.038583	0.14725	0.30442
0250340812	2009	12	26	360	0.040875	0.14571	0.302
0250340812	2009	12	27	361	0.038833	0.14667	0.30558
0250340812	2009	12	28	362	0.040042	0.14558	0.30375
0250340812	2009	12	29	363	0.040542	0.14562	0.30421
0250340812	2009	12	30	364	0.036667	0.14658	0.30612
0250340812	2009	12	31	365	0.039083	0.14717	0.30592
0250340812	2010	1	1	1	0.040083	0.14662	0.30454
0250340812	2010	1	2	2	0.040458	0.14671	0.30504
0250340812	2010	1	3	3	0.039417	0.14546	0.30375
0250340812	2010	1	4	4	0.040565	0.14674	0.30448
0250340812	2010	1	5	5	0.039125	0.14712	0.30462
0250340812	2010	1	6	6	0.039167	0.14792	0.304
0250340812	2010	1	7	7	0.040565	0.1463	0.303
0250340812	2010	1	8	8	0.040167	0.14775	0.30754
0250340812	2010	1	9	9	0.042	0.14608	0.30346
0250340812	2010	1	10	10	0.040083	0.14717	0.30546
0250340812	2010	1	11	11	0.040042	0.14792	0.30304
0250340812	2010	1	12	12	0.038667	0.14783	0.305
0250340812	2010	1	13	13	0.042875	0.14721	0.30483
0250340812	2010	1	14	14	0.0435	0.14775	0.30392
0250340812	2010	1	15	15	0.041	0.14767	0.30571
0250340812	2010	1	16	16	0.042125	0.14746	0.30587
0250340812	2010	1	17	17	0.040875	0.14612	0.30425
0250340812	2010	1	18	18	0.04075	0.14771	0.30379
0250340812	2010	1	19	19	0.039667	0.14933	0.30542
0250340812	2010	1	20	20	0.041417	0.14825	0.30417
0250340812	2010	1	21	21	0.043917	0.14617	0.3035
0250340812	2010	1	22	22	0.042375	0.14746	0.3045
0250340812	2010	1	23	23	0.042042	0.1475	0.30067
0250340812	2010	1	24	24	0.041833	0.14917	0.30646
0250340812	2010	1	25	25	0.045417	0.14862	0.30438
0250340812	2010	1	26	26	0.047125	0.14746	0.30554
0250340812	2010	1	27	27	0.10471	0.17758	0.30638
0250340812	2010	1	28	28	0.19367	0.30762	0.30687
0250340812	2010	1	29	29	0.2585	0.34333	0.30675
0250340812	2010	1	30	30	0.29175	0.35088	0.30533
0250340812	2010	1	31	31	0.30425	0.355	0.30612
0250340812	2010	2	1	32	0.31058	0.35767	0.30596
0250340812	2010	2	2	33	0.31496	0.35929	0.30587
0250340812	2010	2	3	34	0.31833	0.36042	0.30533
0250340812	2010	2	4	35	0.32	0.36142	0.30704
0250340812	2010	2	5	36	0.32275	0.36208	0.30621
0250340812	2010	2	6	37	0.32438	0.36262	0.30875
0250340812	2010	2	7	38	0.32596	0.36317	0.30713
0250340812	2010	2	8	39	0.32829	0.36362	0.30587
0250340812	2010	2	9	40	0.33025	0.36496	0.30783
0250340812	2010	2	10	41	0.33192	0.36525	0.30879
0250340812	2010	2	11	42	0.33275	0.36558	0.3085
0250340812	2010	2	12	43	0.33513	0.36637	0.30662
0250340812	2010	2	13	44	0.336	0.367	0.30817
0250340812	2010	2	14	45	0.33687	0.36708	0.30692
0250340812	2010	2	15	46	0.33763	0.36721	0.30763
0250340812	2010	2	16	47	0.33775	0.36754	0.30908
0250340812	2010	2	17	48	0.33887	0.36779	0.30804
0250340812	2010	2	18	49	0.33858	0.36783	0.31167
0250340812	2010	2	19	50	0.33904	0.36775	0.31042
0250340812	2010	2	20	51	0.33883	0.36742	0.31025
0250340812	2010	2	21	52	0.33833	0.36767	0.31154
0250340812	2010	2	22	53	0.33954	0.36812	0.31175
0250340812	2010	2	23	54	0.33904	0.36792	0.31292
0250340812	2010	2	24	55	0.33983	0.368	0.31392
0250340812	2010	2	25	56	0.33942	0.36763	0.31275
0250340812	2010	2	26	57	0.33875	0.36792	0.31133
0250340812	2010	2	27	58	0.33842	0.36783	0.31162
0250340812	2010	2	28	59	0.33871	0.36737	0.31221
0250340812	2010	3	1	60	0.33788	0.36717	0.311
0250340812	2010	3	2	61	0.33679	0.36633	0.30958
0250340812	2010	3	3	62	0.33654	0.36583	0.30862
0250340812	2010	3	4	63	0.33654	0.36583	0.311
0250340812	2010	3	5	64	0.33617	0.36533	0.30863
0250340812	2010	3	6	65	0.33554	0.36512	0.30929
0250340812	2010	3	7	66	0.33538	0.36492	0.30783
0250340812	2010	3	8	67	0.33567	0.36483	0.31096
0250340812	2010	3	9	68	0.33596	0.36488	0.31
0250340812	2010	3	10	69	0.33696	0.36508	0.31196
0250340812	2010	3	11	70	0.33513	0.36504	0.30758
0250340812	2010	3	12	71	0.337	0.36475	0.31083
0250340812	2010	3	13	72	0.33621	0.36496	0.31079
0250340812	2010	3	14	73	0.33608	0.36496	0.31188
0250340812	2010	3	15	74	0.33767	0.36554	0.3145
0250340812	2010	3	16	75	0.33763	0.36558	0.31467
0250340812	2010	3	17	76	0.33821	0.36563	0.31508
0250340812	2010	3	18	77	0.33817	0.36542	0.317
0250340812	2010	3	19	78	0.33908	0.36567	0.31833
0250340812	2010	3	20	79	0.34063	0.36642	0.31954
0250340812	2010	3	21	80	0.34137	0.36671	0.31867
0250340812	2010	3	22	81	0.34154	0.36692	0.31896
0250340812	2010	3	23	82	0.342	0.36742	0.32075
0250340812	2010	3	24	83	0.34329	0.36746	0.3235
0250340812	2010	3	25	84	0.34363	0.36717	0.32496
0250340812	2010	3	26	85	0.34387	0.36775	0.3255
0250340812	2010	3	27	86	0.34475	0.36758	0.32821
0250340812	2010	3	28	87	0.34433	0.368	0.32733
0250340812	2010	3	29	88	0.34546	0.368	0.32904
0250340812	2010	3	30	89	0.34563	0.36825	0.33108
0250340812	2010	3	31	90	0.348	0.36904	0.33363
0250340812	2010	4	1	91	0.3505	0.37058	0.33463
0250340812	2010	4	2	92	0.35067	0.37117	0.33983
0250340812	2010	4	3	93	0.34983	0.37071	0.34712
0250340812	2010	4	4	94	0.34852	0.37048	0.35613
0250340812	2010	4	5	95	0.34808	0.37004	0.36158
0250340812	2010	4	6	96	0.34683	0.36929	0.36496
0250340812	2010	4	7	97	0.34658	0.36917	0.36613
0250340812	2010	4	8	98	0.34754	0.36958	0.36921
0250340812	2010	4	9	99	0.34717	0.36925	0.37071
0250340812	2010	4	10	100	0.35142	0.37058	0.37658
0250340812	2010	4	11	101	0.3587	0.37426	0.40343
0250340812	2010	4	12	102	0.36246	0.37654	0.412
0250340812	2010	4	13	103	0.35892	0.37596	0.41833
0250340812	2010	4	14	104	0.35625	0.37462	0.42567
0250340812	2010	4	15	105	0.35879	0.37504	0.4345
0250340812	2010	4	16	106	0.36454	0.37696	0.44838
0250340812	2010	4	17	107	0.36892	0.37862	0.51992
0250340812	2010	4	18	108	0.36808	0.37867	0.55292
0250340812	2010	4	19	109	0.36958	0.37912	0.56025
0250340812	2010	4	20	110	0.37058	0.37933	0.5585
0250340812	2010	4	21	111	0.37254	0.37983	0.556
0250340812	2010	4	22	112	0.36854	0.37862	0.56317
0250340812	2010	4	23	113	0.36329	0.37638	0.55821
0250340812	2010	4	24	114	0.36092	0.37567	0.56263
0250340812	2010	4	25	115	0.359	0.37517	0.5585
0250340812	2010	4	26	116	0.36792	0.37842	0.58092
0250340812	2010	4	27	117	0.37179	0.38029	0.58004
0250340812	2010	4	28	118	0.37346	0.38096	0.58625
0250340812	2010	4	29	119	0.37387	0.38183	0.58792
0250340812	2010	4	30	120	0.36879	0.38017	0.59675
0250340812	2010	5	1	121	0.36621	0.37875	0.59262
0250340812	2010	5	2	122	0.36421	0.37746	0.59183
0250340812	2010	5	3	123	0.36242	0.37667	0.592
0250340812	2010	5	4	124	0.36446	0.37721	0.59392
0250340812	2010	5	5	125	0.37196	0.38187	0.6025
0250340812	2010	5	6	126	0.37433	0.38312	0.58896
0250340812	2010	5	7	127	0.37508	0.38438	0.59046
0250340812	2010	5	8	128	0.37446	0.38467	0.58692
0250340812	2010	5	9	129	0.37633	0.38892	0.6005
0250340812	2010	5	10	130	0.37621	0.38854	0.59613
0250340812	2010	5	11	131	0.37412	0.38629	0.60121
0250340812	2010	5	12	132	0.37233	0.38458	0.60025
0250340812	2010	5	13	133	0.37233	0.38454	0.608
0250340812	2010	5	14	134	0.37229	0.38458	0.59546
0250340812	2010	5	15	135	0.37429	0.38587	0.60917
0250340812	2010	5	16	136	0.37558	0.38771	0.60308
0250340812	2010	5	17	137	0.3775	0.39054	0.60167
0250340812	2010	5	18	138	0.37758	0.39	0.61129
0250340812	2010	5	19	139	0.37739	0.38865	0.60639
0250340812	2010	5	20	140	0.37842	0.38858	0.60842
0250340812	2010	5	21	141	0.37996	0.38896	0.60471
0250340812	2010	5	22	142	0.38117	0.38779	0.60975
0250340812	2010	5	23	143	0.37858	0.38562	0.60462
0250340812	2010	5	24	144	0.37196	0.38229	0.61358
0250340812	2010	5	25	145	0.36817	0.37988	0.6215
0250340812	2010	5	26	146	0.36625	0.37783	0.62771
0250340812	2010	5	27	147	0.363	0.37696	0.62888
0250340812	2010	5	28	148	0.35979	0.37562	0.64304
0250340812	2010	5	29	149	0.35579	0.37458	0.65654
0250340812	2010	5	30	150	0.35204	0.37342	0.67308
0250340812	2010	5	31	151	0.34779	0.37154	0.67908
0250340812	2010	6	1	152	0.34233	0.37021	0.70613
0250340812	2010	6	2	153	0.33613	0.36829	0.68071
0250340812	2010	6	3	154	0.3305	0.36588	0.65288
0250340812	2010	6	4	155	0.32312	0.36421	0.66037
0250340812	2010	6	5	156	0.31433	0.36092	0.59625
0250340812	2010	6	6	157	0.30296	0.359	0.59625
0250340812	2010	6	7	158	0.28958	0.35579	0.60096
0250340812	2010	6	8	159	0.27242	0.35125	0.60296
0250340812	2010	6	9	160	0.25533	0.34729	0.61242
0250340812	2010	6	10	161	0.23929	0.34171	0.60921
0250340812	2010	6	11	162	0.22522	0.3367	0.614
0250340812	2010	6	12	163	0.212	0.33175	0.57162
0250340812	2010	6	13	164	0.20483	0.326	0.56637
0250340812	2010	6	14	165	0.19762	0.32154	0.5335
0250340812	2010	6	15	166	0.18592	0.31525	0.53225
0250340812	2010	6	16	167	0.17408	0.31	0.48592
0250340812	2010	6	17	168	0.16067	0.303	0.47317
0250340812	2010	6	18	169	0.14992	0.29517	0.45867
0250340812	2010	6	19	170	0.13775	0.28804	0.44808
0250340812	2010	6	20	171	0.12938	0.28071	0.43912
0250340812	2010	6	21	172	0.12242	0.27321	0.4285
0250340812	2010	6	22	173	0.11563	0.26621	0.42129
0250340812	2010	6	23	174	0.1095	0.25988	0.41479
0250340812	2010	6	24	175	0.10658	0.25379	0.41142
0250340812	2010	6	25	176	0.10496	0.24817	0.40887
0250340812	2010	6	26	177	0.10004	0.24283	0.40754
0250340812	2010	6	27	178	0.094542	0.23646	0.40696
0250340812	2010	6	28	179	0.096125	0.23171	0.40646
0250340812	2010	6	29	180	0.090833	0.22638	0.40575
0250340812	2010	6	30	181	0.088875	0.22071	0.40508
0250340812	2010	7	1	182	0.088167	0.21825	0.4045
0250340812	2010	7	2	183	0.0905	0.21612	0.40392
0250340812	2010	7	3	184	0.089042	0.21413	0.40312
0250340812	2010	7	4	185	0.086583	0.21117	0.40217
0250340812	2010	7	5	186	0.0845	0.2075	0.40175
0250340812	2010	7	6	187	0.082625	0.20583	0.40092
0250340812	2010	7	7	188	0.083292	0.20396	0.39958
0250340812	2010	7	8	189	0.079667	0.20192	0.39762
0250340812	2010	7	9	190	0.079708	0.20017	0.39733
0250340812	2010	7	10	191	0.076958	0.19929	0.39525
0250340812	2010	7	11	192	0.079583	0.19817	0.39408
0250340812	2010	7	12	193	0.077125	0.19667	0.392
0250340812	2010	7	13	194	0.077833	0.19417	0.38862
0250340812	2010	7	14	195	0.077261	0.19509	0.3873
0250340812	2010	7	15	196	0.077292	0.19429	0.38433
0250340812	2010	7	16	197	0.074958	0.19454	0.38371
0250340812	2010	7	17	198	0.075208	0.19208	0.38262
0250340812	2010	7	18	199	0.07525	0.19246	0.38046
0250340812	2010	7	19	200	0.076792	0.19217	0.37829
0250340812	2010	7	20	201	0.078042	0.19342	0.37838
0250340812	2010	7	21	202	0.10288	0.19287	0.37492
0250340812	2010	7	22	203	0.099375	0.19321	0.37517
0250340812	2010	7	23	204	0.096958	0.19117	0.37321
0250340812	2010	7	24	205	0.093667	0.19192	0.37292
0250340812	2010	7	25	206	0.091	0.19417	0.37262
0250340812	2010	7	26	207	0.092333	0.19279	0.37275
0250340812	2010	7	27	208	0.086875	0.19338	0.37125
0250340812	2010	7	28	209	0.16892	0.198	0.372
0250340812	2010	7	29	210	0.26529	0.28529	0.37275
0250340812	2010	7	30	211	0.30958	0.35592	0.37083
0250340812	2010	7	31	212	0.30429	0.34808	0.37175
0250340812	2010	8	1	213	0.30758	0.34725	0.37271
0250340812	2010	8	2	214	0.30175	0.34554	0.37367
0250340812	2010	8	3	215	0.29646	0.33975	0.37171
0250340812	2010	8	4	216	0.27613	0.32637	0.37146
0250340812	2010	8	5	217	0.24696	0.3115	0.37321
0250340812	2010	8	6	218	0.21529	0.29587	0.37312
0250340812	2010	8	7	219	0.19229	0.28337	0.37325
0250340812	2010	8	8	220	0.30367	0.33346	0.37112
0250340812	2010	8	9	221	0.30113	0.33617	0.37254
0250340812	2010	8	10	222	0.27892	0.32342	0.37133
0250340812	2010	8	11	223	0.25071	0.30708	0.37163
0250340812	2010	8	12	224	0.22125	0.29375	0.37104
0250340812	2010	8	13	225	0.18946	0.27921	0.37179
0250340812	2010	8	14	226	0.16475	0.26508	0.37175
0250340812	2010	8	15	227	0.14646	0.25383	0.36996
0250340812	2010	8	16	228	0.13808	0.24463	0.36988
0250340812	2010	8	17	229	0.27096	0.31633	0.37125
0250340812	2010	8	18	230	0.25179	0.30579	0.37104
0250340812	2010	8	19	231	0.21904	0.289	0.37129
0250340812	2010	8	20	232	0.18737	0.27367	0.37037
0250340812	2010	8	21	233	0.16583	0.2595	0.37029
0250340812	2010	8	22	234	0.16954	0.24746	0.37067
0250340812	2010	8	23	235	0.19183	0.26096	0.36995
0250340812	2010	8	24	236	0.3325	0.36896	-9999
0250340812	2010	8	25	237	0.3205	0.3615	-9999
0250340812	2010	8	26	238	0.30608	0.3545	-9999
0250340812	2010	8	27	239	0.28904	0.34692	-9999
0250340812	2010	8	28	240	0.27508	0.34042	-9999
0250340812	2010	8	29	241	0.26883	0.33625	-9999
0250340812	2010	8	30	242	0.25671	0.32938	-9999
0250340812	2010	8	31	243	0.24212	0.32042	-9999
0250340812	2010	9	1	244	0.21875	0.30887	-9999
0250340812	2010	9	2	245	0.19992	0.29887	-9999
0250340812	2010	9	3	246	0.18179	0.28737	-9999
0250340812	2010	9	4	247	0.16396	0.2775	-9999
0250340812	2010	9	5	248	0.14979	0.26837	-9999
0250340812	2010	9	6	249	0.13975	0.25963	-9999
0250340812	2010	9	7	250	0.13204	0.25008	-9999
0250340812	2010	9	8	251	0.12433	0.24496	-9999
0250340812	2010	9	9	252	0.11757	0.23696	-9999
0250340812	2010	9	10	253	0.11167	0.22671	-9999
0250340812	2010	9	11	254	0.10558	0.22	-9999
0250340812	2010	9	12	255	0.10308	0.21433	-9999
0250340812	2010	9	13	256	0.10108	0.20979	-9999
0250340812	2010	9	14	257	0.10092	0.20654	-9999
0250340812	2010	9	15	258	0.098458	0.20283	-9999
0250340812	2010	9	16	259	0.097667	0.20025	-9999
0250340812	2010	9	17	260	0.091125	0.19692	-9999
0250340812	2010	9	18	261	0.08775	0.19517	-9999
0250340812	2010	9	19	262	0.085917	0.19121	-9999
0250340812	2010	9	20	263	0.083167	0.19146	-9999
0250340812	2010	9	21	264	0.08125	0.18996	-9999
0250340812	2010	9	22	265	0.08025	0.188	-9999
0250340812	2010	9	23	266	0.078708	0.18746	-9999
0250340812	2010	9	24	267	0.080417	0.18533	-9999
0250340812	2010	9	25	268	0.083625	0.18588	-9999
0250340812	2010	9	26	269	0.085667	0.18608	-9999
0250340812	2010	9	27	270	0.085125	0.18604	-9999
0250340812	2010	9	28	271	0.086542	0.18592	-9999
0250340812	2010	9	29	272	0.083	0.18643	-9999
0250340812	2010	9	30	273	0.084917	0.18525	-9999
0250340812	2010	10	1	274	0.083625	0.18625	-9999
0250340812	2010	10	2	275	0.08225	0.18575	-9999
0250340812	2010	10	3	276	0.07875	0.186	-9999
0250340812	2010	10	4	277	0.076875	0.18496	-9999
0250340812	2010	10	5	278	0.073875	0.18221	-9999
0250340812	2010	10	6	279	0.072833	0.18233	0.45171
0250340812	2010	10	7	280	0.076083	0.18171	0.41771
0250340812	2010	10	8	281	0.06975	0.18004	0.41583
0250340812	2010	10	9	282	0.071875	0.17892	0.415
0250340812	2010	10	10	283	0.07275	0.17792	0.41371
0250340812	2010	10	11	284	0.07425	0.17804	0.41337
0250340812	2010	10	12	285	0.071583	0.17725	0.41342
0250340812	2010	10	13	286	0.075458	0.17896	0.41292
0250340812	2010	10	14	287	0.075917	0.17842	0.41275
0250340812	2010	10	15	288	0.078292	0.17942	0.41212
0250340812	2010	10	16	289	0.075917	0.17925	0.41321
0250340812	2010	10	17	290	0.074625	0.17892	0.41242
0250340812	2010	10	18	291	0.077917	0.17963	0.41212
0250340812	2010	10	19	292	0.079458	0.17875	0.41171
0250340812	2010	10	20	293	0.078625	0.17725	0.41204
0250340812	2010	10	21	294	0.07275	0.17833	0.412
0250340812	2010	10	22	295	0.073292	0.17596	0.41179
0250340812	2010	10	23	296	0.071792	0.17642	0.41183
0250340812	2010	10	24	297	0.074083	0.17754	0.41137
0250340812	2010	10	25	298	0.079625	0.17817	0.4115
0250340812	2010	10	26	299	0.10658	0.17608	0.41117
0250340812	2010	10	27	300	0.14075	0.17425	0.41058
0250340812	2010	10	28	301	0.15596	0.17296	0.41096
0250340812	2010	10	29	302	0.16021	0.17233	0.41013
0250340812	2010	10	30	303	0.16333	0.17442	0.40967
0250340812	2010	10	31	304	0.16221	0.17592	0.40975
0250340812	2010	11	1	305	0.15942	0.17746	0.40904
0250340812	2010	11	2	306	0.16017	0.17621	0.40908
0250340812	2010	11	3	307	0.15787	0.17658	0.40896
0250340812	2010	11	4	308	0.15696	0.17796	0.40946
0250340812	2010	11	5	309	0.15383	0.17792	0.40942
0250340812	2010	11	6	310	0.15029	0.17754	0.40912
0250340812	2010	11	7	311	0.14579	0.17783	0.40892
0250340812	2010	11	8	312	0.14312	0.17717	0.4095
0250340812	2010	11	9	313	0.14079	0.17637	0.40942
0250340812	2010	11	10	314	0.13704	0.17558	0.40917
0250340812	2010	11	11	315	0.1345	0.17454	0.40925
0250340812	2010	11	12	316	0.13708	0.17446	0.40912
0250340812	2010	11	13	317	0.13392	0.17388	0.40858
0250340812	2010	11	14	318	0.13304	0.17329	0.40825
0250340812	2010	11	15	319	0.13075	0.17312	0.40867
0250340812	2010	11	16	320	0.12692	0.17342	0.40829
0250340812	2010	11	17	321	0.12896	0.17283	0.40879
0250340812	2010	11	18	322	0.12013	0.17167	0.40808
0250340812	2010	11	19	323	0.11296	0.17354	0.40817
0250340812	2010	11	20	324	0.10471	0.17338	0.40775
0250340812	2010	11	21	325	0.10829	0.17388	0.40804
0250340812	2010	11	22	326	0.11267	0.17158	0.40762
0250340812	2010	11	23	327	0.11063	0.17342	0.40787
0250340812	2010	11	24	328	0.109	0.17392	0.40808
0250340812	2010	11	25	329	0.10838	0.17454	0.40767
0250340812	2010	11	26	330	0.10242	0.17354	0.4075
0250340812	2010	11	27	331	0.08925	0.17337	0.40775
0250340812	2010	11	28	332	0.084917	0.17429	0.40762
0250340812	2010	11	29	333	0.083	0.17254	0.40792
0250340812	2010	11	30	334	0.0805	0.173	0.4075
0250340812	2010	12	1	335	0.07225	0.17287	0.40763
0250340812	2010	12	2	336	0.079125	0.17321	0.40767
0250340812	2010	12	3	337	0.086208	0.17346	0.40746
0250340812	2010	12	4	338	0.095375	0.17392	0.40754
0250340812	2010	12	5	339	0.099458	0.17087	0.40775
0250340812	2010	12	6	340	0.1055	0.17412	0.40738
0250340812	2010	12	7	341	0.10367	0.17183	0.40729
0250340812	2010	12	8	342	0.10125	0.17217	0.40758
0250340812	2010	12	9	343	0.10096	0.17317	0.40738
0250340812	2010	12	10	344	0.099174	0.1743	0.40739
0250340812	2010	12	11	345	0.096833	0.17296	0.40729
0250340812	2010	12	12	346	0.097042	0.17421	0.40754
0250340812	2010	12	13	347	0.095708	0.17429	0.4075
0250340812	2010	12	14	348	0.094042	0.17083	0.40721
0250340812	2010	12	15	349	0.093833	0.17221	0.40754
0250340812	2010	12	16	350	0.091542	0.17037	0.40742
0250340812	2010	12	17	351	0.092708	0.17258	0.40746
0250340812	2010	12	18	352	0.093083	0.17362	0.40717
0250340812	2010	12	19	353	0.094333	0.17479	0.40733
0250340812	2010	12	20	354	0.15475	0.205	0.40742
0250340812	2010	12	21	355	0.26113	0.33675	0.40738
0250340812	2010	12	22	356	0.27938	0.35025	0.40904
0250340812	2010	12	23	357	0.30012	0.36421	0.58896
0250340812	2010	12	24	358	0.29842	0.36125	0.64171
0250340812	2010	12	25	359	0.29896	0.35996	0.68321
0250340812	2010	12	26	360	0.30133	0.36083	0.68835
0250340812	2010	12	27	361	0.30267	0.36142	0.75826
0250340812	2010	12	28	362	0.30283	0.36133	0.72409
0250340812	2010	12	29	363	0.30387	0.36104	0.75138
0250340812	2010	12	30	364	0.30471	0.36133	0.73269
0250340812	2010	12	31	365	0.30387	0.362	0.75947
0250340812	2011	1	1	1	0.30471	0.36112	0.778
0250340812	2011	1	2	2	0.30529	0.35975	0.757
0250340812	2011	1	3	3	0.3035	0.35979	0.74487
0250340812	2011	1	4	4	0.30325	0.3595	0.77828
0250340812	2011	1	5	5	0.30312	0.35896	0.78638
0250340812	2011	1	6	6	0.30237	0.35817	0.72518
0250340812	2011	1	7	7	0.30258	0.35767	0.79152
0250340812	2011	1	8	8	0.30217	0.35792	0.78295
0250340812	2011	1	9	9	0.30208	0.35712	0.777
0250340812	2011	1	10	10	0.30204	0.35662	0.73905
0250340812	2011	1	11	11	0.30208	0.35671	0.75871
0250340812	2011	1	12	12	0.30192	0.35633	0.72643
0250340812	2011	1	13	13	0.30229	0.35583	0.69006
0250340812	2011	1	14	14	0.30229	0.35554	0.7639
0250340812	2011	1	15	15	0.30188	0.35592	0.77805
0250340812	2011	1	16	16	0.30242	0.35575	0.72229
0250340812	2011	1	17	17	0.30296	0.35579	0.73056
0250340812	2011	1	18	18	0.30304	0.35554	0.74476
0250340812	2011	1	19	19	0.30438	0.35558	0.75816
0250340812	2011	1	20	20	0.30629	0.35617	0.79673
0250340812	2011	1	21	21	0.30788	0.35696	0.68811
0250340812	2011	1	22	22	0.30892	0.35733	0.75415
0250340812	2011	1	23	23	0.30863	0.35754	0.72884
0250340812	2011	1	24	24	0.30908	0.35742	0.6791
0250340812	2011	1	25	25	0.30883	0.35796	0.72815
0250340812	2011	1	26	26	0.30852	0.357	0.72289
0250340812	2011	1	27	27	0.30812	0.35721	0.68676
0250340812	2011	1	28	28	0.30721	0.35692	0.60322
0250340812	2011	1	29	29	0.30717	0.35625	0.76542
0250340812	2011	1	30	30	0.30721	0.35621	0.6998
0250340812	2011	1	31	31	0.30708	0.35554	0.74837
0250340812	2011	2	1	32	0.30638	0.35583	0.68833
0250340812	2011	2	2	33	0.30662	0.35546	0.7143
0250340812	2011	2	3	34	0.30579	0.35512	0.75568
0250340812	2011	2	4	35	0.30408	0.35413	0.68848
0250340812	2011	2	5	36	0.30092	0.35412	0.73847
0250340812	2011	2	6	37	0.30042	0.35283	0.71718
0250340812	2011	2	7	38	0.30013	0.35229	0.77165
0250340812	2011	2	8	39	0.30004	0.35092	0.69182
0250340812	2011	2	9	40	0.29858	0.35104	0.6479
0250340812	2011	2	10	41	0.29813	0.35087	0.69814
0250340812	2011	2	11	42	0.296	0.35013	0.74296
0250340812	2011	2	12	43	0.29479	0.34908	0.73413
0250340812	2011	2	13	44	0.29096	0.34821	0.66579
0250340812	2011	2	14	45	0.28996	0.34787	0.71767
0250340812	2011	2	15	46	0.28967	0.34654	0.67624
0250340812	2011	2	16	47	0.29112	0.34725	0.71124
0250340812	2011	2	17	48	0.29067	0.34658	0.68759
0250340812	2011	2	18	49	0.29196	0.346	0.7255
0250340812	2011	2	19	50	0.29296	0.34633	0.74665
0250340812	2011	2	20	51	0.2925	0.34596	0.75561
0250340812	2011	2	21	52	0.29425	0.34675	0.74132
0250340812	2011	2	22	53	0.29504	0.34679	0.75438
0250340812	2011	2	23	54	0.29638	0.34662	0.81132
0250340812	2011	2	24	55	0.29729	0.34758	0.71322
0250340812	2011	2	25	56	0.29771	0.34729	0.65139
0250340812	2011	2	26	57	0.29804	0.34712	0.71464
0250340812	2011	2	27	58	0.29896	0.34737	0.72647
0250340812	2011	2	28	59	0.29938	0.34763	0.7163
0250340812	2011	3	1	60	0.30058	0.34742	0.80367
0250340812	2011	3	2	61	0.29975	0.34717	0.742
0250340812	2011	3	3	62	0.3	0.34767	0.71528
0250340812	2011	3	4	63	0.30087	0.34829	0.74542
0250340812	2011	3	5	64	0.30079	0.34779	0.71548
0250340812	2011	3	6	65	0.30092	0.348	0.68736
0250340812	2011	3	7	66	0.30183	0.34846	0.73407
0250340812	2011	3	8	67	0.30304	0.3485	-9999
0250340812	2011	3	9	68	0.30329	0.34867	0.881
0250340812	2011	3	10	69	0.304	0.349	0.8598
0250340812	2011	3	11	70	0.30479	0.3495	-9999
0250340812	2011	3	12	71	0.30546	0.34904	-9999
0250340812	2011	3	13	72	0.3065	0.34933	-9999
0250340812	2011	3	14	73	0.30775	0.34946	0.8155
0250340812	2011	3	15	74	0.31442	0.35017	-9999
0250340812	2011	3	16	75	0.32633	0.35275	0.88475
0250340812	2011	3	17	76	0.33817	0.35921	0.87775
0250340812	2011	3	18	77	0.34646	0.36471	0.88067
0250340812	2011	3	19	78	0.34879	0.36692	-9999
0250340812	2011	3	20	79	0.34517	0.36667	-9999
0250340812	2011	3	21	80	0.34321	0.36617	-9999
0250340812	2011	3	22	81	0.34196	0.36588	-9999
0250340812	2011	3	23	82	0.34133	0.36567	-9999
0250340812	2011	3	24	83	0.34154	0.36517	-9999
0250340812	2011	3	25	84	0.34142	0.36508	-9999
0250340812	2011	3	26	85	0.34071	0.36542	0.88317
0250340812	2011	3	27	86	0.34163	0.36496	0.845
0250340812	2011	3	28	87	0.34158	0.36454	0.87125
0250340812	2011	3	29	88	0.34512	0.365	0.86183
0250340812	2011	3	30	89	0.34742	0.36571	-9999
0250340812	2011	3	31	90	0.35379	0.36858	0.85613
0250340812	2011	4	1	91	0.36475	0.37321	0.8185
0250340812	2011	4	2	92	0.36825	0.376	-9999
0250340812	2011	4	3	93	0.37229	0.38	0.81
0250340812	2011	4	4	94	0.37138	0.38083	0.86
0250340812	2011	4	5	95	0.36796	0.37858	0.846
0250340812	2011	4	6	96	0.37192	0.37946	0.77967
0250340812	2011	4	7	97	0.37242	0.3795	0.8551
0250340812	2011	4	8	98	0.37479	0.38042	0.81467
0250340812	2011	4	9	99	0.36829	0.37779	0.778
0250340812	2011	4	10	100	0.36533	0.37592	0.891
0250340812	2011	4	11	101	0.36296	0.37462	0.8714
0250340812	2011	4	12	102	0.36304	0.37479	0.82167
0250340812	2011	4	13	103	0.36579	0.3755	0.84433
0250340812	2011	4	14	104	0.36825	0.37679	0.761
0250340812	2011	4	15	105	0.36871	0.37733	0.84625
0250340812	2011	4	16	106	0.37154	0.3785	0.85067
0250340812	2011	4	17	107	0.38033	0.38262	-9999
0250340812	2011	4	18	108	0.386	0.38658	0.86283
0250340812	2011	4	19	109	0.38688	0.38596	0.84867
0250340812	2011	4	20	110	0.38638	0.385	0.822
0250340812	2011	4	21	111	0.38367	0.38329	0.838
0250340812	2011	4	22	112	0.37883	0.38175	0.871
0250340812	2011	4	23	113	0.37517	0.37983	0.8705
0250340812	2011	4	24	114	0.37204	0.37858	-9999
0250340812	2011	4	25	115	0.36871	0.37667	-9999
0250340812	2011	4	26	116	0.36571	0.375	-9999
0250340812	2011	4	27	117	0.35983	0.37312	-9999
0250340812	2011	4	28	118	0.35817	0.37117	-9999
0250340812	2011	4	29	119	0.35633	0.36983	-9999
0250340812	2011	4	30	120	0.35137	0.36858	-9999
0250340812	2011	5	1	121	0.34733	0.36692	-9999
0250340812	2011	5	2	122	0.34437	0.36571	-9999
0250340812	2011	5	3	123	0.34267	0.36467	-9999
0250340812	2011	5	4	124	0.34162	0.36342	-9999
0250340812	2011	5	5	125	0.33883	0.36304	-9999
0250340812	2011	5	6	126	0.33321	0.36133	-9999
0250340812	2011	5	7	127	0.32663	0.35975	-9999
0250340812	2011	5	8	128	0.32008	0.35767	-9999
0250340812	2011	5	9	129	0.31337	0.356	-9999
0250340812	2011	5	10	130	0.30921	0.35462	-9999
0250340812	2011	5	11	131	0.30538	0.35308	-9999
0250340812	2011	5	12	132	0.30425	0.35183	-9999
0250340812	2011	5	13	133	0.30046	0.35067	-9999
0250340812	2011	5	14	134	0.29525	0.34842	-9999
0250340812	2011	5	15	135	0.28754	0.34617	-9999
0250340812	2011	5	16	136	0.27958	0.34354	-9999
0250340812	2011	5	17	137	0.27192	0.34067	-9999
0250340812	2011	5	18	138	0.26446	0.33904	-9999
0250340812	2011	5	19	139	0.25946	0.33829	-9999
0250340812	2011	5	20	140	0.26192	0.33642	-9999
0250340812	2011	5	21	141	0.34804	0.3535	-9999
0250340812	2011	5	22	142	0.37633	0.37512	-9999
0250340812	2011	5	23	143	0.36583	0.372	-9999
0250340812	2011	5	24	144	0.35942	0.3695	-9999
0250340812	2011	5	25	145	0.35433	0.36783	-9999
0250340812	2011	5	26	146	0.34979	0.36654	-9999
0250340812	2011	5	27	147	0.34404	0.36508	-9999
0250340812	2011	5	28	148	0.33804	0.36292	-9999
0250340812	2011	5	29	149	0.33058	0.36167	-9999
0250340812	2011	5	30	150	0.3215	0.35938	-9999
0250340812	2011	5	31	151	0.31392	0.3565	-9999
0250340812	2011	6	1	152	0.30404	0.3535	-9999
0250340812	2011	6	2	153	0.29233	0.35121	-9999
0250340812	2011	6	3	154	0.27942	0.34733	-9999
0250340812	2011	6	4	155	0.26846	0.34342	-9999
0250340812	2011	6	5	156	0.25388	0.33892	-9999
0250340812	2011	6	6	157	0.24196	0.33488	-9999
0250340812	2011	6	7	158	0.22563	0.32933	-9999
0250340812	2011	6	8	159	0.21404	0.32283	-9999
0250340812	2011	6	9	160	0.20167	0.31562	-9999
0250340812	2011	6	10	161	0.19054	0.30908	-9999
0250340812	2011	6	11	162	0.181	0.30208	-9999
0250340812	2011	6	12	163	0.16808	0.29525	-9999
0250340812	2011	6	13	164	0.16008	0.28821	-9999
0250340812	2011	6	14	165	0.14937	0.28062	-9999
0250340812	2011	6	15	166	0.14046	0.27458	-9999
0250340812	2011	6	16	167	0.13017	0.26904	-9999
0250340812	2011	6	17	168	0.12388	0.26075	-9999
0250340812	2011	6	18	169	0.11583	0.25508	-9999
0250340812	2011	6	19	170	0.10938	0.24875	-9999
0250340812	2011	6	20	171	0.10179	0.24404	0.888
0250340812	2011	6	21	172	0.10029	0.23688	-9999
0250340812	2011	6	22	173	0.095833	0.23287	0.77737
0250340812	2011	6	23	174	0.094167	0.22825	0.75033
0250340812	2011	6	24	175	0.090333	0.22504	0.67112
0250340812	2011	6	25	176	0.087333	0.22029	0.63238
0250340812	2011	6	26	177	0.082792	0.21679	0.57546
0250340812	2011	6	27	178	0.082667	0.21158	0.56142
0250340812	2011	6	28	179	0.08075	0.20846	0.52771
0250340812	2011	6	29	180	0.07625	0.20633	0.51425
0250340812	2011	6	30	181	0.075417	0.20321	0.4925
0250340812	2011	7	1	182	0.072208	0.20071	0.48208
0250340812	2011	7	2	183	0.0715	0.19858	0.46821
0250340812	2011	7	3	184	0.071333	0.19829	0.45392
0250340812	2011	7	4	185	0.069167	0.19487	0.44671
0250340812	2011	7	5	186	0.069292	0.19392	0.43708
0250340812	2011	7	6	187	0.072087	0.1953	0.43287
0250340812	2011	7	7	188	0.067333	0.19342	0.42788
0250340812	2011	7	8	189	0.068	0.19158	0.42483
0250340812	2011	7	9	190	0.07025	0.19317	0.42571
0250340812	2011	7	10	191	0.071375	0.19329	0.4215
0250340812	2011	7	11	192	0.07125	0.19279	0.42283
0250340812	2011	7	12	193	0.070167	0.193	0.42096
0250340812	2011	7	13	194	0.070042	0.19279	0.42067
0250340812	2011	7	14	195	0.067292	0.19133	0.42521
0250340812	2011	7	15	196	0.066833	0.19096	0.42075
0250340812	2011	7	16	197	0.066083	0.18783	0.41933
0250340812	2011	7	17	198	0.06925	0.18912	0.41846
0250340812	2011	7	18	199	0.06525	0.18912	0.42092
0250340812	2011	7	19	200	0.065292	0.18717	0.41792
0250340812	2011	7	20	201	0.071667	0.183	0.41333
0250340812	2011	7	21	202	-9999	-9999	-9999
0250340812	2011	7	22	203	-9999	-9999	-9999
0250340812	2011	7	23	204	-9999	-9999	-9999
0250340812	2011	7	24	205	-9999	-9999	-9999
0250340812	2011	7	25	206	-9999	-9999	-9999
0250340812	2011	7	26	207	-9999	-9999	-9999
0250340812	2011	7	27	208	-9999	-9999	-9999
0250340812	2011	7	28	209	-9999	-9999	-9999
0250340812	2011	7	29	210	-9999	-9999	-9999
0250340812	2011	7	30	211	-9999	-9999	-9999
0250340812	2011	7	31	212	-9999	-9999	-9999
0250340812	2011	8	1	213	-9999	-9999	-9999
0250340812	2011	8	2	214	-9999	-9999	-9999
0250340812	2011	8	3	215	-9999	-9999	-9999
0250340812	2011	8	4	216	-9999	-9999	-9999
0250340812	2011	8	5	217	-9999	-9999	-9999
0250340812	2011	8	6	218	-9999	-9999	-9999
0250340812	2011	8	7	219	-9999	-9999	-9999
0250340812	2011	8	8	220	-9999	-9999	-9999
0250340812	2011	8	9	221	-9999	-9999	-9999
0250340812	2011	8	10	222	-9999	-9999	-9999
0250340812	2011	8	11	223	-9999	-9999	-9999
0250340812	2011	8	12	224	-9999	-9999	-9999
0250340812	2011	8	13	225	-9999	-9999	-9999
0250340812	2011	8	14	226	-9999	-9999	-9999
0250340812	2011	8	15	227	-9999	-9999	-9999
0250340812	2011	8	16	228	-9999	-9999	-9999
0250340812	2011	8	17	229	-9999	-9999	-9999
0250340812	2011	8	18	230	-9999	-9999	-9999
0250340812	2011	8	19	231	-9999	-9999	-9999
0250340812	2011	8	20	232	-9999	-9999	-9999
0250340812	2011	8	21	233	-9999	-9999	-9999
0250340812	2011	8	22	234	-9999	-9999	-9999
0250340812	2011	8	23	235	-9999	-9999	-9999
0250340812	2011	8	24	236	-9999	-9999	-9999
0250340812	2011	8	25	237	-9999	-9999	-9999
0250340812	2011	8	26	238	-9999	-9999	-9999
0250340812	2011	8	27	239	-9999	-9999	-9999
0250340812	2011	8	28	240	-9999	-9999	-9999
0250340812	2011	8	29	241	-9999	-9999	-9999
0250340812	2011	8	30	242	-9999	-9999	-9999
0250340812	2011	8	31	243	-9999	-9999	-9999
0250340812	2011	9	1	244	-9999	-9999	-9999
0250340812	2011	9	2	245	-9999	-9999	-9999
0250340812	2011	9	3	246	-9999	-9999	-9999
0250340812	2011	9	4	247	-9999	-9999	-9999
0250340812	2011	9	5	248	-9999	-9999	-9999
0250340812	2011	9	6	249	-9999	-9999	-9999
0250340812	2011	9	7	250	-9999	-9999	-9999
0250340812	2011	9	8	251	-9999	-9999	-9999
0250340812	2011	9	9	252	-9999	-9999	-9999
0250340812	2011	9	10	253	-9999	-9999	-9999
0250340812	2011	9	11	254	-9999	-9999	-9999
0250340812	2011	9	12	255	-9999	-9999	-9999
0250340812	2011	9	13	256	-9999	-9999	-9999
0250340812	2011	9	14	257	-9999	-9999	-9999
0250340812	2011	9	15	258	-9999	-9999	-9999
0250340812	2011	9	16	259	-9999	-9999	-9999
0250340812	2011	9	17	260	-9999	-9999	-9999
0250340812	2011	9	18	261	-9999	-9999	-9999
0250340812	2011	9	19	262	-9999	-9999	-9999
0250340812	2011	9	20	263	-9999	-9999	-9999
0250340812	2011	9	21	264	-9999	-9999	-9999
0250340812	2011	9	22	265	-9999	-9999	-9999
0250340812	2011	9	23	266	-9999	-9999	-9999
0250340812	2011	9	24	267	-9999	-9999	-9999
0250340812	2011	9	25	268	-9999	-9999	-9999
0250340812	2011	9	26	269	-9999	-9999	-9999
0250340812	2011	9	27	270	-9999	-9999	-9999
0250340812	2011	9	28	271	-9999	-9999	-9999
0250340812	2011	9	29	272	-9999	-9999	-9999
0250340812	2011	9	30	273	-9999	-9999	-9999
0250340812	2011	10	1	274	-9999	-9999	-9999
0250340812	2011	10	2	275	-9999	-9999	-9999
0250340812	2011	10	3	276	-9999	-9999	-9999
0250340812	2011	10	4	277	-9999	-9999	-9999
0250340812	2011	10	5	278	-9999	-9999	-9999
0250340812	2011	10	6	279	-9999	-9999	-9999
0250340812	2011	10	7	280	-9999	-9999	-9999
0250340812	2011	10	8	281	-9999	-9999	-9999
0250340812	2011	10	9	282	-9999	-9999	-9999
0250340812	2011	10	10	283	-9999	-9999	-9999
0250340812	2011	10	11	284	-9999	-9999	-9999
0250340812	2011	10	12	285	-9999	-9999	-9999
0250340812	2011	10	13	286	-9999	-9999	-9999
0250340812	2011	10	14	287	-9999	-9999	-9999
0250340812	2011	10	15	288	-9999	-9999	-9999
0250340812	2011	10	16	289	-9999	-9999	-9999
0250340812	2011	10	17	290	-9999	-9999	-9999
0250340812	2011	10	18	291	-9999	-9999	-9999
0250340812	2011	10	19	292	-9999	-9999	-9999
0250340812	2011	10	20	293	-9999	-9999	-9999
0250340812	2011	10	21	294	-9999	-9999	-9999
0250340812	2011	10	22	295	-9999	-9999	-9999
0250340812	2011	10	23	296	-9999	-9999	-9999
0250340812	2011	10	24	297	-9999	-9999	-9999
0250340812	2011	10	25	298	-9999	-9999	-9999
0250340812	2011	10	26	299	-9999	-9999	-9999
0250340812	2011	10	27	300	-9999	-9999	-9999
0250340812	2011	10	28	301	-9999	-9999	-9999
0250340812	2011	10	29	302	-9999	-9999	-9999
0250340812	2011	10	30	303	-9999	-9999	-9999
0250340812	2011	10	31	304	-9999	-9999	-9999
0250340812	2011	11	1	305	-9999	-9999	-9999
0250340812	2011	11	2	306	-9999	-9999	-9999
0250340812	2011	11	3	307	-9999	-9999	-9999
0250340812	2011	11	4	308	-9999	-9999	-9999
0250340812	2011	11	5	309	-9999	-9999	-9999
0250340812	2011	11	6	310	-9999	-9999	-9999
0250340812	2011	11	7	311	-9999	-9999	-9999
0250340812	2011	11	8	312	-9999	-9999	-9999
0250340812	2011	11	9	313	-9999	-9999	-9999
0250340812	2011	11	10	314	-9999	-9999	-9999
0250340812	2011	11	11	315	-9999	-9999	-9999
0250340812	2011	11	12	316	-9999	-9999	-9999
0250340812	2011	11	13	317	-9999	-9999	-9999
0250340812	2011	11	14	318	-9999	-9999	-9999
0250340812	2011	11	15	319	-9999	-9999	-9999
0250340812	2011	11	16	320	-9999	-9999	-9999
0250340812	2011	11	17	321	-9999	-9999	-9999
0250340812	2011	11	18	322	-9999	-9999	-9999
0250340812	2011	11	19	323	-9999	-9999	-9999
0250340812	2011	11	20	324	-9999	-9999	-9999
0250340812	2011	11	21	325	-9999	-9999	-9999
0250340812	2011	11	22	326	-9999	-9999	-9999
0250340812	2011	11	23	327	-9999	-9999	-9999
0250340812	2011	11	24	328	-9999	-9999	-9999
0250340812	2011	11	25	329	-9999	-9999	-9999
0250340812	2011	11	26	330	-9999	-9999	-9999
0250340812	2011	11	27	331	-9999	-9999	-9999
0250340812	2011	11	28	332	-9999	-9999	-9999
0250340812	2011	11	29	333	-9999	-9999	-9999
0250340812	2011	11	30	334	-9999	-9999	-9999
0250340812	2011	12	1	335	-9999	-9999	-9999
0250340812	2011	12	2	336	-9999	-9999	-9999
0250340812	2011	12	3	337	-9999	-9999	-9999
0250340812	2011	12	4	338	-9999	-9999	-9999
0250340812	2011	12	5	339	-9999	-9999	-9999
0250340812	2011	12	6	340	-9999	-9999	-9999
0250340812	2011	12	7	341	-9999	-9999	-9999
0250340812	2011	12	8	342	-9999	-9999	-9999
0250340812	2011	12	9	343	-9999	-9999	-9999
0250340812	2011	12	10	344	-9999	-9999	-9999
0250340812	2011	12	11	345	-9999	-9999	-9999
0250340812	2011	12	12	346	-9999	-9999	-9999
0250340812	2011	12	13	347	-9999	-9999	-9999
0250340812	2011	12	14	348	-9999	-9999	-9999
0250340812	2011	12	15	349	-9999	-9999	-9999
0250340812	2011	12	16	350	-9999	-9999	-9999
0250340812	2011	12	17	351	-9999	-9999	-9999
0250340812	2011	12	18	352	-9999	-9999	-9999
0250340812	2011	12	19	353	-9999	-9999	-9999
0250340812	2011	12	20	354	-9999	-9999	-9999
0250340812	2011	12	21	355	-9999	-9999	-9999
0250340812	2011	12	22	356	-9999	-9999	-9999
0250340812	2011	12	23	357	-9999	-9999	-9999
0250340812	2011	12	24	358	-9999	-9999	-9999
0250340812	2011	12	25	359	-9999	-9999	-9999
0250340812	2011	12	26	360	-9999	-9999	-9999
0250340812	2011	12	27	361	-9999	-9999	-9999
0250340812	2011	12	28	362	-9999	-9999	-9999
0250340812	2011	12	29	363	-9999	-9999	-9999
0250340812	2011	12	30	364	-9999	-9999	-9999
0250340812	2011	12	31	365	-9999	-9999	-9999
0250340812	2012	1	1	1	-9999	-9999	-9999
0250340812	2012	1	2	2	-9999	-9999	-9999
0250340812	2012	1	3	3	-9999	-9999	-9999
0250340812	2012	1	4	4	-9999	-9999	-9999
0250340812	2012	1	5	5	-9999	-9999	-9999
0250340812	2012	1	6	6	-9999	-9999	-9999
0250340812	2012	1	7	7	-9999	-9999	-9999
0250340812	2012	1	8	8	-9999	-9999	-9999
0250340812	2012	1	9	9	-9999	-9999	-9999
0250340812	2012	1	10	10	-9999	-9999	-9999
0250340812	2012	1	11	11	-9999	-9999	-9999
0250340812	2012	1	12	12	-9999	-9999	-9999
0250340812	2012	1	13	13	-9999	-9999	-9999
0250340812	2012	1	14	14	-9999	-9999	-9999
0250340812	2012	1	15	15	-9999	-9999	-9999
0250340812	2012	1	16	16	-9999	-9999	-9999
0250340812	2012	1	17	17	-9999	-9999	-9999
0250340812	2012	1	18	18	-9999	-9999	-9999
0250340812	2012	1	19	19	-9999	-9999	-9999
0250340812	2012	1	20	20	-9999	-9999	-9999
0250340812	2012	1	21	21	-9999	-9999	-9999
0250340812	2012	1	22	22	-9999	-9999	-9999
0250340812	2012	1	23	23	-9999	-9999	-9999
0250340812	2012	1	24	24	-9999	-9999	-9999
0250340812	2012	1	25	25	-9999	-9999	-9999
0250340812	2012	1	26	26	-9999	-9999	-9999
0250340812	2012	1	27	27	-9999	-9999	-9999
0250340812	2012	1	28	28	-9999	-9999	-9999
0250340812	2012	1	29	29	-9999	-9999	-9999
0250340812	2012	1	30	30	-9999	-9999	-9999
0250340812	2012	1	31	31	-9999	-9999	-9999
0250340812	2012	2	1	32	-9999	-9999	-9999
0250340812	2012	2	2	33	-9999	-9999	-9999
0250340812	2012	2	3	34	-9999	-9999	-9999
0250340812	2012	2	4	35	-9999	-9999	-9999
0250340812	2012	2	5	36	-9999	-9999	-9999
0250340812	2012	2	6	37	-9999	-9999	-9999
0250340812	2012	2	7	38	-9999	-9999	-9999
0250340812	2012	2	8	39	-9999	-9999	-9999
0250340812	2012	2	9	40	-9999	-9999	-9999
0250340812	2012	2	10	41	-9999	-9999	-9999
0250340812	2012	2	11	42	-9999	-9999	-9999
0250340812	2012	2	12	43	-9999	-9999	-9999
0250340812	2012	2	13	44	-9999	-9999	-9999
0250340812	2012	2	14	45	-9999	-9999	-9999
0250340812	2012	2	15	46	-9999	-9999	-9999
0250340812	2012	2	16	47	-9999	-9999	-9999
0250340812	2012	2	17	48	-9999	-9999	-9999
0250340812	2012	2	18	49	-9999	-9999	-9999
0250340812	2012	2	19	50	-9999	-9999	-9999
0250340812	2012	2	20	51	-9999	-9999	-9999
0250340812	2012	2	21	52	-9999	-9999	-9999
0250340812	2012	2	22	53	-9999	-9999	-9999
0250340812	2012	2	23	54	-9999	-9999	-9999
0250340812	2012	2	24	55	-9999	-9999	-9999
0250340812	2012	2	25	56	-9999	-9999	-9999
0250340812	2012	2	26	57	-9999	-9999	-9999
0250340812	2012	2	27	58	-9999	-9999	-9999
0250340812	2012	2	28	59	-9999	-9999	-9999
0250340812	2012	2	29	60	-9999	-9999	-9999
0250340812	2012	3	1	61	-9999	-9999	-9999
0250340812	2012	3	2	62	-9999	-9999	-9999
0250340812	2012	3	3	63	-9999	-9999	-9999
0250340812	2012	3	4	64	-9999	-9999	-9999
0250340812	2012	3	5	65	-9999	-9999	-9999
0250340812	2012	3	6	66	-9999	-9999	-9999
0250340812	2012	3	7	67	-9999	-9999	-9999
0250340812	2012	3	8	68	-9999	-9999	-9999
0250340812	2012	3	9	69	-9999	-9999	-9999
0250340812	2012	3	10	70	-9999	-9999	-9999
0250340812	2012	3	11	71	-9999	-9999	-9999
0250340812	2012	3	12	72	-9999	-9999	-9999
0250340812	2012	3	13	73	-9999	-9999	-9999
0250340812	2012	3	14	74	-9999	-9999	-9999
0250340812	2012	3	15	75	-9999	-9999	-9999
0250340812	2012	3	16	76	-9999	-9999	-9999
0250340812	2012	3	17	77	-9999	-9999	-9999
0250340812	2012	3	18	78	-9999	-9999	-9999
0250340812	2012	3	19	79	-9999	-9999	-9999
0250340812	2012	3	20	80	-9999	-9999	-9999
0250340812	2012	3	21	81	-9999	-9999	-9999
0250340812	2012	3	22	82	-9999	-9999	-9999
0250340812	2012	3	23	83	-9999	-9999	-9999
0250340812	2012	3	24	84	-9999	-9999	-9999
0250340812	2012	3	25	85	-9999	-9999	-9999
0250340812	2012	3	26	86	-9999	-9999	-9999
0250340812	2012	3	27	87	-9999	-9999	-9999
0250340812	2012	3	28	88	-9999	-9999	-9999
0250340812	2012	3	29	89	-9999	-9999	-9999
0250340812	2012	3	30	90	-9999	-9999	-9999
0250340812	2012	3	31	91	-9999	-9999	-9999
0250340812	2012	4	1	92	-9999	-9999	-9999
0250340812	2012	4	2	93	-9999	-9999	-9999
0250340812	2012	4	3	94	-9999	-9999	-9999
0250340812	2012	4	4	95	-9999	-9999	-9999
0250340812	2012	4	5	96	-9999	-9999	-9999
0250340812	2012	4	6	97	-9999	-9999	-9999
0250340812	2012	4	7	98	-9999	-9999	-9999
0250340812	2012	4	8	99	-9999	-9999	-9999
0250340812	2012	4	9	100	-9999	-9999	-9999
0250340812	2012	4	10	101	-9999	-9999	-9999
0250340812	2012	4	11	102	-9999	-9999	-9999
0250340812	2012	4	12	103	-9999	-9999	-9999
0250340812	2012	4	13	104	-9999	-9999	-9999
0250340812	2012	4	14	105	-9999	-9999	-9999
0250340812	2012	4	15	106	-9999	-9999	-9999
0250340812	2012	4	16	107	-9999	-9999	-9999
0250340812	2012	4	17	108	-9999	-9999	-9999
0250340812	2012	4	18	109	-9999	-9999	-9999
0250340812	2012	4	19	110	-9999	-9999	-9999
0250340812	2012	4	20	111	-9999	-9999	-9999
0250340812	2012	4	21	112	-9999	-9999	-9999
0250340812	2012	4	22	113	-9999	-9999	-9999
0250340812	2012	4	23	114	-9999	-9999	-9999
0250340812	2012	4	24	115	-9999	-9999	-9999
0250340812	2012	4	25	116	-9999	-9999	-9999
0250340812	2012	4	26	117	-9999	-9999	-9999
0250340812	2012	4	27	118	-9999	-9999	-9999
0250340812	2012	4	28	119	-9999	-9999	-9999
0250340812	2012	4	29	120	-9999	-9999	-9999
0250340812	2012	4	30	121	-9999	-9999	-9999
0250340812	2012	5	1	122	-9999	-9999	-9999
0250340812	2012	5	2	123	-9999	-9999	-9999
0250340812	2012	5	3	124	-9999	-9999	-9999
0250340812	2012	5	4	125	-9999	-9999	-9999
0250340812	2012	5	5	126	-9999	-9999	-9999
0250340812	2012	5	6	127	-9999	-9999	-9999
0250340812	2012	5	7	128	-9999	-9999	-9999
0250340812	2012	5	8	129	-9999	-9999	-9999
0250340812	2012	5	9	130	-9999	-9999	-9999
0250340812	2012	5	10	131	-9999	-9999	-9999
0250340812	2012	5	11	132	-9999	-9999	-9999
0250340812	2012	5	12	133	-9999	-9999	-9999
0250340812	2012	5	13	134	-9999	-9999	-9999
0250340812	2012	5	14	135	-9999	-9999	-9999
0250340812	2012	5	15	136	-9999	-9999	-9999
0250340812	2012	5	16	137	-9999	-9999	-9999
0250340812	2012	5	17	138	-9999	-9999	-9999
0250340812	2012	5	18	139	-9999	-9999	-9999
0250340812	2012	5	19	140	-9999	-9999	-9999
0250340812	2012	5	20	141	-9999	-9999	-9999
0250340812	2012	5	21	142	-9999	-9999	-9999
0250340812	2012	5	22	143	-9999	-9999	-9999
0250340812	2012	5	23	144	-9999	-9999	-9999
0250340812	2012	5	24	145	-9999	-9999	-9999
0250340812	2012	5	25	146	-9999	-9999	-9999
0250340812	2012	5	26	147	-9999	-9999	-9999
0250340812	2012	5	27	148	-9999	-9999	-9999
0250340812	2012	5	28	149	-9999	-9999	-9999
0250340812	2012	5	29	150	-9999	-9999	-9999
0250340812	2012	5	30	151	-9999	-9999	-9999
0250340812	2012	5	31	152	-9999	-9999	-9999
0250340812	2012	6	1	153	-9999	-9999	-9999
0250340812	2012	6	2	154	-9999	-9999	-9999
0250340812	2012	6	3	155	-9999	-9999	-9999
0250340812	2012	6	4	156	-9999	-9999	-9999
0250340812	2012	6	5	157	-9999	-9999	-9999
0250340812	2012	6	6	158	-9999	-9999	-9999
0250340812	2012	6	7	159	-9999	-9999	-9999
0250340812	2012	6	8	160	-9999	-9999	-9999
0250340812	2012	6	9	161	-9999	-9999	-9999
0250340812	2012	6	10	162	-9999	-9999	-9999
0250340812	2012	6	11	163	-9999	-9999	-9999
0250340812	2012	6	12	164	-9999	-9999	-9999
0250340812	2012	6	13	165	-9999	-9999	-9999
0250340812	2012	6	14	166	-9999	-9999	-9999
0250340812	2012	6	15	167	-9999	-9999	-9999
0250340812	2012	6	16	168	-9999	-9999	-9999
0250340812	2012	6	17	169	-9999	-9999	-9999
0250340812	2012	6	18	170	-9999	-9999	-9999
0250340812	2012	6	19	171	-9999	-9999	-9999
0250340812	2012	6	20	172	-9999	-9999	-9999
0250340812	2012	6	21	173	-9999	-9999	-9999
0250340812	2012	6	22	174	-9999	-9999	-9999
0250340812	2012	6	23	175	-9999	-9999	-9999
0250340812	2012	6	24	176	-9999	-9999	-9999
0250340812	2012	6	25	177	-9999	-9999	-9999
0250340812	2012	6	26	178	-9999	-9999	-9999
0250340812	2012	6	27	179	-9999	-9999	-9999
0250340812	2012	6	28	180	-9999	-9999	-9999
0250340812	2012	6	29	181	-9999	-9999	-9999
0250340812	2012	6	30	182	-9999	-9999	-9999
0250340812	2012	7	1	183	-9999	-9999	-9999
0250340812	2012	7	2	184	-9999	-9999	-9999
0250340812	2012	7	3	185	-9999	-9999	-9999
0250340812	2012	7	4	186	-9999	-9999	-9999
0250340812	2012	7	5	187	-9999	-9999	-9999
0250340812	2012	7	6	188	-9999	-9999	-9999
0250340812	2012	7	7	189	-9999	-9999	-9999
0250340812	2012	7	8	190	-9999	-9999	-9999
0250340812	2012	7	9	191	-9999	-9999	-9999
0250340812	2012	7	10	192	-9999	-9999	-9999
0250340812	2012	7	11	193	-9999	-9999	-9999
0250340812	2012	7	12	194	-9999	-9999	-9999
0250340812	2012	7	13	195	-9999	-9999	-9999
0250340812	2012	7	14	196	-9999	-9999	-9999
0250340812	2012	7	15	197	-9999	-9999	-9999
0250340812	2012	7	16	198	-9999	-9999	-9999
0250340812	2012	7	17	199	-9999	-9999	-9999
0250340812	2012	7	18	200	-9999	-9999	-9999
0250340812	2012	7	19	201	-9999	-9999	-9999
0250340812	2012	7	20	202	-9999	-9999	-9999
0250340812	2012	7	21	203	-9999	-9999	-9999
0250340812	2012	7	22	204	-9999	-9999	-9999
0250340812	2012	7	23	205	-9999	-9999	-9999
0250340812	2012	7	24	206	-9999	-9999	-9999
0250340812	2012	7	25	207	-9999	-9999	-9999
0250340812	2012	7	26	208	-9999	-9999	-9999
0250340812	2012	7	27	209	-9999	-9999	-9999
0250340812	2012	7	28	210	-9999	-9999	-9999
0250340812	2012	7	29	211	-9999	-9999	-9999
0250340812	2012	7	30	212	-9999	-9999	-9999
0250340812	2012	7	31	213	-9999	-9999	-9999
0250340812	2012	8	1	214	-9999	-9999	-9999
0250340812	2012	8	2	215	-9999	-9999	-9999
0250340812	2012	8	3	216	-9999	-9999	-9999
0250340812	2012	8	4	217	-9999	-9999	-9999
0250340812	2012	8	5	218	-9999	-9999	-9999
0250340812	2012	8	6	219	-9999	-9999	-9999
0250340812	2012	8	7	220	-9999	-9999	-9999
0250340812	2012	8	8	221	-9999	-9999	-9999
0250340812	2012	8	9	222	-9999	-9999	-9999
0250340812	2012	8	10	223	-9999	-9999	-9999
0250340812	2012	8	11	224	-9999	-9999	-9999
0250340812	2012	8	12	225	-9999	-9999	-9999
0250340812	2012	8	13	226	-9999	-9999	-9999
0250340812	2012	8	14	227	-9999	-9999	-9999
0250340812	2012	8	15	228	-9999	-9999	-9999
0250340812	2012	8	16	229	-9999	-9999	-9999
0250340812	2012	8	17	230	-9999	-9999	-9999
0250340812	2012	8	18	231	-9999	-9999	-9999
0250340812	2012	8	19	232	-9999	-9999	-9999
0250340812	2012	8	20	233	-9999	-9999	-9999
0250340812	2012	8	21	234	-9999	-9999	-9999
0250340812	2012	8	22	235	-9999	-9999	-9999
0250340812	2012	8	23	236	-9999	-9999	-9999
0250340812	2012	8	24	237	-9999	-9999	-9999
0250340812	2012	8	25	238	-9999	-9999	-9999
0250340812	2012	8	26	239	-9999	-9999	-9999
0250340812	2012	8	27	240	-9999	-9999	-9999
0250340812	2012	8	28	241	-9999	-9999	-9999
0250340812	2012	8	29	242	-9999	-9999	-9999
0250340812	2012	8	30	243	-9999	-9999	-9999
0250340812	2012	8	31	244	-9999	-9999	-9999
0250340812	2012	9	1	245	-9999	-9999	-9999
0250340812	2012	9	2	246	-9999	-9999	-9999
0250340812	2012	9	3	247	-9999	-9999	-9999
0250340812	2012	9	4	248	-9999	-9999	-9999
0250340812	2012	9	5	249	-9999	-9999	-9999
0250340812	2012	9	6	250	-9999	-9999	-9999
0250340812	2012	9	7	251	-9999	-9999	-9999
0250340812	2012	9	8	252	-9999	-9999	-9999
0250340812	2012	9	9	253	-9999	-9999	-9999
0250340812	2012	9	10	254	-9999	-9999	-9999
0250340812	2012	9	11	255	-9999	-9999	-9999
0250340812	2012	9	12	256	-9999	-9999	-9999
0250340812	2012	9	13	257	-9999	-9999	-9999
0250340812	2012	9	14	258	-9999	-9999	-9999
0250340812	2012	9	15	259	-9999	-9999	-9999
0250340812	2012	9	16	260	-9999	-9999	-9999
0250340812	2012	9	17	261	-9999	-9999	-9999
0250340812	2012	9	18	262	-9999	-9999	-9999
0250340812	2012	9	19	263	-9999	-9999	-9999
0250340812	2012	9	20	264	-9999	-9999	-9999
0250340812	2012	9	21	265	-9999	-9999	-9999
0250340812	2012	9	22	266	-9999	-9999	-9999
0250340812	2012	9	23	267	-9999	-9999	-9999
0250340812	2012	9	24	268	-9999	-9999	-9999
0250340812	2012	9	25	269	-9999	-9999	-9999
0250340812	2012	9	26	270	-9999	-9999	-9999
0250340812	2012	9	27	271	-9999	-9999	-9999
0250340812	2012	9	28	272	-9999	-9999	-9999
0250340812	2012	9	29	273	-9999	-9999	-9999
0250340812	2012	9	30	274	-9999	-9999	-9999
0250340812	2012	10	1	275	-9999	-9999	-9999
0250340812	2012	10	2	276	-9999	-9999	-9999
0250340812	2012	10	3	277	-9999	-9999	-9999
0250340812	2012	10	4	278	-9999	-9999	-9999
0250340812	2012	10	5	279	-9999	-9999	-9999
0250340812	2012	10	6	280	-9999	-9999	-9999
0250340812	2012	10	7	281	-9999	-9999	-9999
0250340812	2012	10	8	282	-9999	-9999	-9999
0250340812	2012	10	9	283	-9999	-9999	-9999
0250340812	2012	10	10	284	-9999	-9999	-9999
0250340812	2012	10	11	285	-9999	-9999	-9999
0250340812	2012	10	12	286	-9999	-9999	-9999
0250340812	2012	10	13	287	-9999	-9999	-9999
0250340812	2012	10	14	288	-9999	-9999	-9999
0250340812	2012	10	15	289	-9999	-9999	-9999
0250340812	2012	10	16	290	-9999	-9999	-9999
0250340812	2012	10	17	291	-9999	-9999	-9999
0250340812	2012	10	18	292	-9999	-9999	-9999
0250340812	2012	10	19	293	-9999	-9999	-9999
0250340812	2012	10	20	294	-9999	-9999	-9999
0250340812	2012	10	21	295	-9999	-9999	-9999
0250340812	2012	10	22	296	-9999	-9999	-9999
0250340812	2012	10	23	297	-9999	-9999	-9999
0250340812	2012	10	24	298	-9999	-9999	-9999
0250340812	2012	10	25	299	-9999	-9999	-9999
0250340812	2012	10	26	300	-9999	-9999	-9999
0250340812	2012	10	27	301	-9999	-9999	-9999
0250340812	2012	10	28	302	-9999	-9999	-9999
0250340812	2012	10	29	303	-9999	-9999	-9999
0250340812	2012	10	30	304	-9999	-9999	-9999
0250340812	2012	10	31	305	-9999	-9999	-9999
0250340812	2012	11	1	306	-9999	-9999	-9999
0250340812	2012	11	2	307	-9999	-9999	-9999
0250340812	2012	11	3	308	-9999	-9999	-9999
0250340812	2012	11	4	309	-9999	-9999	-9999
0250340812	2012	11	5	310	-9999	-9999	-9999
0250340812	2012	11	6	311	-9999	-9999	-9999
0250340812	2012	11	7	312	-9999	-9999	-9999
0250340812	2012	11	8	313	-9999	-9999	-9999
0250340812	2012	11	9	314	-9999	-9999	-9999
0250340812	2012	11	10	315	-9999	-9999	-9999
0250340812	2012	11	11	316	-9999	-9999	-9999
0250340812	2012	11	12	317	-9999	-9999	-9999
0250340812	2012	11	13	318	-9999	-9999	-9999
0250340812	2012	11	14	319	-9999	-9999	-9999
0250340812	2012	11	15	320	-9999	-9999	-9999
0250340812	2012	11	16	321	-9999	-9999	-9999
0250340812	2012	11	17	322	-9999	-9999	-9999
0250340812	2012	11	18	323	-9999	-9999	-9999
0250340812	2012	11	19	324	-9999	-9999	-9999
0250340812	2012	11	20	325	-9999	-9999	-9999
0250340812	2012	11	21	326	-9999	-9999	-9999
0250340812	2012	11	22	327	-9999	-9999	-9999
0250340812	2012	11	23	328	-9999	-9999	-9999
0250340812	2012	11	24	329	-9999	-9999	-9999
0250340812	2012	11	25	330	-9999	-9999	-9999
0250340812	2012	11	26	331	-9999	-9999	-9999
0250340812	2012	11	27	332	-9999	-9999	-9999
0250340812	2012	11	28	333	-9999	-9999	-9999
0250340812	2012	11	29	334	-9999	-9999	-9999
0250340812	2012	11	30	335	-9999	-9999	-9999
0250340812	2012	12	1	336	-9999	-9999	-9999
0250340812	2012	12	2	337	-9999	-9999	-9999
0250340812	2012	12	3	338	-9999	-9999	-9999
0250340812	2012	12	4	339	-9999	-9999	-9999
0250340812	2012	12	5	340	-9999	-9999	-9999
0250340812	2012	12	6	341	-9999	-9999	-9999
0250340812	2012	12	7	342	-9999	-9999	-9999
0250340812	2012	12	8	343	-9999	-9999	-9999
0250340812	2012	12	9	344	-9999	-9999	-9999
0250340812	2012	12	10	345	-9999	-9999	-9999
0250340812	2012	12	11	346	-9999	-9999	-9999
0250340812	2012	12	12	347	-9999	-9999	-9999
0250340812	2012	12	13	348	-9999	-9999	-9999
0250340812	2012	12	14	349	-9999	-9999	-9999
0250340812	2012	12	15	350	-9999	-9999	-9999
0250340812	2012	12	16	351	-9999	-9999	-9999
0250340812	2012	12	17	352	-9999	-9999	-9999
0250340812	2012	12	18	353	-9999	-9999	-9999
0250340812	2012	12	19	354	-9999	-9999	-9999
0250340812	2012	12	20	355	-9999	-9999	-9999
0250340812	2012	12	21	356	-9999	-9999	-9999
0250340812	2012	12	22	357	-9999	-9999	-9999
0250340812	2012	12	23	358	-9999	-9999	-9999
0250340812	2012	12	24	359	-9999	-9999	-9999
0250340812	2012	12	25	360	-9999	-9999	-9999
0250340812	2012	12	26	361	-9999	-9999	-9999
0250340812	2012	12	27	362	-9999	-9999	-9999
0250340812	2012	12	28	363	-9999	-9999	-9999
0250340812	2012	12	29	364	-9999	-9999	-9999
0250340812	2012	12	30	365	-9999	-9999	-9999
0250340812	2012	12	31	366	-9999	-9999	-9999
