stationID	Y	M	D	DOY	depth_5	depth_20	depth_51
0251681112	2011	1	1	1	-9999	-9999	-9999
0251681112	2011	1	2	2	-9999	-9999	-9999
0251681112	2011	1	3	3	-9999	-9999	-9999
0251681112	2011	1	4	4	-9999	-9999	-9999
0251681112	2011	1	5	5	-9999	-9999	-9999
0251681112	2011	1	6	6	-9999	-9999	-9999
0251681112	2011	1	7	7	-9999	-9999	-9999
0251681112	2011	1	8	8	-9999	-9999	-9999
0251681112	2011	1	9	9	-9999	-9999	-9999
0251681112	2011	1	10	10	-9999	-9999	-9999
0251681112	2011	1	11	11	-9999	-9999	-9999
0251681112	2011	1	12	12	-9999	-9999	-9999
0251681112	2011	1	13	13	-9999	-9999	-9999
0251681112	2011	1	14	14	-9999	-9999	-9999
0251681112	2011	1	15	15	-9999	-9999	-9999
0251681112	2011	1	16	16	-9999	-9999	-9999
0251681112	2011	1	17	17	-9999	-9999	-9999
0251681112	2011	1	18	18	-9999	-9999	-9999
0251681112	2011	1	19	19	-9999	-9999	-9999
0251681112	2011	1	20	20	-9999	-9999	-9999
0251681112	2011	1	21	21	-9999	-9999	-9999
0251681112	2011	1	22	22	-9999	-9999	-9999
0251681112	2011	1	23	23	-9999	-9999	-9999
0251681112	2011	1	24	24	-9999	-9999	-9999
0251681112	2011	1	25	25	-9999	-9999	-9999
0251681112	2011	1	26	26	-9999	-9999	-9999
0251681112	2011	1	27	27	-9999	-9999	-9999
0251681112	2011	1	28	28	-9999	-9999	-9999
0251681112	2011	1	29	29	-9999	-9999	-9999
0251681112	2011	1	30	30	-9999	-9999	-9999
0251681112	2011	1	31	31	-9999	-9999	-9999
0251681112	2011	2	1	32	-9999	-9999	-9999
0251681112	2011	2	2	33	-9999	-9999	-9999
0251681112	2011	2	3	34	-9999	-9999	-9999
0251681112	2011	2	4	35	-9999	-9999	-9999
0251681112	2011	2	5	36	-9999	-9999	-9999
0251681112	2011	2	6	37	-9999	-9999	-9999
0251681112	2011	2	7	38	-9999	-9999	-9999
0251681112	2011	2	8	39	-9999	-9999	-9999
0251681112	2011	2	9	40	-9999	-9999	-9999
0251681112	2011	2	10	41	-9999	-9999	-9999
0251681112	2011	2	11	42	-9999	-9999	-9999
0251681112	2011	2	12	43	-9999	-9999	-9999
0251681112	2011	2	13	44	-9999	-9999	-9999
0251681112	2011	2	14	45	-9999	-9999	-9999
0251681112	2011	2	15	46	-9999	-9999	-9999
0251681112	2011	2	16	47	-9999	-9999	-9999
0251681112	2011	2	17	48	-9999	-9999	-9999
0251681112	2011	2	18	49	-9999	-9999	-9999
0251681112	2011	2	19	50	-9999	-9999	-9999
0251681112	2011	2	20	51	-9999	-9999	-9999
0251681112	2011	2	21	52	-9999	-9999	-9999
0251681112	2011	2	22	53	-9999	-9999	-9999
0251681112	2011	2	23	54	-9999	-9999	-9999
0251681112	2011	2	24	55	-9999	-9999	-9999
0251681112	2011	2	25	56	-9999	-9999	-9999
0251681112	2011	2	26	57	-9999	-9999	-9999
0251681112	2011	2	27	58	-9999	-9999	-9999
0251681112	2011	2	28	59	-9999	-9999	-9999
0251681112	2011	3	1	60	-9999	-9999	-9999
0251681112	2011	3	2	61	-9999	-9999	-9999
0251681112	2011	3	3	62	-9999	-9999	-9999
0251681112	2011	3	4	63	-9999	-9999	-9999
0251681112	2011	3	5	64	-9999	-9999	-9999
0251681112	2011	3	6	65	-9999	-9999	-9999
0251681112	2011	3	7	66	-9999	-9999	-9999
0251681112	2011	3	8	67	-9999	-9999	-9999
0251681112	2011	3	9	68	-9999	-9999	-9999
0251681112	2011	3	10	69	-9999	-9999	-9999
0251681112	2011	3	11	70	-9999	-9999	-9999
0251681112	2011	3	12	71	-9999	-9999	-9999
0251681112	2011	3	13	72	-9999	-9999	-9999
0251681112	2011	3	14	73	-9999	-9999	-9999
0251681112	2011	3	15	74	-9999	-9999	-9999
0251681112	2011	3	16	75	-9999	-9999	-9999
0251681112	2011	3	17	76	-9999	-9999	-9999
0251681112	2011	3	18	77	-9999	-9999	-9999
0251681112	2011	3	19	78	-9999	-9999	-9999
0251681112	2011	3	20	79	-9999	-9999	-9999
0251681112	2011	3	21	80	-9999	-9999	-9999
0251681112	2011	3	22	81	-9999	-9999	-9999
0251681112	2011	3	23	82	-9999	-9999	-9999
0251681112	2011	3	24	83	-9999	-9999	-9999
0251681112	2011	3	25	84	-9999	-9999	-9999
0251681112	2011	3	26	85	-9999	-9999	-9999
0251681112	2011	3	27	86	-9999	-9999	-9999
0251681112	2011	3	28	87	-9999	-9999	-9999
0251681112	2011	3	29	88	-9999	-9999	-9999
0251681112	2011	3	30	89	-9999	-9999	-9999
0251681112	2011	3	31	90	-9999	-9999	-9999
0251681112	2011	4	1	91	-9999	-9999	-9999
0251681112	2011	4	2	92	-9999	-9999	-9999
0251681112	2011	4	3	93	-9999	-9999	-9999
0251681112	2011	4	4	94	-9999	-9999	-9999
0251681112	2011	4	5	95	-9999	-9999	-9999
0251681112	2011	4	6	96	-9999	-9999	-9999
0251681112	2011	4	7	97	-9999	-9999	-9999
0251681112	2011	4	8	98	-9999	-9999	-9999
0251681112	2011	4	9	99	-9999	-9999	-9999
0251681112	2011	4	10	100	-9999	-9999	-9999
0251681112	2011	4	11	101	-9999	-9999	-9999
0251681112	2011	4	12	102	-9999	-9999	-9999
0251681112	2011	4	13	103	-9999	-9999	-9999
0251681112	2011	4	14	104	-9999	-9999	-9999
0251681112	2011	4	15	105	-9999	-9999	-9999
0251681112	2011	4	16	106	-9999	-9999	-9999
0251681112	2011	4	17	107	-9999	-9999	-9999
0251681112	2011	4	18	108	-9999	-9999	-9999
0251681112	2011	4	19	109	-9999	-9999	-9999
0251681112	2011	4	20	110	-9999	-9999	-9999
0251681112	2011	4	21	111	-9999	-9999	-9999
0251681112	2011	4	22	112	-9999	-9999	-9999
0251681112	2011	4	23	113	-9999	-9999	-9999
0251681112	2011	4	24	114	-9999	-9999	-9999
0251681112	2011	4	25	115	-9999	-9999	-9999
0251681112	2011	4	26	116	-9999	-9999	-9999
0251681112	2011	4	27	117	-9999	-9999	-9999
0251681112	2011	4	28	118	-9999	-9999	-9999
0251681112	2011	4	29	119	-9999	-9999	-9999
0251681112	2011	4	30	120	-9999	-9999	-9999
0251681112	2011	5	1	121	-9999	-9999	-9999
0251681112	2011	5	2	122	-9999	-9999	-9999
0251681112	2011	5	3	123	-9999	-9999	-9999
0251681112	2011	5	4	124	-9999	-9999	-9999
0251681112	2011	5	5	125	-9999	-9999	-9999
0251681112	2011	5	6	126	-9999	-9999	-9999
0251681112	2011	5	7	127	-9999	-9999	-9999
0251681112	2011	5	8	128	-9999	-9999	-9999
0251681112	2011	5	9	129	-9999	-9999	-9999
0251681112	2011	5	10	130	-9999	-9999	-9999
0251681112	2011	5	11	131	-9999	-9999	-9999
0251681112	2011	5	12	132	-9999	-9999	-9999
0251681112	2011	5	13	133	-9999	-9999	-9999
0251681112	2011	5	14	134	-9999	-9999	-9999
0251681112	2011	5	15	135	-9999	-9999	-9999
0251681112	2011	5	16	136	-9999	-9999	-9999
0251681112	2011	5	17	137	-9999	-9999	-9999
0251681112	2011	5	18	138	-9999	-9999	-9999
0251681112	2011	5	19	139	-9999	-9999	-9999
0251681112	2011	5	20	140	-9999	-9999	-9999
0251681112	2011	5	21	141	-9999	-9999	-9999
0251681112	2011	5	22	142	-9999	-9999	-9999
0251681112	2011	5	23	143	-9999	-9999	-9999
0251681112	2011	5	24	144	-9999	-9999	-9999
0251681112	2011	5	25	145	-9999	-9999	-9999
0251681112	2011	5	26	146	-9999	-9999	-9999
0251681112	2011	5	27	147	-9999	-9999	-9999
0251681112	2011	5	28	148	-9999	-9999	-9999
0251681112	2011	5	29	149	-9999	-9999	-9999
0251681112	2011	5	30	150	-9999	-9999	-9999
0251681112	2011	5	31	151	-9999	-9999	-9999
0251681112	2011	6	1	152	-9999	-9999	-9999
0251681112	2011	6	2	153	-9999	-9999	-9999
0251681112	2011	6	3	154	-9999	-9999	-9999
0251681112	2011	6	4	155	-9999	-9999	-9999
0251681112	2011	6	5	156	-9999	-9999	-9999
0251681112	2011	6	6	157	-9999	-9999	-9999
0251681112	2011	6	7	158	-9999	-9999	-9999
0251681112	2011	6	8	159	-9999	-9999	-9999
0251681112	2011	6	9	160	-9999	-9999	-9999
0251681112	2011	6	10	161	-9999	-9999	-9999
0251681112	2011	6	11	162	-9999	-9999	-9999
0251681112	2011	6	12	163	-9999	-9999	-9999
0251681112	2011	6	13	164	-9999	-9999	-9999
0251681112	2011	6	14	165	-9999	-9999	-9999
0251681112	2011	6	15	166	-9999	-9999	-9999
0251681112	2011	6	16	167	-9999	-9999	-9999
0251681112	2011	6	17	168	-9999	-9999	-9999
0251681112	2011	6	18	169	-9999	-9999	-9999
0251681112	2011	6	19	170	-9999	-9999	-9999
0251681112	2011	6	20	171	-9999	-9999	-9999
0251681112	2011	6	21	172	-9999	-9999	-9999
0251681112	2011	6	22	173	-9999	-9999	-9999
0251681112	2011	6	23	174	-9999	-9999	-9999
0251681112	2011	6	24	175	-9999	-9999	-9999
0251681112	2011	6	25	176	-9999	-9999	-9999
0251681112	2011	6	26	177	-9999	-9999	-9999
0251681112	2011	6	27	178	-9999	-9999	-9999
0251681112	2011	6	28	179	-9999	-9999	-9999
0251681112	2011	6	29	180	-9999	-9999	-9999
0251681112	2011	6	30	181	-9999	-9999	-9999
0251681112	2011	7	1	182	-9999	-9999	-9999
0251681112	2011	7	2	183	-9999	-9999	-9999
0251681112	2011	7	3	184	-9999	-9999	-9999
0251681112	2011	7	4	185	-9999	-9999	-9999
0251681112	2011	7	5	186	-9999	-9999	-9999
0251681112	2011	7	6	187	-9999	-9999	-9999
0251681112	2011	7	7	188	-9999	-9999	-9999
0251681112	2011	7	8	189	-9999	-9999	-9999
0251681112	2011	7	9	190	-9999	-9999	-9999
0251681112	2011	7	10	191	-9999	-9999	-9999
0251681112	2011	7	11	192	-9999	-9999	-9999
0251681112	2011	7	12	193	-9999	-9999	-9999
0251681112	2011	7	13	194	-9999	-9999	-9999
0251681112	2011	7	14	195	-9999	-9999	-9999
0251681112	2011	7	15	196	-9999	-9999	-9999
0251681112	2011	7	16	197	-9999	-9999	-9999
0251681112	2011	7	17	198	-9999	-9999	-9999
0251681112	2011	7	18	199	-9999	-9999	-9999
0251681112	2011	7	19	200	-9999	-9999	-9999
0251681112	2011	7	20	201	-9999	-9999	-9999
0251681112	2011	7	21	202	-9999	-9999	-9999
0251681112	2011	7	22	203	-9999	-9999	-9999
0251681112	2011	7	23	204	-9999	-9999	-9999
0251681112	2011	7	24	205	-9999	-9999	-9999
0251681112	2011	7	25	206	-9999	-9999	-9999
0251681112	2011	7	26	207	0.03866666667	0.024	0.01433333333
0251681112	2011	7	27	208	0.12625	0.02666666667	0.01654166667
0251681112	2011	7	28	209	-9999	0.02708333333	0.01795833333
0251681112	2011	7	29	210	0.164375	0.03566666667	0.01841666667
0251681112	2011	7	30	211	0.1690833333	0.04	0.02004166667
0251681112	2011	7	31	212	0.178125	0.04204166667	0.01991666667
0251681112	2011	8	1	213	-9999	0.09058333333	0.020125
0251681112	2011	8	2	214	0.1915416667	0.1481666667	0.02075
0251681112	2011	8	3	215	0.173	0.144375	0.02075
0251681112	2011	8	4	216	0.1597083333	0.135125	0.02095833333
0251681112	2011	8	5	217	0.1547916667	0.1323333333	0.02154166667
0251681112	2011	8	6	218	0.1470416667	0.1291666667	0.023
0251681112	2011	8	7	219	0.1409583333	0.1278333333	0.02345833333
0251681112	2011	8	8	220	0.1349166667	0.1247916667	0.024625
0251681112	2011	8	9	221	0.1289166667	0.117375	0.02575
0251681112	2011	8	10	222	0.122	0.111875	0.02570833333
0251681112	2011	8	11	223	0.1167083333	0.1105416667	0.027125
0251681112	2011	8	12	224	0.1126956522	0.1083478261	0.02834782609
0251681112	2011	8	13	225	0.1059166667	0.1072083333	0.02775
0251681112	2011	8	14	226	0.09483333333	0.102	0.027875
0251681112	2011	8	15	227	0.08883333333	0.10075	0.02854166667
0251681112	2011	8	16	228	0.077625	0.102	0.02858333333
0251681112	2011	8	17	229	0.06675	0.09925	0.02891666667
0251681112	2011	8	18	230	0.05408333333	0.099125	0.02958333333
0251681112	2011	8	19	231	0.04658333333	0.09641666667	0.03008333333
0251681112	2011	8	20	232	0.0395	0.09691666667	0.030625
0251681112	2011	8	21	233	0.03216666667	0.095625	0.03029166667
0251681112	2011	8	22	234	0.029625	0.09258333333	0.031375
0251681112	2011	8	23	235	0.027125	0.09029166667	0.02958333333
0251681112	2011	8	24	236	0.02375	0.09054166667	0.02991666667
0251681112	2011	8	25	237	0.021875	0.08908333333	0.03016666667
0251681112	2011	8	26	238	0.01891666667	0.08808333333	0.030375
0251681112	2011	8	27	239	0.016375	0.08391666667	0.0305
0251681112	2011	8	28	240	0.02291666667	0.08145833333	0.02979166667
0251681112	2011	8	29	241	0.02741666667	0.08008333333	0.029625
0251681112	2011	8	30	242	0.03382608696	0.07960869565	0.03004347826
0251681112	2011	8	31	243	0.04495833333	0.08158333333	0.02908333333
0251681112	2011	9	1	244	0.05079166667	0.08070833333	0.029375
0251681112	2011	9	2	245	0.05545833333	0.0795	0.03041666667
0251681112	2011	9	3	246	0.05875	0.07866666667	0.03208333333
0251681112	2011	9	4	247	0.05570833333	0.07795833333	0.03216666667
0251681112	2011	9	5	248	0.04783333333	0.07654166667	0.03208333333
0251681112	2011	9	6	249	0.04043478261	0.071	0.03069565217
0251681112	2011	9	7	250	0.04466666667	0.071375	0.02858333333
0251681112	2011	9	8	251	0.04954166667	0.07316666667	0.02908333333
0251681112	2011	9	9	252	0.05045833333	0.07091666667	0.02866666667
0251681112	2011	9	10	253	0.0555	0.07154166667	0.029625
0251681112	2011	9	11	254	0.05283333333	0.06854166667	0.02866666667
0251681112	2011	9	12	255	0.05133333333	0.06670833333	0.02975
0251681112	2011	9	13	256	0.0505	0.06495833333	0.02858333333
0251681112	2011	9	14	257	0.05266666667	0.065125	0.02779166667
0251681112	2011	9	15	258	0.053875	0.06616666667	0.02783333333
0251681112	2011	9	16	259	0.08816666667	0.064125	0.027625
0251681112	2011	9	17	260	-9999	0.07082608696	0.02747826087
0251681112	2011	9	18	261	0.15475	0.0945	0.02629166667
0251681112	2011	9	19	262	0.1432083333	0.104875	0.02654166667
0251681112	2011	9	20	263	0.1376666667	0.1070416667	0.02629166667
0251681112	2011	9	21	264	0.132173913	0.1078695652	0.02691304348
0251681112	2011	9	22	265	0.1275	0.1067916667	0.02858333333
0251681112	2011	9	23	266	0.1213333333	0.1053333333	0.028875
0251681112	2011	9	24	267	0.116125	0.1045416667	0.029625
0251681112	2011	9	25	268	0.1074583333	0.1035833333	0.02991666667
0251681112	2011	9	26	269	0.1024583333	0.1015	0.02925
0251681112	2011	9	27	270	0.09745833333	0.1009166667	0.02991666667
0251681112	2011	9	28	271	0.09195833333	0.1008333333	0.02966666667
0251681112	2011	9	29	272	0.08691666667	0.09825	0.03041666667
0251681112	2011	9	30	273	0.079	0.09808333333	0.03033333333
0251681112	2011	10	1	274	0.07295833333	0.09291666667	0.02975
0251681112	2011	10	2	275	0.06895833333	0.09004166667	0.02983333333
0251681112	2011	10	3	276	0.06508333333	0.09004166667	0.03058333333
0251681112	2011	10	4	277	0.1285416667	0.08458333333	0.02958333333
0251681112	2011	10	5	278	0.1677916667	0.084875	0.02758333333
0251681112	2011	10	6	279	-9999	0.09025	0.02641666667
0251681112	2011	10	7	280	-9999	0.1376956522	0.02373913043
0251681112	2011	10	8	281	0.1916666667	0.1445416667	0.0225
0251681112	2011	10	9	282	0.168	0.140375	0.02270833333
0251681112	2011	10	10	283	0.1533333333	0.1375833333	0.02220833333
0251681112	2011	10	11	284	0.1529583333	0.132125	0.02141666667
0251681112	2011	10	12	285	0.145125	0.1295833333	0.02179166667
0251681112	2011	10	13	286	0.1374166667	0.12775	0.02233333333
0251681112	2011	10	14	287	0.1314583333	0.1264583333	0.022875
0251681112	2011	10	15	288	0.1271666667	0.1244166667	0.02283333333
0251681112	2011	10	16	289	0.1202083333	0.1211666667	0.02383333333
0251681112	2011	10	17	290	0.113875	0.1176666667	0.025375
0251681112	2011	10	18	291	0.1081666667	0.11475	0.026
0251681112	2011	10	19	292	0.1047083333	0.113	0.02641666667
0251681112	2011	10	20	293	0.09875	0.110625	0.02570833333
0251681112	2011	10	21	294	0.09583333333	0.1090416667	0.02670833333
0251681112	2011	10	22	295	0.09104166667	0.10725	0.02545833333
0251681112	2011	10	23	296	0.08716666667	0.1054166667	0.02595833333
0251681112	2011	10	24	297	0.083125	0.104	0.02591666667
0251681112	2011	10	25	298	0.07747826087	0.1001304348	0.02665217391
0251681112	2011	10	26	299	0.07233333333	0.09516666667	0.02529166667
0251681112	2011	10	27	300	0.0705	0.09216666667	0.02608333333
0251681112	2011	10	28	301	0.07166666667	0.08966666667	0.024125
0251681112	2011	10	29	302	0.07441666667	0.09083333333	0.02366666667
0251681112	2011	10	30	303	0.07425	0.09016666667	0.02508333333
0251681112	2011	10	31	304	0.07529166667	0.09066666667	0.02516666667
0251681112	2011	11	1	305	0.07475	0.090125	0.02479166667
0251681112	2011	11	2	306	0.06708333333	0.08604166667	0.02445833333
0251681112	2011	11	3	307	0.06670833333	0.08441666667	0.02391666667
0251681112	2011	11	4	308	0.06629166667	0.08291666667	0.02275
0251681112	2011	11	5	309	0.06516666667	0.08054166667	0.02270833333
0251681112	2011	11	6	310	0.059625	0.078875	0.02258333333
0251681112	2011	11	7	311	0.06383333333	0.07804166667	0.02125
0251681112	2011	11	8	312	0.06529166667	0.07654166667	0.02183333333
0251681112	2011	11	9	313	0.07366666667	0.076375	0.02058333333
0251681112	2011	11	10	314	0.09716666667	0.07629166667	0.0215
0251681112	2011	11	11	315	0.1074782609	0.07739130435	0.02126086957
0251681112	2011	11	12	316	0.1085	0.076875	0.02125
0251681112	2011	11	13	317	0.1087916667	0.07733333333	0.02079166667
0251681112	2011	11	14	318	0.1057083333	0.077125	0.02066666667
0251681112	2011	11	15	319	0.1003333333	0.078125	0.02120833333
0251681112	2011	11	16	320	0.08466666667	0.07604166667	0.02054166667
0251681112	2011	11	17	321	0.09516666667	0.07641666667	0.0205
0251681112	2011	11	18	322	0.1	0.078	0.02070833333
0251681112	2011	11	19	323	0.09825	0.07833333333	0.02054166667
0251681112	2011	11	20	324	0.09408333333	0.076875	0.02079166667
0251681112	2011	11	21	325	0.09416666667	0.07691666667	0.021125
0251681112	2011	11	22	326	0.085625	0.076125	0.020375
0251681112	2011	11	23	327	0.092625	0.07533333333	0.01945833333
0251681112	2011	11	24	328	0.09416666667	0.07729166667	0.020375
0251681112	2011	11	25	329	0.09179166667	0.07720833333	0.02004166667
0251681112	2011	11	26	330	0.084125	0.07604166667	0.020625
0251681112	2011	11	27	331	0.088	0.07543478261	0.02043478261
0251681112	2011	11	28	332	0.09283333333	0.07720833333	0.02016666667
0251681112	2011	11	29	333	0.09079166667	0.077375	0.021
0251681112	2011	11	30	334	0.08883333333	0.07675	0.021125
0251681112	2011	12	1	335	0.079125	0.07541666667	0.02191666667
0251681112	2011	12	2	336	0.05217391304	0.07369565217	0.01982608696
0251681112	2011	12	3	337	0.04870833333	0.0725	0.018875
0251681112	2011	12	4	338	0.03716666667	0.07175	0.01829166667
0251681112	2011	12	5	339	0.039625	0.06941666667	0.018875
0251681112	2011	12	6	340	0.03404166667	0.05970833333	0.01725
0251681112	2011	12	7	341	0.0385	0.04195833333	0.01795833333
0251681112	2011	12	8	342	0.04954166667	0.04029166667	0.01883333333
0251681112	2011	12	9	343	0.04675	0.04054166667	0.01691666667
0251681112	2011	12	10	344	0.04775	0.03945833333	0.01695833333
0251681112	2011	12	11	345	0.04916666667	0.03933333333	0.01729166667
0251681112	2011	12	12	346	0.04570833333	0.03975	0.01708333333
0251681112	2011	12	13	347	0.03916666667	0.03854166667	0.01658333333
0251681112	2011	12	14	348	0.03929166667	0.03875	0.01725
0251681112	2011	12	15	349	0.03770833333	0.03675	0.01708333333
0251681112	2011	12	16	350	0.03520833333	0.03345833333	0.017125
0251681112	2011	12	17	351	0.03770833333	0.03225	0.01666666667
0251681112	2011	12	18	352	0.038	0.031375	0.016875
0251681112	2011	12	19	353	0.03816666667	0.0305	0.01758333333
0251681112	2011	12	20	354	0.04204166667	0.03170833333	0.016375
0251681112	2011	12	21	355	0.03945833333	0.03158333333	0.01875
0251681112	2011	12	22	356	0.02991666667	0.02704166667	0.015875
0251681112	2011	12	23	357	0.027875	0.02358333333	0.01625
0251681112	2011	12	24	358	0.03108333333	0.02341666667	0.01695833333
0251681112	2011	12	25	359	0.03754166667	0.024375	0.01504166667
0251681112	2011	12	26	360	0.04733333333	0.02691666667	0.01545833333
0251681112	2011	12	27	361	0.05583333333	0.02933333333	0.01416666667
0251681112	2011	12	28	362	0.05941666667	0.03170833333	0.01633333333
0251681112	2011	12	29	363	0.09875	0.03475	0.01625
0251681112	2011	12	30	364	0.098125	0.040375	0.01583333333
0251681112	2011	12	31	365	0.08729166667	0.04770833333	0.01520833333
0251681112	2012	1	1	1	0.06883333333	0.05170833333	0.01691666667
0251681112	2012	1	2	2	0.07491666667	0.05341666667	0.01645833333
0251681112	2012	1	3	3	0.09329166667	0.05833333333	0.01729166667
0251681112	2012	1	4	4	0.08595833333	0.07583333333	0.01741666667
0251681112	2012	1	5	5	0.095125	0.07704166667	0.018
0251681112	2012	1	6	6	0.09220833333	0.07770833333	0.017
0251681112	2012	1	7	7	0.09341666667	0.07795833333	0.01754166667
0251681112	2012	1	8	8	0.07270833333	0.07645833333	0.017
0251681112	2012	1	9	9	0.06275	0.07525	0.0175
0251681112	2012	1	10	10	0.07017391304	0.07534782609	0.01791304348
0251681112	2012	1	11	11	0.0695	0.07508333333	0.01741666667
0251681112	2012	1	12	12	0.05795652174	0.07386956522	0.01660869565
0251681112	2012	1	13	13	0.05245833333	0.06716666667	0.01808333333
0251681112	2012	1	14	14	0.0625	0.0505	0.01691666667
0251681112	2012	1	15	15	0.06558333333	0.05166666667	0.017
0251681112	2012	1	16	16	0.06995833333	0.05570833333	0.017375
0251681112	2012	1	17	17	0.030375	0.04320833333	0.01683333333
0251681112	2012	1	18	18	0.04175	0.03404166667	0.01733333333
0251681112	2012	1	19	19	0.07975	0.038125	0.01683333333
0251681112	2012	1	20	20	0.093	0.04470833333	0.01691666667
0251681112	2012	1	21	21	0.09341666667	0.04970833333	0.01670833333
0251681112	2012	1	22	22	0.09143478261	0.05656521739	0.01804347826
0251681112	2012	1	23	23	0.08204166667	0.06154166667	0.01720833333
0251681112	2012	1	24	24	0.07666666667	0.073625	0.01925
0251681112	2012	1	25	25	0.07858333333	0.0765	0.01808333333
0251681112	2012	1	26	26	0.088375	0.07695833333	0.018
0251681112	2012	1	27	27	0.1244166667	0.07691666667	0.0185
0251681112	2012	1	28	28	0.1195416667	0.07633333333	0.01804166667
0251681112	2012	1	29	29	0.08675	0.07654166667	0.018
0251681112	2012	1	30	30	0.07133333333	0.07579166667	0.01766666667
0251681112	2012	1	31	31	0.063	0.07558333333	0.01775
0251681112	2012	2	1	32	0.06845833333	0.074625	0.01833333333
0251681112	2012	2	2	33	0.07091666667	0.075	0.018125
0251681112	2012	2	3	34	0.069625	0.07533333333	0.017625
0251681112	2012	2	4	35	0.05604166667	0.074625	0.01870833333
0251681112	2012	2	5	36	0.05026086957	0.07404347826	0.01873913043
0251681112	2012	2	6	37	0.04720833333	0.0645	0.01833333333
0251681112	2012	2	7	38	0.0465	0.043125	0.01770833333
0251681112	2012	2	8	39	0.07529166667	0.04004166667	0.01745833333
0251681112	2012	2	9	40	0.1263913043	0.06269565217	0.01852173913
0251681112	2012	2	10	41	0.1315	0.07845833333	0.01779166667
0251681112	2012	2	11	42	-9999	-9999	0.01795833333
0251681112	2012	2	12	43	-9999	0.143375	0.01820833333
0251681112	2012	2	13	44	0.178125	0.1412916667	0.01820833333
0251681112	2012	2	14	45	0.14375	0.1376666667	0.018375
0251681112	2012	2	15	46	0.13675	0.1345	0.01741666667
0251681112	2012	2	16	47	0.1254583333	0.1325833333	0.01941666667
0251681112	2012	2	17	48	0.12275	0.13	0.019
0251681112	2012	2	18	49	0.115	0.12825	0.01833333333
0251681112	2012	2	19	50	0.1067083333	0.1280416667	0.01929166667
0251681112	2012	2	20	51	0.09008333333	0.1271666667	0.01825
0251681112	2012	2	21	52	0.07525	0.124625	0.01920833333
0251681112	2012	2	22	53	0.09325	0.121125	0.01879166667
0251681112	2012	2	23	54	0.187	0.12425	0.01925
0251681112	2012	2	24	55	0.186125	-9999	0.019125
0251681112	2012	2	25	56	-9999	-9999	0.01925
0251681112	2012	2	26	57	0.1470833333	-9999	0.01941666667
0251681112	2012	2	27	58	0.1681666667	0.152375	0.01945833333
0251681112	2012	2	28	59	0.1145	0.1459583333	0.02020833333
0251681112	2012	2	29	60	0.07375	0.14125	0.01983333333
0251681112	2012	3	1	61	0.08229166667	0.1309166667	0.022125
0251681112	2012	3	2	62	0.09233333333	0.1276666667	0.02270833333
0251681112	2012	3	3	63	0.07991666667	0.1274583333	0.02491666667
0251681112	2012	3	4	64	0.1039583333	0.1283333333	0.02591666667
0251681112	2012	3	5	65	-9999	0.152625	0.02604166667
0251681112	2012	3	6	66	-9999	-9999	0.02766666667
0251681112	2012	3	7	67	-9999	-9999	0.02904166667
0251681112	2012	3	8	68	0.174	-9999	0.03116666667
0251681112	2012	3	9	69	0.1890833333	-9999	0.03270833333
0251681112	2012	3	10	70	0.1814166667	-9999	0.03770833333
0251681112	2012	3	11	71	0.1714166667	-9999	0.043
0251681112	2012	3	12	72	0.1617916667	0.1502916667	0.04883333333
0251681112	2012	3	13	73	0.15475	0.1462083333	0.05279166667
0251681112	2012	3	14	74	0.1494583333	0.14175	0.05654166667
0251681112	2012	3	15	75	0.146	0.1377083333	0.05825
0251681112	2012	3	16	76	0.1433043478	0.1352173913	0.05908695652
0251681112	2012	3	17	77	0.136625	0.13125	0.06070833333
0251681112	2012	3	18	78	0.1411666667	0.1279166667	0.06016666667
0251681112	2012	3	19	79	0.162	0.1241666667	0.05883333333
0251681112	2012	3	20	80	0.1753043478	0.1273478261	0.05882608696
0251681112	2012	3	21	81	-9999	0.1461363636	0.05745454545
0251681112	2012	3	22	82	0.1792916667	0.1537916667	0.05916666667
0251681112	2012	3	23	83	0.1657916667	0.1490416667	0.06170833333
0251681112	2012	3	24	84	0.1552916667	0.1449583333	0.06270833333
0251681112	2012	3	25	85	0.150625	0.140625	0.06283333333
0251681112	2012	3	26	86	0.1432916667	0.137625	0.06391666667
0251681112	2012	3	27	87	0.142625	0.130375	0.064125
0251681112	2012	3	28	88	0.1425217391	0.130173913	0.06330434783
0251681112	2012	3	29	89	0.1382083333	0.1279166667	0.06320833333
0251681112	2012	3	30	90	0.138173913	0.1262173913	0.06395652174
0251681112	2012	3	31	91	0.1355833333	0.127375	0.06408333333
0251681112	2012	4	1	92	0.1247916667	0.1250416667	0.06541666667
0251681112	2012	4	2	93	0.150375	0.1179583333	0.0645
0251681112	2012	4	3	94	0.1445416667	0.12	0.06358333333
0251681112	2012	4	4	95	0.1408333333	0.12175	0.06270833333
0251681112	2012	4	5	96	0.1307916667	0.1214166667	0.06395833333
0251681112	2012	4	6	97	0.1240434783	0.119	0.06404347826
0251681112	2012	4	7	98	0.1487083333	0.1166666667	0.06275
0251681112	2012	4	8	99	0.144125	0.1185	0.06304166667
0251681112	2012	4	9	100	0.137375	0.119	0.06366666667
0251681112	2012	4	10	101	0.1295416667	0.1185833333	0.06454166667
0251681112	2012	4	11	102	0.1198333333	0.1171666667	0.06525
0251681112	2012	4	12	103	0.1236666667	0.11225	0.06454166667
0251681112	2012	4	13	104	0.1493333333	0.1097083333	0.06333333333
0251681112	2012	4	14	105	0.1434166667	0.1104583333	0.062375
0251681112	2012	4	15	106	0.1467083333	0.109125	0.06079166667
0251681112	2012	4	16	107	0.1440416667	0.110375	0.0615
0251681112	2012	4	17	108	0.1614583333	0.1131666667	0.06133333333
0251681112	2012	4	18	109	0.1650869565	0.115826087	0.06265217391
0251681112	2012	4	19	110	0.153	0.115	0.06325
0251681112	2012	4	20	111	0.1449583333	0.1143333333	0.06266666667
0251681112	2012	4	21	112	0.1335652174	0.115	0.06308695652
0251681112	2012	4	22	113	0.1212083333	0.111875	0.06408333333
0251681112	2012	4	23	114	0.10675	0.10675	0.06504166667
0251681112	2012	4	24	115	0.09741666667	0.1011666667	0.06558333333
0251681112	2012	4	25	116	0.08766666667	0.09508333333	0.065875
0251681112	2012	4	26	117	0.08275	0.08854166667	0.064625
0251681112	2012	4	27	118	0.096375	0.0825	0.0635
0251681112	2012	4	28	119	0.11175	0.08091666667	0.062375
0251681112	2012	4	29	120	0.1025416667	0.078125	0.06116666667
0251681112	2012	4	30	121	0.09258333333	0.07745833333	0.06004166667
0251681112	2012	5	1	122	0.085375	0.0745	0.0595
0251681112	2012	5	2	123	0.08091304348	0.0742173913	0.05891304348
0251681112	2012	5	3	124	0.0785	0.07120833333	0.057625
0251681112	2012	5	4	125	0.07458333333	0.06845833333	0.056375
0251681112	2012	5	5	126	0.07152173913	0.067	0.0547826087
0251681112	2012	5	6	127	0.06866666667	0.06470833333	0.05325
0251681112	2012	5	7	128	0.06782608696	0.06256521739	0.05273913043
0251681112	2012	5	8	129	0.06741666667	0.06225	0.05016666667
0251681112	2012	5	9	130	0.06704166667	0.06175	0.04808333333
0251681112	2012	5	10	131	0.06570833333	0.06116666667	0.047125
0251681112	2012	5	11	132	0.06279166667	0.059625	0.04570833333
0251681112	2012	5	12	133	0.06075	0.05825	0.044375
0251681112	2012	5	13	134	0.05875	0.05804166667	0.04429166667
0251681112	2012	5	14	135	0.05620833333	0.05695833333	0.04275
0251681112	2012	5	15	136	0.0555	0.0565	0.04129166667
0251681112	2012	5	16	137	0.052	0.05545833333	0.04066666667
0251681112	2012	5	17	138	0.047375	0.05454166667	0.03979166667
0251681112	2012	5	18	139	0.03983333333	0.05291666667	0.03833333333
0251681112	2012	5	19	140	0.03725	0.04983333333	0.03645833333
0251681112	2012	5	20	141	0.04095833333	0.05166666667	0.0355
0251681112	2012	5	21	142	0.04004347826	0.05252173913	0.03530434783
0251681112	2012	5	22	143	0.03825	0.05225	0.03508333333
0251681112	2012	5	23	144	0.032875	0.0515	0.03425
0251681112	2012	5	24	145	0.028375	0.04895833333	0.03395833333
0251681112	2012	5	25	146	0.027875	0.04833333333	0.03225
0251681112	2012	5	26	147	0.02125	0.04691666667	0.03270833333
0251681112	2012	5	27	148	-9999	0.04129166667	0.031375
0251681112	2012	5	28	149	0.01958333333	0.04008333333	0.02945833333
0251681112	2012	5	29	150	0.03034782609	0.04460869565	0.02913043478
0251681112	2012	5	30	151	0.038	0.04645833333	0.02825
0251681112	2012	5	31	152	0.04220833333	0.04804166667	0.03104166667
0251681112	2012	6	1	153	0.04683333333	0.049375	0.0315
0251681112	2012	6	2	154	0.04675	0.0495	0.03129166667
0251681112	2012	6	3	155	0.04479166667	0.04879166667	0.03141666667
0251681112	2012	6	4	156	0.04316666667	0.04941666667	0.03158333333
0251681112	2012	6	5	157	0.03454166667	0.048125	0.03195833333
0251681112	2012	6	6	158	0.024375	0.04166666667	0.03079166667
0251681112	2012	6	7	159	0.02945833333	0.041875	0.029625
0251681112	2012	6	8	160	0.032125	0.04345833333	0.02891666667
0251681112	2012	6	9	161	0.03041666667	0.04458333333	0.02908333333
0251681112	2012	6	10	162	0.024	0.04475	0.02891666667
0251681112	2012	6	11	163	0.02466666667	0.04454166667	0.02854166667
0251681112	2012	6	12	164	0.02416666667	0.0445	0.02829166667
0251681112	2012	6	13	165	0.02379166667	0.04416666667	0.03016666667
0251681112	2012	6	14	166	0.02070833333	0.04570833333	0.02875
0251681112	2012	6	15	167	0.01870833333	0.04529166667	0.029625
0251681112	2012	6	16	168	0.01645833333	0.04366666667	0.028375
0251681112	2012	6	17	169	0.01829166667	0.045	0.02970833333
0251681112	2012	6	18	170	0.01725	0.04533333333	0.02966666667
0251681112	2012	6	19	171	0.01479166667	0.04645833333	0.03075
0251681112	2012	6	20	172	0.01195833333	0.04375	0.03104166667
0251681112	2012	6	21	173	0.01304166667	0.04470833333	0.029875
0251681112	2012	6	22	174	0.01354166667	0.046375	0.02991666667
0251681112	2012	6	23	175	0.01091666667	0.04516666667	0.02920833333
0251681112	2012	6	24	176	0.009583333333	0.043875	0.02895833333
0251681112	2012	6	25	177	0.01052173913	0.044	0.02973913043
0251681112	2012	6	26	178	0.009833333333	0.04445833333	0.029875
0251681112	2012	6	27	179	0.009166666667	0.04354166667	0.029875
0251681112	2012	6	28	180	0.008958333333	0.04320833333	0.02983333333
0251681112	2012	6	29	181	0.008708333333	0.04429166667	0.02920833333
0251681112	2012	6	30	182	0.008541666667	0.04404166667	0.02829166667
0251681112	2012	7	1	183	0.009958333333	0.04345833333	0.03008333333
0251681112	2012	7	2	184	0.009363636364	0.04440909091	0.02936363636
0251681112	2012	7	3	185	0.007666666667	0.04225	0.03033333333
0251681112	2012	7	4	186	0.008666666667	0.04266666667	0.02975
0251681112	2012	7	5	187	0.005833333333	0.04016666667	0.02854166667
0251681112	2012	7	6	188	0.008	0.03633333333	0.02854166667
0251681112	2012	7	7	189	0.01120833333	0.03533333333	0.02833333333
0251681112	2012	7	8	190	0.017125	0.03420833333	0.02820833333
0251681112	2012	7	9	191	0.01783333333	0.033875	0.02770833333
0251681112	2012	7	10	192	0.02395833333	0.0355	0.02708333333
0251681112	2012	7	11	193	0.02795652174	0.03565217391	0.02686956522
0251681112	2012	7	12	194	0.02883333333	0.03845833333	0.02745833333
0251681112	2012	7	13	195	0.02325	0.03566666667	0.02725
0251681112	2012	7	14	196	0.02904166667	0.03283333333	0.02841666667
0251681112	2012	7	15	197	0.08575	0.032125	0.02679166667
0251681112	2012	7	16	198	0.08483333333	0.032625	0.02729166667
0251681112	2012	7	17	199	0.08954166667	0.03025	0.02420833333
0251681112	2012	7	18	200	0.07983333333	0.03504166667	0.02516666667
0251681112	2012	7	19	201	0.07182608696	0.03504347826	0.02673913043
0251681112	2012	7	20	202	0.061125	0.03333333333	0.02770833333
0251681112	2012	7	21	203	0.05829166667	0.03329166667	0.02654166667
0251681112	2012	7	22	204	0.05868181818	0.03395454545	0.02827272727
0251681112	2012	7	23	205	0.05230434783	0.0327826087	0.02852173913
0251681112	2012	7	24	206	0.051375	0.032875	0.02791666667
0251681112	2012	7	25	207	0.05304347826	0.03630434783	0.0267826087
0251681112	2012	7	26	208	0.05266666667	0.03833333333	0.02791666667
0251681112	2012	7	27	209	0.05033333333	0.03945833333	0.02733333333
0251681112	2012	7	28	210	0.04733333333	0.03975	0.02845833333
0251681112	2012	7	29	211	0.04125	0.03975	0.02883333333
0251681112	2012	7	30	212	0.036125	0.04041666667	0.02829166667
0251681112	2012	7	31	213	0.030375	0.040625	0.029875
0251681112	2012	8	1	214	0.02491666667	0.03766666667	0.02958333333
0251681112	2012	8	2	215	0.02516666667	0.039375	0.02895833333
0251681112	2012	8	3	216	0.02443478261	0.04060869565	0.02834782609
0251681112	2012	8	4	217	0.02166666667	0.04095833333	0.028
0251681112	2012	8	5	218	0.01741666667	0.03983333333	0.02875
0251681112	2012	8	6	219	0.01695833333	0.03804166667	0.02841666667
0251681112	2012	8	7	220	0.01716666667	0.039375	0.02816666667
0251681112	2012	8	8	221	0.01220833333	0.03783333333	0.02925
0251681112	2012	8	9	222	0.01558333333	0.03483333333	0.027875
0251681112	2012	8	10	223	0.01616666667	0.03520833333	0.02695833333
0251681112	2012	8	11	224	0.01741666667	0.033625	0.02783333333
0251681112	2012	8	12	225	0.02308333333	0.035875	0.02695833333
0251681112	2012	8	13	226	0.02379166667	0.03379166667	0.02720833333
0251681112	2012	8	14	227	0.023875	0.034625	0.026875
0251681112	2012	8	15	228	0.03041666667	0.03575	0.026125
0251681112	2012	8	16	229	0.03066666667	0.03441666667	0.026125
0251681112	2012	8	17	230	0.03158333333	0.035625	0.027125
0251681112	2012	8	18	231	0.03145833333	0.03595833333	0.02641666667
0251681112	2012	8	19	232	0.026	0.0355	0.02666666667
0251681112	2012	8	20	233	0.1002083333	0.032875	0.02541666667
0251681112	2012	8	21	234	0.1084166667	0.03454166667	0.02516666667
0251681112	2012	8	22	235	0.1125416667	0.03320833333	0.02566666667
0251681112	2012	8	23	236	0.116375	0.03170833333	0.02608333333
0251681112	2012	8	24	237	0.1037083333	0.03366666667	0.02583333333
0251681112	2012	8	25	238	0.08708333333	0.03508333333	0.025375
0251681112	2012	8	26	239	0.07508333333	0.0355	0.02658333333
0251681112	2012	8	27	240	0.06654166667	0.03616666667	0.02666666667
0251681112	2012	8	28	241	0.06191666667	0.03733333333	0.02741666667
0251681112	2012	8	29	242	0.060375	0.03883333333	0.028125
0251681112	2012	8	30	243	0.053875	0.038375	0.02804166667
0251681112	2012	8	31	244	0.07720833333	0.03454166667	0.02766666667
0251681112	2012	9	1	245	-9999	0.034625	0.02704166667
0251681112	2012	9	2	246	0.1555833333	0.03941666667	0.02583333333
0251681112	2012	9	3	247	0.1341666667	0.04558333333	0.0255
0251681112	2012	9	4	248	0.1110833333	0.04995833333	0.02554166667
0251681112	2012	9	5	249	0.09075	0.05429166667	0.02691666667
0251681112	2012	9	6	250	0.07704166667	0.06025	0.02804347826
0251681112	2012	9	7	251	0.07441666667	0.05358333333	0.026625
0251681112	2012	9	8	252	0.07133333333	0.0535	0.02591666667
0251681112	2012	9	9	253	0.06695833333	0.054125	0.02758333333
0251681112	2012	9	10	254	0.06404166667	0.053	0.02770833333
0251681112	2012	9	11	255	-9999	0.050375	0.02741666667
0251681112	2012	9	12	256	-9999	0.1050833333	0.025625
0251681112	2012	9	13	257	0.1619583333	0.1261666667	0.02454166667
0251681112	2012	9	14	258	0.139	0.1148333333	0.02508333333
0251681112	2012	9	15	259	0.121625	0.1024166667	0.02466666667
0251681112	2012	9	16	260	0.1017083333	0.09154166667	0.02554166667
0251681112	2012	9	17	261	0.0875	0.08316666667	0.02645833333
0251681112	2012	9	18	262	0.07658823529	0.07129411765	0.02770588235
0251681112	2012	9	19	263	0.07258333333	0.06579166667	0.0275
0251681112	2012	9	20	264	0.069125	0.06120833333	0.02775
0251681112	2012	9	21	265	0.06382352941	0.05641176471	0.02676470588
0251681112	2012	9	22	266	0.06166666667	0.05283333333	0.02754166667
0251681112	2012	9	23	267	0.05905882353	0.05047058824	0.02723529412
0251681112	2012	9	24	268	0.05520833333	0.04825	0.02720833333
0251681112	2012	9	25	269	0.06947058824	0.04194117647	0.02635294118
0251681112	2012	9	26	270	0.0719375	0.0424375	0.0233125
0251681112	2012	9	27	271	0.064125	0.041375	0.02479166667
0251681112	2012	9	28	272	0.059875	0.04295833333	0.02395833333
0251681112	2012	9	29	273	0.05752173913	0.04465217391	0.02504347826
0251681112	2012	9	30	274	0.05391304348	0.04291304348	0.02426086957
0251681112	2012	10	1	275	0.05375	0.04304166667	0.02554166667
0251681112	2012	10	2	276	0.05333333333	0.043375	0.02525
0251681112	2012	10	3	277	0.05245833333	0.04395833333	0.02504166667
0251681112	2012	10	4	278	0.05079166667	0.04329166667	0.02541666667
0251681112	2012	10	5	279	0.0485	0.041375	0.02504166667
0251681112	2012	10	6	280	0.04583333333	0.040125	0.02483333333
0251681112	2012	10	7	281	0.04204166667	0.03779166667	0.02454166667
0251681112	2012	10	8	282	0.0455	0.03904166667	0.0245
0251681112	2012	10	9	283	0.04383333333	0.03770833333	0.023375
0251681112	2012	10	10	284	0.0435	0.03841666667	0.024375
0251681112	2012	10	11	285	0.03795833333	0.03529166667	0.023875
0251681112	2012	10	12	286	0.038125	0.03495833333	0.02129166667
0251681112	2012	10	13	287	-9999	0.032375	0.021375
0251681112	2012	10	14	288	0.1590833333	0.03075	0.021375
0251681112	2012	10	15	289	0.1376666667	0.03225	0.02025
0251681112	2012	10	16	290	0.1214583333	0.03341666667	0.021
0251681112	2012	10	17	291	0.1069583333	0.03433333333	0.02091666667
0251681112	2012	10	18	292	0.09275	0.03433333333	0.01995833333
0251681112	2012	10	19	293	0.08345833333	0.034375	0.0205
0251681112	2012	10	20	294	0.074625	0.037	0.02045833333
0251681112	2012	10	21	295	0.066	0.03829166667	0.02008333333
0251681112	2012	10	22	296	0.06147826087	0.03717391304	0.02104347826
0251681112	2012	10	23	297	0.05633333333	0.03391666667	0.02116666667
0251681112	2012	10	24	298	0.05204166667	0.03220833333	0.020375
0251681112	2012	10	25	299	0.05043478261	0.02869565217	0.01856521739
0251681112	2012	10	26	300	0.04983333333	0.02816666667	0.01695833333
0251681112	2012	10	27	301	0.05425	0.028	0.01583333333
0251681112	2012	10	28	302	0.063375	0.0285	0.01645833333
0251681112	2012	10	29	303	0.06754166667	0.03116666667	0.01629166667
0251681112	2012	10	30	304	0.0655	0.03241666667	0.01775
0251681112	2012	10	31	305	0.06291666667	0.031625	0.01808333333
0251681112	2012	11	1	306	0.05875	0.03320833333	0.01708333333
0251681112	2012	11	2	307	0.0545	0.033875	0.017
0251681112	2012	11	3	308	0.05304166667	0.03275	0.01745833333
0251681112	2012	11	4	309	0.05160869565	0.03286956522	0.01743478261
0251681112	2012	11	5	310	0.052375	0.0335	0.01808333333
0251681112	2012	11	6	311	0.04983333333	0.034375	0.01741666667
0251681112	2012	11	7	312	0.04945833333	0.03275	0.018125
0251681112	2012	11	8	313	0.04804166667	0.034625	0.01858333333
0251681112	2012	11	9	314	0.04554166667	0.033	0.01870833333
0251681112	2012	11	10	315	0.042625	0.030125	0.01683333333
0251681112	2012	11	11	316	0.04083333333	0.02779166667	0.01670833333
0251681112	2012	11	12	317	0.04020833333	0.02704166667	0.016
0251681112	2012	11	13	318	0.04475	0.02595833333	0.015625
0251681112	2012	11	14	319	0.050375	0.02675	0.01429166667
0251681112	2012	11	15	320	0.053125	0.02670833333	0.01429166667
0251681112	2012	11	16	321	0.05452941176	0.02682352941	0.01388235294
0251681112	2012	11	17	322	0.05504166667	0.02820833333	0.01366666667
0251681112	2012	11	18	323	0.05454166667	0.02845833333	0.01345833333
0251681112	2012	11	19	324	0.05386956522	0.02926086957	0.01382608696
0251681112	2012	11	20	325	0.05291666667	0.02775	0.01358333333
0251681112	2012	11	21	326	0.05304166667	0.02929166667	0.01429166667
0251681112	2012	11	22	327	0.05270833333	0.02841666667	0.014375
0251681112	2012	11	23	328	0.04933333333	0.02895833333	0.01383333333
0251681112	2012	11	24	329	0.05029166667	0.02816666667	0.01379166667
0251681112	2012	11	25	330	0.04941666667	0.02870833333	0.01395833333
0251681112	2012	11	26	331	0.04591666667	0.02679166667	0.013625
0251681112	2012	11	27	332	0.04641666667	0.02658333333	0.013625
0251681112	2012	11	28	333	0.045875	0.02683333333	0.01370833333
0251681112	2012	11	29	334	0.04679166667	0.02741666667	0.01266666667
0251681112	2012	11	30	335	0.04647826087	0.02743478261	0.01404347826
0251681112	2012	12	1	336	0.04754166667	0.02825	0.01333333333
0251681112	2012	12	2	337	0.04666666667	0.028125	0.01404166667
0251681112	2012	12	3	338	0.0432	0.0272	0.0156
0251681112	2012	12	4	339	0.04229166667	0.02604166667	0.01354166667
0251681112	2012	12	5	340	0.045125	0.02679166667	0.01275
0251681112	2012	12	6	341	0.04704166667	0.02745833333	0.012375
0251681112	2012	12	7	342	0.04783333333	0.02725	0.01333333333
0251681112	2012	12	8	343	0.04575	0.02725	0.01408333333
0251681112	2012	12	9	344	0.04458333333	0.02529166667	0.01258333333
0251681112	2012	12	10	345	0.04079166667	0.02433333333	0.01395833333
0251681112	2012	12	11	346	0.04170833333	0.023875	0.01258333333
0251681112	2012	12	12	347	0.04320833333	0.02333333333	0.011625
0251681112	2012	12	13	348	0.04375	0.02366666667	0.01145833333
0251681112	2012	12	14	349	0.0445	0.024125	0.01175
0251681112	2012	12	15	350	0.04416666667	0.023625	0.01241666667
0251681112	2012	12	16	351	0.044875	0.02491666667	0.01129166667
0251681112	2012	12	17	352	0.045	0.02441666667	0.01254166667
0251681112	2012	12	18	353	-9999	-9999	-9999
0251681112	2012	12	19	354	-9999	-9999	-9999
0251681112	2012	12	20	355	-9999	-9999	-9999
0251681112	2012	12	21	356	-9999	-9999	-9999
0251681112	2012	12	22	357	-9999	-9999	-9999
0251681112	2012	12	23	358	-9999	-9999	-9999
0251681112	2012	12	24	359	-9999	-9999	-9999
0251681112	2012	12	25	360	-9999	-9999	-9999
0251681112	2012	12	26	361	-9999	-9999	-9999
0251681112	2012	12	27	362	-9999	-9999	-9999
0251681112	2012	12	28	363	-9999	-9999	-9999
0251681112	2012	12	29	364	-9999	-9999	-9999
0251681112	2012	12	30	365	-9999	-9999	-9999
0251681112	2012	12	31	366	-9999	-9999	-9999
