stationID	Y	M	D	DOY	depth_5	depth_20	depth_51
0251151112	2011	1	1	1	-9999	-9999	-9999
0251151112	2011	1	2	2	-9999	-9999	-9999
0251151112	2011	1	3	3	-9999	-9999	-9999
0251151112	2011	1	4	4	-9999	-9999	-9999
0251151112	2011	1	5	5	-9999	-9999	-9999
0251151112	2011	1	6	6	-9999	-9999	-9999
0251151112	2011	1	7	7	-9999	-9999	-9999
0251151112	2011	1	8	8	-9999	-9999	-9999
0251151112	2011	1	9	9	-9999	-9999	-9999
0251151112	2011	1	10	10	-9999	-9999	-9999
0251151112	2011	1	11	11	-9999	-9999	-9999
0251151112	2011	1	12	12	-9999	-9999	-9999
0251151112	2011	1	13	13	-9999	-9999	-9999
0251151112	2011	1	14	14	-9999	-9999	-9999
0251151112	2011	1	15	15	-9999	-9999	-9999
0251151112	2011	1	16	16	-9999	-9999	-9999
0251151112	2011	1	17	17	-9999	-9999	-9999
0251151112	2011	1	18	18	-9999	-9999	-9999
0251151112	2011	1	19	19	-9999	-9999	-9999
0251151112	2011	1	20	20	-9999	-9999	-9999
0251151112	2011	1	21	21	-9999	-9999	-9999
0251151112	2011	1	22	22	-9999	-9999	-9999
0251151112	2011	1	23	23	-9999	-9999	-9999
0251151112	2011	1	24	24	-9999	-9999	-9999
0251151112	2011	1	25	25	-9999	-9999	-9999
0251151112	2011	1	26	26	-9999	-9999	-9999
0251151112	2011	1	27	27	-9999	-9999	-9999
0251151112	2011	1	28	28	-9999	-9999	-9999
0251151112	2011	1	29	29	-9999	-9999	-9999
0251151112	2011	1	30	30	-9999	-9999	-9999
0251151112	2011	1	31	31	-9999	-9999	-9999
0251151112	2011	2	1	32	-9999	-9999	-9999
0251151112	2011	2	2	33	-9999	-9999	-9999
0251151112	2011	2	3	34	-9999	-9999	-9999
0251151112	2011	2	4	35	-9999	-9999	-9999
0251151112	2011	2	5	36	-9999	-9999	-9999
0251151112	2011	2	6	37	-9999	-9999	-9999
0251151112	2011	2	7	38	-9999	-9999	-9999
0251151112	2011	2	8	39	-9999	-9999	-9999
0251151112	2011	2	9	40	-9999	-9999	-9999
0251151112	2011	2	10	41	-9999	-9999	-9999
0251151112	2011	2	11	42	-9999	-9999	-9999
0251151112	2011	2	12	43	-9999	-9999	-9999
0251151112	2011	2	13	44	-9999	-9999	-9999
0251151112	2011	2	14	45	-9999	-9999	-9999
0251151112	2011	2	15	46	-9999	-9999	-9999
0251151112	2011	2	16	47	-9999	-9999	-9999
0251151112	2011	2	17	48	-9999	-9999	-9999
0251151112	2011	2	18	49	-9999	-9999	-9999
0251151112	2011	2	19	50	-9999	-9999	-9999
0251151112	2011	2	20	51	-9999	-9999	-9999
0251151112	2011	2	21	52	-9999	-9999	-9999
0251151112	2011	2	22	53	-9999	-9999	-9999
0251151112	2011	2	23	54	-9999	-9999	-9999
0251151112	2011	2	24	55	-9999	-9999	-9999
0251151112	2011	2	25	56	-9999	-9999	-9999
0251151112	2011	2	26	57	-9999	-9999	-9999
0251151112	2011	2	27	58	-9999	-9999	-9999
0251151112	2011	2	28	59	-9999	-9999	-9999
0251151112	2011	3	1	60	-9999	-9999	-9999
0251151112	2011	3	2	61	-9999	-9999	-9999
0251151112	2011	3	3	62	-9999	-9999	-9999
0251151112	2011	3	4	63	-9999	-9999	-9999
0251151112	2011	3	5	64	-9999	-9999	-9999
0251151112	2011	3	6	65	-9999	-9999	-9999
0251151112	2011	3	7	66	-9999	-9999	-9999
0251151112	2011	3	8	67	-9999	-9999	-9999
0251151112	2011	3	9	68	-9999	-9999	-9999
0251151112	2011	3	10	69	-9999	-9999	-9999
0251151112	2011	3	11	70	-9999	-9999	-9999
0251151112	2011	3	12	71	-9999	-9999	-9999
0251151112	2011	3	13	72	-9999	-9999	-9999
0251151112	2011	3	14	73	-9999	-9999	-9999
0251151112	2011	3	15	74	-9999	-9999	-9999
0251151112	2011	3	16	75	-9999	-9999	-9999
0251151112	2011	3	17	76	-9999	-9999	-9999
0251151112	2011	3	18	77	-9999	-9999	-9999
0251151112	2011	3	19	78	-9999	-9999	-9999
0251151112	2011	3	20	79	-9999	-9999	-9999
0251151112	2011	3	21	80	-9999	-9999	-9999
0251151112	2011	3	22	81	-9999	-9999	-9999
0251151112	2011	3	23	82	-9999	-9999	-9999
0251151112	2011	3	24	83	-9999	-9999	-9999
0251151112	2011	3	25	84	-9999	-9999	-9999
0251151112	2011	3	26	85	-9999	-9999	-9999
0251151112	2011	3	27	86	-9999	-9999	-9999
0251151112	2011	3	28	87	-9999	-9999	-9999
0251151112	2011	3	29	88	-9999	-9999	-9999
0251151112	2011	3	30	89	-9999	-9999	-9999
0251151112	2011	3	31	90	-9999	-9999	-9999
0251151112	2011	4	1	91	-9999	-9999	-9999
0251151112	2011	4	2	92	-9999	-9999	-9999
0251151112	2011	4	3	93	-9999	-9999	-9999
0251151112	2011	4	4	94	-9999	-9999	-9999
0251151112	2011	4	5	95	-9999	-9999	-9999
0251151112	2011	4	6	96	-9999	-9999	-9999
0251151112	2011	4	7	97	-9999	-9999	-9999
0251151112	2011	4	8	98	-9999	-9999	-9999
0251151112	2011	4	9	99	-9999	-9999	-9999
0251151112	2011	4	10	100	-9999	-9999	-9999
0251151112	2011	4	11	101	-9999	-9999	-9999
0251151112	2011	4	12	102	-9999	-9999	-9999
0251151112	2011	4	13	103	-9999	-9999	-9999
0251151112	2011	4	14	104	-9999	-9999	-9999
0251151112	2011	4	15	105	-9999	-9999	-9999
0251151112	2011	4	16	106	-9999	-9999	-9999
0251151112	2011	4	17	107	-9999	-9999	-9999
0251151112	2011	4	18	108	-9999	-9999	-9999
0251151112	2011	4	19	109	-9999	-9999	-9999
0251151112	2011	4	20	110	-9999	-9999	-9999
0251151112	2011	4	21	111	-9999	-9999	-9999
0251151112	2011	4	22	112	-9999	-9999	-9999
0251151112	2011	4	23	113	-9999	-9999	-9999
0251151112	2011	4	24	114	-9999	-9999	-9999
0251151112	2011	4	25	115	-9999	-9999	-9999
0251151112	2011	4	26	116	-9999	-9999	-9999
0251151112	2011	4	27	117	-9999	-9999	-9999
0251151112	2011	4	28	118	-9999	-9999	-9999
0251151112	2011	4	29	119	-9999	-9999	-9999
0251151112	2011	4	30	120	-9999	-9999	-9999
0251151112	2011	5	1	121	-9999	-9999	-9999
0251151112	2011	5	2	122	-9999	-9999	-9999
0251151112	2011	5	3	123	-9999	-9999	-9999
0251151112	2011	5	4	124	-9999	-9999	-9999
0251151112	2011	5	5	125	-9999	-9999	-9999
0251151112	2011	5	6	126	-9999	-9999	-9999
0251151112	2011	5	7	127	-9999	-9999	-9999
0251151112	2011	5	8	128	-9999	-9999	-9999
0251151112	2011	5	9	129	-9999	-9999	-9999
0251151112	2011	5	10	130	-9999	-9999	-9999
0251151112	2011	5	11	131	-9999	-9999	-9999
0251151112	2011	5	12	132	-9999	-9999	-9999
0251151112	2011	5	13	133	-9999	-9999	-9999
0251151112	2011	5	14	134	-9999	-9999	-9999
0251151112	2011	5	15	135	-9999	-9999	-9999
0251151112	2011	5	16	136	-9999	-9999	-9999
0251151112	2011	5	17	137	-9999	-9999	-9999
0251151112	2011	5	18	138	-9999	-9999	-9999
0251151112	2011	5	19	139	-9999	-9999	-9999
0251151112	2011	5	20	140	-9999	-9999	-9999
0251151112	2011	5	21	141	-9999	-9999	-9999
0251151112	2011	5	22	142	-9999	-9999	-9999
0251151112	2011	5	23	143	-9999	-9999	-9999
0251151112	2011	5	24	144	-9999	-9999	-9999
0251151112	2011	5	25	145	-9999	-9999	-9999
0251151112	2011	5	26	146	-9999	-9999	-9999
0251151112	2011	5	27	147	-9999	-9999	-9999
0251151112	2011	5	28	148	-9999	-9999	-9999
0251151112	2011	5	29	149	-9999	-9999	-9999
0251151112	2011	5	30	150	-9999	-9999	-9999
0251151112	2011	5	31	151	-9999	-9999	-9999
0251151112	2011	6	1	152	-9999	-9999	-9999
0251151112	2011	6	2	153	-9999	-9999	-9999
0251151112	2011	6	3	154	-9999	-9999	-9999
0251151112	2011	6	4	155	-9999	-9999	-9999
0251151112	2011	6	5	156	-9999	-9999	-9999
0251151112	2011	6	6	157	-9999	-9999	-9999
0251151112	2011	6	7	158	-9999	-9999	-9999
0251151112	2011	6	8	159	-9999	-9999	-9999
0251151112	2011	6	9	160	-9999	-9999	-9999
0251151112	2011	6	10	161	-9999	-9999	-9999
0251151112	2011	6	11	162	-9999	-9999	-9999
0251151112	2011	6	12	163	-9999	-9999	-9999
0251151112	2011	6	13	164	-9999	-9999	-9999
0251151112	2011	6	14	165	-9999	-9999	-9999
0251151112	2011	6	15	166	-9999	-9999	-9999
0251151112	2011	6	16	167	-9999	-9999	-9999
0251151112	2011	6	17	168	-9999	-9999	-9999
0251151112	2011	6	18	169	-9999	-9999	-9999
0251151112	2011	6	19	170	-9999	-9999	-9999
0251151112	2011	6	20	171	-9999	-9999	-9999
0251151112	2011	6	21	172	-9999	-9999	-9999
0251151112	2011	6	22	173	-9999	-9999	-9999
0251151112	2011	6	23	174	-9999	-9999	-9999
0251151112	2011	6	24	175	-9999	-9999	-9999
0251151112	2011	6	25	176	-9999	-9999	-9999
0251151112	2011	6	26	177	-9999	-9999	-9999
0251151112	2011	6	27	178	-9999	-9999	-9999
0251151112	2011	6	28	179	-9999	-9999	-9999
0251151112	2011	6	29	180	-9999	-9999	-9999
0251151112	2011	6	30	181	-9999	-9999	-9999
0251151112	2011	7	1	182	-9999	-9999	-9999
0251151112	2011	7	2	183	-9999	-9999	-9999
0251151112	2011	7	3	184	-9999	-9999	-9999
0251151112	2011	7	4	185	-9999	-9999	-9999
0251151112	2011	7	5	186	-9999	-9999	-9999
0251151112	2011	7	6	187	-9999	-9999	-9999
0251151112	2011	7	7	188	-9999	-9999	-9999
0251151112	2011	7	8	189	-9999	-9999	-9999
0251151112	2011	7	9	190	-9999	-9999	-9999
0251151112	2011	7	10	191	-9999	-9999	-9999
0251151112	2011	7	11	192	-9999	-9999	-9999
0251151112	2011	7	12	193	-9999	-9999	-9999
0251151112	2011	7	13	194	-9999	-9999	-9999
0251151112	2011	7	14	195	-9999	-9999	-9999
0251151112	2011	7	15	196	-9999	-9999	-9999
0251151112	2011	7	16	197	-9999	-9999	-9999
0251151112	2011	7	17	198	-9999	-9999	-9999
0251151112	2011	7	18	199	-9999	-9999	-9999
0251151112	2011	7	19	200	-9999	-9999	-9999
0251151112	2011	7	20	201	-9999	-9999	-9999
0251151112	2011	7	21	202	-9999	-9999	-9999
0251151112	2011	7	22	203	-9999	-9999	-9999
0251151112	2011	7	23	204	-9999	-9999	-9999
0251151112	2011	7	24	205	-9999	-9999	-9999
0251151112	2011	7	25	206	-9999	-9999	-9999
0251151112	2011	7	26	207	-9999	-9999	-9999
0251151112	2011	7	27	208	-9999	-9999	-9999
0251151112	2011	7	28	209	-9999	-9999	-9999
0251151112	2011	7	29	210	-9999	-9999	-9999
0251151112	2011	7	30	211	-9999	-9999	-9999
0251151112	2011	7	31	212	-9999	-9999	-9999
0251151112	2011	8	1	213	-9999	-9999	-9999
0251151112	2011	8	2	214	-9999	-9999	-9999
0251151112	2011	8	3	215	-9999	-9999	-9999
0251151112	2011	8	4	216	-9999	-9999	-9999
0251151112	2011	8	5	217	-9999	-9999	-9999
0251151112	2011	8	6	218	-9999	-9999	-9999
0251151112	2011	8	7	219	-9999	-9999	-9999
0251151112	2011	8	8	220	-9999	-9999	-9999
0251151112	2011	8	9	221	-9999	-9999	-9999
0251151112	2011	8	10	222	-9999	-9999	-9999
0251151112	2011	8	11	223	-9999	-9999	-9999
0251151112	2011	8	12	224	-9999	-9999	-9999
0251151112	2011	8	13	225	-9999	-9999	-9999
0251151112	2011	8	14	226	-9999	-9999	-9999
0251151112	2011	8	15	227	-9999	-9999	-9999
0251151112	2011	8	16	228	-9999	-9999	-9999
0251151112	2011	8	17	229	-9999	-9999	-9999
0251151112	2011	8	18	230	-9999	-9999	-9999
0251151112	2011	8	19	231	-9999	-9999	-9999
0251151112	2011	8	20	232	-9999	-9999	-9999
0251151112	2011	8	21	233	-9999	-9999	-9999
0251151112	2011	8	22	234	-9999	-9999	-9999
0251151112	2011	8	23	235	0.2155217391	0.3083913043	0.2355217391
0251151112	2011	8	24	236	0.19425	0.2955	0.2374166667
0251151112	2011	8	25	237	0.1862916667	0.2901666667	0.2364166667
0251151112	2011	8	26	238	0.1811666667	0.2877916667	0.2297083333
0251151112	2011	8	27	239	0.177125	0.286	0.2256666667
0251151112	2011	8	28	240	0.1724166667	0.2837083333	0.2224583333
0251151112	2011	8	29	241	0.2217916667	0.283	0.2272916667
0251151112	2011	8	30	242	0.2112083333	0.2898333333	0.2280416667
0251151112	2011	8	31	243	0.1924583333	0.2893333333	0.222
0251151112	2011	9	1	244	0.1855	0.2881666667	0.2204583333
0251151112	2011	9	2	245	0.181	0.2867083333	0.2202916667
0251151112	2011	9	3	246	0.1776666667	0.2852916667	0.220125
0251151112	2011	9	4	247	0.1745416667	0.2832916667	0.2193333333
0251151112	2011	9	5	248	0.1709583333	0.2809583333	0.217125
0251151112	2011	9	6	249	0.167	0.2780833333	0.2142083333
0251151112	2011	9	7	250	0.1636666667	0.2747916667	0.2109583333
0251151112	2011	9	8	251	0.159625	0.2719166667	0.207375
0251151112	2011	9	9	252	0.1553333333	0.2685416667	0.20325
0251151112	2011	9	10	253	0.15225	0.2657916667	0.1994583333
0251151112	2011	9	11	254	0.146875	0.2625416667	0.1937916667
0251151112	2011	9	12	255	0.1426666667	0.259125	0.187
0251151112	2011	9	13	256	0.13825	0.2560416667	0.1816666667
0251151112	2011	9	14	257	0.13425	0.25325	0.1775
0251151112	2011	9	15	258	0.131125	0.2505833333	0.173875
0251151112	2011	9	16	259	0.1307916667	0.2499166667	0.1722916667
0251151112	2011	9	17	260	0.1316666667	0.2504583333	0.1745833333
0251151112	2011	9	18	261	0.212	0.282125	0.1794583333
0251151112	2011	9	19	262	0.2375	0.3224583333	0.1910833333
0251151112	2011	9	20	263	0.2077916667	0.3145416667	0.1949166667
0251151112	2011	9	21	264	0.189875	0.30075	0.195625
0251151112	2011	9	22	265	0.1800833333	0.290625	0.194875
0251151112	2011	9	23	266	0.1726666667	0.2827083333	0.1933333333
0251151112	2011	9	24	267	0.16625	0.2757916667	0.189625
0251151112	2011	9	25	268	0.16025	0.269625	0.1860833333
0251151112	2011	9	26	269	0.1548333333	0.2648333333	0.1825416667
0251151112	2011	9	27	270	0.151	0.2609583333	0.1812083333
0251151112	2011	9	28	271	0.1472916667	0.2573333333	0.1792083333
0251151112	2011	9	29	272	0.1437083333	0.254625	0.17725
0251151112	2011	9	30	273	0.1406666667	0.251875	0.1768333333
0251151112	2011	10	1	274	0.1385652174	0.2492173913	0.1737391304
0251151112	2011	10	2	275	0.1359166667	0.2471666667	0.1701666667
0251151112	2011	10	3	276	0.1330833333	0.24525	0.1675833333
0251151112	2011	10	4	277	0.1335	0.2433333333	0.1641666667
0251151112	2011	10	5	278	0.1519166667	0.243375	0.1632083333
0251151112	2011	10	6	279	0.295	0.3124166667	0.1707083333
0251151112	2011	10	7	280	0.2735	0.3387083333	0.188625
0251151112	2011	10	8	281	0.3530416667	0.37825	0.25775
0251151112	2011	10	9	282	0.319625	0.3714583333	0.2680833333
0251151112	2011	10	10	283	0.3242083333	0.3738333333	0.2724166667
0251151112	2011	10	11	284	0.3796666667	0.3887916667	0.2787916667
0251151112	2011	10	12	285	0.3380833333	0.3827916667	0.2759583333
0251151112	2011	10	13	286	0.315375	0.3724583333	0.2727916667
0251151112	2011	10	14	287	0.3004583333	0.3649166667	0.270125
0251151112	2011	10	15	288	0.320625	0.3735	0.2715833333
0251151112	2011	10	16	289	0.3205833333	0.3750416667	0.2738333333
0251151112	2011	10	17	290	0.3115	0.3718333333	0.2729583333
0251151112	2011	10	18	291	0.2975833333	0.3641666667	0.2704166667
0251151112	2011	10	19	292	0.288125	0.3589166667	0.2678333333
0251151112	2011	10	20	293	0.2811666667	0.3550833333	0.2662083333
0251151112	2011	10	21	294	0.28	0.3544166667	0.265
0251151112	2011	10	22	295	0.2907083333	0.361375	0.2657083333
0251151112	2011	10	23	296	0.295875	0.3659166667	0.2677916667
0251151112	2011	10	24	297	0.3012083333	0.369375	0.269625
0251151112	2011	10	25	298	0.298625	0.3679583333	0.2706666667
0251151112	2011	10	26	299	0.2890833333	0.3615833333	0.2680833333
0251151112	2011	10	27	300	0.283	0.3570833333	0.2660416667
0251151112	2011	10	28	301	0.2779583333	0.35325	0.2643333333
0251151112	2011	10	29	302	0.2729166667	0.3495833333	0.262625
0251151112	2011	10	30	303	0.2690833333	0.3482083333	0.261625
0251151112	2011	10	31	304	0.32625	0.3780416667	0.2684166667
0251151112	2011	11	1	305	0.31575	0.375875	0.2687083333
0251151112	2011	11	2	306	0.3002083333	0.36725	0.2664166667
0251151112	2011	11	3	307	0.2905416667	0.3611666667	0.2644583333
0251151112	2011	11	4	308	0.283625	0.3568333333	0.2630833333
0251151112	2011	11	5	309	0.2781666667	0.3530416667	0.2615833333
0251151112	2011	11	6	310	0.274125	0.350375	0.2604583333
0251151112	2011	11	7	311	0.2702916667	0.3479166667	0.2594166667
0251151112	2011	11	8	312	0.2669583333	0.345625	0.2585
0251151112	2011	11	9	313	0.2645416667	0.3442083333	0.2577916667
0251151112	2011	11	10	314	0.262	0.3425	0.257
0251151112	2011	11	11	315	0.2589583333	0.3406666667	0.2564166667
0251151112	2011	11	12	316	0.256625	0.3387916667	0.256
0251151112	2011	11	13	317	0.255375	0.3379583333	0.2550833333
0251151112	2011	11	14	318	0.2542173913	0.3372173913	0.2549565217
0251151112	2011	11	15	319	0.2531666667	0.3368333333	0.2543333333
0251151112	2011	11	16	320	0.2520833333	0.336375	0.254
0251151112	2011	11	17	321	0.251125	0.3355833333	0.2537916667
0251151112	2011	11	18	322	0.250125	0.3351666667	0.2532916667
0251151112	2011	11	19	323	0.2490416667	0.3348333333	0.253
0251151112	2011	11	20	324	0.2477916667	0.3340416667	0.253
0251151112	2011	11	21	325	0.2469583333	0.3339166667	0.2525
0251151112	2011	11	22	326	0.24625	0.3335	0.252
0251151112	2011	11	23	327	0.2454583333	0.3327916667	0.252
0251151112	2011	11	24	328	0.2449166667	0.3322083333	0.251875
0251151112	2011	11	25	329	0.243625	0.3319583333	0.2515416667
0251151112	2011	11	26	330	0.2431666667	0.3316666667	0.251125
0251151112	2011	11	27	331	0.2426666667	0.3310416667	0.251
0251151112	2011	11	28	332	0.2419583333	0.3309583333	0.251
0251151112	2011	11	29	333	0.24175	0.3309583333	0.250875
0251151112	2011	11	30	334	0.2410416667	0.330625	0.2509166667
0251151112	2011	12	1	335	0.2405416667	0.3305	0.2507083333
0251151112	2011	12	2	336	0.2399583333	0.3299583333	0.25
0251151112	2011	12	3	337	0.2391666667	0.32975	0.25
0251151112	2011	12	4	338	0.2385833333	0.3292916667	0.25
0251151112	2011	12	5	339	0.2384583333	0.3290833333	0.25
0251151112	2011	12	6	340	0.2376666667	0.3282916667	0.2499583333
0251151112	2011	12	7	341	0.2372083333	0.3279583333	0.2497916667
0251151112	2011	12	8	342	0.23625	0.3272916667	0.2495416667
0251151112	2011	12	9	343	0.2359583333	0.326875	0.2490833333
0251151112	2011	12	10	344	0.2352083333	0.3265416667	0.249
0251151112	2011	12	11	345	0.2344166667	0.326	0.2489583333
0251151112	2011	12	12	346	0.2337916667	0.3255	0.249
0251151112	2011	12	13	347	0.2333913043	0.3249130435	0.2489130435
0251151112	2011	12	14	348	0.2326956522	0.3246956522	0.2487391304
0251151112	2011	12	15	349	0.231375	0.323875	0.248125
0251151112	2011	12	16	350	0.23125	0.3231666667	0.248
0251151112	2011	12	17	351	0.230625	0.322625	0.248
0251151112	2011	12	18	352	0.2293333333	0.3222083333	0.2479166667
0251151112	2011	12	19	353	0.2290833333	0.3219583333	0.248
0251151112	2011	12	20	354	0.2284583333	0.321625	0.2477916667
0251151112	2011	12	21	355	0.2275833333	0.3209166667	0.2475416667
0251151112	2011	12	22	356	0.22775	0.32075	0.2474583333
0251151112	2011	12	23	357	0.2274166667	0.3204166667	0.2470416667
0251151112	2011	12	24	358	0.2268333333	0.32	0.247
0251151112	2011	12	25	359	0.2265416667	0.3196666667	0.247
0251151112	2011	12	26	360	0.2256666667	0.319	0.247
0251151112	2011	12	27	361	0.224875	0.3189583333	0.246625
0251151112	2011	12	28	362	0.2244166667	0.3182083333	0.2465416667
0251151112	2011	12	29	363	0.2250416667	0.3200416667	0.2462916667
0251151112	2011	12	30	364	0.2272083333	0.3224583333	0.2460416667
0251151112	2011	12	31	365	0.22775	0.3214583333	0.2460416667
0251151112	2012	1	1	1	0.2272083333	0.3209583333	0.2463333333
0251151112	2012	1	2	2	0.2266666667	0.32075	0.2464166667
0251151112	2012	1	3	3	0.2267916667	0.3205416667	0.2460416667
0251151112	2012	1	4	4	0.2267916667	0.320375	0.2460833333
0251151112	2012	1	5	5	0.226	0.3200833333	0.246
0251151112	2012	1	6	6	0.2261666667	0.320125	0.246
0251151112	2012	1	7	7	0.2258333333	0.32	0.246
0251151112	2012	1	8	8	0.2255833333	0.3199583333	0.246
0251151112	2012	1	9	9	0.2254166667	0.319875	0.246
0251151112	2012	1	10	10	0.224875	0.319625	0.246
0251151112	2012	1	11	11	0.2244166667	0.319625	0.246
0251151112	2012	1	12	12	0.2245833333	0.3194583333	0.246
0251151112	2012	1	13	13	0.224375	0.31925	0.246
0251151112	2012	1	14	14	0.2238333333	0.319	0.246
0251151112	2012	1	15	15	0.2234166667	0.319	0.246
0251151112	2012	1	16	16	0.2232916667	0.318875	0.246
0251151112	2012	1	17	17	0.2228333333	0.31875	0.246
0251151112	2012	1	18	18	0.222875	0.3181666667	0.2459583333
0251151112	2012	1	19	19	0.2220416667	0.318	0.246
0251151112	2012	1	20	20	0.2220833333	0.3176666667	0.2459583333
0251151112	2012	1	21	21	0.2217916667	0.3172083333	0.2455833333
0251151112	2012	1	22	22	0.2213333333	0.3172083333	0.245375
0251151112	2012	1	23	23	0.2214166667	0.316875	0.245125
0251151112	2012	1	24	24	0.220875	0.3160833333	0.2450833333
0251151112	2012	1	25	25	0.2204166667	0.3160416667	0.2450416667
0251151112	2012	1	26	26	0.2197083333	0.3158333333	0.245
0251151112	2012	1	27	27	0.2193333333	0.3155	0.245
0251151112	2012	1	28	28	0.2189166667	0.3152083333	0.245
0251151112	2012	1	29	29	0.2185	0.314875	0.245
0251151112	2012	1	30	30	0.2179166667	0.3147916667	0.245
0251151112	2012	1	31	31	0.2176666667	0.3144583333	0.2449166667
0251151112	2012	2	1	32	0.2172083333	0.3138333333	0.244875
0251151112	2012	2	2	33	0.2169583333	0.31375	0.24475
0251151112	2012	2	3	34	0.2167916667	0.3134583333	0.24475
0251151112	2012	2	4	35	0.2166666667	0.3131666667	0.244625
0251151112	2012	2	5	36	0.2163333333	0.3130416667	0.244375
0251151112	2012	2	6	37	0.216	0.3128333333	0.2441666667
0251151112	2012	2	7	38	0.215625	0.3124166667	0.2441666667
0251151112	2012	2	8	39	0.2155416667	0.3124166667	0.2441666667
0251151112	2012	2	9	40	0.2155	0.3122083333	0.244
0251151112	2012	2	10	41	0.215375	0.3120416667	0.244
0251151112	2012	2	11	42	0.2149583333	0.3119583333	0.244
0251151112	2012	2	12	43	0.2146666667	0.3119166667	0.2439583333
0251151112	2012	2	13	44	0.2144583333	0.3116666667	0.2439583333
0251151112	2012	2	14	45	0.2143333333	0.311625	0.24375
0251151112	2012	2	15	46	0.214	0.3114583333	0.2435
0251151112	2012	2	16	47	0.2135416667	0.311375	0.2434583333
0251151112	2012	2	17	48	0.213	0.3109166667	0.24325
0251151112	2012	2	18	49	0.2132083333	0.3105833333	0.2431666667
0251151112	2012	2	19	50	0.212625	0.3107916667	0.2430833333
0251151112	2012	2	20	51	0.2125833333	0.31025	0.243
0251151112	2012	2	21	52	0.2127083333	0.310125	0.243125
0251151112	2012	2	22	53	0.2120833333	0.3102083333	0.2430833333
0251151112	2012	2	23	54	0.212125	0.31	0.243
0251151112	2012	2	24	55	0.2118333333	0.3099166667	0.243
0251151112	2012	2	25	56	0.2118333333	0.3097916667	0.243
0251151112	2012	2	26	57	0.211375	0.3095833333	0.243
0251151112	2012	2	27	58	0.2112916667	0.3096666667	0.243
0251151112	2012	2	28	59	0.211125	0.3096666667	0.243
0251151112	2012	2	29	60	0.2109583333	0.30925	0.243
0251151112	2012	3	1	61	0.2106666667	0.30925	0.243
0251151112	2012	3	2	62	0.2105416667	0.309375	0.243
0251151112	2012	3	3	63	0.2104583333	0.3091666667	0.243
0251151112	2012	3	4	64	0.2104166667	0.309125	0.2429583333
0251151112	2012	3	5	65	0.2103333333	0.3093333333	0.2429166667
0251151112	2012	3	6	66	0.2104166667	0.3092916667	0.242875
0251151112	2012	3	7	67	0.2102916667	0.3091666667	0.2429166667
0251151112	2012	3	8	68	0.21025	0.3093333333	0.2428333333
0251151112	2012	3	9	69	0.21025	0.3095416667	0.2424583333
0251151112	2012	3	10	70	0.209875	0.3094583333	0.2425833333
0251151112	2012	3	11	71	0.2102083333	0.3095416667	0.2424583333
0251151112	2012	3	12	72	0.2104166667	0.3095	0.242375
0251151112	2012	3	13	73	0.2104583333	0.309625	0.2422916667
0251151112	2012	3	14	74	0.2105416667	0.30975	0.2424583333
0251151112	2012	3	15	75	0.2104166667	0.3098333333	0.242125
0251151112	2012	3	16	76	0.2105833333	0.3100833333	0.2423333333
0251151112	2012	3	17	77	0.210625	0.3099583333	0.2422083333
0251151112	2012	3	18	78	0.2107916667	0.3100416667	0.2421666667
0251151112	2012	3	19	79	0.21075	0.3104166667	0.2423333333
0251151112	2012	3	20	80	0.21075	0.310625	0.24225
0251151112	2012	3	21	81	0.21095	0.31075	0.24245
0251151112	2012	3	22	82	0.2110416667	0.3109166667	0.2422916667
0251151112	2012	3	23	83	0.211	0.3108695652	0.2423478261
0251151112	2012	3	24	84	0.2113333333	0.3109583333	0.242375
0251151112	2012	3	25	85	0.211125	0.3110416667	0.2425833333
0251151112	2012	3	26	86	0.211625	0.31125	0.242625
0251151112	2012	3	27	87	0.211375	0.311125	0.242625
0251151112	2012	3	28	88	0.21175	0.31175	0.24275
0251151112	2012	3	29	89	0.2118333333	0.3120416667	0.2425833333
0251151112	2012	3	30	90	0.212125	0.3117916667	0.2427083333
0251151112	2012	3	31	91	0.2120416667	0.3120416667	0.24275
0251151112	2012	4	1	92	0.2121666667	0.312125	0.2428333333
0251151112	2012	4	2	93	0.211875	0.3122083333	0.243
0251151112	2012	4	3	94	0.2119130435	0.3124347826	0.2429130435
0251151112	2012	4	4	95	0.2120416667	0.3125416667	0.243
0251151112	2012	4	5	96	0.212375	0.3126666667	0.2430416667
0251151112	2012	4	6	97	0.2124583333	0.3132083333	0.243
0251151112	2012	4	7	98	0.2127083333	0.3134583333	0.243
0251151112	2012	4	8	99	0.2129166667	0.3137916667	0.243
0251151112	2012	4	9	100	0.2130833333	0.3137916667	0.243
0251151112	2012	4	10	101	0.2135	0.3139166667	0.243
0251151112	2012	4	11	102	0.2135	0.3141666667	0.243
0251151112	2012	4	12	103	0.2135416667	0.3144166667	0.2430833333
0251151112	2012	4	13	104	0.2140416667	0.3147083333	0.243
0251151112	2012	4	14	105	0.2145	0.3148333333	0.243125
0251151112	2012	4	15	106	0.2147083333	0.3150416667	0.2434166667
0251151112	2012	4	16	107	0.215125	0.3151666667	0.244
0251151112	2012	4	17	108	0.2155652174	0.315826087	0.244
0251151112	2012	4	18	109	0.2160416667	0.3160833333	0.244
0251151112	2012	4	19	110	0.216375	0.3167916667	0.2442916667
0251151112	2012	4	20	111	0.2162083333	0.3170833333	0.24475
0251151112	2012	4	21	112	0.2169130435	0.3173043478	0.245
0251151112	2012	4	22	113	0.2176666667	0.3180416667	0.245
0251151112	2012	4	23	114	0.2224347826	0.319	0.245
0251151112	2012	4	24	115	0.2303333333	0.3208333333	0.2455833333
0251151112	2012	4	25	116	0.2361666667	0.323875	0.2462916667
0251151112	2012	4	26	117	0.2364583333	0.328125	0.2475833333
0251151112	2012	4	27	118	0.2369583333	0.3324583333	0.2487083333
0251151112	2012	4	28	119	0.238625	0.3375416667	0.2500416667
0251151112	2012	4	29	120	0.2389583333	0.3407916667	0.2509583333
0251151112	2012	4	30	121	0.2393043478	0.3415652174	0.251
0251151112	2012	5	1	122	0.2387916667	0.341125	0.251
0251151112	2012	5	2	123	0.2388333333	0.3411666667	0.251
0251151112	2012	5	3	124	0.2387391304	0.3410434783	0.251
0251151112	2012	5	4	125	0.2385833333	0.34075	0.2507916667
0251151112	2012	5	5	126	0.2382916667	0.3405416667	0.2501666667
0251151112	2012	5	6	127	0.2384583333	0.3401666667	0.25
0251151112	2012	5	7	128	0.2383478261	0.3397826087	0.25
0251151112	2012	5	8	129	0.2382083333	0.3391666667	0.25
0251151112	2012	5	9	130	0.2417916667	0.3399166667	0.25
0251151112	2012	5	10	131	0.2455416667	0.3433333333	0.25
0251151112	2012	5	11	132	0.2475416667	0.3473333333	0.2508333333
0251151112	2012	5	12	133	0.252	0.35075	0.251
0251151112	2012	5	13	134	0.26525	0.358	0.251
0251151112	2012	5	14	135	0.2816666667	0.3649583333	0.2519583333
0251151112	2012	5	15	136	0.292826087	0.3686521739	0.2526521739
0251151112	2012	5	16	137	0.3060416667	0.3714583333	0.2540416667
0251151112	2012	5	17	138	0.3281666667	0.3758333333	0.2557083333
0251151112	2012	5	18	139	0.3154583333	0.372625	0.256
0251151112	2012	5	19	140	0.3200833333	0.373625	0.256
0251151112	2012	5	20	141	0.3261666667	0.3751666667	0.256
0251151112	2012	5	21	142	0.3247916667	0.3749583333	0.256
0251151112	2012	5	22	143	0.3875	0.397625	-9999
0251151112	2012	5	23	144	0.377	0.3956666667	-9999
0251151112	2012	5	24	145	0.3517083333	0.385625	-9999
0251151112	2012	5	25	146	0.3410416667	0.38075	-9999
0251151112	2012	5	26	147	0.3402083333	0.3796666667	-9999
0251151112	2012	5	27	148	0.3415	0.3796666667	-9999
0251151112	2012	5	28	149	0.3368333333	0.3785833333	-9999
0251151112	2012	5	29	150	0.358375	0.3867916667	-9999
0251151112	2012	5	30	151	0.3582083333	0.3875	-9999
0251151112	2012	5	31	152	0.3628333333	0.3906666667	-9999
0251151112	2012	6	1	153	0.38125	0.399	-9999
0251151112	2012	6	2	154	0.3924166667	0.4014583333	-9999
0251151112	2012	6	3	155	0.3860833333	0.39875	-9999
0251151112	2012	6	4	156	0.3782173913	0.395826087	-9999
0251151112	2012	6	5	157	0.4035833333	0.4048333333	-9999
0251151112	2012	6	6	158	0.3844166667	0.3972916667	-9999
0251151112	2012	6	7	159	0.3605	0.3902916667	-9999
0251151112	2012	6	8	160	0.3590416667	0.38875	-9999
0251151112	2012	6	9	161	0.3665	0.3919583333	-9999
0251151112	2012	6	10	162	0.35075	0.386375	-9999
0251151112	2012	6	11	163	0.3412083333	0.3824583333	-9999
0251151112	2012	6	12	164	0.3440416667	0.3829166667	-9999
0251151112	2012	6	13	165	0.3808333333	0.3978333333	-9999
0251151112	2012	6	14	166	0.3925416667	0.401625	-9999
0251151112	2012	6	15	167	0.3942916667	0.4015	-9999
0251151112	2012	6	16	168	0.39475	0.4013333333	-9999
0251151112	2012	6	17	169	0.4030833333	0.404875	-9999
0251151112	2012	6	18	170	0.400173913	0.4034347826	-9999
0251151112	2012	6	19	171	0.3940416667	0.4015	-9999
0251151112	2012	6	20	172	0.387375	0.3995833333	-9999
0251151112	2012	6	21	173	0.3945	0.4022916667	-9999
0251151112	2012	6	22	174	0.4012083333	0.4039166667	-9999
0251151112	2012	6	23	175	0.400875	0.40375	-9999
0251151112	2012	6	24	176	0.4015833333	0.4040416667	-9999
0251151112	2012	6	25	177	0.4017916667	0.4041666667	-9999
0251151112	2012	6	26	178	0.4011666667	0.4042083333	-9999
0251151112	2012	6	27	179	0.3964583333	-9999	-9999
0251151112	2012	6	28	180	0.3916666667	0.4002916667	-9999
0251151112	2012	6	29	181	0.3845833333	0.3977916667	-9999
0251151112	2012	6	30	182	0.3732083333	0.3942916667	-9999
0251151112	2012	7	1	183	0.3649583333	0.391125	0.247375
0251151112	2012	7	2	184	0.3577916667	0.3884166667	0.273125
0251151112	2012	7	3	185	0.3529166667	0.385875	0.2749166667
0251151112	2012	7	4	186	0.3475416667	0.3836666667	0.2765
0251151112	2012	7	5	187	0.33925	0.3800416667	0.2760833333
0251151112	2012	7	6	188	0.3312083333	0.3764583333	0.2764166667
0251151112	2012	7	7	189	0.3235833333	0.3729583333	0.27675
0251151112	2012	7	8	190	0.3166666667	0.3697083333	0.2776666667
0251151112	2012	7	9	191	0.3097916667	0.366125	0.2777916667
0251151112	2012	7	10	192	0.304125	0.3634583333	0.2774583333
0251151112	2012	7	11	193	0.2999565217	0.3613913043	0.277
0251151112	2012	7	12	194	0.29425	0.3580833333	0.2760416667
0251151112	2012	7	13	195	0.288125	0.3542916667	0.2750416667
0251151112	2012	7	14	196	0.28525	0.353	0.274
0251151112	2012	7	15	197	0.2898333333	0.3546666667	0.2738333333
0251151112	2012	7	16	198	0.2851666667	0.353125	0.2734166667
0251151112	2012	7	17	199	0.28225	0.351625	0.2719166667
0251151112	2012	7	18	200	0.283125	0.3510833333	0.2709583333
0251151112	2012	7	19	201	0.27775	0.348	0.269625
0251151112	2012	7	20	202	0.2702608696	0.3434347826	0.267173913
0251151112	2012	7	21	203	0.2639583333	0.339375	0.2647083333
0251151112	2012	7	22	204	0.2582272727	0.3360454545	0.2621818182
0251151112	2012	7	23	205	0.2524782609	0.3320869565	0.2597826087
0251151112	2012	7	24	206	0.2475416667	0.329375	0.2576666667
0251151112	2012	7	25	207	0.2437083333	0.3265416667	0.2557083333
0251151112	2012	7	26	208	0.2391666667	0.3237916667	0.253875
0251151112	2012	7	27	209	0.2355833333	0.3212083333	0.251875
0251151112	2012	7	28	210	0.2308333333	0.318125	0.2492083333
0251151112	2012	7	29	211	0.22575	0.3152083333	0.246
0251151112	2012	7	30	212	0.2210833333	0.3119166667	0.2432083333
0251151112	2012	7	31	213	0.2165416667	0.309125	0.24
0251151112	2012	8	1	214	0.2117916667	0.3061666667	0.2370416667
0251151112	2012	8	2	215	0.2075416667	0.3032083333	0.2342083333
0251151112	2012	8	3	216	0.204625	0.30125	0.2325833333
0251151112	2012	8	4	217	0.2005	0.2983333333	0.2305416667
0251151112	2012	8	5	218	0.195875	0.2951666667	0.227
0251151112	2012	8	6	219	0.19125	0.291625	0.2229583333
0251151112	2012	8	7	220	0.18775	0.28925	0.2195833333
0251151112	2012	8	8	221	0.183125	0.2851666667	0.21525
0251151112	2012	8	9	222	0.1782272727	0.2820909091	0.2091363636
0251151112	2012	8	10	223	0.1727916667	0.27825	0.2034583333
0251151112	2012	8	11	224	0.1674583333	0.274625	0.1966666667
0251151112	2012	8	12	225	0.1617916667	0.2705	0.1921666667
0251151112	2012	8	13	226	0.1562916667	0.2666666667	0.1858333333
0251151112	2012	8	14	227	0.1502083333	0.2625416667	0.1780416667
0251151112	2012	8	15	228	0.143625	0.2585833333	0.1717916667
0251151112	2012	8	16	229	0.1387916667	0.2555	0.1649583333
0251151112	2012	8	17	230	0.134	0.2515	0.1579166667
0251151112	2012	8	18	231	0.1284166667	0.2473333333	0.15025
0251151112	2012	8	19	232	0.1227916667	0.2433333333	0.1400416667
0251151112	2012	8	20	233	0.1167083333	0.2386666667	0.1250833333
0251151112	2012	8	21	234	0.1113333333	0.2349583333	0.1106666667
0251151112	2012	8	22	235	0.1071666667	0.2324166667	0.1024166667
0251151112	2012	8	23	236	0.1015416667	0.2292916667	0.09604166667
0251151112	2012	8	24	237	0.09704166667	0.225375	0.09275
0251151112	2012	8	25	238	0.092375	0.2223333333	0.09191666667
0251151112	2012	8	26	239	0.08870833333	0.2189166667	0.091375
0251151112	2012	8	27	240	0.085375	0.2155833333	0.08716666667
0251151112	2012	8	28	241	0.08054166667	0.2113333333	0.068
0251151112	2012	8	29	242	0.07616666667	0.2064583333	0.04379166667
0251151112	2012	8	30	243	0.07191666667	0.2027083333	0.02345833333
0251151112	2012	8	31	244	0.06795833333	0.1990416667	0.015125
0251151112	2012	9	1	245	0.06383333333	0.194875	0.005458333333
0251151112	2012	9	2	246	0.05991666667	0.1909583333	-9999
0251151112	2012	9	3	247	0.05775	0.1871666667	-9999
0251151112	2012	9	4	248	0.05520833333	0.183625	-9999
0251151112	2012	9	5	249	0.052125	0.18	-9999
0251151112	2012	9	6	250	0.05054166667	0.1766666667	-9999
0251151112	2012	9	7	251	0.04804166667	0.17275	-9999
0251151112	2012	9	8	252	0.04466666667	0.168875	-9999
0251151112	2012	9	9	253	0.04283333333	0.16475	-9999
0251151112	2012	9	10	254	0.04083333333	0.162	-9999
0251151112	2012	9	11	255	0.0395	0.1605416667	-9999
0251151112	2012	9	12	256	0.03845833333	0.158625	-9999
0251151112	2012	9	13	257	0.03716666667	0.1576666667	-9999
0251151112	2012	9	14	258	0.03675	0.1547083333	-9999
0251151112	2012	9	15	259	0.03504166667	0.1516666667	-9999
0251151112	2012	9	16	260	0.03441666667	0.1483333333	-9999
0251151112	2012	9	17	261	0.03308333333	0.1453333333	-9999
0251151112	2012	9	18	262	0.02988235294	0.1422941176	-9999
0251151112	2012	9	19	263	0.03008695652	0.1392608696	-9999
0251151112	2012	9	20	264	0.02854166667	0.136	-9999
0251151112	2012	9	21	265	0.02617647059	0.1324117647	-9999
0251151112	2012	9	22	266	0.02704166667	0.1296666667	-9999
0251151112	2012	9	23	267	0.02529166667	0.1264583333	0.009791666667
0251151112	2012	9	24	268	0.023875	0.1248333333	0.03016666667
0251151112	2012	9	25	269	0.02311764706	0.1231764706	0.03517647059
0251151112	2012	9	26	270	0.02295833333	0.121625	0.04145833333
0251151112	2012	9	27	271	0.02233333333	0.1197083333	0.045625
0251151112	2012	9	28	272	0.022125	0.1174583333	0.04633333333
0251151112	2012	9	29	273	0.02158333333	0.1155833333	0.05279166667
0251151112	2012	9	30	274	0.02020833333	0.1137916667	0.06233333333
0251151112	2012	10	1	275	0.01954166667	0.11175	0.06704166667
0251151112	2012	10	2	276	0.01933333333	0.110625	0.06420833333
0251151112	2012	10	3	277	0.01833333333	0.1086666667	0.06454166667
0251151112	2012	10	4	278	0.01916666667	0.1085416667	0.04816666667
0251151112	2012	10	5	279	0.01795833333	0.1086666667	0.0145
0251151112	2012	10	6	280	0.0175	0.1091666667	-9999
0251151112	2012	10	7	281	0.01695833333	0.1101666667	-9999
0251151112	2012	10	8	282	0.017375	0.1105833333	-9999
0251151112	2012	10	9	283	0.01782608696	0.1114347826	-9999
0251151112	2012	10	10	284	0.01841666667	0.1119583333	-9999
0251151112	2012	10	11	285	0.01920833333	0.1124583333	-9999
0251151112	2012	10	12	286	-9999	-9999	-9999
0251151112	2012	10	13	287	0.1044166667	0.1601666667	-9999
0251151112	2012	10	14	288	0.189375	0.297125	0.2302083333
0251151112	2012	10	15	289	0.2081666667	0.314875	0.2251666667
0251151112	2012	10	16	290	0.2944583333	0.3724583333	0.2735416667
0251151112	2012	10	17	291	0.2967083333	0.3652083333	0.269
0251151112	2012	10	18	292	0.2727916667	0.3510416667	0.256125
0251151112	2012	10	19	293	0.2618333333	0.3447916667	0.249125
0251151112	2012	10	20	294	0.31725	0.369125	0.2645
0251151112	2012	10	21	295	0.30225	0.366875	0.2690833333
0251151112	2012	10	22	296	0.2841666667	0.357875	0.2640833333
0251151112	2012	10	23	297	0.2736666667	0.3505833333	0.260375
0251151112	2012	10	24	298	0.266625	0.3456666667	0.2576666667
0251151112	2012	10	25	299	0.2612916667	0.3421666667	0.2556666667
0251151112	2012	10	26	300	0.2565833333	0.3395416667	0.2545
0251151112	2012	10	27	301	0.253375	0.33725	0.2532083333
0251151112	2012	10	28	302	0.2635416667	0.37075	0.2647083333
0251151112	2012	10	29	303	0.332	0.3955416667	-9999
0251151112	2012	10	30	304	0.3207083333	0.3805833333	0.2536666667
0251151112	2012	10	31	305	0.3081304348	0.3753913043	0.2657826087
0251151112	2012	11	1	306	0.3048333333	0.3742083333	0.265875
0251151112	2012	11	2	307	0.304625	0.3739166667	0.266375
0251151112	2012	11	3	308	0.2967083333	0.3687916667	0.2651666667
0251151112	2012	11	4	309	0.3002083333	0.3715833333	0.2650833333
0251151112	2012	11	5	310	0.3046666667	0.3756666667	0.266125
0251151112	2012	11	6	311	0.295375	0.367875	0.2644166667
0251151112	2012	11	7	312	0.2975	0.3630833333	0.2634583333
0251151112	2012	11	8	313	0.2924583333	0.3634583333	0.2644583333
0251151112	2012	11	9	314	0.279	0.3555416667	0.2624166667
0251151112	2012	11	10	315	0.2714166667	0.3502916667	0.2605833333
0251151112	2012	11	11	316	0.266	0.34675	0.2594583333
0251151112	2012	11	12	317	0.2619583333	0.34375	0.2582083333
0251151112	2012	11	13	318	0.2587083333	0.34125	0.257125
0251151112	2012	11	14	319	0.256	0.3399166667	0.2564583333
0251151112	2012	11	15	320	0.2543333333	0.3387916667	0.2557916667
0251151112	2012	11	16	321	0.2517647059	0.3373529412	0.2549411765
0251151112	2012	11	17	322	0.2505416667	0.33625	0.254625
0251151112	2012	11	18	323	0.253	0.355625	0.2559583333
0251151112	2012	11	19	324	0.2565416667	0.3499583333	0.2562083333
0251151112	2012	11	20	325	0.261625	0.3704166667	0.2596666667
0251151112	2012	11	21	326	0.2860833333	0.3829583333	0.2652083333
0251151112	2012	11	22	327	0.2812083333	0.3675416667	0.2626666667
0251151112	2012	11	23	328	0.275125	0.36025	0.261
0251151112	2012	11	24	329	0.2710833333	0.355875	0.2597083333
0251151112	2012	11	25	330	0.267625	0.3527083333	0.258625
0251151112	2012	11	26	331	0.2647083333	0.3499583333	0.25775
0251151112	2012	11	27	332	0.2625416667	0.34775	0.2569166667
0251151112	2012	11	28	333	0.2597083333	0.3450833333	0.2561666667
0251151112	2012	11	29	334	0.25775	0.3426666667	0.2555833333
0251151112	2012	11	30	335	0.2599166667	0.3660833333	0.2566666667
0251151112	2012	12	1	336	0.2724583333	0.3715416667	0.2597916667
0251151112	2012	12	2	337	0.2704583333	0.3688333333	0.2598333333
0251151112	2012	12	3	338	0.2759166667	0.3708333333	0.2615416667
0251151112	2012	12	4	339	0.2714583333	0.3612916667	0.2594166667
0251151112	2012	12	5	340	0.2766470588	0.3781764706	0.2611176471
0251151112	2012	12	6	341	0.2766666667	0.3687916667	0.2602608696
0251151112	2012	12	7	342	0.2720833333	0.36075	0.2589583333
0251151112	2012	12	8	343	0.2685833333	0.3562916667	0.258
0251151112	2012	12	9	344	0.2665	0.3535833333	0.2572083333
0251151112	2012	12	10	345	0.2639166667	0.351125	0.2564583333
0251151112	2012	12	11	346	0.262125	0.349375	0.255875
0251151112	2012	12	12	347	0.2605	0.3477083333	0.2550833333
0251151112	2012	12	13	348	0.2587916667	0.3463333333	0.2545833333
0251151112	2012	12	14	349	0.2577916667	0.3450833333	0.2540416667
0251151112	2012	12	15	350	0.2562083333	0.343625	0.2537916667
0251151112	2012	12	16	351	0.254625	0.3427083333	0.253
0251151112	2012	12	17	352	0.253625	0.341625	0.253
0251151112	2012	12	18	353	-9999	-9999	-9999
0251151112	2012	12	19	354	-9999	-9999	-9999
0251151112	2012	12	20	355	-9999	-9999	-9999
0251151112	2012	12	21	356	-9999	-9999	-9999
0251151112	2012	12	22	357	-9999	-9999	-9999
0251151112	2012	12	23	358	-9999	-9999	-9999
0251151112	2012	12	24	359	-9999	-9999	-9999
0251151112	2012	12	25	360	-9999	-9999	-9999
0251151112	2012	12	26	361	-9999	-9999	-9999
0251151112	2012	12	27	362	-9999	-9999	-9999
0251151112	2012	12	28	363	-9999	-9999	-9999
0251151112	2012	12	29	364	-9999	-9999	-9999
0251151112	2012	12	30	365	-9999	-9999	-9999
0251151112	2012	12	31	366	-9999	-9999	-9999
