stationID	Y	M	D	DOY	depth_10	depth_20	depth_51	depth_102
0251421012	2010	1	1	1	-9999	-9999	-9999	-9999
0251421012	2010	1	2	2	-9999	-9999	-9999	-9999
0251421012	2010	1	3	3	-9999	-9999	-9999	-9999
0251421012	2010	1	4	4	-9999	-9999	-9999	-9999
0251421012	2010	1	5	5	-9999	-9999	-9999	-9999
0251421012	2010	1	6	6	-9999	-9999	-9999	-9999
0251421012	2010	1	7	7	-9999	-9999	-9999	-9999
0251421012	2010	1	8	8	-9999	-9999	-9999	-9999
0251421012	2010	1	9	9	-9999	-9999	-9999	-9999
0251421012	2010	1	10	10	-9999	-9999	-9999	-9999
0251421012	2010	1	11	11	-9999	-9999	-9999	-9999
0251421012	2010	1	12	12	-9999	-9999	-9999	-9999
0251421012	2010	1	13	13	-9999	-9999	-9999	-9999
0251421012	2010	1	14	14	-9999	-9999	-9999	-9999
0251421012	2010	1	15	15	-9999	-9999	-9999	-9999
0251421012	2010	1	16	16	-9999	-9999	-9999	-9999
0251421012	2010	1	17	17	-9999	-9999	-9999	-9999
0251421012	2010	1	18	18	-9999	-9999	-9999	-9999
0251421012	2010	1	19	19	-9999	-9999	-9999	-9999
0251421012	2010	1	20	20	-9999	-9999	-9999	-9999
0251421012	2010	1	21	21	-9999	-9999	-9999	-9999
0251421012	2010	1	22	22	-9999	-9999	-9999	-9999
0251421012	2010	1	23	23	-9999	-9999	-9999	-9999
0251421012	2010	1	24	24	-9999	-9999	-9999	-9999
0251421012	2010	1	25	25	-9999	-9999	-9999	-9999
0251421012	2010	1	26	26	-9999	-9999	-9999	-9999
0251421012	2010	1	27	27	-9999	-9999	-9999	-9999
0251421012	2010	1	28	28	-9999	-9999	-9999	-9999
0251421012	2010	1	29	29	-9999	-9999	-9999	-9999
0251421012	2010	1	30	30	-9999	-9999	-9999	-9999
0251421012	2010	1	31	31	-9999	-9999	-9999	-9999
0251421012	2010	2	1	32	-9999	-9999	-9999	-9999
0251421012	2010	2	2	33	-9999	-9999	-9999	-9999
0251421012	2010	2	3	34	-9999	-9999	-9999	-9999
0251421012	2010	2	4	35	-9999	-9999	-9999	-9999
0251421012	2010	2	5	36	-9999	-9999	-9999	-9999
0251421012	2010	2	6	37	-9999	-9999	-9999	-9999
0251421012	2010	2	7	38	-9999	-9999	-9999	-9999
0251421012	2010	2	8	39	-9999	-9999	-9999	-9999
0251421012	2010	2	9	40	-9999	-9999	-9999	-9999
0251421012	2010	2	10	41	-9999	-9999	-9999	-9999
0251421012	2010	2	11	42	-9999	-9999	-9999	-9999
0251421012	2010	2	12	43	-9999	-9999	-9999	-9999
0251421012	2010	2	13	44	-9999	-9999	-9999	-9999
0251421012	2010	2	14	45	-9999	-9999	-9999	-9999
0251421012	2010	2	15	46	-9999	-9999	-9999	-9999
0251421012	2010	2	16	47	-9999	-9999	-9999	-9999
0251421012	2010	2	17	48	-9999	-9999	-9999	-9999
0251421012	2010	2	18	49	-9999	-9999	-9999	-9999
0251421012	2010	2	19	50	-9999	-9999	-9999	-9999
0251421012	2010	2	20	51	-9999	-9999	-9999	-9999
0251421012	2010	2	21	52	-9999	-9999	-9999	-9999
0251421012	2010	2	22	53	-9999	-9999	-9999	-9999
0251421012	2010	2	23	54	-9999	-9999	-9999	-9999
0251421012	2010	2	24	55	-9999	-9999	-9999	-9999
0251421012	2010	2	25	56	-9999	-9999	-9999	-9999
0251421012	2010	2	26	57	-9999	-9999	-9999	-9999
0251421012	2010	2	27	58	-9999	-9999	-9999	-9999
0251421012	2010	2	28	59	-9999	-9999	-9999	-9999
0251421012	2010	3	1	60	-9999	-9999	-9999	-9999
0251421012	2010	3	2	61	-9999	-9999	-9999	-9999
0251421012	2010	3	3	62	-9999	-9999	-9999	-9999
0251421012	2010	3	4	63	-9999	-9999	-9999	-9999
0251421012	2010	3	5	64	-9999	-9999	-9999	-9999
0251421012	2010	3	6	65	-9999	-9999	-9999	-9999
0251421012	2010	3	7	66	-9999	-9999	-9999	-9999
0251421012	2010	3	8	67	-9999	-9999	-9999	-9999
0251421012	2010	3	9	68	-9999	-9999	-9999	-9999
0251421012	2010	3	10	69	-9999	-9999	-9999	-9999
0251421012	2010	3	11	70	-9999	-9999	-9999	-9999
0251421012	2010	3	12	71	-9999	-9999	-9999	-9999
0251421012	2010	3	13	72	-9999	-9999	-9999	-9999
0251421012	2010	3	14	73	-9999	-9999	-9999	-9999
0251421012	2010	3	15	74	-9999	-9999	-9999	-9999
0251421012	2010	3	16	75	-9999	-9999	-9999	-9999
0251421012	2010	3	17	76	-9999	-9999	-9999	-9999
0251421012	2010	3	18	77	-9999	-9999	-9999	-9999
0251421012	2010	3	19	78	-9999	-9999	-9999	-9999
0251421012	2010	3	20	79	-9999	-9999	-9999	-9999
0251421012	2010	3	21	80	-9999	-9999	-9999	-9999
0251421012	2010	3	22	81	-9999	-9999	-9999	-9999
0251421012	2010	3	23	82	-9999	-9999	-9999	-9999
0251421012	2010	3	24	83	-9999	-9999	-9999	-9999
0251421012	2010	3	25	84	-9999	-9999	-9999	-9999
0251421012	2010	3	26	85	-9999	-9999	-9999	-9999
0251421012	2010	3	27	86	-9999	-9999	-9999	-9999
0251421012	2010	3	28	87	-9999	-9999	-9999	-9999
0251421012	2010	3	29	88	-9999	-9999	-9999	-9999
0251421012	2010	3	30	89	-9999	-9999	-9999	-9999
0251421012	2010	3	31	90	-9999	-9999	-9999	-9999
0251421012	2010	4	1	91	-9999	-9999	-9999	-9999
0251421012	2010	4	2	92	-9999	-9999	-9999	-9999
0251421012	2010	4	3	93	-9999	-9999	-9999	-9999
0251421012	2010	4	4	94	-9999	-9999	-9999	-9999
0251421012	2010	4	5	95	-9999	-9999	-9999	-9999
0251421012	2010	4	6	96	-9999	-9999	-9999	-9999
0251421012	2010	4	7	97	-9999	-9999	-9999	-9999
0251421012	2010	4	8	98	-9999	-9999	-9999	-9999
0251421012	2010	4	9	99	-9999	-9999	-9999	-9999
0251421012	2010	4	10	100	-9999	-9999	-9999	-9999
0251421012	2010	4	11	101	-9999	-9999	-9999	-9999
0251421012	2010	4	12	102	-9999	-9999	-9999	-9999
0251421012	2010	4	13	103	-9999	-9999	-9999	-9999
0251421012	2010	4	14	104	-9999	-9999	-9999	-9999
0251421012	2010	4	15	105	-9999	-9999	-9999	-9999
0251421012	2010	4	16	106	-9999	-9999	-9999	-9999
0251421012	2010	4	17	107	-9999	-9999	-9999	-9999
0251421012	2010	4	18	108	-9999	-9999	-9999	-9999
0251421012	2010	4	19	109	-9999	-9999	-9999	-9999
0251421012	2010	4	20	110	-9999	-9999	-9999	-9999
0251421012	2010	4	21	111	-9999	-9999	-9999	-9999
0251421012	2010	4	22	112	-9999	-9999	-9999	-9999
0251421012	2010	4	23	113	-9999	-9999	-9999	-9999
0251421012	2010	4	24	114	-9999	-9999	-9999	-9999
0251421012	2010	4	25	115	-9999	-9999	-9999	-9999
0251421012	2010	4	26	116	-9999	-9999	-9999	-9999
0251421012	2010	4	27	117	-9999	-9999	-9999	-9999
0251421012	2010	4	28	118	-9999	-9999	-9999	-9999
0251421012	2010	4	29	119	-9999	-9999	-9999	-9999
0251421012	2010	4	30	120	-9999	-9999	-9999	-9999
0251421012	2010	5	1	121	-9999	-9999	-9999	-9999
0251421012	2010	5	2	122	-9999	-9999	-9999	-9999
0251421012	2010	5	3	123	-9999	-9999	-9999	-9999
0251421012	2010	5	4	124	-9999	-9999	-9999	-9999
0251421012	2010	5	5	125	-9999	-9999	-9999	-9999
0251421012	2010	5	6	126	-9999	-9999	-9999	-9999
0251421012	2010	5	7	127	-9999	-9999	-9999	-9999
0251421012	2010	5	8	128	-9999	-9999	-9999	-9999
0251421012	2010	5	9	129	-9999	-9999	-9999	-9999
0251421012	2010	5	10	130	-9999	-9999	-9999	-9999
0251421012	2010	5	11	131	-9999	-9999	-9999	-9999
0251421012	2010	5	12	132	-9999	-9999	-9999	-9999
0251421012	2010	5	13	133	-9999	-9999	-9999	-9999
0251421012	2010	5	14	134	-9999	-9999	-9999	-9999
0251421012	2010	5	15	135	-9999	-9999	-9999	-9999
0251421012	2010	5	16	136	-9999	-9999	-9999	-9999
0251421012	2010	5	17	137	-9999	-9999	-9999	-9999
0251421012	2010	5	18	138	-9999	-9999	-9999	-9999
0251421012	2010	5	19	139	-9999	-9999	-9999	-9999
0251421012	2010	5	20	140	-9999	-9999	-9999	-9999
0251421012	2010	5	21	141	-9999	-9999	-9999	-9999
0251421012	2010	5	22	142	-9999	-9999	-9999	-9999
0251421012	2010	5	23	143	-9999	-9999	-9999	-9999
0251421012	2010	5	24	144	-9999	-9999	-9999	-9999
0251421012	2010	5	25	145	-9999	-9999	-9999	-9999
0251421012	2010	5	26	146	-9999	-9999	-9999	-9999
0251421012	2010	5	27	147	-9999	-9999	-9999	-9999
0251421012	2010	5	28	148	-9999	-9999	-9999	-9999
0251421012	2010	5	29	149	-9999	-9999	-9999	-9999
0251421012	2010	5	30	150	-9999	-9999	-9999	-9999
0251421012	2010	5	31	151	-9999	-9999	-9999	-9999
0251421012	2010	6	1	152	-9999	-9999	-9999	-9999
0251421012	2010	6	2	153	-9999	-9999	-9999	-9999
0251421012	2010	6	3	154	-9999	-9999	-9999	-9999
0251421012	2010	6	4	155	-9999	-9999	-9999	-9999
0251421012	2010	6	5	156	-9999	-9999	-9999	-9999
0251421012	2010	6	6	157	-9999	-9999	-9999	-9999
0251421012	2010	6	7	158	-9999	-9999	-9999	-9999
0251421012	2010	6	8	159	-9999	-9999	-9999	-9999
0251421012	2010	6	9	160	-9999	-9999	-9999	-9999
0251421012	2010	6	10	161	-9999	-9999	-9999	-9999
0251421012	2010	6	11	162	-9999	-9999	-9999	-9999
0251421012	2010	6	12	163	-9999	-9999	-9999	-9999
0251421012	2010	6	13	164	-9999	-9999	-9999	-9999
0251421012	2010	6	14	165	-9999	-9999	-9999	-9999
0251421012	2010	6	15	166	-9999	-9999	-9999	-9999
0251421012	2010	6	16	167	-9999	-9999	-9999	-9999
0251421012	2010	6	17	168	-9999	-9999	-9999	-9999
0251421012	2010	6	18	169	-9999	-9999	-9999	-9999
0251421012	2010	6	19	170	-9999	-9999	-9999	-9999
0251421012	2010	6	20	171	-9999	-9999	-9999	-9999
0251421012	2010	6	21	172	-9999	-9999	-9999	-9999
0251421012	2010	6	22	173	-9999	-9999	-9999	-9999
0251421012	2010	6	23	174	-9999	-9999	-9999	-9999
0251421012	2010	6	24	175	-9999	-9999	-9999	-9999
0251421012	2010	6	25	176	-9999	-9999	-9999	-9999
0251421012	2010	6	26	177	-9999	-9999	-9999	-9999
0251421012	2010	6	27	178	-9999	-9999	-9999	-9999
0251421012	2010	6	28	179	-9999	-9999	-9999	-9999
0251421012	2010	6	29	180	-9999	-9999	-9999	-9999
0251421012	2010	6	30	181	-9999	-9999	-9999	-9999
0251421012	2010	7	1	182	-9999	-9999	-9999	-9999
0251421012	2010	7	2	183	-9999	-9999	-9999	-9999
0251421012	2010	7	3	184	-9999	-9999	-9999	-9999
0251421012	2010	7	4	185	-9999	-9999	-9999	-9999
0251421012	2010	7	5	186	-9999	-9999	-9999	-9999
0251421012	2010	7	6	187	-9999	-9999	-9999	-9999
0251421012	2010	7	7	188	-9999	-9999	-9999	-9999
0251421012	2010	7	8	189	-9999	-9999	-9999	-9999
0251421012	2010	7	9	190	-9999	-9999	-9999	-9999
0251421012	2010	7	10	191	-9999	-9999	-9999	-9999
0251421012	2010	7	11	192	-9999	-9999	-9999	-9999
0251421012	2010	7	12	193	-9999	-9999	-9999	-9999
0251421012	2010	7	13	194	-9999	-9999	-9999	-9999
0251421012	2010	7	14	195	-9999	-9999	-9999	-9999
0251421012	2010	7	15	196	-9999	-9999	-9999	-9999
0251421012	2010	7	16	197	-9999	-9999	-9999	-9999
0251421012	2010	7	17	198	-9999	-9999	-9999	-9999
0251421012	2010	7	18	199	-9999	-9999	-9999	-9999
0251421012	2010	7	19	200	-9999	-9999	-9999	-9999
0251421012	2010	7	20	201	-9999	-9999	-9999	-9999
0251421012	2010	7	21	202	-9999	-9999	-9999	-9999
0251421012	2010	7	22	203	-9999	-9999	-9999	-9999
0251421012	2010	7	23	204	-9999	-9999	-9999	-9999
0251421012	2010	7	24	205	-9999	-9999	-9999	-9999
0251421012	2010	7	25	206	-9999	-9999	-9999	-9999
0251421012	2010	7	26	207	-9999	-9999	-9999	-9999
0251421012	2010	7	27	208	-9999	-9999	-9999	-9999
0251421012	2010	7	28	209	-9999	-9999	-9999	-9999
0251421012	2010	7	29	210	-9999	-9999	-9999	-9999
0251421012	2010	7	30	211	-9999	-9999	-9999	-9999
0251421012	2010	7	31	212	-9999	-9999	-9999	-9999
0251421012	2010	8	1	213	-9999	-9999	-9999	-9999
0251421012	2010	8	2	214	-9999	-9999	-9999	-9999
0251421012	2010	8	3	215	-9999	-9999	-9999	-9999
0251421012	2010	8	4	216	-9999	-9999	-9999	-9999
0251421012	2010	8	5	217	-9999	-9999	-9999	-9999
0251421012	2010	8	6	218	-9999	-9999	-9999	-9999
0251421012	2010	8	7	219	-9999	-9999	-9999	-9999
0251421012	2010	8	8	220	-9999	-9999	-9999	-9999
0251421012	2010	8	9	221	-9999	-9999	-9999	-9999
0251421012	2010	8	10	222	-9999	-9999	-9999	-9999
0251421012	2010	8	11	223	-9999	-9999	-9999	-9999
0251421012	2010	8	12	224	-9999	-9999	-9999	-9999
0251421012	2010	8	13	225	-9999	-9999	-9999	-9999
0251421012	2010	8	14	226	-9999	-9999	-9999	-9999
0251421012	2010	8	15	227	-9999	-9999	-9999	-9999
0251421012	2010	8	16	228	-9999	-9999	-9999	-9999
0251421012	2010	8	17	229	-9999	-9999	-9999	-9999
0251421012	2010	8	18	230	-9999	-9999	-9999	-9999
0251421012	2010	8	19	231	-9999	-9999	-9999	-9999
0251421012	2010	8	20	232	-9999	-9999	-9999	-9999
0251421012	2010	8	21	233	-9999	-9999	-9999	-9999
0251421012	2010	8	22	234	-9999	-9999	-9999	-9999
0251421012	2010	8	23	235	-9999	-9999	-9999	-9999
0251421012	2010	8	24	236	-9999	-9999	-9999	-9999
0251421012	2010	8	25	237	-9999	-9999	-9999	-9999
0251421012	2010	8	26	238	-9999	-9999	-9999	-9999
0251421012	2010	8	27	239	-9999	-9999	-9999	-9999
0251421012	2010	8	28	240	-9999	-9999	-9999	-9999
0251421012	2010	8	29	241	-9999	-9999	-9999	-9999
0251421012	2010	8	30	242	-9999	-9999	-9999	-9999
0251421012	2010	8	31	243	-9999	-9999	-9999	-9999
0251421012	2010	9	1	244	-9999	-9999	-9999	-9999
0251421012	2010	9	2	245	-9999	-9999	-9999	-9999
0251421012	2010	9	3	246	-9999	-9999	-9999	-9999
0251421012	2010	9	4	247	-9999	-9999	-9999	-9999
0251421012	2010	9	5	248	-9999	-9999	-9999	-9999
0251421012	2010	9	6	249	-9999	-9999	-9999	-9999
0251421012	2010	9	7	250	-9999	-9999	-9999	-9999
0251421012	2010	9	8	251	-9999	-9999	-9999	-9999
0251421012	2010	9	9	252	-9999	-9999	-9999	-9999
0251421012	2010	9	10	253	-9999	-9999	-9999	-9999
0251421012	2010	9	11	254	-9999	-9999	-9999	-9999
0251421012	2010	9	12	255	-9999	-9999	-9999	-9999
0251421012	2010	9	13	256	-9999	-9999	-9999	-9999
0251421012	2010	9	14	257	-9999	-9999	-9999	-9999
0251421012	2010	9	15	258	-9999	-9999	-9999	-9999
0251421012	2010	9	16	259	-9999	-9999	-9999	-9999
0251421012	2010	9	17	260	-9999	-9999	-9999	-9999
0251421012	2010	9	18	261	-9999	-9999	-9999	-9999
0251421012	2010	9	19	262	-9999	-9999	-9999	-9999
0251421012	2010	9	20	263	-9999	-9999	-9999	-9999
0251421012	2010	9	21	264	-9999	-9999	-9999	-9999
0251421012	2010	9	22	265	-9999	-9999	-9999	-9999
0251421012	2010	9	23	266	-9999	-9999	-9999	-9999
0251421012	2010	9	24	267	-9999	-9999	-9999	-9999
0251421012	2010	9	25	268	-9999	-9999	-9999	-9999
0251421012	2010	9	26	269	-9999	-9999	-9999	-9999
0251421012	2010	9	27	270	-9999	-9999	-9999	-9999
0251421012	2010	9	28	271	-9999	-9999	-9999	-9999
0251421012	2010	9	29	272	-9999	-9999	-9999	-9999
0251421012	2010	9	30	273	0.3685	0.3805	0.31	0.3075
0251421012	2010	10	1	274	0.369	0.379	0.3055	0.3065
0251421012	2010	10	2	275	0.368	0.379	0.306	0.305
0251421012	2010	10	3	276	0.368	0.3785	0.3045	0.307
0251421012	2010	10	4	277	0.369	0.378	0.305	0.3055
0251421012	2010	10	5	278	0.3665	0.3785	0.3035	0.3055
0251421012	2010	10	6	279	0.365	0.3775	0.3025	0.3055
0251421012	2010	10	7	280	0.3645	0.377	0.303	0.307
0251421012	2010	10	8	281	0.3635	0.3765	0.303	0.307
0251421012	2010	10	9	282	0.3625	0.375	0.301	0.3055
0251421012	2010	10	10	283	0.363	0.375	0.304	0.304
0251421012	2010	10	11	284	0.3685	0.375	0.301	0.304
0251421012	2010	10	12	285	0.367	0.373	0.302	0.304
0251421012	2010	10	13	286	0.3645	0.372	0.301	0.3025
0251421012	2010	10	14	287	0.3635	0.371	0.2995	0.303
0251421012	2010	10	15	288	0.364	0.371	0.299	0.3015
0251421012	2010	10	16	289	0.363	0.3705	0.2975	0.302
0251421012	2010	10	17	290	0.362	0.371	0.298	0.3025
0251421012	2010	10	18	291	0.362	0.372	0.2975	0.3025
0251421012	2010	10	19	292	0.359	0.3695	0.296	0.3
0251421012	2010	10	20	293	0.357	0.369	0.2965	0.299
0251421012	2010	10	21	294	0.3535	0.3685	0.2955	0.2995
0251421012	2010	10	22	295	0.351	0.369	0.298	0.299
0251421012	2010	10	23	296	0.3505	0.368	0.297	0.2985
0251421012	2010	10	24	297	0.3515	0.368	0.297	0.302
0251421012	2010	10	25	298	0.3565	0.3685	0.2965	0.2975
0251421012	2010	10	26	299	0.356	0.367	0.2945	0.298
0251421012	2010	10	27	300	0.3575	0.367	0.2945	0.2965
0251421012	2010	10	28	301	0.3575	0.367	0.294	0.297
0251421012	2010	10	29	302	0.358	0.367	0.2945	0.296
0251421012	2010	10	30	303	0.358	0.367	0.2945	0.296
0251421012	2010	10	31	304	0.356	0.367	0.295	0.296
0251421012	2010	11	1	305	0.357	0.367	0.294	0.296
0251421012	2010	11	2	306	0.356	0.367	0.294	0.293
0251421012	2010	11	3	307	0.356	0.367	0.294	0.297
0251421012	2010	11	4	308	0.354	0.366	0.293	0.297
0251421012	2010	11	5	309	0.3535	0.3655	0.293	0.297
0251421012	2010	11	6	310	0.3515	0.366	0.2935	0.294
0251421012	2010	11	7	311	0.351	0.366	0.294	0.294
0251421012	2010	11	8	312	0.352	0.3655	0.2935	0.294
0251421012	2010	11	9	313	0.351	0.365	0.2925	0.295
0251421012	2010	11	10	314	0.352	0.365	0.2925	0.295
0251421012	2010	11	11	315	0.352	0.3645	0.291	0.2955
0251421012	2010	11	12	316	0.3525	0.3635	0.291	0.2945
0251421012	2010	11	13	317	0.351	0.364	0.291	0.294
0251421012	2010	11	14	318	0.351	0.364	0.291	0.294
0251421012	2010	11	15	319	0.351	0.3635	0.291	0.294
0251421012	2010	11	16	320	0.3515	0.363	0.291	0.294
0251421012	2010	11	17	321	0.352	0.363	0.291	0.294
0251421012	2010	11	18	322	0.3505	0.363	0.29	0.295
0251421012	2010	11	19	323	0.352	0.363	0.291	0.2945
0251421012	2010	11	20	324	0.352	0.3625	0.291	0.293
0251421012	2010	11	21	325	0.3525	0.3625	0.29	0.293
0251421012	2010	11	22	326	0.352	0.362	0.29	0.293
0251421012	2010	11	23	327	0.352	0.362	0.2905	0.293
0251421012	2010	11	24	328	0.352	0.362	0.292	0.2935
0251421012	2010	11	25	329	0.3515	0.362	0.292	0.294
0251421012	2010	11	26	330	0.351	0.362	0.289	0.294
0251421012	2010	11	27	331	0.3505	0.362	0.289	0.294
0251421012	2010	11	28	332	0.352	0.362	0.289	0.294
0251421012	2010	11	29	333	0.349	0.36	0.29	0.293
0251421012	2010	11	30	334	0.3495	0.3605	0.291	0.293
0251421012	2010	12	1	335	0.3495	0.362	0.2915	0.293
0251421012	2010	12	2	336	0.3485	0.362	0.29	0.293
0251421012	2010	12	3	337	0.347	0.362	0.29	0.293
0251421012	2010	12	4	338	0.346	0.36	0.2905	0.293
0251421012	2010	12	5	339	0.346	0.36	0.291	0.2935
0251421012	2010	12	6	340	0.3465	0.3605	0.2915	0.294
0251421012	2010	12	7	341	0.346	0.3605	0.2915	0.294
0251421012	2010	12	8	342	0.3455	0.361	0.289	0.2945
0251421012	2010	12	9	343	0.3455	0.36	0.29	0.292
0251421012	2010	12	10	344	0.346	0.36	0.2915	0.29
0251421012	2010	12	11	345	0.3445	0.36	0.2915	0.291
0251421012	2010	12	12	346	0.345	0.36	0.29	0.291
0251421012	2010	12	13	347	0.344	0.359	0.2905	0.291
0251421012	2010	12	14	348	0.345	0.358	0.292	0.291
0251421012	2010	12	15	349	0.344	0.359	0.2905	0.291
0251421012	2010	12	16	350	0.344	0.36	0.289	0.291
0251421012	2010	12	17	351	0.344	0.359	0.29	0.2915
0251421012	2010	12	18	352	0.345	0.359	0.291	0.292
0251421012	2010	12	19	353	0.344	0.358	0.289	0.292
0251421012	2010	12	20	354	0.342	0.358	0.29	0.292
0251421012	2010	12	21	355	0.343	0.358	0.2895	0.292
0251421012	2010	12	22	356	0.342	0.358	0.2905	0.292
0251421012	2010	12	23	357	0.342	0.358	0.2895	0.292
0251421012	2010	12	24	358	0.3425	0.358	0.2905	0.2915
0251421012	2010	12	25	359	0.3425	0.3585	0.291	0.2915
0251421012	2010	12	26	360	0.339	0.3585	0.291	0.291
0251421012	2010	12	27	361	0.3385	0.359	0.291	0.291
0251421012	2010	12	28	362	0.338	0.3575	0.291	0.291
0251421012	2010	12	29	363	0.338	0.3575	0.2905	0.291
0251421012	2010	12	30	364	0.337	0.356	0.291	0.291
0251421012	2010	12	31	365	0.336	0.356	0.29	0.291
0251421012	2011	1	1	1	0.336	0.3565	0.291	0.291
0251421012	2011	1	2	2	0.3355	0.3565	0.291	0.291
0251421012	2011	1	3	3	0.3345	0.356	0.291	0.291
0251421012	2011	1	4	4	0.3335	0.356	0.2905	0.291
0251421012	2011	1	5	5	0.334	0.355	0.291	0.291
0251421012	2011	1	6	6	0.334	0.354	0.291	0.291
0251421012	2011	1	7	7	0.332	0.3555	0.291	0.291
0251421012	2011	1	8	8	0.33	0.354	0.29	0.289
0251421012	2011	1	9	9	0.33	0.354	0.29	0.287
0251421012	2011	1	10	10	0.3285	0.354	0.289	0.287
0251421012	2011	1	11	11	0.329	0.353	0.29	0.287
0251421012	2011	1	12	12	0.329	0.353	0.289	0.287
0251421012	2011	1	13	13	0.3285	0.353	0.289	0.2875
0251421012	2011	1	14	14	0.327	0.353	0.289	0.2875
0251421012	2011	1	15	15	0.327	0.352	0.289	0.289
0251421012	2011	1	16	16	0.327	0.351	0.289	0.289
0251421012	2011	1	17	17	0.326	0.351	0.289	0.289
0251421012	2011	1	18	18	0.326	0.351	0.2885	0.289
0251421012	2011	1	19	19	0.326	0.3525	0.289	0.288
0251421012	2011	1	20	20	0.326	0.353	0.2885	0.29
0251421012	2011	1	21	21	0.3245	0.353	0.289	0.29
0251421012	2011	1	22	22	0.323	0.353	0.288	0.2905
0251421012	2011	1	23	23	0.326	0.351	0.2885	0.2905
0251421012	2011	1	24	24	0.323	0.35	0.289	0.29
0251421012	2011	1	25	25	0.323	0.3505	0.2885	0.291
0251421012	2011	1	26	26	0.323	0.351	0.2885	0.291
0251421012	2011	1	27	27	0.323	0.351	0.2885	0.2905
0251421012	2011	1	28	28	0.323	0.35	0.2885	0.291
0251421012	2011	1	29	29	0.3225	0.35	0.2885	0.291
0251421012	2011	1	30	30	0.323	0.35	0.289	0.291
0251421012	2011	1	31	31	0.322	0.35	0.289	0.2895
0251421012	2011	2	1	32	0.322	0.3495	0.2885	0.288
0251421012	2011	2	2	33	0.322	0.3495	0.289	0.288
0251421012	2011	2	3	34	0.3235	0.349	0.289	0.288
0251421012	2011	2	4	35	0.322	0.349	0.289	0.288
0251421012	2011	2	5	36	0.3235	0.349	0.289	0.288
0251421012	2011	2	6	37	0.3215	0.3495	0.289	0.288
0251421012	2011	2	7	38	0.3215	0.349	0.2895	0.288
0251421012	2011	2	8	39	0.3185	0.348	0.289	0.288
0251421012	2011	2	9	40	0.32	0.348	0.289	0.288
0251421012	2011	2	10	41	0.318	0.348	0.289	0.288
0251421012	2011	2	11	42	0.318	0.348	0.2895	0.288
0251421012	2011	2	12	43	0.3185	0.348	0.2885	0.2885
0251421012	2011	2	13	44	0.317	0.347	0.2885	0.288
0251421012	2011	2	14	45	0.3165	0.347	0.2885	0.2885
0251421012	2011	2	15	46	0.3165	0.347	0.2885	0.2885
0251421012	2011	2	16	47	0.3165	0.347	0.289	0.289
0251421012	2011	2	17	48	0.314	0.345	0.288	0.289
0251421012	2011	2	18	49	0.3135	0.345	0.289	0.2885
0251421012	2011	2	19	50	0.314	0.345	0.2885	0.289
0251421012	2011	2	20	51	0.312	0.345	0.2885	0.289
0251421012	2011	2	21	52	0.313	0.347	0.288	0.289
0251421012	2011	2	22	53	0.31	0.346	0.288	0.289
0251421012	2011	2	23	54	0.311	0.345	0.288	0.289
0251421012	2011	2	24	55	0.31	0.345	0.2885	0.289
0251421012	2011	2	25	56	0.309	0.345	0.2885	0.289
0251421012	2011	2	26	57	0.3095	0.346	0.288	0.289
0251421012	2011	2	27	58	0.308	0.344	0.288	0.289
0251421012	2011	2	28	59	0.308	0.3445	0.288	0.286
0251421012	2011	3	1	60	0.308	0.3445	0.2885	0.2875
0251421012	2011	3	2	61	0.308	0.345	0.2885	0.286
0251421012	2011	3	3	62	0.306	0.3445	0.288	0.286
0251421012	2011	3	4	63	0.3055	0.344	0.288	0.2865
0251421012	2011	3	5	64	0.306	0.3445	0.288	0.286
0251421012	2011	3	6	65	0.303	0.345	0.288	0.2865
0251421012	2011	3	7	66	0.304	0.345	0.288	0.286
0251421012	2011	3	8	67	0.302	0.3435	0.289	0.286
0251421012	2011	3	9	68	0.302	0.342	0.289	0.286
0251421012	2011	3	10	69	0.3	0.342	0.288	0.286
0251421012	2011	3	11	70	0.3	0.342	0.288	0.287
0251421012	2011	3	12	71	0.2975	0.342	0.288	0.287
0251421012	2011	3	13	72	0.299	0.3425	0.288	0.287
0251421012	2011	3	14	73	0.2975	0.342	0.288	0.287
0251421012	2011	3	15	74	0.2965	0.343	0.288	0.287
0251421012	2011	3	16	75	0.295	0.344	0.288	0.287
0251421012	2011	3	17	76	0.296	0.341	0.288	0.287
0251421012	2011	3	18	77	0.2965	0.341	0.289	0.287
0251421012	2011	3	19	78	0.297	0.341	0.288	0.287
0251421012	2011	3	20	79	0.2985	0.34	0.29	0.287
0251421012	2011	3	21	80	0.2975	0.339	0.288	0.287
0251421012	2011	3	22	81	0.296	0.339	0.288	0.287
0251421012	2011	3	23	82	0.296	0.34	0.2885	0.287
0251421012	2011	3	24	83	0.2955	0.34	0.288	0.287
0251421012	2011	3	25	84	0.2935	0.34	0.288	0.287
0251421012	2011	3	26	85	0.2935	0.339	0.2875	0.287
0251421012	2011	3	27	86	0.2965	0.338	0.288	0.287
0251421012	2011	3	28	87	0.294	0.338	0.288	0.2855
0251421012	2011	3	29	88	0.2965	0.338	0.288	0.2855
0251421012	2011	3	30	89	0.294	0.338	0.288	0.284
0251421012	2011	3	31	90	0.2975	0.338	0.289	0.284
0251421012	2011	4	1	91	0.2935	0.3385	0.287	0.2855
0251421012	2011	4	2	92	0.2985	0.3385	0.288	0.284
0251421012	2011	4	3	93	0.2965	0.339	0.2875	0.2845
0251421012	2011	4	4	94	0.2975	0.339	0.289	0.286
0251421012	2011	4	5	95	0.298	0.339	0.288	0.286
0251421012	2011	4	6	96	0.2975	0.339	0.288	0.2845
0251421012	2011	4	7	97	0.2975	0.3365	0.287	0.285
0251421012	2011	4	8	98	0.296	0.3365	0.289	0.287
0251421012	2011	4	9	99	0.2965	0.337	0.288	0.287
0251421012	2011	4	10	100	0.2955	0.337	0.289	0.287
0251421012	2011	4	11	101	0.295	0.337	0.287	0.286
0251421012	2011	4	12	102	0.297	0.337	0.2855	0.287
0251421012	2011	4	13	103	0.296	0.337	0.286	0.287
0251421012	2011	4	14	104	0.295	0.3375	0.2885	0.287
0251421012	2011	4	15	105	0.2965	0.3375	0.289	0.287
0251421012	2011	4	16	106	0.296	0.3375	0.285	0.287
0251421012	2011	4	17	107	0.297	0.336	0.2875	0.287
0251421012	2011	4	18	108	0.298	0.3365	0.287	0.287
0251421012	2011	4	19	109	0.297	0.337	0.288	0.287
0251421012	2011	4	20	110	0.298	0.336	0.286	0.287
0251421012	2011	4	21	111	0.298	0.338	0.288	0.287
0251421012	2011	4	22	112	0.294	0.337	0.2875	0.287
0251421012	2011	4	23	113	0.298	0.336	0.2875	0.287
0251421012	2011	4	24	114	0.299	0.337	0.286	0.287
0251421012	2011	4	25	115	0.299	0.336	0.2855	0.287
0251421012	2011	4	26	116	0.2985	0.3365	0.286	0.287
0251421012	2011	4	27	117	0.298	0.336	0.288	0.287
0251421012	2011	4	28	118	0.297	0.336	0.286	0.287
0251421012	2011	4	29	119	0.2995	0.337	0.2895	0.287
0251421012	2011	4	30	120	0.301	0.336	0.286	0.2875
0251421012	2011	5	1	121	0.298	0.338	0.286	0.287
0251421012	2011	5	2	122	0.298	0.338	0.286	0.287
0251421012	2011	5	3	123	0.301	0.336	0.286	0.287
0251421012	2011	5	4	124	0.301	0.337	0.286	0.287
0251421012	2011	5	5	125	0.301	0.3365	0.286	0.2875
0251421012	2011	5	6	126	0.2995	0.336	0.286	0.287
0251421012	2011	5	7	127	0.301	0.337	0.286	0.287
0251421012	2011	5	8	128	0.301	0.336	0.287	0.287
0251421012	2011	5	9	129	0.302	0.335	0.286	0.2855
0251421012	2011	5	10	130	0.301	0.338	0.288	0.287
0251421012	2011	5	11	131	0.301	0.337	0.286	0.2865
0251421012	2011	5	12	132	0.305	0.336	0.286	0.288
0251421012	2011	5	13	133	0.305	0.336	0.288	0.2855
0251421012	2011	5	14	134	0.305	0.336	0.286	0.286
0251421012	2011	5	15	135	0.304	0.3355	0.286	0.2855
0251421012	2011	5	16	136	0.306	0.3355	0.289	0.2875
0251421012	2011	5	17	137	0.302	0.335	0.286	0.287
0251421012	2011	5	18	138	0.302	0.336	0.285	0.286
0251421012	2011	5	19	139	0.304	0.337	0.288	0.286
0251421012	2011	5	20	140	0.306	0.337	0.286	0.286
0251421012	2011	5	21	141	0.306	0.337	0.286	0.287
0251421012	2011	5	22	142	0.306	0.337	0.286	0.2875
0251421012	2011	5	23	143	0.306	0.337	0.286	0.287
0251421012	2011	5	24	144	0.306	0.337	0.286	0.2875
0251421012	2011	5	25	145	0.3185	0.337	0.3065	0.286
0251421012	2011	5	26	146	0.3335	0.339	0.3045	0.291
0251421012	2011	5	27	147	0.336	0.3425	0.301	0.291
0251421012	2011	5	28	148	0.338	0.3415	0.3005	0.2905
0251421012	2011	5	29	149	0.338	0.345	0.297	0.2925
0251421012	2011	5	30	150	0.339	0.345	0.298	0.294
0251421012	2011	5	31	151	0.34	0.347	0.296	0.294
0251421012	2011	6	1	152	0.3415	0.3475	0.2965	0.294
0251421012	2011	6	2	153	0.342	0.347	0.296	0.2945
0251421012	2011	6	3	154	0.342	0.3475	0.296	0.2925
0251421012	2011	6	4	155	0.3425	0.349	0.296	0.292
0251421012	2011	6	5	156	0.342	0.349	0.296	0.294
0251421012	2011	6	6	157	0.341	0.35	0.296	0.294
0251421012	2011	6	7	158	0.3555	0.351	0.2995	0.2945
0251421012	2011	6	8	159	0.358	0.35	0.304	0.2985
0251421012	2011	6	9	160	0.36	0.353	0.3025	0.302
0251421012	2011	6	10	161	0.3585	0.354	0.301	0.301
0251421012	2011	6	11	162	0.357	0.355	0.301	0.302
0251421012	2011	6	12	163	0.357	0.357	0.3	0.302
0251421012	2011	6	13	164	0.3585	0.3555	0.2995	0.302
0251421012	2011	6	14	165	0.3655	0.357	0.313	0.3085
0251421012	2011	6	15	166	0.3695	0.3575	0.3165	0.323
0251421012	2011	6	16	167	0.366	0.361	0.312	0.3245
0251421012	2011	6	17	168	0.366	0.362	0.309	0.3225
0251421012	2011	6	18	169	0.3655	0.362	0.3085	0.32
0251421012	2011	6	19	170	0.372	0.3635	0.3225	0.3555
0251421012	2011	6	20	171	0.377	0.368	0.3275	0.3635
0251421012	2011	6	21	172	0.379	0.376	0.33	0.377
0251421012	2011	6	22	173	0.381	0.3835	0.3355	0.3835
0251421012	2011	6	23	174	0.382	0.3865	0.334	0.382
0251421012	2011	6	24	175	0.3825	0.3875	0.334	0.382
0251421012	2011	6	25	176	0.383	0.389	0.333	0.382
0251421012	2011	6	26	177	0.384	0.389	0.333	0.382
0251421012	2011	6	27	178	0.385	0.39	0.3335	0.3815
0251421012	2011	6	28	179	0.387	0.3915	0.3315	0.382
0251421012	2011	6	29	180	0.387	0.3925	-9999	0.3895
0251421012	2011	6	30	181	0.387	0.3915	0.334	0.3825
0251421012	2011	7	1	182	0.3865	0.391	0.3335	0.3825
0251421012	2011	7	2	183	0.387	0.393	0.345	0.389
0251421012	2011	7	3	184	0.3875	0.394	-9999	0.3895
0251421012	2011	7	4	185	0.387	0.3935	0.3485	0.389
0251421012	2011	7	5	186	0.3875	0.3935	0.3485	0.3885
0251421012	2011	7	6	187	0.3885	0.392	0.332	0.381
0251421012	2011	7	7	188	0.388	0.3905	0.33	0.3745
0251421012	2011	7	8	189	0.386	0.39	0.3275	0.369
0251421012	2011	7	9	190	0.382	0.388	0.327	0.366
0251421012	2011	7	10	191	0.3785	0.3875	0.3255	0.363
0251421012	2011	7	11	192	0.377	0.387	0.324	0.359
0251421012	2011	7	12	193	0.3745	0.386	0.323	0.3585
0251421012	2011	7	13	194	0.38	0.3855	0.322	0.356
0251421012	2011	7	14	195	0.378	0.3855	0.322	0.3565
0251421012	2011	7	15	196	0.377	0.385	0.32	0.355
0251421012	2011	7	16	197	0.374	0.385	0.3195	0.354
0251421012	2011	7	17	198	0.3715	0.384	0.321	0.3525
0251421012	2011	7	18	199	0.3675	0.3845	0.321	0.353
0251421012	2011	7	19	200	0.3595	0.384	0.3215	0.354
0251421012	2011	7	20	201	0.3465	0.3815	0.3215	0.3515
0251421012	2011	7	21	202	0.336	0.3805	0.3185	0.351
0251421012	2011	7	22	203	0.326	0.3795	0.3195	0.3515
0251421012	2011	7	23	204	0.312	0.3775	0.32	0.349
0251421012	2011	7	24	205	0.2945	0.3745	0.3195	0.3505
0251421012	2011	7	25	206	0.27	0.3725	0.319	0.35
0251421012	2011	7	26	207	0.252	0.3695	0.3195	0.349
0251421012	2011	7	27	208	0.2345	0.365	0.32	0.349
0251421012	2011	7	28	209	0.2235	0.361	0.316	0.349
0251421012	2011	7	29	210	0.2145	0.355	0.316	0.348
0251421012	2011	7	30	211	0.208	0.349	0.3155	0.348
0251421012	2011	7	31	212	0.204	0.3405	0.316	0.347
0251421012	2011	8	1	213	0.201	0.3355	0.316	0.346
0251421012	2011	8	2	214	0.1915	0.3285	0.3165	0.3465
0251421012	2011	8	3	215	0.191	0.3215	0.314	0.347
0251421012	2011	8	4	216	0.1915	0.3155	0.3135	0.3465
0251421012	2011	8	5	217	0.1915	0.312	0.314	0.347
0251421012	2011	8	6	218	0.19	0.3085	0.313	0.3455
0251421012	2011	8	7	219	0.191	0.303	0.312	0.344
0251421012	2011	8	8	220	0.193	0.2965	0.312	0.3445
0251421012	2011	8	9	221	0.19	0.2875	0.311	0.344
0251421012	2011	8	10	222	0.1875	0.28	0.311	0.343
0251421012	2011	8	11	223	0.184	0.273	0.31	0.343
0251421012	2011	8	12	224	0.1845	0.2685	0.311	0.343
0251421012	2011	8	13	225	0.1845	0.2615	0.312	0.342
0251421012	2011	8	14	226	0.1845	0.2565	0.311	0.342
0251421012	2011	8	15	227	0.1815	0.25	0.311	0.34
0251421012	2011	8	16	228	0.173	0.249	0.311	0.34
0251421012	2011	8	17	229	0.1765	0.2465	0.31	0.341
0251421012	2011	8	18	230	0.178	0.2505	0.3085	0.34
0251421012	2011	8	19	231	0.1795	0.245	0.309	0.34
0251421012	2011	8	20	232	0.1785	0.2425	0.3075	0.339
0251421012	2011	8	21	233	0.1805	0.242	0.307	0.339
0251421012	2011	8	22	234	0.179	0.2395	0.307	0.3385
0251421012	2011	8	23	235	0.1765	0.2355	0.307	0.338
0251421012	2011	8	24	236	0.175	0.232	0.3055	0.3385
0251421012	2011	8	25	237	0.1715	0.2315	0.3045	0.337
0251421012	2011	8	26	238	0.1715	0.231	0.306	0.335
0251421012	2011	8	27	239	0.173	0.2265	0.3065	0.336
0251421012	2011	8	28	240	0.1685	0.2285	0.306	0.3355
0251421012	2011	8	29	241	0.1665	0.2255	0.306	0.337
0251421012	2011	8	30	242	0.166	0.222	0.3035	0.3375
0251421012	2011	8	31	243	0.1675	0.225	0.3045	0.3365
0251421012	2011	9	1	244	0.163	0.2215	0.303	0.3345
0251421012	2011	9	2	245	0.1615	0.2165	0.3025	0.335
0251421012	2011	9	3	246	0.157	0.218	0.3	0.333
0251421012	2011	9	4	247	0.165	0.216	0.301	0.334
0251421012	2011	9	5	248	0.1675	0.2195	0.301	0.332
0251421012	2011	9	6	249	0.1715	0.2225	0.2995	0.334
0251421012	2011	9	7	250	0.1705	0.222	0.3015	0.3315
0251421012	2011	9	8	251	0.171	0.22	0.3005	0.332
0251421012	2011	9	9	252	0.167	0.2195	0.302	0.332
0251421012	2011	9	10	253	0.165	0.22	0.3	0.329
0251421012	2011	9	11	254	0.1665	0.217	0.3015	0.331
0251421012	2011	9	12	255	0.165	0.2185	0.301	0.33
0251421012	2011	9	13	256	0.1675	0.2175	0.303	0.329
0251421012	2011	9	14	257	0.1625	0.218	0.301	0.329
0251421012	2011	9	15	258	0.161	0.2155	0.299	0.3295
0251421012	2011	9	16	259	0.1595	0.2175	0.298	0.33
0251421012	2011	9	17	260	0.1585	0.2135	0.297	0.331
0251421012	2011	9	18	261	0.1565	0.2115	0.297	0.3285
0251421012	2011	9	19	262	0.156	0.2135	0.297	0.327
0251421012	2011	9	20	263	0.1505	0.211	0.295	0.3275
0251421012	2011	9	21	264	0.1535	0.2095	0.295	0.328
0251421012	2011	9	22	265	0.157	0.212	0.2935	0.326
0251421012	2011	9	23	266	0.1695	0.2135	0.2935	0.3245
0251421012	2011	9	24	267	0.17	0.2165	0.2935	0.325
0251421012	2011	9	25	268	0.1765	0.215	0.2935	0.326
0251421012	2011	9	26	269	0.175	0.2175	0.294	0.323
0251421012	2011	9	27	270	0.174	0.215	0.295	0.323
0251421012	2011	9	28	271	0.174	0.2175	0.2955	0.3235
0251421012	2011	9	29	272	0.1665	0.2135	0.295	0.324
0251421012	2011	9	30	273	0.168	0.213	0.2945	0.3225
0251421012	2011	10	1	274	0.172	0.214	0.295	0.3225
0251421012	2011	10	2	275	0.172	0.215	0.295	0.324
0251421012	2011	10	3	276	0.17	0.214	0.295	0.3245
0251421012	2011	10	4	277	0.1685	0.2145	0.2935	0.3235
0251421012	2011	10	5	278	0.165	0.214	0.293	0.322
0251421012	2011	10	6	279	0.303	0.2095	0.294	0.3225
0251421012	2011	10	7	280	0.3235	0.211	0.294	0.3225
0251421012	2011	10	8	281	0.3425	0.208	0.2915	0.3215
0251421012	2011	10	9	282	0.34	0.208	0.2925	0.321
0251421012	2011	10	10	283	0.336	0.2115	0.291	0.321
0251421012	2011	10	11	284	0.341	0.212	0.293	0.318
0251421012	2011	10	12	285	0.344	0.219	0.2915	0.3195
0251421012	2011	10	13	286	0.338	0.23	0.2915	0.321
0251421012	2011	10	14	287	0.334	0.241	0.292	0.3205
0251421012	2011	10	15	288	0.3435	0.2475	0.292	0.32
0251421012	2011	10	16	289	0.351	0.3045	0.29	0.3205
0251421012	2011	10	17	290	0.3475	0.327	0.292	0.3175
0251421012	2011	10	18	291	0.337	0.3285	0.287	0.317
0251421012	2011	10	19	292	0.3295	0.327	0.2895	0.3175
0251421012	2011	10	20	293	0.323	0.326	0.287	0.3175
0251421012	2011	10	21	294	0.3245	0.322	0.287	0.3165
0251421012	2011	10	22	295	0.3255	0.322	0.2875	0.318
0251421012	2011	10	23	296	0.327	0.322	0.286	0.318
0251421012	2011	10	24	297	0.335	0.324	0.287	0.318
0251421012	2011	10	25	298	0.336	0.329	0.2875	0.3165
0251421012	2011	10	26	299	0.337	0.329	0.287	0.315
0251421012	2011	10	27	300	0.336	0.331	0.2875	0.3165
0251421012	2011	10	28	301	0.336	0.331	0.287	0.317
0251421012	2011	10	29	302	0.3325	0.33	0.2875	0.317
0251421012	2011	10	30	303	0.331	0.3295	0.2875	0.317
0251421012	2011	10	31	304	0.329	0.329	0.289	0.317
0251421012	2011	11	1	305	0.3285	0.328	0.287	0.316
0251421012	2011	11	2	306	0.323	0.3285	0.286	0.314
0251421012	2011	11	3	307	0.317	0.327	0.286	0.314
0251421012	2011	11	4	308	0.31	0.327	0.286	0.314
0251421012	2011	11	5	309	0.3045	0.326	0.286	0.314
0251421012	2011	11	6	310	0.2995	0.325	0.287	0.3145
0251421012	2011	11	7	311	0.297	0.324	0.2865	0.315
0251421012	2011	11	8	312	0.292	0.322	0.287	0.315
0251421012	2011	11	9	313	0.288	0.322	0.287	0.3155
0251421012	2011	11	10	314	0.282	0.321	0.287	0.3155
0251421012	2011	11	11	315	0.273	0.321	0.2875	0.3145
0251421012	2011	11	12	316	0.2665	0.3185	0.287	0.314
0251421012	2011	11	13	317	0.2625	0.318	0.287	0.314
0251421012	2011	11	14	318	0.262	0.317	0.287	0.314
0251421012	2011	11	15	319	0.2655	0.3155	0.287	0.314
0251421012	2011	11	16	320	0.266	0.3155	0.287	0.314
0251421012	2011	11	17	321	0.2665	0.314	0.2865	0.314
0251421012	2011	11	18	322	0.264	0.3145	0.287	0.314
0251421012	2011	11	19	323	0.2635	0.313	0.2865	0.313
0251421012	2011	11	20	324	0.262	0.312	0.2865	0.313
0251421012	2011	11	21	325	0.261	0.3115	0.2865	0.314
0251421012	2011	11	22	326	0.2595	0.3115	0.2865	0.313
0251421012	2011	11	23	327	0.2575	0.311	0.2865	0.311
0251421012	2011	11	24	328	0.2575	0.309	0.2865	0.3125
0251421012	2011	11	25	329	0.2595	0.309	0.286	0.311
0251421012	2011	11	26	330	0.2585	0.308	0.2865	0.314
0251421012	2011	11	27	331	0.258	0.308	0.2875	0.314
0251421012	2011	11	28	332	0.2535	0.308	0.286	0.313
0251421012	2011	11	29	333	0.2505	0.306	0.287	0.314
0251421012	2011	11	30	334	0.249	0.306	0.287	0.314
0251421012	2011	12	1	335	0.251	0.306	0.287	0.314
0251421012	2011	12	2	336	0.248	0.3055	0.287	0.314
0251421012	2011	12	3	337	0.246	0.3055	0.2865	0.314
0251421012	2011	12	4	338	0.2395	0.3065	0.288	0.314
0251421012	2011	12	5	339	0.2415	0.3035	0.2865	0.3125
0251421012	2011	12	6	340	0.234	0.304	0.288	0.311
0251421012	2011	12	7	341	0.234	0.303	0.287	0.3125
0251421012	2011	12	8	342	0.2295	0.305	0.2875	0.311
0251421012	2011	12	9	343	0.2265	0.3035	0.2875	0.311
0251421012	2011	12	10	344	0.226	0.302	0.287	0.311
0251421012	2011	12	11	345	0.2225	0.3	0.2865	0.311
0251421012	2011	12	12	346	0.2205	0.301	0.288	0.311
0251421012	2011	12	13	347	0.214	0.2985	0.288	0.311
0251421012	2011	12	14	348	0.2115	0.3	0.288	0.312
0251421012	2011	12	15	349	0.211	0.299	0.2875	0.3115
0251421012	2011	12	16	350	0.21	0.299	0.2855	0.312
0251421012	2011	12	17	351	0.211	0.2975	0.2865	0.312
0251421012	2011	12	18	352	0.213	0.296	0.285	0.312
0251421012	2011	12	19	353	0.213	0.2975	0.2875	0.3125
0251421012	2011	12	20	354	0.208	0.296	0.285	0.312
0251421012	2011	12	21	355	0.2135	0.295	0.287	0.311
0251421012	2011	12	22	356	0.213	0.293	0.2855	0.31
0251421012	2011	12	23	357	0.209	0.293	0.2845	0.31
0251421012	2011	12	24	358	0.212	0.292	0.287	0.31
0251421012	2011	12	25	359	0.2075	0.2915	0.2875	0.31
0251421012	2011	12	26	360	0.206	0.288	0.283	0.31
0251421012	2011	12	27	361	0.2065	0.289	0.285	0.31
0251421012	2011	12	28	362	0.2035	0.2865	0.285	0.31
0251421012	2011	12	29	363	0.206	0.2825	0.287	0.31
0251421012	2011	12	30	364	0.204	0.281	0.2835	0.31
0251421012	2011	12	31	365	0.205	0.279	0.2855	0.31
0251421012	2012	1	1	1	0.205	0.279	0.285	0.31
0251421012	2012	1	2	2	0.206	0.276	0.2835	0.31
0251421012	2012	1	3	3	0.203	0.274	0.2835	0.31
0251421012	2012	1	4	4	0.2045	0.2735	0.283	0.31
0251421012	2012	1	5	5	0.206	0.272	0.2835	0.3115
0251421012	2012	1	6	6	0.203	0.271	0.284	0.3105
0251421012	2012	1	7	7	0.2055	0.2665	0.2835	0.3105
0251421012	2012	1	8	8	0.206	0.268	0.286	0.311
0251421012	2012	1	9	9	0.204	0.263	0.286	0.309
0251421012	2012	1	10	10	0.204	0.261	0.285	0.3105
0251421012	2012	1	11	11	0.2045	0.256	0.284	0.3105
0251421012	2012	1	12	12	0.202	0.2555	0.286	0.312
0251421012	2012	1	13	13	0.2035	0.2505	0.2855	0.312
0251421012	2012	1	14	14	0.198	0.2475	0.284	0.312
0251421012	2012	1	15	15	0.196	0.2435	0.284	0.312
0251421012	2012	1	16	16	0.198	0.2415	0.2835	0.312
0251421012	2012	1	17	17	0.1985	0.2385	0.284	0.312
0251421012	2012	1	18	18	0.197	0.2355	0.284	0.312
0251421012	2012	1	19	19	0.1945	0.2335	0.284	0.312
0251421012	2012	1	20	20	0.194	0.232	0.284	0.312
0251421012	2012	1	21	21	0.1925	0.23	0.284	0.312
0251421012	2012	1	22	22	0.192	0.229	0.284	0.312
0251421012	2012	1	23	23	0.194	0.228	0.284	0.31
0251421012	2012	1	24	24	0.194	0.229	0.284	0.31
0251421012	2012	1	25	25	0.192	0.229	0.284	0.308
0251421012	2012	1	26	26	0.194	0.229	0.284	0.308
0251421012	2012	1	27	27	0.192	0.229	0.284	0.308
0251421012	2012	1	28	28	0.196	0.229	0.284	0.308
0251421012	2012	1	29	29	0.198	0.2305	0.283	0.308
0251421012	2012	1	30	30	0.196	0.2305	0.284	0.308
0251421012	2012	1	31	31	0.194	0.2305	0.283	0.308
0251421012	2012	2	1	32	0.198	0.229	0.2835	0.308
0251421012	2012	2	2	33	0.196	0.229	0.284	0.308
0251421012	2012	2	3	34	0.196	0.229	0.284	0.309
0251421012	2012	2	4	35	0.194	0.229	0.283	0.306
0251421012	2012	2	5	36	0.1975	0.229	0.282	0.3065
0251421012	2012	2	6	37	0.193	0.229	0.283	0.306
0251421012	2012	2	7	38	0.196	0.225	0.283	0.3065
0251421012	2012	2	8	39	0.192	0.227	0.2835	0.307
0251421012	2012	2	9	40	0.194	0.228	0.282	0.307
0251421012	2012	2	10	41	0.194	0.2255	0.282	0.308
0251421012	2012	2	11	42	0.1925	0.2255	0.282	0.3065
0251421012	2012	2	12	43	0.194	0.2245	0.282	0.3065
0251421012	2012	2	13	44	0.195	0.225	0.282	0.306
0251421012	2012	2	14	45	0.191	0.225	0.282	0.305
0251421012	2012	2	15	46	0.194	0.225	0.2825	0.305
0251421012	2012	2	16	47	0.1945	0.2235	0.282	0.306
0251421012	2012	2	17	48	0.194	0.223	0.282	0.306
0251421012	2012	2	18	49	0.194	0.2235	0.282	0.306
0251421012	2012	2	19	50	0.194	0.2225	0.2805	0.306
0251421012	2012	2	20	51	0.19	0.222	0.28	0.3055
0251421012	2012	2	21	52	0.194	0.223	0.2815	0.305
0251421012	2012	2	22	53	0.194	0.2235	0.281	0.306
0251421012	2012	2	23	54	0.194	0.2235	0.2815	0.306
0251421012	2012	2	24	55	0.194	0.225	0.281	0.306
0251421012	2012	2	25	56	0.194	0.225	0.281	0.306
0251421012	2012	2	26	57	0.194	0.2245	0.281	0.306
0251421012	2012	2	27	58	0.194	0.225	0.2815	0.3065
0251421012	2012	2	28	59	0.195	0.2215	0.28	0.3055
0251421012	2012	2	29	60	0.194	0.221	0.28	0.304
0251421012	2012	3	1	61	0.192	0.223	0.279	0.304
0251421012	2012	3	2	62	0.193	0.2245	0.2805	0.304
0251421012	2012	3	3	63	0.198	0.225	0.2805	0.304
0251421012	2012	3	4	64	0.196	0.225	0.2805	0.304
0251421012	2012	3	5	65	0.193	0.225	0.279	0.304
0251421012	2012	3	6	66	0.194	0.225	0.2805	0.304
0251421012	2012	3	7	67	0.192	0.225	0.282	0.304
0251421012	2012	3	8	68	0.195	0.225	0.2805	0.3025
0251421012	2012	3	9	69	0.193	0.225	0.279	0.3015
0251421012	2012	3	10	70	0.193	0.2265	0.279	0.3025
0251421012	2012	3	11	71	0.192	0.225	0.2805	0.3025
0251421012	2012	3	12	72	0.193	0.225	0.2795	0.303
0251421012	2012	3	13	73	0.193	0.225	0.2795	0.303
0251421012	2012	3	14	74	0.193	0.225	0.279	0.303
0251421012	2012	3	15	75	0.192	0.225	0.2785	0.303
0251421012	2012	3	16	76	0.198	0.225	0.28	0.303
0251421012	2012	3	17	77	0.195	0.2245	0.28	0.3025
0251421012	2012	3	18	78	0.195	0.225	0.2805	0.302
0251421012	2012	3	19	79	0.195	0.2245	0.28	0.302
0251421012	2012	3	20	80	0.198	0.224	0.28	0.302
0251421012	2012	3	21	81	0.1945	0.224	0.28	0.302
0251421012	2012	3	22	82	0.197	0.2255	0.28	0.303
0251421012	2012	3	23	83	0.1955	0.227	0.28	0.302
0251421012	2012	3	24	84	0.194	0.226	0.28	0.302
0251421012	2012	3	25	85	0.197	0.226	0.28	0.3035
0251421012	2012	3	26	86	0.195	0.226	0.28	0.304
0251421012	2012	3	27	87	0.1945	0.226	0.28	0.304
0251421012	2012	3	28	88	0.195	0.225	0.28	0.303
0251421012	2012	3	29	89	0.1935	0.227	0.28	0.301
0251421012	2012	3	30	90	0.192	0.227	0.28	0.301
0251421012	2012	3	31	91	0.1955	0.227	0.2785	0.301
0251421012	2012	4	1	92	0.198	0.229	0.28	0.301
0251421012	2012	4	2	93	0.1975	0.228	0.28	0.301
0251421012	2012	4	3	94	0.197	0.229	0.279	0.301
0251421012	2012	4	4	95	0.197	0.2285	0.28	0.301
0251421012	2012	4	5	96	0.198	0.228	0.28	0.301
0251421012	2012	4	6	97	0.198	0.2335	0.28	0.301
0251421012	2012	4	7	98	0.198	0.232	0.2785	0.301
0251421012	2012	4	8	99	0.1975	0.2315	0.28	0.302
0251421012	2012	4	9	100	0.197	0.232	0.28	0.301
0251421012	2012	4	10	101	0.1975	0.23	0.28	0.3015
0251421012	2012	4	11	102	0.1985	0.2315	0.279	0.3015
0251421012	2012	4	12	103	0.202	0.231	0.322	0.3625
0251421012	2012	4	13	104	0.205	0.237	0.3135	0.344
0251421012	2012	4	14	105	0.211	0.239	0.3085	0.3375
0251421012	2012	4	15	106	0.213	0.241	0.3065	0.332
0251421012	2012	4	16	107	0.214	0.242	0.301	0.3295
0251421012	2012	4	17	108	0.217	0.245	0.3005	0.328
0251421012	2012	4	18	109	0.2185	0.2475	0.2985	0.325
0251421012	2012	4	19	110	0.22	0.2495	0.298	0.324
0251421012	2012	4	20	111	0.224	0.251	0.296	0.3225
0251421012	2012	4	21	112	0.221	0.252	0.296	0.3215
0251421012	2012	4	22	113	0.222	0.254	0.3135	0.3245
0251421012	2012	4	23	114	0.2245	0.287	0.3385	0.3865
0251421012	2012	4	24	115	-9999	-9999	-9999	-9999
0251421012	2012	4	25	116	-9999	-9999	-9999	-9999
0251421012	2012	4	26	117	-9999	-9999	-9999	-9999
0251421012	2012	4	27	118	0.241	0.376	0.344	0.389
0251421012	2012	4	28	119	0.2465	0.372	0.331	0.3785
0251421012	2012	4	29	120	0.2575	0.3695	0.325	0.3705
0251421012	2012	4	30	121	0.2645	0.3655	0.322	0.365
0251421012	2012	5	1	122	0.27	0.363	0.3185	0.3605
0251421012	2012	5	2	123	0.276	0.3615	0.3165	0.357
0251421012	2012	5	3	124	0.2815	0.36	0.314	0.3535
0251421012	2012	5	4	125	0.284	0.359	0.314	0.3515
0251421012	2012	5	5	126	0.29	0.36	0.3145	0.35
0251421012	2012	5	6	127	0.297	0.3605	0.3165	0.35
0251421012	2012	5	7	128	0.3025	0.36	0.3155	0.349
0251421012	2012	5	8	129	0.3095	0.3665	0.3395	0.3835
0251421012	2012	5	9	130	0.319	0.3755	0.348	0.381
0251421012	2012	5	10	131	0.3295	0.3785	0.349	0.383
0251421012	2012	5	11	132	0.335	0.373	0.331	0.377
0251421012	2012	5	12	133	0.3395	0.371	0.326	0.37
0251421012	2012	5	13	134	0.3435	0.3745	0.349	0.3905
0251421012	2012	5	14	135	0.35	0.3785	0.349	0.386
0251421012	2012	5	15	136	0.355	0.3795	0.352	0.389
0251421012	2012	5	16	137	0.358	0.381	0.358	0.389
0251421012	2012	5	17	138	0.3595	0.381	-9999	0.3895
0251421012	2012	5	18	139	0.3625	0.3835	-9999	0.39
0251421012	2012	5	19	140	0.363	0.38	0.346	0.3865
0251421012	2012	5	20	141	0.364	0.3795	0.3435	0.3885
0251421012	2012	5	21	142	0.3675	0.3835	-9999	0.3895
0251421012	2012	5	22	143	0.369	0.386	-9999	0.39
0251421012	2012	5	23	144	0.3675	0.3785	0.3415	0.3885
0251421012	2012	5	24	145	0.369	0.377	0.338	0.386
0251421012	2012	5	25	146	0.368	0.3725	0.3275	0.374
0251421012	2012	5	26	147	0.3665	0.37	0.324	0.368
0251421012	2012	5	27	148	0.364	0.3675	0.323	0.3625
0251421012	2012	5	28	149	0.3625	0.366	0.32	0.359
0251421012	2012	5	29	150	0.3615	0.364	0.3195	0.356
0251421012	2012	5	30	151	0.3675	0.3735	0.333	0.3765
0251421012	2012	5	31	152	0.37	0.374	0.3345	0.3815
0251421012	2012	6	1	153	0.372	0.3835	-9999	0.389
0251421012	2012	6	2	154	0.3745	0.382	-9999	0.389
0251421012	2012	6	3	155	0.3755	0.383	-9999	0.389
0251421012	2012	6	4	156	0.3765	0.383	-9999	0.39
0251421012	2012	6	5	157	0.377	0.3845	-9999	0.3885
0251421012	2012	6	6	158	0.376	0.3795	0.3415	0.392
0251421012	2012	6	7	159	0.3755	0.3795	-9999	0.388
0251421012	2012	6	8	160	0.3765	0.3805	-9999	0.388
0251421012	2012	6	9	161	0.3755	0.3755	0.33	0.3785
0251421012	2012	6	10	162	0.3745	0.3755	0.329	0.3775
0251421012	2012	6	11	163	0.3705	0.37	0.325	0.369
0251421012	2012	6	12	164	0.375	0.3745	0.3245	0.3645
0251421012	2012	6	13	165	0.3765	0.3785	0.338	0.3825
0251421012	2012	6	14	166	0.377	0.378	0.338	0.3855
0251421012	2012	6	15	167	0.377	0.374	0.327	0.3755
0251421012	2012	6	16	168	0.378	0.373	0.3265	0.3715
0251421012	2012	6	17	169	0.376	0.374	0.326	0.3685
0251421012	2012	6	18	170	0.3745	0.373	0.325	0.365
0251421012	2012	6	19	171	0.371	0.371	0.323	0.363
0251421012	2012	6	20	172	0.37	0.369	0.3215	0.3585
0251421012	2012	6	21	173	0.3695	0.369	0.319	0.3565
0251421012	2012	6	22	174	0.367	0.3685	0.3175	0.3545
0251421012	2012	6	23	175	0.368	0.3685	0.3175	0.353
0251421012	2012	6	24	176	0.363	0.369	0.319	0.352
0251421012	2012	6	25	177	0.3535	0.3685	0.3195	0.351
0251421012	2012	6	26	178	0.3445	0.366	0.32	0.351
0251421012	2012	6	27	179	0.3345	0.364	0.3185	0.3505
0251421012	2012	6	28	180	0.3265	0.361	0.3185	0.35
0251421012	2012	6	29	181	0.315	0.359	0.3165	0.35
0251421012	2012	6	30	182	0.303	0.356	0.3175	0.349
0251421012	2012	7	1	183	0.2905	0.352	0.317	0.3495
0251421012	2012	7	2	184	0.3145	0.3495	0.316	0.349
0251421012	2012	7	3	185	0.3185	0.3485	0.315	0.348
0251421012	2012	7	4	186	0.3015	0.347	0.314	0.348
0251421012	2012	7	5	187	0.287	0.3425	0.3145	0.348
0251421012	2012	7	6	188	0.2775	0.339	0.314	0.349
0251421012	2012	7	7	189	0.265	0.336	0.3135	0.348
0251421012	2012	7	8	190	0.2505	0.3315	0.313	0.348
0251421012	2012	7	9	191	0.242	0.328	0.313	0.348
0251421012	2012	7	10	192	0.228	0.3235	0.313	0.349
0251421012	2012	7	11	193	0.218	0.319	0.314	0.3475
0251421012	2012	7	12	194	0.208	0.3105	0.313	0.346
0251421012	2012	7	13	195	0.1975	0.3015	0.3125	0.346
0251421012	2012	7	14	196	0.1945	0.295	0.313	0.346
0251421012	2012	7	15	197	0.193	0.2915	0.3105	0.346
0251421012	2012	7	16	198	0.1945	0.288	0.3105	0.346
0251421012	2012	7	17	199	0.199	0.284	0.311	0.3455
0251421012	2012	7	18	200	0.2095	0.2845	0.3085	0.345
0251421012	2012	7	19	201	0.2125	0.2825	0.311	0.344
0251421012	2012	7	20	202	0.206	0.276	0.31	0.344
0251421012	2012	7	21	203	0.2095	0.2735	0.3115	0.3435
0251421012	2012	7	22	204	0.205	0.271	0.3115	0.3435
0251421012	2012	7	23	205	0.1955	0.2645	0.312	0.344
0251421012	2012	7	24	206	0.1945	0.2555	0.312	0.344
0251421012	2012	7	25	207	0.1875	0.249	0.3115	0.3425
0251421012	2012	7	26	208	0.184	0.248	0.31	0.3415
0251421012	2012	7	27	209	0.1855	0.2435	0.308	0.342
0251421012	2012	7	28	210	0.184	0.244	0.307	0.342
0251421012	2012	7	29	211	0.186	0.243	0.3065	0.342
0251421012	2012	7	30	212	0.189	0.239	0.307	0.34
0251421012	2012	7	31	213	0.1865	0.241	0.3055	0.34
0251421012	2012	8	1	214	0.183	0.238	0.3055	0.339
0251421012	2012	8	2	215	0.1815	0.2335	0.305	0.339
0251421012	2012	8	3	216	0.178	0.233	0.3055	0.34
0251421012	2012	8	4	217	0.176	0.228	0.3055	0.34
0251421012	2012	8	5	218	0.1785	0.2285	0.304	0.34
0251421012	2012	8	6	219	0.1765	0.2315	0.3025	0.339
0251421012	2012	8	7	220	0.1805	0.229	0.301	0.338
0251421012	2012	8	8	221	0.177	0.226	0.3	0.338
0251421012	2012	8	9	222	0.179	0.224	0.301	0.3385
0251421012	2012	8	10	223	0.172	0.2265	0.3005	0.336
0251421012	2012	8	11	224	0.1685	0.222	0.3025	0.336
0251421012	2012	8	12	225	0.1725	0.221	0.303	0.336
0251421012	2012	8	13	226	0.1725	0.223	0.299	0.335
0251421012	2012	8	14	227	0.1715	0.2245	0.2975	0.338
0251421012	2012	8	15	228	0.17	0.2215	0.297	0.334
0251421012	2012	8	16	229	0.1685	0.218	0.2965	0.334
0251421012	2012	8	17	230	0.168	0.216	0.2955	0.334
0251421012	2012	8	18	231	0.17	0.216	0.297	0.333
0251421012	2012	8	19	232	0.1665	0.2155	0.293	0.332
0251421012	2012	8	20	233	0.1615	0.2145	0.293	0.332
0251421012	2012	8	21	234	0.1605	0.2135	0.293	0.3305
0251421012	2012	8	22	235	0.164	0.2115	0.289	0.3305
0251421012	2012	8	23	236	0.1605	0.2115	0.291	0.3315
0251421012	2012	8	24	237	0.159	0.209	0.288	0.33
0251421012	2012	8	25	238	0.1535	0.2055	0.287	0.329
0251421012	2012	8	26	239	0.1525	0.204	0.2855	0.328
0251421012	2012	8	27	240	0.1565	0.208	0.2845	0.3295
0251421012	2012	8	28	241	0.156	0.208	0.2835	0.329
0251421012	2012	8	29	242	0.1545	0.207	0.284	0.327
0251421012	2012	8	30	243	0.151	0.205	0.282	0.328
0251421012	2012	8	31	244	0.1465	0.202	0.28	0.327
0251421012	2012	9	1	245	0.147	0.2015	0.279	0.3275
0251421012	2012	9	2	246	0.144	0.1995	0.276	0.324
0251421012	2012	9	3	247	0.1455	0.198	0.275	0.325
0251421012	2012	9	4	248	0.1475	0.197	0.274	0.323
0251421012	2012	9	5	249	0.1465	0.196	0.275	0.3245
0251421012	2012	9	6	250	0.1425	0.194	0.2725	0.322
0251421012	2012	9	7	251	0.141	0.1945	0.2725	0.322
0251421012	2012	9	8	252	0.144	0.194	0.27	0.32
0251421012	2012	9	9	253	0.142	0.1955	0.274	0.3215
0251421012	2012	9	10	254	0.1455	0.196	0.273	0.321
0251421012	2012	9	11	255	0.14	0.194	0.2705	0.3205
0251421012	2012	9	12	256	0.139	0.1915	0.2705	0.319
0251421012	2012	9	13	257	0.139	0.1905	0.269	0.32
0251421012	2012	9	14	258	0.144	0.19	0.27	0.319
0251421012	2012	9	15	259	0.1415	0.194	0.266	0.3195
0251421012	2012	9	16	260	0.142	0.192	0.267	0.318
0251421012	2012	9	17	261	0.1395	0.1905	0.2665	0.318
0251421012	2012	9	18	262	0.1385	0.1905	0.267	0.316
0251421012	2012	9	19	263	0.138	0.193	0.2675	0.3165
0251421012	2012	9	20	264	0.1385	0.1905	0.2665	0.316
0251421012	2012	9	21	265	0.14	0.19	0.266	0.315
0251421012	2012	9	22	266	0.1405	0.1925	0.267	0.3135
0251421012	2012	9	23	267	0.139	0.1905	0.263	0.314
0251421012	2012	9	24	268	0.14	0.191	0.264	0.315
0251421012	2012	9	25	269	0.1375	0.1925	0.264	0.3145
0251421012	2012	9	26	270	0.141	0.191	0.2635	0.3135
0251421012	2012	9	27	271	0.1345	0.189	0.262	0.314
0251421012	2012	9	28	272	0.135	0.1885	0.2625	0.3135
0251421012	2012	9	29	273	0.1345	0.1895	0.262	0.312
0251421012	2012	9	30	274	0.135	0.19	0.262	0.313
0251421012	2012	10	1	275	0.132	0.186	0.262	0.3115
0251421012	2012	10	2	276	0.134	0.1875	0.2625	0.3105
0251421012	2012	10	3	277	0.13	0.187	0.262	0.311
0251421012	2012	10	4	278	0.122	0.185	0.263	0.311
0251421012	2012	10	5	279	0.127	0.1855	0.26	0.31
0251421012	2012	10	6	280	0.1265	0.18	0.2615	0.3105
0251421012	2012	10	7	281	0.126	0.1815	0.2605	0.311
0251421012	2012	10	8	282	0.1265	0.181	0.261	0.311
0251421012	2012	10	9	283	0.126	0.1835	0.259	0.311
0251421012	2012	10	10	284	0.126	0.18	0.259	0.308
0251421012	2012	10	11	285	0.1255	0.181	0.26	0.308
0251421012	2012	10	12	286	0.1255	0.182	0.26	0.308
0251421012	2012	10	13	287	-9999	0.1805	0.26	0.307
0251421012	2012	10	14	288	0.246	0.1815	0.26	0.306
0251421012	2012	10	15	289	0.293	0.1805	0.26	0.3065
0251421012	2012	10	16	290	0.323	0.1815	0.2605	0.3065
0251421012	2012	10	17	291	0.319	0.188	0.26	0.3065
0251421012	2012	10	18	292	0.297	0.1945	0.2605	0.306
0251421012	2012	10	19	293	0.2805	0.208	0.26	0.3065
0251421012	2012	10	20	294	0.276	0.21	0.2605	0.306
0251421012	2012	10	21	295	0.275	0.2145	0.2605	0.307
0251421012	2012	10	22	296	0.248	0.217	0.26	0.3055
0251421012	2012	10	23	297	0.243	0.225	0.26	0.304
0251421012	2012	10	24	298	0.2385	0.222	0.2595	0.304
0251421012	2012	10	25	299	0.24	0.2235	0.2605	0.306
0251421012	2012	10	26	300	0.24	0.2225	0.2605	0.3045
0251421012	2012	10	27	301	0.2385	0.225	0.2595	0.303
0251421012	2012	10	28	302	0.2405	0.223	0.26	0.303
0251421012	2012	10	29	303	0.2425	0.2265	0.26	0.303
0251421012	2012	10	30	304	0.2855	0.2265	0.2635	0.303
0251421012	2012	10	31	305	0.3005	0.227	0.2735	0.303
0251421012	2012	11	1	306	0.303	0.2335	0.2745	0.303
0251421012	2012	11	2	307	0.3045	0.239	0.275	0.303
0251421012	2012	11	3	308	0.306	0.2455	0.2745	0.304
0251421012	2012	11	4	309	0.306	0.2485	0.2745	0.304
0251421012	2012	11	5	310	0.307	0.256	0.2745	0.3055
0251421012	2012	11	6	311	0.3215	0.2725	0.285	0.303
0251421012	2012	11	7	312	0.3215	0.2955	0.288	0.306
0251421012	2012	11	8	313	0.322	0.306	0.286	0.305
0251421012	2012	11	9	314	0.322	0.313	0.288	0.305
0251421012	2012	11	10	315	0.3205	0.315	0.288	0.305
0251421012	2012	11	11	316	0.3195	0.3155	0.284	0.3035
0251421012	2012	11	12	317	0.317	0.316	0.284	0.305
0251421012	2012	11	13	318	0.3185	0.316	0.284	0.302
0251421012	2012	11	14	319	0.318	0.316	0.2825	0.3035
0251421012	2012	11	15	320	0.319	0.316	0.281	0.3055
0251421012	2012	11	16	321	0.318	0.316	0.2815	0.306
0251421012	2012	11	17	322	0.3155	0.316	0.282	0.306
0251421012	2012	11	18	323	0.3165	0.316	0.281	0.306
0251421012	2012	11	19	324	0.315	0.3165	0.28	0.3045
0251421012	2012	11	20	325	0.314	0.3165	0.2805	0.303
0251421012	2012	11	21	326	0.313	0.316	0.2795	0.303
0251421012	2012	11	22	327	0.3135	0.316	0.2785	0.303
0251421012	2012	11	23	328	0.3125	0.315	0.2795	0.303
0251421012	2012	11	24	329	0.3135	0.317	0.279	0.303
0251421012	2012	11	25	330	0.314	0.317	0.279	0.303
0251421012	2012	11	26	331	0.3115	0.3155	0.278	0.303
0251421012	2012	11	27	332	0.311	0.3155	0.279	0.303
0251421012	2012	11	28	333	0.308	0.314	0.279	0.303
0251421012	2012	11	29	334	0.3085	0.3145	0.279	0.303
0251421012	2012	11	30	335	0.3055	0.315	0.2765	0.303
0251421012	2012	12	1	336	0.305	0.315	0.275	0.303
0251421012	2012	12	2	337	0.305	0.312	0.2765	0.303
0251421012	2012	12	3	338	0.305	0.314	0.278	0.303
0251421012	2012	12	4	339	0.305	0.315	0.278	0.303
0251421012	2012	12	5	340	0.307	0.315	0.2765	0.302
0251421012	2012	12	6	341	0.309	0.315	0.277	0.3025
0251421012	2012	12	7	342	0.3085	0.315	0.278	0.3025
0251421012	2012	12	8	343	0.309	0.315	0.2775	0.3025
0251421012	2012	12	9	344	0.309	0.315	0.277	0.302
0251421012	2012	12	10	345	0.307	0.315	0.278	0.303
0251421012	2012	12	11	346	0.307	0.315	0.278	0.3025
0251421012	2012	12	12	347	0.3055	0.315	0.278	0.3025
0251421012	2012	12	13	348	0.3055	0.3145	0.278	0.303
0251421012	2012	12	14	349	0.306	0.314	0.278	0.303
0251421012	2012	12	15	350	0.305	0.3145	0.278	0.303
0251421012	2012	12	16	351	0.3055	0.3145	0.278	0.303
0251421012	2012	12	17	352	0.3035	0.3145	0.278	0.303
0251421012	2012	12	18	353	0.304	0.313	0.278	0.303
0251421012	2012	12	19	354	0.3025	0.3135	0.274	0.303
0251421012	2012	12	20	355	0.303	0.312	0.2735	0.303
0251421012	2012	12	21	356	0.3015	0.312	0.276	0.303
0251421012	2012	12	22	357	0.3	0.312	0.274	0.303
0251421012	2012	12	23	358	0.298	0.312	0.274	0.303
0251421012	2012	12	24	359	0.2985	0.3115	0.274	0.303
0251421012	2012	12	25	360	-9999	-9999	-9999	-9999
0251421012	2012	12	26	361	-9999	-9999	-9999	-9999
0251421012	2012	12	27	362	-9999	-9999	-9999	-9999
0251421012	2012	12	28	363	-9999	-9999	-9999	-9999
0251421012	2012	12	29	364	-9999	-9999	-9999	-9999
0251421012	2012	12	30	365	-9999	-9999	-9999	-9999
0251421012	2012	12	31	366	-9999	-9999	-9999	-9999
