stationID	Y	M	D	DOY	depth_10	depth_20	depth_51
0251580712	2007	1	1	1	-9999	-9999	-9999
0251580712	2007	1	2	2	-9999	-9999	-9999
0251580712	2007	1	3	3	-9999	-9999	-9999
0251580712	2007	1	4	4	-9999	-9999	-9999
0251580712	2007	1	5	5	-9999	-9999	-9999
0251580712	2007	1	6	6	-9999	-9999	-9999
0251580712	2007	1	7	7	-9999	-9999	-9999
0251580712	2007	1	8	8	-9999	-9999	-9999
0251580712	2007	1	9	9	-9999	-9999	-9999
0251580712	2007	1	10	10	-9999	-9999	-9999
0251580712	2007	1	11	11	-9999	-9999	-9999
0251580712	2007	1	12	12	-9999	-9999	-9999
0251580712	2007	1	13	13	-9999	-9999	-9999
0251580712	2007	1	14	14	-9999	-9999	-9999
0251580712	2007	1	15	15	-9999	-9999	-9999
0251580712	2007	1	16	16	-9999	-9999	-9999
0251580712	2007	1	17	17	-9999	-9999	-9999
0251580712	2007	1	18	18	-9999	-9999	-9999
0251580712	2007	1	19	19	-9999	-9999	-9999
0251580712	2007	1	20	20	-9999	-9999	-9999
0251580712	2007	1	21	21	-9999	-9999	-9999
0251580712	2007	1	22	22	-9999	-9999	-9999
0251580712	2007	1	23	23	-9999	-9999	-9999
0251580712	2007	1	24	24	-9999	-9999	-9999
0251580712	2007	1	25	25	-9999	-9999	-9999
0251580712	2007	1	26	26	-9999	-9999	-9999
0251580712	2007	1	27	27	-9999	-9999	-9999
0251580712	2007	1	28	28	-9999	-9999	-9999
0251580712	2007	1	29	29	-9999	-9999	-9999
0251580712	2007	1	30	30	-9999	-9999	-9999
0251580712	2007	1	31	31	-9999	-9999	-9999
0251580712	2007	2	1	32	-9999	-9999	-9999
0251580712	2007	2	2	33	-9999	-9999	-9999
0251580712	2007	2	3	34	-9999	-9999	-9999
0251580712	2007	2	4	35	-9999	-9999	-9999
0251580712	2007	2	5	36	-9999	-9999	-9999
0251580712	2007	2	6	37	-9999	-9999	-9999
0251580712	2007	2	7	38	-9999	-9999	-9999
0251580712	2007	2	8	39	-9999	-9999	-9999
0251580712	2007	2	9	40	-9999	-9999	-9999
0251580712	2007	2	10	41	-9999	-9999	-9999
0251580712	2007	2	11	42	-9999	-9999	-9999
0251580712	2007	2	12	43	-9999	-9999	-9999
0251580712	2007	2	13	44	-9999	-9999	-9999
0251580712	2007	2	14	45	-9999	-9999	-9999
0251580712	2007	2	15	46	-9999	-9999	-9999
0251580712	2007	2	16	47	-9999	-9999	-9999
0251580712	2007	2	17	48	-9999	-9999	-9999
0251580712	2007	2	18	49	-9999	-9999	-9999
0251580712	2007	2	19	50	-9999	-9999	-9999
0251580712	2007	2	20	51	-9999	-9999	-9999
0251580712	2007	2	21	52	-9999	-9999	-9999
0251580712	2007	2	22	53	-9999	-9999	-9999
0251580712	2007	2	23	54	-9999	-9999	-9999
0251580712	2007	2	24	55	-9999	-9999	-9999
0251580712	2007	2	25	56	-9999	-9999	-9999
0251580712	2007	2	26	57	-9999	-9999	-9999
0251580712	2007	2	27	58	-9999	-9999	-9999
0251580712	2007	2	28	59	-9999	-9999	-9999
0251580712	2007	3	1	60	-9999	-9999	-9999
0251580712	2007	3	2	61	-9999	-9999	-9999
0251580712	2007	3	3	62	-9999	-9999	-9999
0251580712	2007	3	4	63	-9999	-9999	-9999
0251580712	2007	3	5	64	-9999	-9999	-9999
0251580712	2007	3	6	65	-9999	-9999	-9999
0251580712	2007	3	7	66	-9999	-9999	-9999
0251580712	2007	3	8	67	-9999	-9999	-9999
0251580712	2007	3	9	68	-9999	-9999	-9999
0251580712	2007	3	10	69	-9999	-9999	-9999
0251580712	2007	3	11	70	-9999	-9999	-9999
0251580712	2007	3	12	71	-9999	-9999	-9999
0251580712	2007	3	13	72	-9999	-9999	-9999
0251580712	2007	3	14	73	-9999	-9999	-9999
0251580712	2007	3	15	74	-9999	-9999	-9999
0251580712	2007	3	16	75	-9999	-9999	-9999
0251580712	2007	3	17	76	-9999	-9999	-9999
0251580712	2007	3	18	77	-9999	-9999	-9999
0251580712	2007	3	19	78	-9999	-9999	-9999
0251580712	2007	3	20	79	-9999	-9999	-9999
0251580712	2007	3	21	80	-9999	-9999	-9999
0251580712	2007	3	22	81	-9999	-9999	-9999
0251580712	2007	3	23	82	-9999	-9999	-9999
0251580712	2007	3	24	83	-9999	-9999	-9999
0251580712	2007	3	25	84	-9999	-9999	-9999
0251580712	2007	3	26	85	-9999	-9999	-9999
0251580712	2007	3	27	86	-9999	-9999	-9999
0251580712	2007	3	28	87	-9999	-9999	-9999
0251580712	2007	3	29	88	-9999	-9999	-9999
0251580712	2007	3	30	89	-9999	-9999	-9999
0251580712	2007	3	31	90	-9999	-9999	-9999
0251580712	2007	4	1	91	-9999	-9999	-9999
0251580712	2007	4	2	92	-9999	-9999	-9999
0251580712	2007	4	3	93	-9999	-9999	-9999
0251580712	2007	4	4	94	-9999	-9999	-9999
0251580712	2007	4	5	95	-9999	-9999	-9999
0251580712	2007	4	6	96	-9999	-9999	-9999
0251580712	2007	4	7	97	-9999	-9999	-9999
0251580712	2007	4	8	98	-9999	-9999	-9999
0251580712	2007	4	9	99	-9999	-9999	-9999
0251580712	2007	4	10	100	-9999	-9999	-9999
0251580712	2007	4	11	101	-9999	-9999	-9999
0251580712	2007	4	12	102	-9999	-9999	-9999
0251580712	2007	4	13	103	-9999	-9999	-9999
0251580712	2007	4	14	104	-9999	-9999	-9999
0251580712	2007	4	15	105	-9999	-9999	-9999
0251580712	2007	4	16	106	-9999	-9999	-9999
0251580712	2007	4	17	107	-9999	-9999	-9999
0251580712	2007	4	18	108	-9999	-9999	-9999
0251580712	2007	4	19	109	-9999	-9999	-9999
0251580712	2007	4	20	110	-9999	-9999	-9999
0251580712	2007	4	21	111	-9999	-9999	-9999
0251580712	2007	4	22	112	-9999	-9999	-9999
0251580712	2007	4	23	113	-9999	-9999	-9999
0251580712	2007	4	24	114	-9999	-9999	-9999
0251580712	2007	4	25	115	-9999	-9999	-9999
0251580712	2007	4	26	116	-9999	-9999	-9999
0251580712	2007	4	27	117	-9999	-9999	-9999
0251580712	2007	4	28	118	-9999	-9999	-9999
0251580712	2007	4	29	119	-9999	-9999	-9999
0251580712	2007	4	30	120	-9999	-9999	-9999
0251580712	2007	5	1	121	-9999	-9999	-9999
0251580712	2007	5	2	122	-9999	-9999	-9999
0251580712	2007	5	3	123	-9999	-9999	-9999
0251580712	2007	5	4	124	-9999	-9999	-9999
0251580712	2007	5	5	125	-9999	-9999	-9999
0251580712	2007	5	6	126	-9999	-9999	-9999
0251580712	2007	5	7	127	-9999	-9999	-9999
0251580712	2007	5	8	128	-9999	-9999	-9999
0251580712	2007	5	9	129	-9999	-9999	-9999
0251580712	2007	5	10	130	-9999	-9999	-9999
0251580712	2007	5	11	131	-9999	-9999	-9999
0251580712	2007	5	12	132	-9999	-9999	-9999
0251580712	2007	5	13	133	-9999	-9999	-9999
0251580712	2007	5	14	134	-9999	-9999	-9999
0251580712	2007	5	15	135	-9999	-9999	-9999
0251580712	2007	5	16	136	-9999	-9999	-9999
0251580712	2007	5	17	137	-9999	-9999	-9999
0251580712	2007	5	18	138	-9999	-9999	-9999
0251580712	2007	5	19	139	-9999	-9999	-9999
0251580712	2007	5	20	140	-9999	-9999	-9999
0251580712	2007	5	21	141	-9999	-9999	-9999
0251580712	2007	5	22	142	-9999	-9999	-9999
0251580712	2007	5	23	143	-9999	-9999	-9999
0251580712	2007	5	24	144	-9999	-9999	-9999
0251580712	2007	5	25	145	-9999	-9999	-9999
0251580712	2007	5	26	146	-9999	-9999	-9999
0251580712	2007	5	27	147	-9999	-9999	-9999
0251580712	2007	5	28	148	-9999	-9999	-9999
0251580712	2007	5	29	149	-9999	-9999	-9999
0251580712	2007	5	30	150	-9999	-9999	-9999
0251580712	2007	5	31	151	-9999	-9999	-9999
0251580712	2007	6	1	152	-9999	-9999	-9999
0251580712	2007	6	2	153	-9999	-9999	-9999
0251580712	2007	6	3	154	-9999	-9999	-9999
0251580712	2007	6	4	155	-9999	-9999	-9999
0251580712	2007	6	5	156	-9999	-9999	-9999
0251580712	2007	6	6	157	-9999	-9999	-9999
0251580712	2007	6	7	158	-9999	-9999	-9999
0251580712	2007	6	8	159	-9999	-9999	-9999
0251580712	2007	6	9	160	-9999	-9999	-9999
0251580712	2007	6	10	161	-9999	-9999	-9999
0251580712	2007	6	11	162	-9999	-9999	-9999
0251580712	2007	6	12	163	-9999	-9999	-9999
0251580712	2007	6	13	164	-9999	-9999	-9999
0251580712	2007	6	14	165	-9999	-9999	-9999
0251580712	2007	6	15	166	-9999	-9999	-9999
0251580712	2007	6	16	167	-9999	-9999	-9999
0251580712	2007	6	17	168	-9999	-9999	-9999
0251580712	2007	6	18	169	-9999	-9999	-9999
0251580712	2007	6	19	170	-9999	-9999	-9999
0251580712	2007	6	20	171	-9999	-9999	-9999
0251580712	2007	6	21	172	-9999	-9999	-9999
0251580712	2007	6	22	173	-9999	-9999	-9999
0251580712	2007	6	23	174	-9999	-9999	-9999
0251580712	2007	6	24	175	-9999	-9999	-9999
0251580712	2007	6	25	176	-9999	-9999	-9999
0251580712	2007	6	26	177	-9999	-9999	-9999
0251580712	2007	6	27	178	-9999	-9999	-9999
0251580712	2007	6	28	179	-9999	-9999	-9999
0251580712	2007	6	29	180	-9999	-9999	-9999
0251580712	2007	6	30	181	-9999	-9999	-9999
0251580712	2007	7	1	182	-9999	-9999	-9999
0251580712	2007	7	2	183	-9999	-9999	-9999
0251580712	2007	7	3	184	-9999	-9999	-9999
0251580712	2007	7	4	185	-9999	-9999	-9999
0251580712	2007	7	5	186	-9999	-9999	-9999
0251580712	2007	7	6	187	-9999	-9999	-9999
0251580712	2007	7	7	188	-9999	-9999	-9999
0251580712	2007	7	8	189	-9999	-9999	-9999
0251580712	2007	7	9	190	-9999	-9999	-9999
0251580712	2007	7	10	191	-9999	-9999	-9999
0251580712	2007	7	11	192	-9999	-9999	-9999
0251580712	2007	7	12	193	-9999	-9999	-9999
0251580712	2007	7	13	194	-9999	-9999	-9999
0251580712	2007	7	14	195	-9999	-9999	-9999
0251580712	2007	7	15	196	-9999	-9999	-9999
0251580712	2007	7	16	197	-9999	-9999	-9999
0251580712	2007	7	17	198	-9999	-9999	-9999
0251580712	2007	7	18	199	-9999	-9999	-9999
0251580712	2007	7	19	200	-9999	-9999	-9999
0251580712	2007	7	20	201	-9999	-9999	-9999
0251580712	2007	7	21	202	-9999	-9999	-9999
0251580712	2007	7	22	203	-9999	-9999	-9999
0251580712	2007	7	23	204	-9999	-9999	-9999
0251580712	2007	7	24	205	-9999	-9999	-9999
0251580712	2007	7	25	206	-9999	-9999	-9999
0251580712	2007	7	26	207	-9999	-9999	-9999
0251580712	2007	7	27	208	-9999	-9999	-9999
0251580712	2007	7	28	209	-9999	-9999	-9999
0251580712	2007	7	29	210	-9999	-9999	-9999
0251580712	2007	7	30	211	-9999	-9999	-9999
0251580712	2007	7	31	212	-9999	-9999	-9999
0251580712	2007	8	1	213	-9999	-9999	-9999
0251580712	2007	8	2	214	-9999	-9999	-9999
0251580712	2007	8	3	215	-9999	-9999	-9999
0251580712	2007	8	4	216	-9999	-9999	-9999
0251580712	2007	8	5	217	-9999	-9999	-9999
0251580712	2007	8	6	218	-9999	-9999	-9999
0251580712	2007	8	7	219	-9999	-9999	-9999
0251580712	2007	8	8	220	0.035	-9999	-9999
0251580712	2007	8	9	221	0.037	-9999	-9999
0251580712	2007	8	10	222	0.0375	-9999	-9999
0251580712	2007	8	11	223	0.0365	-9999	-9999
0251580712	2007	8	12	224	0.033	-9999	-9999
0251580712	2007	8	13	225	0.036	-9999	-9999
0251580712	2007	8	14	226	0.036	-9999	-9999
0251580712	2007	8	15	227	0.037	-9999	-9999
0251580712	2007	8	16	228	0.0335	-9999	-9999
0251580712	2007	8	17	229	0.029	-9999	-9999
0251580712	2007	8	18	230	0.027	-9999	-9999
0251580712	2007	8	19	231	0.028	-9999	-9999
0251580712	2007	8	20	232	0.031	-9999	-9999
0251580712	2007	8	21	233	0.036	-9999	-9999
0251580712	2007	8	22	234	0.035	-9999	-9999
0251580712	2007	8	23	235	0.039	-9999	-9999
0251580712	2007	8	24	236	0.036	-9999	-9999
0251580712	2007	8	25	237	0.039	-9999	-9999
0251580712	2007	8	26	238	0.037	-9999	-9999
0251580712	2007	8	27	239	0.0435	-9999	-9999
0251580712	2007	8	28	240	0.04	-9999	-9999
0251580712	2007	8	29	241	0.0395	-9999	-9999
0251580712	2007	8	30	242	0.0335	-9999	-9999
0251580712	2007	8	31	243	0.0385	-9999	-9999
0251580712	2007	9	1	244	0.0325	-9999	-9999
0251580712	2007	9	2	245	0.034	-9999	-9999
0251580712	2007	9	3	246	0.0315	-9999	-9999
0251580712	2007	9	4	247	0.03	-9999	-9999
0251580712	2007	9	5	248	0.026	-9999	-9999
0251580712	2007	9	6	249	0.025	-9999	-9999
0251580712	2007	9	7	250	0.021	-9999	-9999
0251580712	2007	9	8	251	0.0245	-9999	-9999
0251580712	2007	9	9	252	0.025	-9999	-9999
0251580712	2007	9	10	253	0.0265	-9999	-9999
0251580712	2007	9	11	254	0.029	-9999	-9999
0251580712	2007	9	12	255	0.0315	-9999	-9999
0251580712	2007	9	13	256	0.029	-9999	-9999
0251580712	2007	9	14	257	0.031	-9999	-9999
0251580712	2007	9	15	258	0.0275	-9999	-9999
0251580712	2007	9	16	259	0.027	-9999	-9999
0251580712	2007	9	17	260	0.024	-9999	-9999
0251580712	2007	9	18	261	0.0255	-9999	-9999
0251580712	2007	9	19	262	0.0205	-9999	-9999
0251580712	2007	9	20	263	0.022	-9999	-9999
0251580712	2007	9	21	264	0.024	-9999	-9999
0251580712	2007	9	22	265	0.0215	-9999	-9999
0251580712	2007	9	23	266	0.025	-9999	-9999
0251580712	2007	9	24	267	0.047	-9999	-9999
0251580712	2007	9	25	268	0.068	-9999	-9999
0251580712	2007	9	26	269	0.0715	-9999	-9999
0251580712	2007	9	27	270	0.07	-9999	-9999
0251580712	2007	9	28	271	0.0685	-9999	-9999
0251580712	2007	9	29	272	0.068	-9999	-9999
0251580712	2007	9	30	273	0.065	-9999	-9999
0251580712	2007	10	1	274	0.062	-9999	-9999
0251580712	2007	10	2	275	0.0725	-9999	-9999
0251580712	2007	10	3	276	0.0795	-9999	-9999
0251580712	2007	10	4	277	0.087	-9999	-9999
0251580712	2007	10	5	278	0.121	0.024	-9999
0251580712	2007	10	6	279	0.159	0.0675	-9999
0251580712	2007	10	7	280	0.154	0.062	-9999
0251580712	2007	10	8	281	0.157	0.0655	-9999
0251580712	2007	10	9	282	0.1525	0.064	-9999
0251580712	2007	10	10	283	0.146	0.06	-9999
0251580712	2007	10	11	284	0.1415	0.055	-9999
0251580712	2007	10	12	285	0.1355	0.057	-9999
0251580712	2007	10	13	286	0.1365	0.0535	-9999
0251580712	2007	10	14	287	0.131	0.0545	-9999
0251580712	2007	10	15	288	0.128	0.052	-9999
0251580712	2007	10	16	289	0.1235	0.052	-9999
0251580712	2007	10	17	290	0.128	0.0505	-9999
0251580712	2007	10	18	291	0.1265	0.049	-9999
0251580712	2007	10	19	292	0.1295	0.0525	-9999
0251580712	2007	10	20	293	0.167	0.086	0.057
0251580712	2007	10	21	294	0.15	0.0735	0.045
0251580712	2007	10	22	295	0.1465	0.064	0.036
0251580712	2007	10	23	296	0.1465	0.066	0.034
0251580712	2007	10	24	297	0.151	0.067	0.036
0251580712	2007	10	25	298	0.1475	0.0675	0.035
0251580712	2007	10	26	299	0.1415	0.067	0.0345
0251580712	2007	10	27	300	0.1365	0.063	0.0315
0251580712	2007	10	28	301	0.13	0.0605	0.033
0251580712	2007	10	29	302	0.1305	0.057	0.029
0251580712	2007	10	30	303	0.1395	0.064	0.028
0251580712	2007	10	31	304	0.145	0.066	0.0255
0251580712	2007	11	1	305	0.1365	0.0655	0.0275
0251580712	2007	11	2	306	0.1355	0.063	0.035
0251580712	2007	11	3	307	0.1365	0.0625	0.027
0251580712	2007	11	4	308	0.132	0.059	0.0305
0251580712	2007	11	5	309	0.1265	0.0575	0.0275
0251580712	2007	11	6	310	0.1225	0.0585	0.0265
0251580712	2007	11	7	311	0.1245	0.0575	0.022
0251580712	2007	11	8	312	0.127	0.056	0.023
0251580712	2007	11	9	313	0.125	0.059	0.0235
0251580712	2007	11	10	314	0.1265	0.0575	0.021
0251580712	2007	11	11	315	0.1325	0.0605	0.0215
0251580712	2007	11	12	316	0.1305	0.059	0.0215
0251580712	2007	11	13	317	0.1325	0.06	0.022
0251580712	2007	11	14	318	0.1225	0.057	0.0225
0251580712	2007	11	15	319	0.0475	0.0555	0.022
0251580712	2007	11	16	320	0.0335	0.0525	0.02
0251580712	2007	11	17	321	0.048	0.053	0.023
0251580712	2007	11	18	322	0.1425	0.061	0.0175
0251580712	2007	11	19	323	0.1735	0.0635	0.0205
0251580712	2007	11	20	324	0.181	0.0635	0.021
0251580712	2007	11	21	325	0.1715	0.0645	0.03
0251580712	2007	11	22	326	0.1645	0.065	0.034
0251580712	2007	11	23	327	0.1595	0.064	0.035
0251580712	2007	11	24	328	0.1525	0.0615	0.0315
0251580712	2007	11	25	329	0.1475	0.059	0.0295
0251580712	2007	11	26	330	0.1445	0.0585	0.029
0251580712	2007	11	27	331	0.1405	0.0575	0.0245
0251580712	2007	11	28	332	0.1395	0.058	0.0225
0251580712	2007	11	29	333	0.1385	0.053	0.0235
0251580712	2007	11	30	334	0.135	0.057	0.021
0251580712	2007	12	1	335	0.1335	0.055	0.023
0251580712	2007	12	2	336	0.1335	0.057	0.017
0251580712	2007	12	3	337	0.136	0.0565	0.021
0251580712	2007	12	4	338	0.136	0.058	0.0205
0251580712	2007	12	5	339	0.1375	0.054	0.0205
0251580712	2007	12	6	340	0.138	0.0555	0.0175
0251580712	2007	12	7	341	0.139	0.0535	0.019
0251580712	2007	12	8	342	0.141	0.0555	0.017
0251580712	2007	12	9	343	0.141	0.051	0.017
0251580712	2007	12	10	344	0.1415	0.0545	0.017
0251580712	2007	12	11	345	0.1375	0.0535	0.017
0251580712	2007	12	12	346	0.14	0.055	0.017
0251580712	2007	12	13	347	0.1355	0.0575	0.017
0251580712	2007	12	14	348	0.1335	0.0505	0.016
0251580712	2007	12	15	349	0.132	0.054	0.0165
0251580712	2007	12	16	350	0.131	0.053	0.015
0251580712	2007	12	17	351	0.1315	0.054	0.015
0251580712	2007	12	18	352	0.1305	0.054	0.015
0251580712	2007	12	19	353	0.133	0.054	0.015
0251580712	2007	12	20	354	0.133	0.055	0.015
0251580712	2007	12	21	355	0.135	0.054	0.0135
0251580712	2007	12	22	356	0.134	0.053	0.011
0251580712	2007	12	23	357	0.132	0.054	0.011
0251580712	2007	12	24	358	0.134	0.0515	0.011
0251580712	2007	12	25	359	0.1355	0.0505	0.011
0251580712	2007	12	26	360	0.135	0.051	0.011
0251580712	2007	12	27	361	0.1355	0.0535	0.011
0251580712	2007	12	28	362	0.1345	0.0535	0.011
0251580712	2007	12	29	363	0.1355	0.0535	0.011
0251580712	2007	12	30	364	0.132	0.0505	0.011
0251580712	2007	12	31	365	0.134	0.0525	0.011
0251580712	2008	1	1	1	0.131	0.053	0.011
0251580712	2008	1	2	2	0.133	0.054	0.011
0251580712	2008	1	3	3	0.1305	0.055	0.0115
0251580712	2008	1	4	4	0.129	0.054	0.016
0251580712	2008	1	5	5	0.13	0.0505	0.0125
0251580712	2008	1	6	6	0.128	0.0535	0.0145
0251580712	2008	1	7	7	0.127	0.05	0.013
0251580712	2008	1	8	8	0.128	0.05	0.013
0251580712	2008	1	9	9	0.1295	0.0505	0.015
0251580712	2008	1	10	10	0.131	0.051	0.015
0251580712	2008	1	11	11	0.132	0.0485	0.015
0251580712	2008	1	12	12	0.129	0.051	0.015
0251580712	2008	1	13	13	0.133	0.0495	0.0115
0251580712	2008	1	14	14	0.133	0.048	0.008
0251580712	2008	1	15	15	0.133	0.053	0.0115
0251580712	2008	1	16	16	0.1325	0.053	0.008
0251580712	2008	1	17	17	0.131	0.053	0.008
0251580712	2008	1	18	18	0.132	0.0535	0.008
0251580712	2008	1	19	19	0.1315	0.053	0.008
0251580712	2008	1	20	20	0.131	0.054	0.015
0251580712	2008	1	21	21	0.1325	0.054	0.008
0251580712	2008	1	22	22	0.131	0.0545	0.01
0251580712	2008	1	23	23	0.131	0.053	0.008
0251580712	2008	1	24	24	0.1315	0.0495	0.008
0251580712	2008	1	25	25	0.13	0.052	0.009
0251580712	2008	1	26	26	0.128	0.048	0.01
0251580712	2008	1	27	27	0.131	0.0495	0.01
0251580712	2008	1	28	28	0.1285	0.0495	0.01
0251580712	2008	1	29	29	0.128	0.051	0.01
0251580712	2008	1	30	30	0.128	0.051	0.0085
0251580712	2008	1	31	31	0.1275	0.051	0.009
0251580712	2008	2	1	32	0.1275	0.051	0.007
0251580712	2008	2	2	33	0.129	0.0525	0.007
0251580712	2008	2	3	34	0.1305	0.051	0.007
0251580712	2008	2	4	35	0.131	0.051	0.012
0251580712	2008	2	5	36	0.1305	0.0515	0.014
0251580712	2008	2	6	37	0.1295	0.051	0.014
0251580712	2008	2	7	38	0.1295	0.051	0.012
0251580712	2008	2	8	39	0.127	0.051	0.012
0251580712	2008	2	9	40	0.1295	0.0515	0.014
0251580712	2008	2	10	41	0.13	0.051	0.014
0251580712	2008	2	11	42	0.13	0.051	0.012
0251580712	2008	2	12	43	0.127	0.051	0.014
0251580712	2008	2	13	44	0.13	0.05	0.014
0251580712	2008	2	14	45	0.133	0.051	0.014
0251580712	2008	2	15	46	0.13	0.051	0.014
0251580712	2008	2	16	47	0.132	0.049	0.014
0251580712	2008	2	17	48	0.131	0.05	0.014
0251580712	2008	2	18	49	0.132	0.05	0.014
0251580712	2008	2	19	50	0.132	0.052	0.014
0251580712	2008	2	20	51	0.129	0.048	0.014
0251580712	2008	2	21	52	0.129	0.0525	0.014
0251580712	2008	2	22	53	0.1315	0.0525	0.012
0251580712	2008	2	23	54	0.1315	0.0475	0.014
0251580712	2008	2	24	55	0.133	0.051	0.01
0251580712	2008	2	25	56	0.129	0.0485	0.0125
0251580712	2008	2	26	57	0.131	0.0485	0.012
0251580712	2008	2	27	58	0.129	0.048	0.007
0251580712	2008	2	28	59	0.129	0.0525	0.0105
0251580712	2008	2	29	60	0.129	0.049	0.007
0251580712	2008	3	1	61	0.134	0.047	0.0105
0251580712	2008	3	2	62	0.134	0.0485	0.009
0251580712	2008	3	3	63	0.1335	0.051	0.009
0251580712	2008	3	4	64	0.131	0.05	0.007
0251580712	2008	3	5	65	0.131	0.0545	0.009
0251580712	2008	3	6	66	0.1345	0.053	0.007
0251580712	2008	3	7	67	0.133	0.0545	0.007
0251580712	2008	3	8	68	0.1345	0.054	0.007
0251580712	2008	3	9	69	0.1345	0.053	0.0105
0251580712	2008	3	10	70	0.1355	0.054	0.0085
0251580712	2008	3	11	71	0.135	0.054	0.009
0251580712	2008	3	12	72	0.1355	0.052	0.008
0251580712	2008	3	13	73	0.1345	0.0515	0.008
0251580712	2008	3	14	74	0.139	0.05	0.0115
0251580712	2008	3	15	75	0.139	0.0515	0.013
0251580712	2008	3	16	76	0.138	0.0545	0.0115
0251580712	2008	3	17	77	0.139	0.0545	0.0125
0251580712	2008	3	18	78	0.1375	0.0565	0.011
0251580712	2008	3	19	79	0.137	0.0555	0.016
0251580712	2008	3	20	80	0.1375	0.055	0.015
0251580712	2008	3	21	81	0.138	0.055	0.015
0251580712	2008	3	22	82	0.1375	0.054	0.012
0251580712	2008	3	23	83	0.1395	0.0535	0.0095
0251580712	2008	3	24	84	0.138	0.052	0.015
0251580712	2008	3	25	85	0.1515	0.0575	0.0145
0251580712	2008	3	26	86	0.148	0.057	0.017
0251580712	2008	3	27	87	0.1475	0.06	0.017
0251580712	2008	3	28	88	0.144	0.058	0.0185
0251580712	2008	3	29	89	0.1455	0.0575	0.019
0251580712	2008	3	30	90	0.146	0.059	0.016
0251580712	2008	3	31	91	0.146	0.0565	0.02
0251580712	2008	4	1	92	0.145	0.055	0.019
0251580712	2008	4	2	93	0.147	0.0565	0.0215
0251580712	2008	4	3	94	0.145	0.058	0.0215
0251580712	2008	4	4	95	0.145	0.0585	0.022
0251580712	2008	4	5	96	0.1475	0.055	0.02
0251580712	2008	4	6	97	0.1475	0.055	0.017
0251580712	2008	4	7	98	0.147	0.055	0.022
0251580712	2008	4	8	99	0.147	0.0565	0.022
0251580712	2008	4	9	100	0.1475	0.059	0.022
0251580712	2008	4	10	101	0.1515	0.057	0.023
0251580712	2008	4	11	102	0.1515	0.057	0.02
0251580712	2008	4	12	103	0.1555	0.061	0.0225
0251580712	2008	4	13	104	0.182	0.0615	0.0215
0251580712	2008	4	14	105	0.2165	0.076	0.0395
0251580712	2008	4	15	106	0.2215	0.0905	0.059
0251580712	2008	4	16	107	0.2045	0.0775	0.048
0251580712	2008	4	17	108	0.208	0.08	0.05
0251580712	2008	4	18	109	0.22	0.087	0.0565
0251580712	2008	4	19	110	0.218	0.085	0.055
0251580712	2008	4	20	111	0.222	0.09	0.059
0251580712	2008	4	21	112	0.203	0.0775	0.0485
0251580712	2008	4	22	113	0.1945	0.078	0.042
0251580712	2008	4	23	114	0.211	0.0805	0.0495
0251580712	2008	4	24	115	0.2215	0.088	0.057
0251580712	2008	4	25	116	0.2015	0.0785	0.0515
0251580712	2008	4	26	117	0.1935	0.076	0.043
0251580712	2008	4	27	118	0.206	0.0775	0.042
0251580712	2008	4	28	119	0.221	0.088	0.06
0251580712	2008	4	29	120	0.223	0.0935	0.059
0251580712	2008	4	30	121	0.2295	0.093	0.063
0251580712	2008	5	1	122	0.209	0.08	0.047
0251580712	2008	5	2	123	0.214	0.0825	0.05
0251580712	2008	5	3	124	0.2235	0.0905	0.062
0251580712	2008	5	4	125	0.226	0.0905	0.0595
0251580712	2008	5	5	126	0.2245	0.0905	0.058
0251580712	2008	5	6	127	0.2335	0.0935	0.06
0251580712	2008	5	7	128	0.238	0.0975	0.0585
0251580712	2008	5	8	129	0.244	0.097	0.06
0251580712	2008	5	9	130	0.223	0.092	0.0585
0251580712	2008	5	10	131	0.2065	0.0815	0.049
0251580712	2008	5	11	132	0.22	0.0895	0.061
0251580712	2008	5	12	133	0.2265	0.0945	0.0645
0251580712	2008	5	13	134	0.212	0.0845	0.052
0251580712	2008	5	14	135	0.237	0.093	0.0585
0251580712	2008	5	15	136	0.2445	0.0995	0.064
0251580712	2008	5	16	137	-9999	-9999	0.06
0251580712	2008	5	17	138	-9999	-9999	0.06
0251580712	2008	5	18	139	0.22	0.0915	0.058
0251580712	2008	5	19	140	0.2055	0.0865	0.0535
0251580712	2008	5	20	141	0.193	0.0805	0.046
0251580712	2008	5	21	142	0.193	0.0795	0.046
0251580712	2008	5	22	143	0.21	0.089	0.058
0251580712	2008	5	23	144	0.214	0.0905	0.0645
0251580712	2008	5	24	145	0.1995	0.0845	0.053
0251580712	2008	5	25	146	0.2125	0.0855	0.052
0251580712	2008	5	26	147	0.1975	0.084	0.053
0251580712	2008	5	27	148	0.192	0.0815	0.0445
0251580712	2008	5	28	149	0.191	0.081	0.0445
0251580712	2008	5	29	150	0.1845	0.0785	0.0435
0251580712	2008	5	30	151	0.1845	0.0745	0.0415
0251580712	2008	5	31	152	0.181	0.075	0.0425
0251580712	2008	6	1	153	0.1745	0.076	0.037
0251580712	2008	6	2	154	0.1685	0.0725	0.0415
0251580712	2008	6	3	155	0.167	0.07	0.037
0251580712	2008	6	4	156	0.177	0.0725	0.0355
0251580712	2008	6	5	157	0.1835	0.0775	0.037
0251580712	2008	6	6	158	0.175	0.0765	0.0405
0251580712	2008	6	7	159	0.192	0.0835	0.0635
0251580712	2008	6	8	160	0.1855	0.0785	0.057
0251580712	2008	6	9	161	0.1795	0.0745	0.054
0251580712	2008	6	10	162	0.1855	0.0815	0.046
0251580712	2008	6	11	163	0.1885	0.08	0.051
0251580712	2008	6	12	164	0.2005	0.086	0.0625
0251580712	2008	6	13	165	0.1875	0.081	0.054
0251580712	2008	6	14	166	0.1815	0.077	0.0515
0251580712	2008	6	15	167	0.1725	0.074	0.0465
0251580712	2008	6	16	168	0.1675	0.0755	0.045
0251580712	2008	6	17	169	0.163	0.071	0.04
0251580712	2008	6	18	170	0.1545	0.069	0.0355
0251580712	2008	6	19	171	0.1475	0.07	0.0385
0251580712	2008	6	20	172	0.142	0.0665	0.0355
0251580712	2008	6	21	173	0.136	0.0635	0.0375
0251580712	2008	6	22	174	0.1325	0.0625	0.0365
0251580712	2008	6	23	175	0.127	0.062	0.0375
0251580712	2008	6	24	176	0.1205	0.061	0.031
0251580712	2008	6	25	177	0.1105	0.056	0.036
0251580712	2008	6	26	178	0.0985	0.0545	0.038
0251580712	2008	6	27	179	0.098	0.0515	0.0375
0251580712	2008	6	28	180	0.0905	0.05	0.031
0251580712	2008	6	29	181	0.0885	0.0525	0.0285
0251580712	2008	6	30	182	0.0755	0.045	0.027
0251580712	2008	7	1	183	0.0655	0.0405	0.0305
0251580712	2008	7	2	184	0.06	0.037	0.027
0251580712	2008	7	3	185	0.054	0.0385	0.0305
0251580712	2008	7	4	186	0.051	0.0325	0.027
0251580712	2008	7	5	187	0.0475	0.025	0.028
0251580712	2008	7	6	188	0.0415	0.025	0.0275
0251580712	2008	7	7	189	0.0445	0.0225	0.0275
0251580712	2008	7	8	190	0.047	0.02	0.024
0251580712	2008	7	9	191	0.046	0.019	0.0255
0251580712	2008	7	10	192	0.043	0.0135	0.0265
0251580712	2008	7	11	193	0.0395	0.009	0.025
0251580712	2008	7	12	194	0.037	0.015	0.0205
0251580712	2008	7	13	195	0.0375	0.002	0.024
0251580712	2008	7	14	196	0.034	-9999	0.023
0251580712	2008	7	15	197	0.034	0.002	0.0215
0251580712	2008	7	16	198	0.033	-9999	0.021
0251580712	2008	7	17	199	0.0375	-9999	0.018
0251580712	2008	7	18	200	0.031	-9999	0.019
0251580712	2008	7	19	201	0.0305	-9999	0.016
0251580712	2008	7	20	202	0.0325	-9999	0.0115
0251580712	2008	7	21	203	0.0395	-9999	0.014
0251580712	2008	7	22	204	0.035	-9999	0.0125
0251580712	2008	7	23	205	0.0325	-9999	0.0085
0251580712	2008	7	24	206	0.034	-9999	0.0145
0251580712	2008	7	25	207	0.036	-9999	0.01
0251580712	2008	7	26	208	0.0375	-9999	0.013
0251580712	2008	7	27	209	0.036	-9999	0.007
0251580712	2008	7	28	210	0.032	-9999	0.012
0251580712	2008	7	29	211	0.034	-9999	0.012
0251580712	2008	7	30	212	0.031	-9999	0.008
0251580712	2008	7	31	213	0.032	-9999	0.0065
0251580712	2008	8	1	214	0.0315	-9999	0.0115
0251580712	2008	8	2	215	0.032	-9999	0.0075
0251580712	2008	8	3	216	0.028	-9999	0.0075
0251580712	2008	8	4	217	0.028	-9999	0.0045
0251580712	2008	8	5	218	0.0255	-9999	0.004
0251580712	2008	8	6	219	0.0295	-9999	0.0065
0251580712	2008	8	7	220	0.028	-9999	0.005
0251580712	2008	8	8	221	0.0305	-9999	0.005
0251580712	2008	8	9	222	0.034	-9999	0.008
0251580712	2008	8	10	223	0.0265	-9999	-9999
0251580712	2008	8	11	224	0.0245	-9999	-9999
0251580712	2008	8	12	225	0.025	-9999	-9999
0251580712	2008	8	13	226	0.025	-9999	0.006
0251580712	2008	8	14	227	0.0215	-9999	0.001
0251580712	2008	8	15	228	0.0225	-9999	-9999
0251580712	2008	8	16	229	0.0235	-9999	-9999
0251580712	2008	8	17	230	0.024	-9999	0.001
0251580712	2008	8	18	231	0.022	-9999	0.005
0251580712	2008	8	19	232	0.021	-9999	-9999
0251580712	2008	8	20	233	0.028	-9999	-9999
0251580712	2008	8	21	234	0.0225	-9999	-9999
0251580712	2008	8	22	235	0.02	-9999	-9999
0251580712	2008	8	23	236	0.0195	-9999	-9999
0251580712	2008	8	24	237	0.019	-9999	-9999
0251580712	2008	8	25	238	0.021	-9999	-9999
0251580712	2008	8	26	239	0.022	-9999	-9999
0251580712	2008	8	27	240	0.017	-9999	-9999
0251580712	2008	8	28	241	0.017	-9999	-9999
0251580712	2008	8	29	242	0.017	-9999	-9999
0251580712	2008	8	30	243	0.019	-9999	-9999
0251580712	2008	8	31	244	0.0215	-9999	-9999
0251580712	2008	9	1	245	0.02	-9999	-9999
0251580712	2008	9	2	246	0.018	-9999	-9999
0251580712	2008	9	3	247	0.0145	-9999	-9999
0251580712	2008	9	4	248	0.016	-9999	-9999
0251580712	2008	9	5	249	0.014	-9999	-9999
0251580712	2008	9	6	250	0.0165	-9999	-9999
0251580712	2008	9	7	251	0.0155	-9999	-9999
0251580712	2008	9	8	252	0.0125	-9999	-9999
0251580712	2008	9	9	253	0.016	-9999	-9999
0251580712	2008	9	10	254	0.019	-9999	-9999
0251580712	2008	9	11	255	0.014	-9999	-9999
0251580712	2008	9	12	256	0.013	-9999	-9999
0251580712	2008	9	13	257	0.015	-9999	-9999
0251580712	2008	9	14	258	0.015	-9999	-9999
0251580712	2008	9	15	259	0.016	-9999	-9999
0251580712	2008	9	16	260	0.0125	-9999	-9999
0251580712	2008	9	17	261	0.0165	-9999	-9999
0251580712	2008	9	18	262	0.015	-9999	-9999
0251580712	2008	9	19	263	0.0125	-9999	-9999
0251580712	2008	9	20	264	0.017	-9999	-9999
0251580712	2008	9	21	265	0.0165	0.0445	-9999
0251580712	2008	9	22	266	0.0325	0.034	-9999
0251580712	2008	9	23	267	0.04	0.032	-9999
0251580712	2008	9	24	268	0.0485	0.0305	-9999
0251580712	2008	9	25	269	0.0525	0.026	-9999
0251580712	2008	9	26	270	0.054	0.0225	-9999
0251580712	2008	9	27	271	0.053	0.025	-9999
0251580712	2008	9	28	272	0.0515	0.02	-9999
0251580712	2008	9	29	273	0.0495	0.017	-9999
0251580712	2008	9	30	274	0.0455	0.0115	-9999
0251580712	2008	10	1	275	0.0435	0.015	-9999
0251580712	2008	10	2	276	0.044	0.0075	-9999
0251580712	2008	10	3	277	0.0455	0.006	-9999
0251580712	2008	10	4	278	0.04	0.0045	-9999
0251580712	2008	10	5	279	0.037	0.003	-9999
0251580712	2008	10	6	280	0.0565	-9999	-9999
0251580712	2008	10	7	281	0.069	0.008	-9999
0251580712	2008	10	8	282	0.0725	0.0015	-9999
0251580712	2008	10	9	283	0.0675	0.0035	-9999
0251580712	2008	10	10	284	0.0615	0.005	-9999
0251580712	2008	10	11	285	0.0615	0.007	-9999
0251580712	2008	10	12	286	0.0605	0.0055	-9999
0251580712	2008	10	13	287	0.0615	0.006	-9999
0251580712	2008	10	14	288	0.0625	0.005	-9999
0251580712	2008	10	15	289	0.0725	0.0085	-9999
0251580712	2008	10	16	290	0.076	0.0105	-9999
0251580712	2008	10	17	291	0.079	0.0125	-9999
0251580712	2008	10	18	292	0.0745	0.0145	-9999
0251580712	2008	10	19	293	0.073	0.0155	-9999
0251580712	2008	10	20	294	0.071	0.0135	-9999
0251580712	2008	10	21	295	0.0715	0.0135	-9999
0251580712	2008	10	22	296	0.066	0.016	-9999
0251580712	2008	10	23	297	0.0625	0.016	-9999
0251580712	2008	10	24	298	0.061	0.0165	-9999
0251580712	2008	10	25	299	0.0605	0.015	-9999
0251580712	2008	10	26	300	0.0615	0.018	-9999
0251580712	2008	10	27	301	0.056	0.0145	-9999
0251580712	2008	10	28	302	0.0575	0.011	-9999
0251580712	2008	10	29	303	0.058	0.013	-9999
0251580712	2008	10	30	304	0.0555	0.013	-9999
0251580712	2008	10	31	305	0.058	0.012	-9999
0251580712	2008	11	1	306	0.0555	0.0135	-9999
0251580712	2008	11	2	307	0.062	0.013	-9999
0251580712	2008	11	3	308	0.107	0.024	-9999
0251580712	2008	11	4	309	0.12	0.0485	-9999
0251580712	2008	11	5	310	0.1275	0.0565	-9999
0251580712	2008	11	6	311	0.124	0.057	-9999
0251580712	2008	11	7	312	0.1185	0.0535	-9999
0251580712	2008	11	8	313	0.119	0.054	-9999
0251580712	2008	11	9	314	0.125	0.054	-9999
0251580712	2008	11	10	315	0.134	0.0605	-9999
0251580712	2008	11	11	316	0.141	0.064	-9999
0251580712	2008	11	12	317	0.1345	0.0635	-9999
0251580712	2008	11	13	318	0.154	0.0695	-9999
0251580712	2008	11	14	319	0.142	0.0665	0.031
0251580712	2008	11	15	320	0.1285	0.0615	0.0325
0251580712	2008	11	16	321	0.121	0.062	0.0285
0251580712	2008	11	17	322	0.109	0.0555	0.0255
0251580712	2008	11	18	323	0.0925	0.0565	0.0255
0251580712	2008	11	19	324	0.0775	0.054	0.023
0251580712	2008	11	20	325	0.0875	0.053	0.026
0251580712	2008	11	21	326	0.0915	0.054	0.023
0251580712	2008	11	22	327	0.0295	0.05	0.0205
0251580712	2008	11	23	328	0.0305	0.046	0.018
0251580712	2008	11	24	329	0.025	0.0415	0.0185
0251580712	2008	11	25	330	0.017	0.024	0.014
0251580712	2008	11	26	331	0.0145	-9999	0.019
0251580712	2008	11	27	332	0.013	-9999	0.011
0251580712	2008	11	28	333	0.0095	-9999	0.0135
0251580712	2008	11	29	334	0.015	-9999	0.0135
0251580712	2008	11	30	335	0.0225	-9999	0.0165
0251580712	2008	12	1	336	0.026	-9999	0.0075
0251580712	2008	12	2	337	0.03	-9999	0.015
0251580712	2008	12	3	338	0.026	-9999	0.012
0251580712	2008	12	4	339	0.0135	-9999	0.0105
0251580712	2008	12	5	340	0.0045	-9999	0.01
0251580712	2008	12	6	341	0.0105	-9999	0.008
0251580712	2008	12	7	342	0.0115	-9999	0.008
0251580712	2008	12	8	343	0.018	-9999	0.0065
0251580712	2008	12	9	344	0.013	-9999	0.0035
0251580712	2008	12	10	345	0.012	-9999	0.001
0251580712	2008	12	11	346	0.011	-9999	0.001
0251580712	2008	12	12	347	0.0085	-9999	-9999
0251580712	2008	12	13	348	0.013	-9999	-9999
0251580712	2008	12	14	349	0.0095	-9999	-9999
0251580712	2008	12	15	350	0.015	-9999	-9999
0251580712	2008	12	16	351	0.013	-9999	-9999
0251580712	2008	12	17	352	0.016	-9999	-9999
0251580712	2008	12	18	353	0.0145	-9999	-9999
0251580712	2008	12	19	354	0.0145	-9999	-9999
0251580712	2008	12	20	355	0.009	-9999	-9999
0251580712	2008	12	21	356	0.009	-9999	-9999
0251580712	2008	12	22	357	0.011	-9999	-9999
0251580712	2008	12	23	358	0.0155	-9999	-9999
0251580712	2008	12	24	359	0.016	-9999	-9999
0251580712	2008	12	25	360	0.012	-9999	-9999
0251580712	2008	12	26	361	0.0135	-9999	-9999
0251580712	2008	12	27	362	0.0135	-9999	-9999
0251580712	2008	12	28	363	0.0205	-9999	-9999
0251580712	2008	12	29	364	0.0175	-9999	-9999
0251580712	2008	12	30	365	0.0145	-9999	-9999
0251580712	2008	12	31	366	0.0165	-9999	-9999
0251580712	2009	1	1	1	0.018	-9999	-9999
0251580712	2009	1	2	2	0.021	-9999	-9999
0251580712	2009	1	3	3	0.017	-9999	-9999
0251580712	2009	1	4	4	0.019	-9999	-9999
0251580712	2009	1	5	5	0.0175	-9999	-9999
0251580712	2009	1	6	6	0.0165	-9999	-9999
0251580712	2009	1	7	7	0.014	-9999	-9999
0251580712	2009	1	8	8	0.0135	-9999	-9999
0251580712	2009	1	9	9	0.02	-9999	-9999
0251580712	2009	1	10	10	0.0155	-9999	-9999
0251580712	2009	1	11	11	0.016	-9999	-9999
0251580712	2009	1	12	12	0.019	-9999	-9999
0251580712	2009	1	13	13	0.018	-9999	-9999
0251580712	2009	1	14	14	0.02	-9999	-9999
0251580712	2009	1	15	15	0.018	-9999	-9999
0251580712	2009	1	16	16	0.0175	-9999	-9999
0251580712	2009	1	17	17	0.017	-9999	-9999
0251580712	2009	1	18	18	0.019	-9999	-9999
0251580712	2009	1	19	19	0.0165	-9999	-9999
0251580712	2009	1	20	20	0.015	-9999	-9999
0251580712	2009	1	21	21	0.0165	-9999	-9999
0251580712	2009	1	22	22	0.015	-9999	-9999
0251580712	2009	1	23	23	0.0165	-9999	-9999
0251580712	2009	1	24	24	0.017	-9999	-9999
0251580712	2009	1	25	25	0.0115	-9999	-9999
0251580712	2009	1	26	26	0.016	-9999	-9999
0251580712	2009	1	27	27	0.017	-9999	-9999
0251580712	2009	1	28	28	0.0175	-9999	-9999
0251580712	2009	1	29	29	0.0125	-9999	-9999
0251580712	2009	1	30	30	0.013	-9999	-9999
0251580712	2009	1	31	31	0.013	-9999	-9999
0251580712	2009	2	1	32	-9999	-9999	-9999
0251580712	2009	2	2	33	0.016	-9999	-9999
0251580712	2009	2	3	34	0.016	-9999	-9999
0251580712	2009	2	4	35	0.016	-9999	-9999
0251580712	2009	2	5	36	0.01	-9999	-9999
0251580712	2009	2	6	37	0.015	-9999	-9999
0251580712	2009	2	7	38	0.016	-9999	-9999
0251580712	2009	2	8	39	0.012	-9999	-9999
0251580712	2009	2	9	40	0.01	-9999	-9999
0251580712	2009	2	10	41	0.012	-9999	-9999
0251580712	2009	2	11	42	0.016	-9999	-9999
0251580712	2009	2	12	43	0.016	-9999	-9999
0251580712	2009	2	13	44	0.016	-9999	-9999
0251580712	2009	2	14	45	0.015	-9999	-9999
0251580712	2009	2	15	46	0.012	-9999	-9999
0251580712	2009	2	16	47	0.016	-9999	-9999
0251580712	2009	2	17	48	0.012	-9999	-9999
0251580712	2009	2	18	49	0.0155	-9999	-9999
0251580712	2009	2	19	50	0.016	-9999	-9999
0251580712	2009	2	20	51	0.014	-9999	-9999
0251580712	2009	2	21	52	0.0135	-9999	-9999
0251580712	2009	2	22	53	0.02	-9999	-9999
0251580712	2009	2	23	54	0.017	-9999	-9999
0251580712	2009	2	24	55	0.0195	-9999	-9999
0251580712	2009	2	25	56	0.021	-9999	-9999
0251580712	2009	2	26	57	0.0205	-9999	-9999
0251580712	2009	2	27	58	0.025	-9999	-9999
0251580712	2009	2	28	59	0.0235	-9999	-9999
0251580712	2009	3	1	60	0.025	-9999	-9999
0251580712	2009	3	2	61	0.024	-9999	-9999
0251580712	2009	3	3	62	0.0265	-9999	-9999
0251580712	2009	3	4	63	-9999	0.029	-9999
0251580712	2009	3	5	64	0.1035	0.011	-9999
0251580712	2009	3	6	65	0.0865	0.0045	-9999
0251580712	2009	3	7	66	0.0795	-9999	-9999
0251580712	2009	3	8	67	0.08	0.0035	-9999
0251580712	2009	3	9	68	0.076	0.0015	-9999
0251580712	2009	3	10	69	0.0735	0.002	-9999
0251580712	2009	3	11	70	0.0715	0.005	-9999
0251580712	2009	3	12	71	0.071	-9999	-9999
0251580712	2009	3	13	72	0.0685	-9999	-9999
0251580712	2009	3	14	73	0.064	0.003	-9999
0251580712	2009	3	15	74	0.0635	0.003	-9999
0251580712	2009	3	16	75	0.0625	-9999	-9999
0251580712	2009	3	17	76	0.062	-9999	-9999
0251580712	2009	3	18	77	0.066	-9999	-9999
0251580712	2009	3	19	78	0.067	-9999	-9999
0251580712	2009	3	20	79	0.0685	0.003	-9999
0251580712	2009	3	21	80	0.068	-9999	-9999
0251580712	2009	3	22	81	0.0735	-9999	-9999
0251580712	2009	3	23	82	0.0845	0.003	-9999
0251580712	2009	3	24	83	0.102	0.0075	-9999
0251580712	2009	3	25	84	0.121	0.0025	-9999
0251580712	2009	3	26	85	0.1365	0.0095	-9999
0251580712	2009	3	27	86	0.1515	0.011	-9999
0251580712	2009	3	28	87	0.1565	0.0155	-9999
0251580712	2009	3	29	88	0.1525	0.0175	-9999
0251580712	2009	3	30	89	0.144	0.0235	-9999
0251580712	2009	3	31	90	0.139	0.024	-9999
0251580712	2009	4	1	91	0.135	0.025	-9999
0251580712	2009	4	2	92	0.13	0.03	-9999
0251580712	2009	4	3	93	0.13	0.031	-9999
0251580712	2009	4	4	94	0.127	0.03	-9999
0251580712	2009	4	5	95	0.1235	0.028	-9999
0251580712	2009	4	6	96	0.1325	0.026	-9999
0251580712	2009	4	7	97	0.154	0.0305	-9999
0251580712	2009	4	8	98	0.171	0.0355	-9999
0251580712	2009	4	9	99	0.1765	0.048	-9999
0251580712	2009	4	10	100	0.18	0.0505	-9999
0251580712	2009	4	11	101	0.19	0.057	-9999
0251580712	2009	4	12	102	0.1915	0.0605	0.0035
0251580712	2009	4	13	103	0.1965	0.062	0.0175
0251580712	2009	4	14	104	0.205	0.066	0.022
0251580712	2009	4	15	105	0.21	0.067	0.029
0251580712	2009	4	16	106	0.2115	0.069	0.0275
0251580712	2009	4	17	107	0.2135	0.0655	0.0335
0251580712	2009	4	18	108	0.2185	0.065	0.031
0251580712	2009	4	19	109	0.2215	0.067	0.0265
0251580712	2009	4	20	110	0.225	0.068	0.03
0251580712	2009	4	21	111	0.2265	0.068	0.03
0251580712	2009	4	22	112	0.228	0.068	0.0295
0251580712	2009	4	23	113	0.2275	0.0675	0.029
0251580712	2009	4	24	114	0.2285	0.067	0.0315
0251580712	2009	4	25	115	0.2235	0.067	0.034
0251580712	2009	4	26	116	0.226	0.072	0.0315
0251580712	2009	4	27	117	0.2245	0.069	0.03
0251580712	2009	4	28	118	0.2275	0.071	0.034
0251580712	2009	4	29	119	0.229	0.0735	0.0345
0251580712	2009	4	30	120	0.2305	0.075	0.033
0251580712	2009	5	1	121	0.227	0.075	0.0355
0251580712	2009	5	2	122	0.227	0.075	0.037
0251580712	2009	5	3	123	0.226	0.077	0.035
0251580712	2009	5	4	124	0.226	0.0785	0.04
0251580712	2009	5	5	125	0.2325	0.0785	0.037
0251580712	2009	5	6	126	0.2435	0.0765	0.038
0251580712	2009	5	7	127	-9999	0.08	0.0425
0251580712	2009	5	8	128	-9999	0.08	0.0465
0251580712	2009	5	9	129	-9999	0.0825	0.044
0251580712	2009	5	10	130	-9999	0.081	0.042
0251580712	2009	5	11	131	-9999	0.08	0.046
0251580712	2009	5	12	132	-9999	0.0875	0.0505
0251580712	2009	5	13	133	-9999	0.08	0.0425
0251580712	2009	5	14	134	0.2375	0.0805	0.047
0251580712	2009	5	15	135	0.228	0.089	0.0535
0251580712	2009	5	16	136	0.2055	0.078	0.05
0251580712	2009	5	17	137	0.1925	0.071	0.0415
0251580712	2009	5	18	138	0.1815	0.0695	0.0365
0251580712	2009	5	19	139	0.173	0.0655	0.0345
0251580712	2009	5	20	140	0.159	0.0685	0.0355
0251580712	2009	5	21	141	0.1555	0.0615	0.035
0251580712	2009	5	22	142	0.15	0.0605	0.033
0251580712	2009	5	23	143	0.144	0.056	0.029
0251580712	2009	5	24	144	0.131	0.0555	0.0305
0251580712	2009	5	25	145	0.15	0.0565	0.0315
0251580712	2009	5	26	146	0.1375	0.056	0.0265
0251580712	2009	5	27	147	0.131	0.053	0.0295
0251580712	2009	5	28	148	0.1255	0.0555	0.026
0251580712	2009	5	29	149	0.114	0.0505	0.031
0251580712	2009	5	30	150	0.1035	0.049	0.031
0251580712	2009	5	31	151	0.089	0.0495	0.026
0251580712	2009	6	1	152	0.0845	0.0435	0.0255
0251580712	2009	6	2	153	0.0775	0.0405	0.022
0251580712	2009	6	3	154	0.126	0.041	0.0225
0251580712	2009	6	4	155	0.1265	0.045	0.02
0251580712	2009	6	5	156	0.153	0.0495	0.0215
0251580712	2009	6	6	157	0.1545	0.0535	0.0215
0251580712	2009	6	7	158	0.186	0.071	0.023
0251580712	2009	6	8	159	0.178	0.0715	0.0235
0251580712	2009	6	9	160	0.18	0.07	0.0355
0251580712	2009	6	10	161	0.177	0.0675	0.0385
0251580712	2009	6	11	162	0.1725	0.0685	0.0355
0251580712	2009	6	12	163	0.1645	0.068	0.0345
0251580712	2009	6	13	164	0.158	0.0635	0.035
0251580712	2009	6	14	165	0.163	0.065	0.035
0251580712	2009	6	15	166	0.161	0.0665	0.036
0251580712	2009	6	16	167	0.166	0.064	0.0325
0251580712	2009	6	17	168	0.1505	0.0715	0.0445
0251580712	2009	6	18	169	0.15	0.071	0.045
0251580712	2009	6	19	170	0.145	0.07	0.0465
0251580712	2009	6	20	171	0.1375	0.068	0.045
0251580712	2009	6	21	172	0.142	0.0645	0.0475
0251580712	2009	6	22	173	0.156	0.073	0.045
0251580712	2009	6	23	174	0.1475	0.0715	0.0445
0251580712	2009	6	24	175	0.142	0.0695	0.0455
0251580712	2009	6	25	176	0.136	0.069	0.048
0251580712	2009	6	26	177	0.129	0.0665	0.047
0251580712	2009	6	27	178	0.126	0.061	0.0475
0251580712	2009	6	28	179	0.118	0.06	0.044
0251580712	2009	6	29	180	0.1115	0.0555	0.044
0251580712	2009	6	30	181	0.1025	0.0515	0.0425
0251580712	2009	7	1	182	0.088	0.0505	0.042
0251580712	2009	7	2	183	0.084	0.045	0.043
0251580712	2009	7	3	184	0.0915	0.041	0.0435
0251580712	2009	7	4	185	0.1005	0.0395	0.042
0251580712	2009	7	5	186	0.1055	0.04	0.0385
0251580712	2009	7	6	187	0.1065	0.0375	0.042
0251580712	2009	7	7	188	0.105	0.0365	0.0415
0251580712	2009	7	8	189	0.1035	0.0345	0.037
0251580712	2009	7	9	190	0.099	0.031	0.036
0251580712	2009	7	10	191	0.094	0.026	0.038
0251580712	2009	7	11	192	0.092	0.025	0.0345
0251580712	2009	7	12	193	0.0815	0.0215	0.033
0251580712	2009	7	13	194	0.0765	0.022	0.0305
0251580712	2009	7	14	195	0.072	0.0195	0.0335
0251580712	2009	7	15	196	0.0705	0.0125	0.0295
0251580712	2009	7	16	197	0.0695	0.0165	0.0265
0251580712	2009	7	17	198	0.0675	0.016	0.031
0251580712	2009	7	18	199	0.0685	0.0095	0.0305
0251580712	2009	7	19	200	0.065	0.0105	0.03
0251580712	2009	7	20	201	0.1325	-9999	0.028
0251580712	2009	7	21	202	0.1215	-9999	0.0285
0251580712	2009	7	22	203	0.1065	-9999	0.03
0251580712	2009	7	23	204	0.093	-9999	0.0285
0251580712	2009	7	24	205	0.0815	-9999	0.024
0251580712	2009	7	25	206	0.0795	-9999	0.0275
0251580712	2009	7	26	207	0.0745	-9999	0.025
0251580712	2009	7	27	208	0.0865	-9999	0.026
0251580712	2009	7	28	209	0.0875	-9999	0.027
0251580712	2009	7	29	210	0.081	-9999	0.021
0251580712	2009	7	30	211	0.0735	-9999	0.022
0251580712	2009	7	31	212	0.0725	-9999	0.021
0251580712	2009	8	1	213	0.0695	-9999	0.0205
0251580712	2009	8	2	214	0.0725	-9999	0.023
0251580712	2009	8	3	215	0.0675	-9999	0.016
0251580712	2009	8	4	216	0.0675	-9999	0.0175
0251580712	2009	8	5	217	0.068	-9999	0.0185
0251580712	2009	8	6	218	0.071	-9999	0.0235
0251580712	2009	8	7	219	0.066	-9999	0.019
0251580712	2009	8	8	220	0.066	-9999	0.016
0251580712	2009	8	9	221	0.067	-9999	0.013
0251580712	2009	8	10	222	0.0675	-9999	0.0135
0251580712	2009	8	11	223	0.0655	-9999	0.0135
0251580712	2009	8	12	224	0.067	-9999	0.013
0251580712	2009	8	13	225	0.0665	-9999	0.0165
0251580712	2009	8	14	226	0.064	-9999	0.0185
0251580712	2009	8	15	227	0.0605	-9999	0.0135
0251580712	2009	8	16	228	0.06	-9999	0.014
0251580712	2009	8	17	229	0.0595	-9999	0.0155
0251580712	2009	8	18	230	0.059	-9999	0.015
0251580712	2009	8	19	231	0.062	-9999	0.013
0251580712	2009	8	20	232	0.062	-9999	0.016
0251580712	2009	8	21	233	0.0615	-9999	0.016
0251580712	2009	8	22	234	0.062	-9999	0.016
0251580712	2009	8	23	235	0.0595	-9999	0.016
0251580712	2009	8	24	236	0.11	-9999	0.016
0251580712	2009	8	25	237	0.1125	-9999	0.016
0251580712	2009	8	26	238	0.103	-9999	0.016
0251580712	2009	8	27	239	0.0885	-9999	0.013
0251580712	2009	8	28	240	0.0805	-9999	0.0155
0251580712	2009	8	29	241	0.074	-9999	0.016
0251580712	2009	8	30	242	0.0715	-9999	0.016
0251580712	2009	8	31	243	0.066	-9999	0.0155
0251580712	2009	9	1	244	0.063	-9999	0.015
0251580712	2009	9	2	245	0.0685	-9999	0.013
0251580712	2009	9	3	246	0.067	-9999	0.013
0251580712	2009	9	4	247	0.0665	-9999	0.013
0251580712	2009	9	5	248	0.065	-9999	0.016
0251580712	2009	9	6	249	0.064	-9999	0.0125
0251580712	2009	9	7	250	0.0635	-9999	0.01
0251580712	2009	9	8	251	0.057	-9999	0.0115
0251580712	2009	9	9	252	0.056	-9999	0.0085
0251580712	2009	9	10	253	0.055	-9999	0.0105
0251580712	2009	9	11	254	0.0585	-9999	0.018
0251580712	2009	9	12	255	0.057	-9999	0.011
0251580712	2009	9	13	256	0.0535	-9999	0.0115
0251580712	2009	9	14	257	0.0565	-9999	0.011
0251580712	2009	9	15	258	0.053	-9999	0.01
0251580712	2009	9	16	259	0.054	-9999	0.013
0251580712	2009	9	17	260	0.056	-9999	0.013
0251580712	2009	9	18	261	0.056	-9999	0.0135
0251580712	2009	9	19	262	0.056	-9999	0.013
0251580712	2009	9	20	263	0.0555	-9999	0.0135
0251580712	2009	9	21	264	0.049	-9999	0.0095
0251580712	2009	9	22	265	0.0515	-9999	0.0075
0251580712	2009	9	23	266	0.0505	-9999	0.01
0251580712	2009	9	24	267	0.0515	-9999	0.011
0251580712	2009	9	25	268	0.052	-9999	0.009
0251580712	2009	9	26	269	0.0515	-9999	0.0095
0251580712	2009	9	27	270	0.0505	-9999	0.009
0251580712	2009	9	28	271	0.051	-9999	0.008
0251580712	2009	9	29	272	0.049	-9999	0.008
0251580712	2009	9	30	273	0.0485	-9999	0.0115
0251580712	2009	10	1	274	0.045	-9999	0.0075
0251580712	2009	10	2	275	0.044	-9999	0.004
0251580712	2009	10	3	276	0.045	-9999	0.004
0251580712	2009	10	4	277	0.045	-9999	0.0055
0251580712	2009	10	5	278	0.044	-9999	0.0035
0251580712	2009	10	6	279	0.0445	-9999	0.005
0251580712	2009	10	7	280	0.0435	-9999	0.005
0251580712	2009	10	8	281	0.044	-9999	0.005
0251580712	2009	10	9	282	0.0445	-9999	0.005
0251580712	2009	10	10	283	0.044	-9999	0.005
0251580712	2009	10	11	284	0.0455	-9999	-9999
0251580712	2009	10	12	285	0.047	-9999	-9999
0251580712	2009	10	13	286	0.0495	-9999	0.005
0251580712	2009	10	14	287	0.093	-9999	0.005
0251580712	2009	10	15	288	0.1245	-9999	0.003
0251580712	2009	10	16	289	0.122	-9999	0.003
0251580712	2009	10	17	290	0.1165	-9999	0.0035
0251580712	2009	10	18	291	0.1125	-9999	0.004
0251580712	2009	10	19	292	0.1095	-9999	0.004
0251580712	2009	10	20	293	0.14	-9999	0.003
0251580712	2009	10	21	294	0.1345	-9999	0.002
0251580712	2009	10	22	295	0.133	-9999	0.005
0251580712	2009	10	23	296	0.1295	-9999	0.007
0251580712	2009	10	24	297	0.141	-9999	0.0075
0251580712	2009	10	25	298	0.1325	-9999	0.006
0251580712	2009	10	26	299	0.1285	-9999	0.007
0251580712	2009	10	27	300	0.13	-9999	0.005
0251580712	2009	10	28	301	0.128	-9999	0.0025
0251580712	2009	10	29	302	0.099	0.025	0.0055
0251580712	2009	10	30	303	0.0785	0.0255	0.007
0251580712	2009	10	31	304	0.0815	0.022	0.0075
0251580712	2009	11	1	305	0.093	0.025	0.006
0251580712	2009	11	2	306	0.0995	0.022	0.0095
0251580712	2009	11	3	307	0.0935	0.023	0.007
0251580712	2009	11	4	308	0.086	0.026	0.005
0251580712	2009	11	5	309	0.0785	0.023	0.009
0251580712	2009	11	6	310	0.082	0.023	0.0105
0251580712	2009	11	7	311	0.091	0.022	0.008
0251580712	2009	11	8	312	0.0935	0.025	0.006
0251580712	2009	11	9	313	0.086	0.023	0.01
0251580712	2009	11	10	314	0.079	0.0215	0.014
0251580712	2009	11	11	315	0.076	0.0225	0.0135
0251580712	2009	11	12	316	0.0775	0.022	0.011
0251580712	2009	11	13	317	0.0835	0.023	0.0105
0251580712	2009	11	14	318	0.0845	0.023	0.0145
0251580712	2009	11	15	319	0.0855	0.022	0.015
0251580712	2009	11	16	320	0.0835	0.021	0.0165
0251580712	2009	11	17	321	0.0805	0.023	0.018
0251580712	2009	11	18	322	0.0795	0.024	0.0145
0251580712	2009	11	19	323	0.0775	0.0245	0.013
0251580712	2009	11	20	324	0.074	0.022	0.013
0251580712	2009	11	21	325	0.0695	0.025	0.0125
0251580712	2009	11	22	326	0.0685	0.025	0.015
0251580712	2009	11	23	327	0.0675	0.026	0.015
0251580712	2009	11	24	328	0.0705	0.023	0.015
0251580712	2009	11	25	329	0.0675	0.022	0.015
0251580712	2009	11	26	330	0.0665	0.018	0.0145
0251580712	2009	11	27	331	0.056	0.022	0.0175
0251580712	2009	11	28	332	0.055	0.02	0.0175
0251580712	2009	11	29	333	0.0515	0.022	0.0145
0251580712	2009	11	30	334	0.0485	0.0195	0.015
0251580712	2009	12	1	335	0.045	0.0165	0.0205
0251580712	2009	12	2	336	0.045	0.0205	0.015
0251580712	2009	12	3	337	0.0445	0.023	0.015
0251580712	2009	12	4	338	0.0405	0.02	0.015
0251580712	2009	12	5	339	0.038	0.005	0.015
0251580712	2009	12	6	340	0.037	-9999	0.015
0251580712	2009	12	7	341	0.0335	-9999	0.015
0251580712	2009	12	8	342	0.0365	-9999	0.0145
0251580712	2009	12	9	343	0.035	-9999	0.014
0251580712	2009	12	10	344	0.033	-9999	0.014
0251580712	2009	12	11	345	0.031	-9999	0.014
0251580712	2009	12	12	346	0.0355	-9999	0.014
0251580712	2009	12	13	347	0.037	-9999	0.014
0251580712	2009	12	14	348	0.0355	-9999	0.0155
0251580712	2009	12	15	349	0.035	-9999	0.013
0251580712	2009	12	16	350	0.036	-9999	0.013
0251580712	2009	12	17	351	0.035	-9999	0.014
0251580712	2009	12	18	352	0.0375	-9999	0.015
0251580712	2009	12	19	353	0.043	-9999	0.015
0251580712	2009	12	20	354	0.038	-9999	0.015
0251580712	2009	12	21	355	0.0425	-9999	0.014
0251580712	2009	12	22	356	0.0415	-9999	0.014
0251580712	2009	12	23	357	0.041	-9999	0.014
0251580712	2009	12	24	358	0.0425	-9999	0.015
0251580712	2009	12	25	359	0.039	-9999	0.015
0251580712	2009	12	26	360	0.038	-9999	0.015
0251580712	2009	12	27	361	0.037	-9999	0.015
0251580712	2009	12	28	362	0.038	-9999	0.015
0251580712	2009	12	29	363	0.0345	-9999	0.016
0251580712	2009	12	30	364	0.034	-9999	0.013
0251580712	2009	12	31	365	0.032	-9999	0.01
0251580712	2010	1	1	1	0.0325	-9999	0.01
0251580712	2010	1	2	2	0.033	-9999	0.0105
0251580712	2010	1	3	3	0.037	-9999	0.0125
0251580712	2010	1	4	4	0.0365	-9999	0.011
0251580712	2010	1	5	5	0.037	-9999	0.0115
0251580712	2010	1	6	6	0.036	-9999	0.013
0251580712	2010	1	7	7	0.038	-9999	0.005
0251580712	2010	1	8	8	0.0345	-9999	0.0085
0251580712	2010	1	9	9	0.034	-9999	0.009
0251580712	2010	1	10	10	0.034	-9999	0.0065
0251580712	2010	1	11	11	0.035	-9999	0.0085
0251580712	2010	1	12	12	0.035	-9999	0.0055
0251580712	2010	1	13	13	0.035	-9999	0.005
0251580712	2010	1	14	14	0.0355	-9999	0.0065
0251580712	2010	1	15	15	0.036	-9999	0.003
0251580712	2010	1	16	16	0.0335	-9999	0.003
0251580712	2010	1	17	17	0.0355	-9999	0.003
0251580712	2010	1	18	18	0.035	-9999	0.006
0251580712	2010	1	19	19	0.0355	-9999	0.004
0251580712	2010	1	20	20	0.032	-9999	0.003
0251580712	2010	1	21	21	0.0365	-9999	0.003
0251580712	2010	1	22	22	0.0365	-9999	0.003
0251580712	2010	1	23	23	0.035	-9999	0.0075
0251580712	2010	1	24	24	0.037	-9999	0.003
0251580712	2010	1	25	25	0.036	-9999	0.0075
0251580712	2010	1	26	26	0.037	-9999	0.0045
0251580712	2010	1	27	27	0.037	-9999	0.0075
0251580712	2010	1	28	28	0.037	-9999	0.008
0251580712	2010	1	29	29	0.036	-9999	0.0055
0251580712	2010	1	30	30	0.036	-9999	0.003
0251580712	2010	1	31	31	0.037	-9999	0.0055
0251580712	2010	2	1	32	0.037	-9999	0.0055
0251580712	2010	2	2	33	0.037	-9999	0.0075
0251580712	2010	2	3	34	0.037	-9999	0.003
0251580712	2010	2	4	35	0.037	-9999	0.0055
0251580712	2010	2	5	36	0.035	-9999	0.005
0251580712	2010	2	6	37	0.037	-9999	0.008
0251580712	2010	2	7	38	0.038	-9999	0.007
0251580712	2010	2	8	39	0.0385	-9999	0.0075
0251580712	2010	2	9	40	0.036	-9999	0.0055
0251580712	2010	2	10	41	0.037	-9999	0.003
0251580712	2010	2	11	42	0.036	-9999	0.008
0251580712	2010	2	12	43	0.019	-9999	-9999
0251580712	2010	2	13	44	0.0185	-9999	-9999
0251580712	2010	2	14	45	0.0195	-9999	-9999
0251580712	2010	2	15	46	0.019	-9999	-9999
0251580712	2010	2	16	47	0.019	-9999	-9999
0251580712	2010	2	17	48	0.019	-9999	-9999
0251580712	2010	2	18	49	0.0195	-9999	-9999
0251580712	2010	2	19	50	0.0205	-9999	-9999
0251580712	2010	2	20	51	0.018	-9999	-9999
0251580712	2010	2	21	52	0.0195	-9999	-9999
0251580712	2010	2	22	53	0.021	-9999	-9999
0251580712	2010	2	23	54	0.017	-9999	-9999
0251580712	2010	2	24	55	0.017	-9999	-9999
0251580712	2010	2	25	56	0.017	-9999	-9999
0251580712	2010	2	26	57	0.018	-9999	-9999
0251580712	2010	2	27	58	0.0155	-9999	-9999
0251580712	2010	2	28	59	-9999	-9999	-9999
0251580712	2010	3	1	60	0.0205	-9999	-9999
0251580712	2010	3	2	61	0.0165	-9999	-9999
0251580712	2010	3	3	62	0.017	-9999	-9999
0251580712	2010	3	4	63	0.0225	-9999	-9999
0251580712	2010	3	5	64	0.0205	-9999	-9999
0251580712	2010	3	6	65	0.0185	-9999	-9999
0251580712	2010	3	7	66	0.019	-9999	-9999
0251580712	2010	3	8	67	0.0225	-9999	-9999
0251580712	2010	3	9	68	0.019	-9999	-9999
0251580712	2010	3	10	69	0.0255	-9999	-9999
0251580712	2010	3	11	70	0.02	-9999	-9999
0251580712	2010	3	12	71	0.0205	-9999	-9999
0251580712	2010	3	13	72	0.026	-9999	-9999
0251580712	2010	3	14	73	0.02	-9999	-9999
0251580712	2010	3	15	74	0.0245	-9999	-9999
0251580712	2010	3	16	75	0.0225	-9999	-9999
0251580712	2010	3	17	76	0.0245	-9999	-9999
0251580712	2010	3	18	77	0.025	-9999	-9999
0251580712	2010	3	19	78	0.0295	-9999	-9999
0251580712	2010	3	20	79	0.025	-9999	-9999
0251580712	2010	3	21	80	0.0265	-9999	-9999
0251580712	2010	3	22	81	0.024	-9999	-9999
0251580712	2010	3	23	82	0.0255	-9999	-9999
0251580712	2010	3	24	83	0.026	-9999	-9999
0251580712	2010	3	25	84	0.0295	-9999	-9999
0251580712	2010	3	26	85	0.028	-9999	-9999
0251580712	2010	3	27	86	0.03	-9999	-9999
0251580712	2010	3	28	87	0.0275	-9999	-9999
0251580712	2010	3	29	88	0.0285	-9999	-9999
0251580712	2010	3	30	89	0.0315	-9999	-9999
0251580712	2010	3	31	90	0.027	-9999	-9999
0251580712	2010	4	1	91	0.03	-9999	-9999
0251580712	2010	4	2	92	0.031	-9999	-9999
0251580712	2010	4	3	93	0.0315	-9999	-9999
0251580712	2010	4	4	94	0.0285	-9999	-9999
0251580712	2010	4	5	95	0.0265	-9999	-9999
0251580712	2010	4	6	96	0.029	-9999	-9999
0251580712	2010	4	7	97	0.0275	-9999	-9999
0251580712	2010	4	8	98	0.028	-9999	-9999
0251580712	2010	4	9	99	0.026	-9999	-9999
0251580712	2010	4	10	100	0.029	-9999	-9999
0251580712	2010	4	11	101	0.033	-9999	-9999
0251580712	2010	4	12	102	0.224	0.0735	0.054
0251580712	2010	4	13	103	-9999	0.0885	0.065
0251580712	2010	4	14	104	0.206	0.038	0.045
0251580712	2010	4	15	105	-9999	0.094	0.0675
0251580712	2010	4	16	106	-9999	-9999	-9999
0251580712	2010	4	17	107	-9999	-9999	0.074
0251580712	2010	4	18	108	-9999	-9999	-9999
0251580712	2010	4	19	109	-9999	-9999	-9999
0251580712	2010	4	20	110	-9999	-9999	-9999
0251580712	2010	4	21	111	-9999	-9999	-9999
0251580712	2010	4	22	112	-9999	-9999	-9999
0251580712	2010	4	23	113	-9999	-9999	-9999
0251580712	2010	4	24	114	-9999	0.0775	0.065
0251580712	2010	4	25	115	0.2175	0.0675	0.074
0251580712	2010	4	26	116	0.2	0.053	0.067
0251580712	2010	4	27	117	0.193	0.0475	0.06
0251580712	2010	4	28	118	0.2175	0.0565	-9999
0251580712	2010	4	29	119	0.1915	0.046	0.058
0251580712	2010	4	30	120	0.1865	0.044	0.05
0251580712	2010	5	1	121	0.18	0.0315	0.0505
0251580712	2010	5	2	122	0.1865	0.0355	0.0505
0251580712	2010	5	3	123	0.193	0.043	0.0635
0251580712	2010	5	4	124	0.2055	0.045	0.069
0251580712	2010	5	5	125	0.1875	0.0445	0.059
0251580712	2010	5	6	126	0.186	0.041	0.0545
0251580712	2010	5	7	127	0.1795	0.038	0.0575
0251580712	2010	5	8	128	0.182	0.035	0.052
0251580712	2010	5	9	129	0.1755	0.037	0.0525
0251580712	2010	5	10	130	0.171	0.032	0.047
0251580712	2010	5	11	131	0.193	0.038	0.049
0251580712	2010	5	12	132	0.1775	0.036	0.05
0251580712	2010	5	13	133	0.169	0.0355	0.048
0251580712	2010	5	14	134	0.1625	0.0315	0.0485
0251580712	2010	5	15	135	0.1545	0.032	0.0425
0251580712	2010	5	16	136	0.1485	0.024	0.0395
0251580712	2010	5	17	137	0.144	0.023	0.0415
0251580712	2010	5	18	138	0.134	0.02	0.0385
0251580712	2010	5	19	139	0.1255	0.018	0.0395
0251580712	2010	5	20	140	0.13	0.0165	0.0375
0251580712	2010	5	21	141	0.1395	0.019	0.031
0251580712	2010	5	22	142	0.135	0.0145	0.034
0251580712	2010	5	23	143	0.1325	0.0195	0.029
0251580712	2010	5	24	144	0.1405	0.0205	0.0305
0251580712	2010	5	25	145	0.148	0.0225	0.0305
0251580712	2010	5	26	146	0.1415	0.0185	0.0325
0251580712	2010	5	27	147	0.136	0.013	0.0315
0251580712	2010	5	28	148	0.134	0.0145	0.031
0251580712	2010	5	29	149	0.1775	0.02	0.0335
0251580712	2010	5	30	150	0.185	0.034	0.054
0251580712	2010	5	31	151	0.173	0.0315	0.0635
0251580712	2010	6	1	152	0.1695	0.028	0.057
0251580712	2010	6	2	153	0.192	0.0355	0.0635
0251580712	2010	6	3	154	0.1945	0.042	-9999
0251580712	2010	6	4	155	0.2085	0.0545	0.0715
0251580712	2010	6	5	156	0.2005	0.0515	0.0705
0251580712	2010	6	6	157	0.1905	0.0425	0.059
0251580712	2010	6	7	158	0.195	0.0425	0.062
0251580712	2010	6	8	159	0.1945	0.045	0.064
0251580712	2010	6	9	160	0.176	0.042	0.056
0251580712	2010	6	10	161	0.1685	0.0335	0.049
0251580712	2010	6	11	162	0.1615	0.0295	0.049
0251580712	2010	6	12	163	0.1525	0.028	0.046
0251580712	2010	6	13	164	0.1435	0.0245	0.04
0251580712	2010	6	14	165	0.1355	0.023	0.04
0251580712	2010	6	15	166	0.125	0.023	0.042
0251580712	2010	6	16	167	0.1145	0.02	0.039
0251580712	2010	6	17	168	0.112	0.019	0.036
0251580712	2010	6	18	169	0.11	0.015	0.034
0251580712	2010	6	19	170	0.107	0.0145	0.0345
0251580712	2010	6	20	171	0.0935	0.0165	0.0335
0251580712	2010	6	21	172	0.081	0.012	0.0325
0251580712	2010	6	22	173	0.072	0.011	0.0345
0251580712	2010	6	23	174	0.069	0.0085	0.0285
0251580712	2010	6	24	175	0.064	0.011	0.029
0251580712	2010	6	25	176	0.059	0.005	0.029
0251580712	2010	6	26	177	0.063	0.002	0.0235
0251580712	2010	6	27	178	0.073	0.001	0.0245
0251580712	2010	6	28	179	0.0615	-9999	0.027
0251580712	2010	6	29	180	0.057	-9999	0.0215
0251580712	2010	6	30	181	0.0555	-9999	0.021
0251580712	2010	7	1	182	0.054	-9999	0.0225
0251580712	2010	7	2	183	0.0545	-9999	0.0185
0251580712	2010	7	3	184	0.057	-9999	0.017
0251580712	2010	7	4	185	0.0505	-9999	0.013
0251580712	2010	7	5	186	0.048	-9999	0.0155
0251580712	2010	7	6	187	0.0435	-9999	0.0095
0251580712	2010	7	7	188	0.049	-9999	0.011
0251580712	2010	7	8	189	0.0475	-9999	0.0065
0251580712	2010	7	9	190	0.046	-9999	0.008
0251580712	2010	7	10	191	0.0465	-9999	0.004
0251580712	2010	7	11	192	0.043	-9999	0.006
0251580712	2010	7	12	193	0.0445	-9999	0.002
0251580712	2010	7	13	194	0.044	-9999	0.004
0251580712	2010	7	14	195	0.038	-9999	-9999
0251580712	2010	7	15	196	0.0415	-9999	-9999
0251580712	2010	7	16	197	0.0415	-9999	0.002
0251580712	2010	7	17	198	0.044	-9999	0.003
0251580712	2010	7	18	199	0.0425	-9999	-9999
0251580712	2010	7	19	200	0.037	-9999	-9999
0251580712	2010	7	20	201	0.041	-9999	-9999
0251580712	2010	7	21	202	0.0385	-9999	-9999
0251580712	2010	7	22	203	0.0395	-9999	0.001
0251580712	2010	7	23	204	0.0385	-9999	-9999
0251580712	2010	7	24	205	0.0325	-9999	-9999
0251580712	2010	7	25	206	0.035	-9999	-9999
0251580712	2010	7	26	207	0.0335	-9999	-9999
0251580712	2010	7	27	208	0.0345	-9999	-9999
0251580712	2010	7	28	209	0.0385	-9999	-9999
0251580712	2010	7	29	210	0.0385	-9999	-9999
0251580712	2010	7	30	211	0.035	-9999	-9999
0251580712	2010	7	31	212	0.0355	-9999	-9999
0251580712	2010	8	1	213	0.0655	-9999	-9999
0251580712	2010	8	2	214	0.0505	-9999	-9999
0251580712	2010	8	3	215	0.0455	-9999	-9999
0251580712	2010	8	4	216	0.0435	-9999	-9999
0251580712	2010	8	5	217	0.046	-9999	-9999
0251580712	2010	8	6	218	0.063	-9999	-9999
0251580712	2010	8	7	219	0.053	-9999	-9999
0251580712	2010	8	8	220	0.047	-9999	-9999
0251580712	2010	8	9	221	0.0425	-9999	-9999
0251580712	2010	8	10	222	0.0425	-9999	-9999
0251580712	2010	8	11	223	0.0475	-9999	-9999
0251580712	2010	8	12	224	0.045	-9999	-9999
0251580712	2010	8	13	225	0.0465	-9999	-9999
0251580712	2010	8	14	226	0.0405	-9999	-9999
0251580712	2010	8	15	227	0.0405	-9999	-9999
0251580712	2010	8	16	228	0.045	-9999	-9999
0251580712	2010	8	17	229	0.0435	-9999	-9999
0251580712	2010	8	18	230	0.04	-9999	-9999
0251580712	2010	8	19	231	0.0405	-9999	-9999
0251580712	2010	8	20	232	0.037	-9999	-9999
0251580712	2010	8	21	233	0.037	-9999	-9999
0251580712	2010	8	22	234	0.037	-9999	-9999
0251580712	2010	8	23	235	0.0365	-9999	-9999
0251580712	2010	8	24	236	0.0365	-9999	-9999
0251580712	2010	8	25	237	0.038	-9999	-9999
0251580712	2010	8	26	238	0.039	-9999	-9999
0251580712	2010	8	27	239	0.043	-9999	-9999
0251580712	2010	8	28	240	0.035	-9999	-9999
0251580712	2010	8	29	241	0.036	-9999	-9999
0251580712	2010	8	30	242	0.033	-9999	-9999
0251580712	2010	8	31	243	0.0305	-9999	-9999
0251580712	2010	9	1	244	0.03	-9999	-9999
0251580712	2010	9	2	245	0.033	-9999	-9999
0251580712	2010	9	3	246	0.036	-9999	-9999
0251580712	2010	9	4	247	0.037	-9999	-9999
0251580712	2010	9	5	248	0.037	-9999	-9999
0251580712	2010	9	6	249	0.029	-9999	-9999
0251580712	2010	9	7	250	0.0305	-9999	-9999
0251580712	2010	9	8	251	0.031	-9999	-9999
0251580712	2010	9	9	252	0.03	-9999	-9999
0251580712	2010	9	10	253	0.0285	-9999	-9999
0251580712	2010	9	11	254	0.027	-9999	-9999
0251580712	2010	9	12	255	0.029	-9999	-9999
0251580712	2010	9	13	256	0.03	-9999	-9999
0251580712	2010	9	14	257	0.031	-9999	-9999
0251580712	2010	9	15	258	0.028	-9999	-9999
0251580712	2010	9	16	259	0.0325	-9999	-9999
0251580712	2010	9	17	260	0.0295	-9999	-9999
0251580712	2010	9	18	261	0.033	-9999	-9999
0251580712	2010	9	19	262	0.032	-9999	-9999
0251580712	2010	9	20	263	0.028	-9999	-9999
0251580712	2010	9	21	264	0.027	-9999	-9999
0251580712	2010	9	22	265	0.023	-9999	-9999
0251580712	2010	9	23	266	0.025	-9999	-9999
0251580712	2010	9	24	267	0.0235	-9999	-9999
0251580712	2010	9	25	268	0.0225	-9999	-9999
0251580712	2010	9	26	269	0.02	-9999	-9999
0251580712	2010	9	27	270	0.02	-9999	-9999
0251580712	2010	9	28	271	0.023	-9999	-9999
0251580712	2010	9	29	272	0.0235	-9999	-9999
0251580712	2010	9	30	273	0.025	-9999	-9999
0251580712	2010	10	1	274	0.0205	-9999	-9999
0251580712	2010	10	2	275	0.0215	-9999	-9999
0251580712	2010	10	3	276	0.0185	-9999	-9999
0251580712	2010	10	4	277	0.0215	-9999	-9999
0251580712	2010	10	5	278	0.024	-9999	-9999
0251580712	2010	10	6	279	0.0225	-9999	-9999
0251580712	2010	10	7	280	0.0215	-9999	-9999
0251580712	2010	10	8	281	0.018	-9999	-9999
0251580712	2010	10	9	282	0.02	-9999	-9999
0251580712	2010	10	10	283	0.0205	-9999	-9999
0251580712	2010	10	11	284	0.0225	-9999	-9999
0251580712	2010	10	12	285	0.0185	-9999	-9999
0251580712	2010	10	13	286	0.018	-9999	-9999
0251580712	2010	10	14	287	-9999	-9999	-9999
0251580712	2010	10	15	288	0.019	-9999	-9999
0251580712	2010	10	16	289	0.0175	-9999	-9999
0251580712	2010	10	17	290	0.0205	-9999	-9999
0251580712	2010	10	18	291	0.016	-9999	-9999
0251580712	2010	10	19	292	0.0225	-9999	-9999
0251580712	2010	10	20	293	0.02	-9999	-9999
0251580712	2010	10	21	294	0.0205	-9999	-9999
0251580712	2010	10	22	295	0.016	-9999	-9999
0251580712	2010	10	23	296	0.02	-9999	-9999
0251580712	2010	10	24	297	0.02	-9999	-9999
0251580712	2010	10	25	298	0.0185	0.0205	-9999
0251580712	2010	10	26	299	0.0225	0.0145	0.0055
0251580712	2010	10	27	300	0.027	0.0135	0.0055
0251580712	2010	10	28	301	0.0305	0.009	0.005
0251580712	2010	10	29	302	0.036	0.0105	0.001
0251580712	2010	10	30	303	0.0375	0.0055	0.009
0251580712	2010	10	31	304	0.043	0.007	0.009
0251580712	2010	11	1	305	0.062	0.017	0.008
0251580712	2010	11	2	306	0.068	0.0145	0.009
0251580712	2010	11	3	307	0.072	0.0095	0.009
0251580712	2010	11	4	308	0.0665	0.01	0.005
0251580712	2010	11	5	309	0.0675	0.0095	0.003
0251580712	2010	11	6	310	0.0675	0.006	0.004
0251580712	2010	11	7	311	0.0725	0.0085	0.0045
0251580712	2010	11	8	312	0.0765	0.002	0.005
0251580712	2010	11	9	313	0.0955	0.011	0.0045
0251580712	2010	11	10	314	0.095	0.009	0.004
0251580712	2010	11	11	315	0.091	0.009	0.0045
0251580712	2010	11	12	316	0.0905	0.0085	0.005
0251580712	2010	11	13	317	0.09	0.014	0.005
0251580712	2010	11	14	318	0.084	0.013	-9999
0251580712	2010	11	15	319	0.082	0.004	-9999
0251580712	2010	11	16	320	0.084	0.0095	0.004
0251580712	2010	11	17	321	0.0865	0.01	0.007
0251580712	2010	11	18	322	0.085	0.002	-9999
0251580712	2010	11	19	323	0.085	0.005	0.007
0251580712	2010	11	20	324	0.085	0.005	0.007
0251580712	2010	11	21	325	0.087	0.005	0.007
0251580712	2010	11	22	326	0.089	0.005	0.0045
0251580712	2010	11	23	327	0.086	0.005	-9999
0251580712	2010	11	24	328	0.091	0.006	0.003
0251580712	2010	11	25	329	0.092	0.006	0.003
0251580712	2010	11	26	330	0.0915	0.0055	0.005
0251580712	2010	11	27	331	0.092	0.005	0.007
0251580712	2010	11	28	332	0.092	0.005	0.005
0251580712	2010	11	29	333	0.092	0.006	0.0055
0251580712	2010	11	30	334	0.092	0.006	0.004
0251580712	2010	12	1	335	0.09	0.006	0.0055
0251580712	2010	12	2	336	0.0905	0.006	0.004
0251580712	2010	12	3	337	0.0915	0.006	0.004
0251580712	2010	12	4	338	0.091	0.0065	0.004
0251580712	2010	12	5	339	0.0915	0.007	0.004
0251580712	2010	12	6	340	0.092	0.0065	0.005
0251580712	2010	12	7	341	0.092	0.0065	0.005
0251580712	2010	12	8	342	0.094	0.0075	0.005
0251580712	2010	12	9	343	0.0935	0.009	0.005
0251580712	2010	12	10	344	0.0945	0.0065	0.0055
0251580712	2010	12	11	345	0.0965	0.0065	0.005
0251580712	2010	12	12	346	0.097	0.0065	0.005
0251580712	2010	12	13	347	0.099	0.006	0.006
0251580712	2010	12	14	348	0.095	0.0055	0.0055
0251580712	2010	12	15	349	0.0975	0.005	0.0055
0251580712	2010	12	16	350	0.102	0.005	0.0015
0251580712	2010	12	17	351	0.101	0.005	0.0035
0251580712	2010	12	18	352	0.101	0.009	0.0035
0251580712	2010	12	19	353	0.0985	0.005	0.001
0251580712	2010	12	20	354	0.098	0.007	0.0015
0251580712	2010	12	21	355	0.098	0.007	0.0015
0251580712	2010	12	22	356	0.098	0.005	0.002
0251580712	2010	12	23	357	0.098	0.005	0.002
0251580712	2010	12	24	358	0.098	0.005	0.002
0251580712	2010	12	25	359	0.095	0.005	0.002
0251580712	2010	12	26	360	0.095	0.005	0.002
0251580712	2010	12	27	361	0.098	0.0055	0.002
0251580712	2010	12	28	362	0.0955	0.0055	0.002
0251580712	2010	12	29	363	0.093	0.005	0.006
0251580712	2010	12	30	364	0.0955	0.006	-9999
0251580712	2010	12	31	365	0.0955	0.006	0.002
0251580712	2011	1	1	1	0.095	0.006	0.002
0251580712	2011	1	2	2	0.098	0.008	0.002
0251580712	2011	1	3	3	0.098	0.0065	0.002
0251580712	2011	1	4	4	0.098	0.0095	0.002
0251580712	2011	1	5	5	0.0955	0.01	0.006
0251580712	2011	1	6	6	0.0925	0.01	-9999
0251580712	2011	1	7	7	0.0975	0.009	0.002
0251580712	2011	1	8	8	0.095	0.008	-9999
0251580712	2011	1	9	9	0.092	0.004	0.002
0251580712	2011	1	10	10	0.092	0.001	0.002
0251580712	2011	1	11	11	0.0975	0.001	0.002
0251580712	2011	1	12	12	0.096	0.001	-9999
0251580712	2011	1	13	13	0.0925	0.001	-9999
0251580712	2011	1	14	14	0.097	0.003	0.002
0251580712	2011	1	15	15	0.096	0.003	0.002
0251580712	2011	1	16	16	0.096	0.003	0.002
0251580712	2011	1	17	17	0.096	0.003	-9999
0251580712	2011	1	18	18	0.0965	0.003	0.002
0251580712	2011	1	19	19	0.095	0.0035	0.002
0251580712	2011	1	20	20	0.0945	0.0035	-9999
0251580712	2011	1	21	21	0.093	0.003	0.002
0251580712	2011	1	22	22	0.097	0.004	0.002
0251580712	2011	1	23	23	0.097	0.003	0.002
0251580712	2011	1	24	24	0.094	0.004	0.002
0251580712	2011	1	25	25	0.098	0.004	0.002
0251580712	2011	1	26	26	0.093	0.004	0.002
0251580712	2011	1	27	27	0.0955	0.002	0.002
0251580712	2011	1	28	28	0.0955	0.0035	0.002
0251580712	2011	1	29	29	0.0975	0.001	-9999
0251580712	2011	1	30	30	0.097	0.0025	-9999
0251580712	2011	1	31	31	0.0975	0.001	-9999
0251580712	2011	2	1	32	0.097	0.0035	-9999
0251580712	2011	2	2	33	0.098	0.002	-9999
0251580712	2011	2	3	34	0.097	0.0045	-9999
0251580712	2011	2	4	35	0.097	0.001	-9999
0251580712	2011	2	5	36	0.094	0.001	-9999
0251580712	2011	2	6	37	0.092	0.0055	-9999
0251580712	2011	2	7	38	0.093	0.006	-9999
0251580712	2011	2	8	39	0.091	0.006	-9999
0251580712	2011	2	9	40	0.087	0.006	-9999
0251580712	2011	2	10	41	0.087	0.0035	-9999
0251580712	2011	2	11	42	0.0885	0.009	-9999
0251580712	2011	2	12	43	0.088	0.003	-9999
0251580712	2011	2	13	44	0.0855	0.001	-9999
0251580712	2011	2	14	45	0.088	0.001	-9999
0251580712	2011	2	15	46	0.085	0.0015	-9999
0251580712	2011	2	16	47	0.085	0.0015	-9999
0251580712	2011	2	17	48	0.086	0.002	-9999
0251580712	2011	2	18	49	0.086	0.002	-9999
0251580712	2011	2	19	50	0.086	0.002	-9999
0251580712	2011	2	20	51	0.086	0.002	-9999
0251580712	2011	2	21	52	0.084	0.003	-9999
0251580712	2011	2	22	53	0.085	0.0045	-9999
0251580712	2011	2	23	54	0.086	0.0065	-9999
0251580712	2011	2	24	55	0.086	0.007	-9999
0251580712	2011	2	25	56	0.085	0.007	-9999
0251580712	2011	2	26	57	0.087	0.007	-9999
0251580712	2011	2	27	58	0.087	0.007	-9999
0251580712	2011	2	28	59	0.09	0.007	-9999
0251580712	2011	3	1	60	0.089	-9999	-9999
0251580712	2011	3	2	61	0.086	0.008	-9999
0251580712	2011	3	3	62	0.0865	-9999	-9999
0251580712	2011	3	4	63	0.0865	-9999	0.003
0251580712	2011	3	5	64	0.0865	-9999	0.002
0251580712	2011	3	6	65	0.087	-9999	0.004
0251580712	2011	3	7	66	0.09	-9999	0.003
0251580712	2011	3	8	67	0.091	-9999	0.0035
0251580712	2011	3	9	68	0.091	-9999	0.004
0251580712	2011	3	10	69	0.09	-9999	0.003
0251580712	2011	3	11	70	0.092	0.002	0.003
0251580712	2011	3	12	71	0.091	-9999	0.0025
0251580712	2011	3	13	72	0.09	-9999	0.004
0251580712	2011	3	14	73	0.0955	-9999	0.0025
0251580712	2011	3	15	74	0.094	0.002	0.001
0251580712	2011	3	16	75	0.094	-9999	0.004
0251580712	2011	3	17	76	0.109	0.015	0.004
0251580712	2011	3	18	77	0.127	0.016	0.004
0251580712	2011	3	19	78	0.1295	0.0155	0.0055
0251580712	2011	3	20	79	0.129	0.02	0.0115
0251580712	2011	3	21	80	0.1455	0.027	0.0305
0251580712	2011	3	22	81	0.182	0.039	0.055
0251580712	2011	3	23	82	0.186	0.031	0.0545
0251580712	2011	3	24	83	0.182	0.027	0.058
0251580712	2011	3	25	84	0.1785	0.029	0.0525
0251580712	2011	3	26	85	0.174	0.0325	0.053
0251580712	2011	3	27	86	0.1705	0.0265	0.052
0251580712	2011	3	28	87	0.17	0.029	0.047
0251580712	2011	3	29	88	0.168	0.03	0.0465
0251580712	2011	3	30	89	0.1655	0.0265	0.045
0251580712	2011	3	31	90	0.1665	0.0295	0.0475
0251580712	2011	4	1	91	0.214	0.056	-9999
0251580712	2011	4	2	92	0.224	0.061	-9999
0251580712	2011	4	3	93	0.2235	0.061	0.0695
0251580712	2011	4	4	94	0.2115	0.053	0.0615
0251580712	2011	4	5	95	0.1955	0.046	0.0565
0251580712	2011	4	6	96	0.188	0.0435	0.055
0251580712	2011	4	7	97	0.1795	0.0375	0.053
0251580712	2011	4	8	98	0.1755	0.039	0.0485
0251580712	2011	4	9	99	0.172	0.0365	0.048
0251580712	2011	4	10	100	0.1905	0.047	0.061
0251580712	2011	4	11	101	0.1965	0.049	0.0645
0251580712	2011	4	12	102	0.2095	0.057	0.068
0251580712	2011	4	13	103	0.2105	0.0575	0.0695
0251580712	2011	4	14	104	0.218	0.0665	0.074
0251580712	2011	4	15	105	0.2195	0.06	0.07
0251580712	2011	4	16	106	0.2235	0.0755	0.071
0251580712	2011	4	17	107	0.2325	0.0865	-9999
0251580712	2011	4	18	108	0.224	0.065	0.07
0251580712	2011	4	19	109	0.223	0.0625	0.067
0251580712	2011	4	20	110	0.221	0.0605	0.069
0251580712	2011	4	21	111	0.2195	0.0595	0.068
0251580712	2011	4	22	112	0.2095	0.0605	0.063
0251580712	2011	4	23	113	0.2045	0.0555	0.056
0251580712	2011	4	24	114	0.21	0.056	0.07
0251580712	2011	4	25	115	0.2065	0.0535	0.0685
0251580712	2011	4	26	116	0.1945	0.0515	0.056
0251580712	2011	4	27	117	0.188	0.0435	0.0565
0251580712	2011	4	28	118	0.1975	0.055	0.0555
0251580712	2011	4	29	119	0.197	0.053	0.0615
0251580712	2011	4	30	120	0.191	0.0465	0.0555
0251580712	2011	5	1	121	0.205	0.055	0.072
0251580712	2011	5	2	122	0.1995	0.0505	0.0665
0251580712	2011	5	3	123	0.2075	0.073	0.072
0251580712	2011	5	4	124	0.208	0.056	0.072
0251580712	2011	5	5	125	0.208	0.0645	0.0675
0251580712	2011	5	6	126	0.2135	0.061	0.0655
0251580712	2011	5	7	127	0.233	0.069	-9999
0251580712	2011	5	8	128	0.2305	0.0655	0.0705
0251580712	2011	5	9	129	0.225	0.063	0.067
0251580712	2011	5	10	130	0.2125	0.0535	0.0675
0251580712	2011	5	11	131	0.2125	0.058	0.0685
0251580712	2011	5	12	132	0.2245	0.0665	0.064
0251580712	2011	5	13	133	0.233	0.071	0.067
0251580712	2011	5	14	134	0.2355	0.069	0.066
0251580712	2011	5	15	135	0.242	0.0755	0.0665
0251580712	2011	5	16	136	0.2275	0.053	0.066
0251580712	2011	5	17	137	0.2025	0.056	0.0635
0251580712	2011	5	18	138	0.188	0.0465	0.06
0251580712	2011	5	19	139	0.179	0.042	0.0555
0251580712	2011	5	20	140	0.169	0.0385	0.0485
0251580712	2011	5	21	141	0.1625	0.034	0.0515
0251580712	2011	5	22	142	0.1565	0.0315	0.0465
0251580712	2011	5	23	143	0.1635	0.031	0.0425
0251580712	2011	5	24	144	0.1955	0.046	0.06
0251580712	2011	5	25	145	0.203	0.052	0.0705
0251580712	2011	5	26	146	0.1805	0.037	0.057
0251580712	2011	5	27	147	0.207	0.056	0.0645
0251580712	2011	5	28	148	0.21	0.061	0.072
0251580712	2011	5	29	149	0.1885	0.047	0.063
0251580712	2011	5	30	150	0.2065	0.0675	-9999
0251580712	2011	5	31	151	0.1955	0.0555	0.0645
0251580712	2011	6	1	152	0.177	0.046	0.0535
0251580712	2011	6	2	153	0.162	0.041	0.052
0251580712	2011	6	3	154	0.154	0.036	0.051
0251580712	2011	6	4	155	0.1465	0.034	0.043
0251580712	2011	6	5	156	0.141	0.0345	0.042
0251580712	2011	6	6	157	0.13	0.0305	0.0435
0251580712	2011	6	7	158	0.1325	0.0415	0.048
0251580712	2011	6	8	159	0.185	0.0665	0.061
0251580712	2011	6	9	160	0.1835	0.0475	0.063
0251580712	2011	6	10	161	0.165	0.0415	0.0565
0251580712	2011	6	11	162	0.155	0.037	0.054
0251580712	2011	6	12	163	0.146	0.0355	0.051
0251580712	2011	6	13	164	0.1575	0.0435	0.0485
0251580712	2011	6	14	165	0.174	0.0505	0.051
0251580712	2011	6	15	166	0.1625	0.041	0.0515
0251580712	2011	6	16	167	0.1475	0.0415	0.0505
0251580712	2011	6	17	168	0.136	0.032	0.046
0251580712	2011	6	18	169	0.134	0.027	0.043
0251580712	2011	6	19	170	0.142	0.033	0.0435
0251580712	2011	6	20	171	0.1455	0.039	0.0395
0251580712	2011	6	21	172	0.1395	0.0325	0.0385
0251580712	2011	6	22	173	0.134	0.032	0.038
0251580712	2011	6	23	174	0.1235	0.0275	0.039
0251580712	2011	6	24	175	0.1065	0.028	0.036
0251580712	2011	6	25	176	0.09	0.0265	0.0375
0251580712	2011	6	26	177	0.0775	0.0235	0.037
0251580712	2011	6	27	178	0.068	0.0165	0.033
0251580712	2011	6	28	179	0.0645	0.02	0.0355
0251580712	2011	6	29	180	0.0565	0.0135	0.034
0251580712	2011	6	30	181	0.0515	0.012	0.031
0251580712	2011	7	1	182	0.0505	0.01	0.0255
0251580712	2011	7	2	183	0.053	0.0065	0.021
0251580712	2011	7	3	184	0.05	0.008	0.0225
0251580712	2011	7	4	185	0.048	-9999	0.017
0251580712	2011	7	5	186	0.048	0.0055	0.0195
0251580712	2011	7	6	187	0.051	0.0135	0.015
0251580712	2011	7	7	188	0.047	0.006	0.0145
0251580712	2011	7	8	189	0.048	-9999	0.007
0251580712	2011	7	9	190	0.046	0.004	0.007
0251580712	2011	7	10	191	0.0485	0.006	0.0075
0251580712	2011	7	11	192	0.046	0.014	0.0125
0251580712	2011	7	12	193	0.0425	0.0295	0.008
0251580712	2011	7	13	194	0.047	0.031	0.01
0251580712	2011	7	14	195	0.06	0.037	0.016
0251580712	2011	7	15	196	0.055	0.0275	0.0165
0251580712	2011	7	16	197	0.061	0.025	0.0135
0251580712	2011	7	17	198	0.0525	0.024	0.0135
0251580712	2011	7	18	199	0.056	0.0205	0.0185
0251580712	2011	7	19	200	0.049	0.017	0.0135
0251580712	2011	7	20	201	0.048	0.0115	0.013
0251580712	2011	7	21	202	0.0465	0.011	0.0105
0251580712	2011	7	22	203	0.043	-9999	0.0085
0251580712	2011	7	23	204	0.0435	-9999	0.0075
0251580712	2011	7	24	205	0.0415	-9999	0.01
0251580712	2011	7	25	206	0.0425	-9999	0.004
0251580712	2011	7	26	207	0.0445	-9999	-9999
0251580712	2011	7	27	208	0.0385	-9999	-9999
0251580712	2011	7	28	209	0.038	-9999	-9999
0251580712	2011	7	29	210	0.0375	-9999	-9999
0251580712	2011	7	30	211	0.0355	-9999	-9999
0251580712	2011	7	31	212	0.0365	-9999	-9999
0251580712	2011	8	1	213	0.034	-9999	-9999
0251580712	2011	8	2	214	0.036	-9999	-9999
0251580712	2011	8	3	215	0.038	-9999	-9999
0251580712	2011	8	4	216	0.0375	-9999	-9999
0251580712	2011	8	5	217	0.041	-9999	-9999
0251580712	2011	8	6	218	0.0385	-9999	-9999
0251580712	2011	8	7	219	0.04	-9999	-9999
0251580712	2011	8	8	220	0.0755	-9999	-9999
0251580712	2011	8	9	221	0.0675	0.001	-9999
0251580712	2011	8	10	222	0.0565	0.007	-9999
0251580712	2011	8	11	223	0.0505	-9999	-9999
0251580712	2011	8	12	224	0.046	-9999	-9999
0251580712	2011	8	13	225	0.04	-9999	-9999
0251580712	2011	8	14	226	0.041	-9999	-9999
0251580712	2011	8	15	227	0.0425	-9999	-9999
0251580712	2011	8	16	228	0.0355	-9999	-9999
0251580712	2011	8	17	229	0.0375	-9999	-9999
0251580712	2011	8	18	230	0.035	-9999	-9999
0251580712	2011	8	19	231	0.036	-9999	-9999
0251580712	2011	8	20	232	0.034	-9999	-9999
0251580712	2011	8	21	233	0.0365	-9999	-9999
0251580712	2011	8	22	234	0.0335	-9999	-9999
0251580712	2011	8	23	235	0.0355	-9999	-9999
0251580712	2011	8	24	236	0.0365	-9999	-9999
0251580712	2011	8	25	237	0.034	-9999	-9999
0251580712	2011	8	26	238	0.031	-9999	-9999
0251580712	2011	8	27	239	0.033	-9999	-9999
0251580712	2011	8	28	240	0.0305	-9999	-9999
0251580712	2011	8	29	241	0.034	-9999	-9999
0251580712	2011	8	30	242	0.0305	-9999	-9999
0251580712	2011	8	31	243	0.0315	-9999	-9999
0251580712	2011	9	1	244	0.0315	-9999	-9999
0251580712	2011	9	2	245	0.0285	-9999	-9999
0251580712	2011	9	3	246	0.027	-9999	-9999
0251580712	2011	9	4	247	0.025	-9999	-9999
0251580712	2011	9	5	248	0.0275	-9999	-9999
0251580712	2011	9	6	249	0.0275	-9999	-9999
0251580712	2011	9	7	250	0.028	-9999	-9999
0251580712	2011	9	8	251	0.029	-9999	-9999
0251580712	2011	9	9	252	0.022	-9999	-9999
0251580712	2011	9	10	253	0.028	-9999	-9999
0251580712	2011	9	11	254	0.028	-9999	-9999
0251580712	2011	9	12	255	0.021	-9999	-9999
0251580712	2011	9	13	256	0.0265	-9999	-9999
0251580712	2011	9	14	257	0.0275	-9999	-9999
0251580712	2011	9	15	258	0.026	-9999	-9999
0251580712	2011	9	16	259	0.0235	-9999	-9999
0251580712	2011	9	17	260	0.0235	-9999	-9999
0251580712	2011	9	18	261	0.0255	-9999	-9999
0251580712	2011	9	19	262	0.026	-9999	-9999
0251580712	2011	9	20	263	0.0245	-9999	-9999
0251580712	2011	9	21	264	0.0255	-9999	-9999
0251580712	2011	9	22	265	0.0285	-9999	-9999
0251580712	2011	9	23	266	0.0265	-9999	-9999
0251580712	2011	9	24	267	0.033	-9999	-9999
0251580712	2011	9	25	268	0.0295	-9999	-9999
0251580712	2011	9	26	269	0.0335	-9999	-9999
0251580712	2011	9	27	270	0.0255	-9999	-9999
0251580712	2011	9	28	271	0.0255	-9999	-9999
0251580712	2011	9	29	272	0.0265	-9999	-9999
0251580712	2011	9	30	273	0.025	-9999	-9999
0251580712	2011	10	1	274	0.024	-9999	-9999
0251580712	2011	10	2	275	0.0255	-9999	-9999
0251580712	2011	10	3	276	0.023	-9999	-9999
0251580712	2011	10	4	277	0.0245	-9999	-9999
0251580712	2011	10	5	278	0.0245	0.051	-9999
0251580712	2011	10	6	279	0.036	0.065	-9999
0251580712	2011	10	7	280	0.049	0.0365	0.0185
0251580712	2011	10	8	281	0.0745	0.0345	0.017
0251580712	2011	10	9	282	0.0825	0.03	0.019
0251580712	2011	10	10	283	0.083	0.025	0.0165
0251580712	2011	10	11	284	0.0975	0.044	0.0255
0251580712	2011	10	12	285	0.109	0.0385	0.0385
0251580712	2011	10	13	286	0.1105	0.0285	0.0335
0251580712	2011	10	14	287	0.109	0.031	0.028
0251580712	2011	10	15	288	0.105	0.023	0.027
0251580712	2011	10	16	289	0.099	0.0225	0.027
0251580712	2011	10	17	290	0.115	0.0475	0.025
0251580712	2011	10	18	291	0.1125	0.0365	0.027
0251580712	2011	10	19	292	0.1085	0.0295	0.027
0251580712	2011	10	20	293	0.1075	0.0235	0.0275
0251580712	2011	10	21	294	0.1055	0.025	0.026
0251580712	2011	10	22	295	0.114	0.0185	0.025
0251580712	2011	10	23	296	0.1085	0.0215	0.0225
0251580712	2011	10	24	297	0.105	0.0225	0.021
0251580712	2011	10	25	298	0.114	0.029	0.022
0251580712	2011	10	26	299	0.1005	0.0235	0.0165
0251580712	2011	10	27	300	0.0925	0.024	0.0175
0251580712	2011	10	28	301	0.081	0.0175	0.0115
0251580712	2011	10	29	302	0.089	0.016	0.0155
0251580712	2011	10	30	303	0.0955	0.017	0.0155
0251580712	2011	10	31	304	0.102	0.0175	0.019
0251580712	2011	11	1	305	0.1295	0.0165	0.019
0251580712	2011	11	2	306	0.1145	0.0185	0.0135
0251580712	2011	11	3	307	0.093	0.019	0.015
0251580712	2011	11	4	308	0.068	0.0145	0.0135
0251580712	2011	11	5	309	0.079	0.015	0.0165
0251580712	2011	11	6	310	0.0775	0.0155	0.0155
0251580712	2011	11	7	311	0.0825	0.0125	0.014
0251580712	2011	11	8	312	0.072	0.013	0.0155
0251580712	2011	11	9	313	0.0645	0.0085	0.017
0251580712	2011	11	10	314	0.045	0.0105	0.017
0251580712	2011	11	11	315	0.0365	0.0065	0.017
0251580712	2011	11	12	316	0.038	0.0095	0.012
0251580712	2011	11	13	317	0.037	0.012	0.009
0251580712	2011	11	14	318	0.043	0.01	0.011
0251580712	2011	11	15	319	0.04	0.006	0.013
0251580712	2011	11	16	320	0.04	0.006	0.014
0251580712	2011	11	17	321	0.0375	0.007	0.013
0251580712	2011	11	18	322	0.036	0.007	0.0135
0251580712	2011	11	19	323	0.0435	0.005	0.0135
0251580712	2011	11	20	324	0.0445	0.0055	0.014
0251580712	2011	11	21	325	0.0465	0.0065	0.014
0251580712	2011	11	22	326	0.047	0.009	0.01
0251580712	2011	11	23	327	0.051	0.0075	0.006
0251580712	2011	11	24	328	0.0595	0.007	0.006
0251580712	2011	11	25	329	0.0595	0.004	0.01
0251580712	2011	11	26	330	0.0685	0.002	0.01
0251580712	2011	11	27	331	0.0645	0.001	0.008
0251580712	2011	11	28	332	0.0555	0.001	0.009
0251580712	2011	11	29	333	0.0545	0.002	0.008
0251580712	2011	11	30	334	0.0595	0.003	0.008
0251580712	2011	12	1	335	0.0635	0.004	0.008
0251580712	2011	12	2	336	0.0595	0.0025	0.008
0251580712	2011	12	3	337	0.0495	0.0035	0.006
0251580712	2011	12	4	338	0.043	0.005	0.004
0251580712	2011	12	5	339	0.042	0.003	0.006
0251580712	2011	12	6	340	0.0395	0.0015	0.004
0251580712	2011	12	7	341	0.037	0.002	0.004
0251580712	2011	12	8	342	0.0375	0.006	0.005
0251580712	2011	12	9	343	0.0375	0.001	0.008
0251580712	2011	12	10	344	0.0395	-9999	0.0045
0251580712	2011	12	11	345	0.034	-9999	0.003
0251580712	2011	12	12	346	0.0325	-9999	0.005
0251580712	2011	12	13	347	0.031	-9999	0.007
0251580712	2011	12	14	348	0.0315	-9999	0.004
0251580712	2011	12	15	349	0.031	-9999	0.0075
0251580712	2011	12	16	350	0.031	-9999	0.004
0251580712	2011	12	17	351	0.033	-9999	0.011
0251580712	2011	12	18	352	0.0325	-9999	0.0105
0251580712	2011	12	19	353	0.0325	-9999	0.0105
0251580712	2011	12	20	354	0.0335	-9999	0.007
0251580712	2011	12	21	355	0.031	-9999	0.007
0251580712	2011	12	22	356	0.031	-9999	0.007
0251580712	2011	12	23	357	0.0345	-9999	0.008
0251580712	2011	12	24	358	0.034	-9999	0.003
0251580712	2011	12	25	359	0.029	-9999	0.0045
0251580712	2011	12	26	360	0.028	-9999	0.0045
0251580712	2011	12	27	361	0.03	-9999	0.0065
0251580712	2011	12	28	362	0.03	-9999	0.003
0251580712	2011	12	29	363	0.0345	-9999	0.005
0251580712	2011	12	30	364	0.0315	-9999	0.005
0251580712	2011	12	31	365	0.0335	0.083	0.0075
0251580712	2012	1	1	1	0.037	0.039	0.0035
0251580712	2012	1	2	2	0.0395	0.0245	0.0055
0251580712	2012	1	3	3	0.037	0.018	0.004
0251580712	2012	1	4	4	0.0355	0.01	0.0075
0251580712	2012	1	5	5	0.039	0.0035	0.003
0251580712	2012	1	6	6	0.036	-9999	0.003
0251580712	2012	1	7	7	0.0365	-9999	0.003
0251580712	2012	1	8	8	0.035	-9999	0.0055
0251580712	2012	1	9	9	0.036	-9999	0.005
0251580712	2012	1	10	10	0.035	-9999	0.0075
0251580712	2012	1	11	11	0.035	-9999	0.005
0251580712	2012	1	12	12	0.036	-9999	0.0045
0251580712	2012	1	13	13	0.033	-9999	0.004
0251580712	2012	1	14	14	0.0315	-9999	0.0075
0251580712	2012	1	15	15	0.031	-9999	0.014
0251580712	2012	1	16	16	0.028	-9999	0.007
0251580712	2012	1	17	17	0.028	-9999	0.005
0251580712	2012	1	18	18	0.031	-9999	0.0055
0251580712	2012	1	19	19	0.032	-9999	0.0055
0251580712	2012	1	20	20	0.0325	-9999	0.003
0251580712	2012	1	21	21	0.0315	-9999	0.0045
0251580712	2012	1	22	22	0.032	-9999	-9999
0251580712	2012	1	23	23	0.0295	-9999	-9999
0251580712	2012	1	24	24	0.036	-9999	0.003
0251580712	2012	1	25	25	0.034	-9999	-9999
0251580712	2012	1	26	26	0.034	-9999	-9999
0251580712	2012	1	27	27	0.031	-9999	-9999
0251580712	2012	1	28	28	0.0285	-9999	-9999
0251580712	2012	1	29	29	0.0305	-9999	-9999
0251580712	2012	1	30	30	0.029	-9999	-9999
0251580712	2012	1	31	31	0.033	-9999	-9999
0251580712	2012	2	1	32	0.033	-9999	-9999
0251580712	2012	2	2	33	0.033	-9999	-9999
0251580712	2012	2	3	34	0.0355	-9999	-9999
0251580712	2012	2	4	35	0.037	-9999	-9999
0251580712	2012	2	5	36	0.037	-9999	-9999
0251580712	2012	2	6	37	0.0325	-9999	-9999
0251580712	2012	2	7	38	0.033	-9999	-9999
0251580712	2012	2	8	39	0.0305	-9999	-9999
0251580712	2012	2	9	40	0.0325	-9999	-9999
0251580712	2012	2	10	41	0.0295	-9999	-9999
0251580712	2012	2	11	42	0.03	-9999	-9999
0251580712	2012	2	12	43	0.0295	-9999	-9999
0251580712	2012	2	13	44	0.0325	-9999	-9999
0251580712	2012	2	14	45	0.034	-9999	-9999
0251580712	2012	2	15	46	0.034	-9999	-9999
0251580712	2012	2	16	47	0.034	-9999	-9999
0251580712	2012	2	17	48	0.033	-9999	-9999
0251580712	2012	2	18	49	0.0315	-9999	-9999
0251580712	2012	2	19	50	0.0305	-9999	-9999
0251580712	2012	2	20	51	0.03	-9999	-9999
0251580712	2012	2	21	52	0.035	-9999	-9999
0251580712	2012	2	22	53	0.0325	-9999	-9999
0251580712	2012	2	23	54	0.033	-9999	-9999
0251580712	2012	2	24	55	0.031	-9999	-9999
0251580712	2012	2	25	56	0.037	-9999	-9999
0251580712	2012	2	26	57	0.0375	-9999	-9999
0251580712	2012	2	27	58	0.037	-9999	-9999
0251580712	2012	2	28	59	0.037	-9999	-9999
0251580712	2012	2	29	60	0.035	-9999	-9999
0251580712	2012	3	1	61	0.035	-9999	-9999
0251580712	2012	3	2	62	0.035	-9999	-9999
0251580712	2012	3	3	63	0.035	-9999	-9999
0251580712	2012	3	4	64	0.035	-9999	-9999
0251580712	2012	3	5	65	0.034	-9999	-9999
0251580712	2012	3	6	66	0.0365	-9999	-9999
0251580712	2012	3	7	67	0.035	-9999	-9999
0251580712	2012	3	8	68	0.033	-9999	-9999
0251580712	2012	3	9	69	0.036	-9999	-9999
0251580712	2012	3	10	70	0.0375	-9999	-9999
0251580712	2012	3	11	71	0.0375	-9999	-9999
0251580712	2012	3	12	72	0.0375	-9999	-9999
0251580712	2012	3	13	73	0.039	-9999	-9999
0251580712	2012	3	14	74	0.0505	-9999	-9999
0251580712	2012	3	15	75	-9999	-9999	0.043
0251580712	2012	3	16	76	-9999	-9999	-9999
0251580712	2012	3	17	77	-9999	-9999	0.072
0251580712	2012	3	18	78	-9999	-9999	-9999
0251580712	2012	3	19	79	-9999	-9999	0.06
0251580712	2012	3	20	80	-9999	0.0995	0.054
0251580712	2012	3	21	81	0.235	0.085	0.048
0251580712	2012	3	22	82	-9999	-9999	0.0625
0251580712	2012	3	23	83	-9999	-9999	0.072
0251580712	2012	3	24	84	-9999	-9999	0.07
0251580712	2012	3	25	85	-9999	-9999	0.069
0251580712	2012	3	26	86	-9999	-9999	0.068
0251580712	2012	3	27	87	-9999	-9999	0.0595
0251580712	2012	3	28	88	-9999	-9999	0.0565
0251580712	2012	3	29	89	-9999	-9999	0.066
0251580712	2012	3	30	90	-9999	-9999	0.059
0251580712	2012	3	31	91	-9999	-9999	-9999
0251580712	2012	4	1	92	-9999	-9999	0.0705
0251580712	2012	4	2	93	-9999	-9999	0.067
0251580712	2012	4	3	94	-9999	-9999	0.065
0251580712	2012	4	4	95	-9999	-9999	0.0685
0251580712	2012	4	5	96	-9999	-9999	0.071
0251580712	2012	4	6	97	-9999	-9999	0.066
0251580712	2012	4	7	98	0.2295	0.081	0.0565
0251580712	2012	4	8	99	0.2145	0.0675	0.0525
0251580712	2012	4	9	100	-9999	-9999	0.068
0251580712	2012	4	10	101	-9999	-9999	0.072
0251580712	2012	4	11	102	-9999	-9999	0.0715
0251580712	2012	4	12	103	-9999	-9999	0.0715
0251580712	2012	4	13	104	-9999	-9999	0.066
0251580712	2012	4	14	105	-9999	-9999	0.064
0251580712	2012	4	15	106	-9999	-9999	0.067
0251580712	2012	4	16	107	-9999	0.0915	0.057
0251580712	2012	4	17	108	-9999	-9999	0.0705
0251580712	2012	4	18	109	-9999	-9999	0.07
0251580712	2012	4	19	110	-9999	-9999	0.066
0251580712	2012	4	20	111	-9999	-9999	0.0685
0251580712	2012	4	21	112	-9999	-9999	0.068
0251580712	2012	4	22	113	-9999	0.103	0.064
0251580712	2012	4	23	114	-9999	0.097	0.065
0251580712	2012	4	24	115	-9999	-9999	-9999
0251580712	2012	4	25	116	-9999	-9999	-9999
0251580712	2012	4	26	117	-9999	-9999	-9999
0251580712	2012	4	27	118	0.223	0.063	0.07
0251580712	2012	4	28	119	0.2045	0.053	0.056
0251580712	2012	4	29	120	0.194	0.0485	0.051
0251580712	2012	4	30	121	0.1875	0.0395	0.051
0251580712	2012	5	1	122	-9999	0.077	0.0685
0251580712	2012	5	2	123	0.2035	0.057	0.064
0251580712	2012	5	3	124	0.1975	0.049	0.0525
0251580712	2012	5	4	125	0.1965	0.048	0.0505
0251580712	2012	5	5	126	0.209	0.0465	0.0525
0251580712	2012	5	6	127	0.198	0.048	0.0525
0251580712	2012	5	7	128	0.1855	0.044	0.0515
0251580712	2012	5	8	129	0.172	0.0375	0.0485
0251580712	2012	5	9	130	0.1575	0.0355	0.049
0251580712	2012	5	10	131	0.1455	0.0325	0.04
0251580712	2012	5	11	132	0.1385	0.032	0.0415
0251580712	2012	5	12	133	0.1295	0.028	0.041
0251580712	2012	5	13	134	0.1235	0.0235	0.0415
0251580712	2012	5	14	135	0.116	0.019	0.034
0251580712	2012	5	15	136	0.1085	0.0185	0.0335
0251580712	2012	5	16	137	0.0995	0.0205	0.033
0251580712	2012	5	17	138	0.0885	0.0135	0.0315
0251580712	2012	5	18	139	0.082	0.0125	0.0325
0251580712	2012	5	19	140	0.089	0.0105	0.0305
0251580712	2012	5	20	141	0.0915	0.0085	0.032
0251580712	2012	5	21	142	0.0875	0.0055	0.026
0251580712	2012	5	22	143	0.0775	0.0115	0.028
0251580712	2012	5	23	144	0.1585	-9999	0.0285
0251580712	2012	5	24	145	0.17	-9999	0.032
0251580712	2012	5	25	146	0.17	-9999	0.0275
0251580712	2012	5	26	147	0.196	-9999	0.03
0251580712	2012	5	27	148	0.191	-9999	0.0655
0251580712	2012	5	28	149	0.179	-9999	0.0565
0251580712	2012	5	29	150	0.1695	-9999	0.0525
0251580712	2012	5	30	151	0.157	-9999	0.05
0251580712	2012	5	31	152	0.1475	-9999	0.05
0251580712	2012	6	1	153	0.1415	-9999	0.043
0251580712	2012	6	2	154	0.1325	-9999	0.041
0251580712	2012	6	3	155	0.169	-9999	0.0445
0251580712	2012	6	4	156	0.159	-9999	0.0445
0251580712	2012	6	5	157	0.141	-9999	0.041
0251580712	2012	6	6	158	0.1265	-9999	0.043
0251580712	2012	6	7	159	0.1245	-9999	0.036
0251580712	2012	6	8	160	0.1185	-9999	0.036
0251580712	2012	6	9	161	0.1575	-9999	0.0435
0251580712	2012	6	10	162	0.1705	-9999	0.0465
0251580712	2012	6	11	163	0.178	-9999	0.0445
0251580712	2012	6	12	164	0.163	-9999	0.0475
0251580712	2012	6	13	165	0.1545	-9999	0.0455
0251580712	2012	6	14	166	0.1475	-9999	0.047
0251580712	2012	6	15	167	0.136	-9999	0.0425
0251580712	2012	6	16	168	0.1305	-9999	0.043
0251580712	2012	6	17	169	0.118	-9999	0.0375
0251580712	2012	6	18	170	0.1105	-9999	0.0365
0251580712	2012	6	19	171	0.0905	-9999	0.0375
0251580712	2012	6	20	172	0.0875	-9999	0.0345
0251580712	2012	6	21	173	0.074	-9999	0.033
0251580712	2012	6	22	174	0.065	-9999	0.035
0251580712	2012	6	23	175	0.0605	-9999	0.0275
0251580712	2012	6	24	176	0.0585	-9999	0.0295
0251580712	2012	6	25	177	0.055	-9999	0.0235
0251580712	2012	6	26	178	0.055	-9999	0.0195
0251580712	2012	6	27	179	0.0455	-9999	0.016
0251580712	2012	6	28	180	0.0465	-9999	0.0125
0251580712	2012	6	29	181	0.0465	-9999	0.008
0251580712	2012	6	30	182	0.046	-9999	0.01
0251580712	2012	7	1	183	0.046	-9999	0.0075
0251580712	2012	7	2	184	0.044	-9999	0.003
0251580712	2012	7	3	185	0.047	-9999	0.0015
0251580712	2012	7	4	186	0.039	-9999	-9999
0251580712	2012	7	5	187	0.0385	-9999	0.001
0251580712	2012	7	6	188	0.04	-9999	-9999
0251580712	2012	7	7	189	0.042	-9999	-9999
0251580712	2012	7	8	190	0.0395	-9999	-9999
0251580712	2012	7	9	191	0.041	-9999	-9999
0251580712	2012	7	10	192	0.047	-9999	-9999
0251580712	2012	7	11	193	0.043	-9999	-9999
0251580712	2012	7	12	194	0.039	-9999	-9999
0251580712	2012	7	13	195	0.0455	-9999	-9999
0251580712	2012	7	14	196	0.0405	-9999	-9999
0251580712	2012	7	15	197	0.0405	-9999	-9999
0251580712	2012	7	16	198	0.0435	-9999	-9999
0251580712	2012	7	17	199	0.0435	-9999	-9999
0251580712	2012	7	18	200	0.052	-9999	-9999
0251580712	2012	7	19	201	0.048	-9999	-9999
0251580712	2012	7	20	202	0.0495	-9999	-9999
0251580712	2012	7	21	203	0.049	-9999	-9999
0251580712	2012	7	22	204	0.0465	-9999	-9999
0251580712	2012	7	23	205	0.0425	-9999	0.002
0251580712	2012	7	24	206	0.0415	-9999	-9999
0251580712	2012	7	25	207	0.043	-9999	-9999
0251580712	2012	7	26	208	0.0455	-9999	-9999
0251580712	2012	7	27	209	0.039	-9999	-9999
0251580712	2012	7	28	210	0.038	-9999	-9999
0251580712	2012	7	29	211	0.04	-9999	-9999
0251580712	2012	7	30	212	0.0385	-9999	-9999
0251580712	2012	7	31	213	0.0415	-9999	-9999
0251580712	2012	8	1	214	0.042	-9999	-9999
0251580712	2012	8	2	215	0.04	-9999	-9999
0251580712	2012	8	3	216	0.0385	-9999	-9999
0251580712	2012	8	4	217	0.0345	-9999	-9999
0251580712	2012	8	5	218	0.034	-9999	-9999
0251580712	2012	8	6	219	0.0345	-9999	-9999
0251580712	2012	8	7	220	0.034	-9999	-9999
0251580712	2012	8	8	221	0.034	-9999	-9999
0251580712	2012	8	9	222	0.0385	-9999	-9999
0251580712	2012	8	10	223	0.037	-9999	-9999
0251580712	2012	8	11	224	0.037	-9999	-9999
0251580712	2012	8	12	225	0.0365	-9999	-9999
0251580712	2012	8	13	226	0.038	-9999	-9999
0251580712	2012	8	14	227	0.0355	-9999	-9999
0251580712	2012	8	15	228	0.034	-9999	-9999
0251580712	2012	8	16	229	0.0315	-9999	-9999
0251580712	2012	8	17	230	0.033	-9999	-9999
0251580712	2012	8	18	231	0.032	-9999	-9999
0251580712	2012	8	19	232	0.03	-9999	-9999
0251580712	2012	8	20	233	0.033	-9999	-9999
0251580712	2012	8	21	234	0.03	-9999	-9999
0251580712	2012	8	22	235	0.0325	-9999	-9999
0251580712	2012	8	23	236	0.029	-9999	-9999
0251580712	2012	8	24	237	0.0325	-9999	-9999
0251580712	2012	8	25	238	0.031	-9999	-9999
0251580712	2012	8	26	239	0.0285	-9999	-9999
0251580712	2012	8	27	240	0.031	-9999	-9999
0251580712	2012	8	28	241	0.0325	-9999	-9999
0251580712	2012	8	29	242	0.0305	-9999	-9999
0251580712	2012	8	30	243	0.027	-9999	-9999
0251580712	2012	8	31	244	0.0275	-9999	-9999
0251580712	2012	9	1	245	0.027	-9999	-9999
0251580712	2012	9	2	246	0.036	-9999	-9999
0251580712	2012	9	3	247	0.0355	-9999	-9999
0251580712	2012	9	4	248	0.041	-9999	-9999
0251580712	2012	9	5	249	0.0385	-9999	-9999
0251580712	2012	9	6	250	0.0365	-9999	-9999
0251580712	2012	9	7	251	0.035	-9999	-9999
0251580712	2012	9	8	252	0.037	-9999	-9999
0251580712	2012	9	9	253	0.037	-9999	-9999
0251580712	2012	9	10	254	0.032	-9999	-9999
0251580712	2012	9	11	255	0.0345	-9999	-9999
0251580712	2012	9	12	256	0.028	-9999	-9999
0251580712	2012	9	13	257	0.026	-9999	-9999
0251580712	2012	9	14	258	0.0255	-9999	-9999
0251580712	2012	9	15	259	0.0285	-9999	-9999
0251580712	2012	9	16	260	0.026	-9999	-9999
0251580712	2012	9	17	261	0.026	-9999	-9999
0251580712	2012	9	18	262	0.0265	-9999	-9999
0251580712	2012	9	19	263	0.025	-9999	-9999
0251580712	2012	9	20	264	0.024	-9999	-9999
0251580712	2012	9	21	265	0.025	-9999	-9999
0251580712	2012	9	22	266	0.0235	-9999	-9999
0251580712	2012	9	23	267	0.022	-9999	-9999
0251580712	2012	9	24	268	0.0245	-9999	-9999
0251580712	2012	9	25	269	0.024	-9999	-9999
0251580712	2012	9	26	270	0.0235	-9999	-9999
0251580712	2012	9	27	271	0.026	-9999	-9999
0251580712	2012	9	28	272	0.025	-9999	-9999
0251580712	2012	9	29	273	0.0255	-9999	-9999
0251580712	2012	9	30	274	0.025	-9999	-9999
0251580712	2012	10	1	275	0.022	-9999	-9999
0251580712	2012	10	2	276	0.025	-9999	-9999
0251580712	2012	10	3	277	0.03	-9999	-9999
0251580712	2012	10	4	278	0.021	-9999	-9999
0251580712	2012	10	5	279	0.0185	-9999	-9999
0251580712	2012	10	6	280	0.0165	-9999	-9999
0251580712	2012	10	7	281	-9999	-9999	-9999
0251580712	2012	10	8	282	0.0205	-9999	-9999
0251580712	2012	10	9	283	0.0205	-9999	-9999
0251580712	2012	10	10	284	0.024	-9999	-9999
0251580712	2012	10	11	285	0.0245	-9999	-9999
0251580712	2012	10	12	286	0.02	-9999	-9999
0251580712	2012	10	13	287	0.022	-9999	-9999
0251580712	2012	10	14	288	0.022	-9999	-9999
0251580712	2012	10	15	289	0.022	-9999	-9999
0251580712	2012	10	16	290	0.019	-9999	-9999
0251580712	2012	10	17	291	0.016	-9999	-9999
0251580712	2012	10	18	292	0.019	-9999	-9999
0251580712	2012	10	19	293	0.0195	-9999	-9999
0251580712	2012	10	20	294	0.0235	-9999	-9999
0251580712	2012	10	21	295	0.023	-9999	-9999
0251580712	2012	10	22	296	0.019	-9999	-9999
0251580712	2012	10	23	297	0.0225	-9999	-9999
0251580712	2012	10	24	298	0.026	-9999	-9999
0251580712	2012	10	25	299	0.0385	-9999	-9999
0251580712	2012	10	26	300	0.043	-9999	-9999
0251580712	2012	10	27	301	0.046	-9999	-9999
0251580712	2012	10	28	302	0.048	-9999	-9999
0251580712	2012	10	29	303	0.0725	-9999	-9999
0251580712	2012	10	30	304	0.117	-9999	-9999
0251580712	2012	10	31	305	0.122	-9999	-9999
0251580712	2012	11	1	306	0.1265	-9999	-9999
0251580712	2012	11	2	307	0.123	-9999	-9999
0251580712	2012	11	3	308	0.121	-9999	-9999
0251580712	2012	11	4	309	0.1195	-9999	-9999
0251580712	2012	11	5	310	0.1205	-9999	-9999
0251580712	2012	11	6	311	0.119	-9999	-9999
0251580712	2012	11	7	312	0.1135	-9999	-9999
0251580712	2012	11	8	313	0.112	-9999	-9999
0251580712	2012	11	9	314	0.1225	-9999	-9999
0251580712	2012	11	10	315	0.124	-9999	-9999
0251580712	2012	11	11	316	0.1215	-9999	-9999
0251580712	2012	11	12	317	0.111	-9999	-9999
0251580712	2012	11	13	318	0.1115	-9999	-9999
0251580712	2012	11	14	319	0.1115	-9999	-9999
0251580712	2012	11	15	320	0.1105	-9999	-9999
0251580712	2012	11	16	321	0.105	-9999	-9999
0251580712	2012	11	17	322	0.105	-9999	-9999
0251580712	2012	11	18	323	0.116	-9999	0.004
0251580712	2012	11	19	324	0.133	-9999	0.0385
0251580712	2012	11	20	325	0.1375	-9999	0.0335
0251580712	2012	11	21	326	0.1475	-9999	0.0485
0251580712	2012	11	22	327	0.144	-9999	0.0475
0251580712	2012	11	23	328	0.1225	-9999	0.0475
0251580712	2012	11	24	329	0.1135	-9999	0.043
0251580712	2012	11	25	330	0.1125	-9999	0.042
0251580712	2012	11	26	331	0.109	-9999	0.041
0251580712	2012	11	27	332	0.089	-9999	0.0385
0251580712	2012	11	28	333	0.0675	-9999	0.033
0251580712	2012	11	29	334	0.057	-9999	0.0335
0251580712	2012	11	30	335	0.07	-9999	0.0335
0251580712	2012	12	1	336	0.112	-9999	0.0525
0251580712	2012	12	2	337	0.1545	-9999	0.0505
0251580712	2012	12	3	338	0.176	-9999	0.061
0251580712	2012	12	4	339	0.162	-9999	0.052
0251580712	2012	12	5	340	0.167	-9999	0.0545
0251580712	2012	12	6	341	0.177	-9999	0.055
0251580712	2012	12	7	342	0.165	-9999	0.0525
0251580712	2012	12	8	343	0.1585	-9999	0.048
0251580712	2012	12	9	344	0.151	-9999	0.0495
0251580712	2012	12	10	345	0.1435	-9999	0.048
0251580712	2012	12	11	346	0.1385	-9999	0.041
0251580712	2012	12	12	347	0.139	-9999	0.041
0251580712	2012	12	13	348	0.138	-9999	0.041
0251580712	2012	12	14	349	0.1405	-9999	0.0395
0251580712	2012	12	15	350	0.1385	-9999	0.039
0251580712	2012	12	16	351	0.141	-9999	0.041
0251580712	2012	12	17	352	0.14	-9999	0.036
0251580712	2012	12	18	353	0.139	-9999	0.036
0251580712	2012	12	19	354	0.1375	-9999	0.037
0251580712	2012	12	20	355	0.135	-9999	0.0355
0251580712	2012	12	21	356	0.132	-9999	0.035
0251580712	2012	12	22	357	0.1245	-9999	0.033
0251580712	2012	12	23	358	0.122	-9999	0.034
0251580712	2012	12	24	359	0.1195	-9999	0.027
0251580712	2012	12	25	360	-9999	-9999	-9999
0251580712	2012	12	26	361	-9999	-9999	-9999
0251580712	2012	12	27	362	-9999	-9999	-9999
0251580712	2012	12	28	363	-9999	-9999	-9999
0251580712	2012	12	29	364	-9999	-9999	-9999
0251580712	2012	12	30	365	-9999	-9999	-9999
0251580712	2012	12	31	366	-9999	-9999	-9999
