stationID	Y	M	D	DOY	depth_5	depth_20	depth_51
0251391012	2010	1	1	1	-9999	-9999	-9999
0251391012	2010	1	2	2	-9999	-9999	-9999
0251391012	2010	1	3	3	-9999	-9999	-9999
0251391012	2010	1	4	4	-9999	-9999	-9999
0251391012	2010	1	5	5	-9999	-9999	-9999
0251391012	2010	1	6	6	-9999	-9999	-9999
0251391012	2010	1	7	7	-9999	-9999	-9999
0251391012	2010	1	8	8	-9999	-9999	-9999
0251391012	2010	1	9	9	-9999	-9999	-9999
0251391012	2010	1	10	10	-9999	-9999	-9999
0251391012	2010	1	11	11	-9999	-9999	-9999
0251391012	2010	1	12	12	-9999	-9999	-9999
0251391012	2010	1	13	13	-9999	-9999	-9999
0251391012	2010	1	14	14	-9999	-9999	-9999
0251391012	2010	1	15	15	-9999	-9999	-9999
0251391012	2010	1	16	16	-9999	-9999	-9999
0251391012	2010	1	17	17	-9999	-9999	-9999
0251391012	2010	1	18	18	-9999	-9999	-9999
0251391012	2010	1	19	19	-9999	-9999	-9999
0251391012	2010	1	20	20	-9999	-9999	-9999
0251391012	2010	1	21	21	-9999	-9999	-9999
0251391012	2010	1	22	22	-9999	-9999	-9999
0251391012	2010	1	23	23	-9999	-9999	-9999
0251391012	2010	1	24	24	-9999	-9999	-9999
0251391012	2010	1	25	25	-9999	-9999	-9999
0251391012	2010	1	26	26	-9999	-9999	-9999
0251391012	2010	1	27	27	-9999	-9999	-9999
0251391012	2010	1	28	28	-9999	-9999	-9999
0251391012	2010	1	29	29	-9999	-9999	-9999
0251391012	2010	1	30	30	-9999	-9999	-9999
0251391012	2010	1	31	31	-9999	-9999	-9999
0251391012	2010	2	1	32	-9999	-9999	-9999
0251391012	2010	2	2	33	-9999	-9999	-9999
0251391012	2010	2	3	34	-9999	-9999	-9999
0251391012	2010	2	4	35	-9999	-9999	-9999
0251391012	2010	2	5	36	-9999	-9999	-9999
0251391012	2010	2	6	37	-9999	-9999	-9999
0251391012	2010	2	7	38	-9999	-9999	-9999
0251391012	2010	2	8	39	-9999	-9999	-9999
0251391012	2010	2	9	40	-9999	-9999	-9999
0251391012	2010	2	10	41	-9999	-9999	-9999
0251391012	2010	2	11	42	-9999	-9999	-9999
0251391012	2010	2	12	43	-9999	-9999	-9999
0251391012	2010	2	13	44	-9999	-9999	-9999
0251391012	2010	2	14	45	-9999	-9999	-9999
0251391012	2010	2	15	46	-9999	-9999	-9999
0251391012	2010	2	16	47	-9999	-9999	-9999
0251391012	2010	2	17	48	-9999	-9999	-9999
0251391012	2010	2	18	49	-9999	-9999	-9999
0251391012	2010	2	19	50	-9999	-9999	-9999
0251391012	2010	2	20	51	-9999	-9999	-9999
0251391012	2010	2	21	52	-9999	-9999	-9999
0251391012	2010	2	22	53	-9999	-9999	-9999
0251391012	2010	2	23	54	-9999	-9999	-9999
0251391012	2010	2	24	55	-9999	-9999	-9999
0251391012	2010	2	25	56	-9999	-9999	-9999
0251391012	2010	2	26	57	-9999	-9999	-9999
0251391012	2010	2	27	58	-9999	-9999	-9999
0251391012	2010	2	28	59	-9999	-9999	-9999
0251391012	2010	3	1	60	-9999	-9999	-9999
0251391012	2010	3	2	61	-9999	-9999	-9999
0251391012	2010	3	3	62	-9999	-9999	-9999
0251391012	2010	3	4	63	-9999	-9999	-9999
0251391012	2010	3	5	64	-9999	-9999	-9999
0251391012	2010	3	6	65	-9999	-9999	-9999
0251391012	2010	3	7	66	-9999	-9999	-9999
0251391012	2010	3	8	67	-9999	-9999	-9999
0251391012	2010	3	9	68	-9999	-9999	-9999
0251391012	2010	3	10	69	-9999	-9999	-9999
0251391012	2010	3	11	70	-9999	-9999	-9999
0251391012	2010	3	12	71	-9999	-9999	-9999
0251391012	2010	3	13	72	-9999	-9999	-9999
0251391012	2010	3	14	73	-9999	-9999	-9999
0251391012	2010	3	15	74	-9999	-9999	-9999
0251391012	2010	3	16	75	-9999	-9999	-9999
0251391012	2010	3	17	76	-9999	-9999	-9999
0251391012	2010	3	18	77	-9999	-9999	-9999
0251391012	2010	3	19	78	-9999	-9999	-9999
0251391012	2010	3	20	79	-9999	-9999	-9999
0251391012	2010	3	21	80	-9999	-9999	-9999
0251391012	2010	3	22	81	-9999	-9999	-9999
0251391012	2010	3	23	82	-9999	-9999	-9999
0251391012	2010	3	24	83	-9999	-9999	-9999
0251391012	2010	3	25	84	-9999	-9999	-9999
0251391012	2010	3	26	85	-9999	-9999	-9999
0251391012	2010	3	27	86	-9999	-9999	-9999
0251391012	2010	3	28	87	-9999	-9999	-9999
0251391012	2010	3	29	88	-9999	-9999	-9999
0251391012	2010	3	30	89	-9999	-9999	-9999
0251391012	2010	3	31	90	-9999	-9999	-9999
0251391012	2010	4	1	91	-9999	-9999	-9999
0251391012	2010	4	2	92	-9999	-9999	-9999
0251391012	2010	4	3	93	-9999	-9999	-9999
0251391012	2010	4	4	94	-9999	-9999	-9999
0251391012	2010	4	5	95	-9999	-9999	-9999
0251391012	2010	4	6	96	-9999	-9999	-9999
0251391012	2010	4	7	97	-9999	-9999	-9999
0251391012	2010	4	8	98	-9999	-9999	-9999
0251391012	2010	4	9	99	-9999	-9999	-9999
0251391012	2010	4	10	100	-9999	-9999	-9999
0251391012	2010	4	11	101	-9999	-9999	-9999
0251391012	2010	4	12	102	-9999	-9999	-9999
0251391012	2010	4	13	103	-9999	-9999	-9999
0251391012	2010	4	14	104	-9999	-9999	-9999
0251391012	2010	4	15	105	-9999	-9999	-9999
0251391012	2010	4	16	106	-9999	-9999	-9999
0251391012	2010	4	17	107	-9999	-9999	-9999
0251391012	2010	4	18	108	-9999	-9999	-9999
0251391012	2010	4	19	109	-9999	-9999	-9999
0251391012	2010	4	20	110	-9999	-9999	-9999
0251391012	2010	4	21	111	-9999	-9999	-9999
0251391012	2010	4	22	112	-9999	-9999	-9999
0251391012	2010	4	23	113	-9999	-9999	-9999
0251391012	2010	4	24	114	-9999	-9999	-9999
0251391012	2010	4	25	115	-9999	-9999	-9999
0251391012	2010	4	26	116	-9999	-9999	-9999
0251391012	2010	4	27	117	-9999	-9999	-9999
0251391012	2010	4	28	118	-9999	-9999	-9999
0251391012	2010	4	29	119	-9999	-9999	-9999
0251391012	2010	4	30	120	-9999	-9999	-9999
0251391012	2010	5	1	121	-9999	-9999	-9999
0251391012	2010	5	2	122	-9999	-9999	-9999
0251391012	2010	5	3	123	-9999	-9999	-9999
0251391012	2010	5	4	124	-9999	-9999	-9999
0251391012	2010	5	5	125	-9999	-9999	-9999
0251391012	2010	5	6	126	-9999	-9999	-9999
0251391012	2010	5	7	127	-9999	-9999	-9999
0251391012	2010	5	8	128	-9999	-9999	-9999
0251391012	2010	5	9	129	-9999	-9999	-9999
0251391012	2010	5	10	130	-9999	-9999	-9999
0251391012	2010	5	11	131	-9999	-9999	-9999
0251391012	2010	5	12	132	-9999	-9999	-9999
0251391012	2010	5	13	133	-9999	-9999	-9999
0251391012	2010	5	14	134	-9999	-9999	-9999
0251391012	2010	5	15	135	-9999	-9999	-9999
0251391012	2010	5	16	136	-9999	-9999	-9999
0251391012	2010	5	17	137	-9999	-9999	-9999
0251391012	2010	5	18	138	-9999	-9999	-9999
0251391012	2010	5	19	139	-9999	-9999	-9999
0251391012	2010	5	20	140	-9999	-9999	-9999
0251391012	2010	5	21	141	-9999	-9999	-9999
0251391012	2010	5	22	142	-9999	-9999	-9999
0251391012	2010	5	23	143	-9999	-9999	-9999
0251391012	2010	5	24	144	-9999	-9999	-9999
0251391012	2010	5	25	145	-9999	-9999	-9999
0251391012	2010	5	26	146	-9999	-9999	-9999
0251391012	2010	5	27	147	-9999	-9999	-9999
0251391012	2010	5	28	148	-9999	-9999	-9999
0251391012	2010	5	29	149	-9999	-9999	-9999
0251391012	2010	5	30	150	-9999	-9999	-9999
0251391012	2010	5	31	151	-9999	-9999	-9999
0251391012	2010	6	1	152	-9999	-9999	-9999
0251391012	2010	6	2	153	-9999	-9999	-9999
0251391012	2010	6	3	154	-9999	-9999	-9999
0251391012	2010	6	4	155	-9999	-9999	-9999
0251391012	2010	6	5	156	-9999	-9999	-9999
0251391012	2010	6	6	157	-9999	-9999	-9999
0251391012	2010	6	7	158	-9999	-9999	-9999
0251391012	2010	6	8	159	-9999	-9999	-9999
0251391012	2010	6	9	160	-9999	-9999	-9999
0251391012	2010	6	10	161	-9999	-9999	-9999
0251391012	2010	6	11	162	-9999	-9999	-9999
0251391012	2010	6	12	163	-9999	-9999	-9999
0251391012	2010	6	13	164	-9999	-9999	-9999
0251391012	2010	6	14	165	-9999	-9999	-9999
0251391012	2010	6	15	166	-9999	-9999	-9999
0251391012	2010	6	16	167	-9999	-9999	-9999
0251391012	2010	6	17	168	-9999	-9999	-9999
0251391012	2010	6	18	169	-9999	-9999	-9999
0251391012	2010	6	19	170	-9999	-9999	-9999
0251391012	2010	6	20	171	-9999	-9999	-9999
0251391012	2010	6	21	172	-9999	-9999	-9999
0251391012	2010	6	22	173	-9999	-9999	-9999
0251391012	2010	6	23	174	-9999	-9999	-9999
0251391012	2010	6	24	175	-9999	-9999	-9999
0251391012	2010	6	25	176	-9999	-9999	-9999
0251391012	2010	6	26	177	-9999	-9999	-9999
0251391012	2010	6	27	178	-9999	-9999	-9999
0251391012	2010	6	28	179	-9999	-9999	-9999
0251391012	2010	6	29	180	-9999	-9999	-9999
0251391012	2010	6	30	181	-9999	-9999	-9999
0251391012	2010	7	1	182	-9999	-9999	-9999
0251391012	2010	7	2	183	-9999	-9999	-9999
0251391012	2010	7	3	184	-9999	-9999	-9999
0251391012	2010	7	4	185	-9999	-9999	-9999
0251391012	2010	7	5	186	-9999	-9999	-9999
0251391012	2010	7	6	187	-9999	-9999	-9999
0251391012	2010	7	7	188	-9999	-9999	-9999
0251391012	2010	7	8	189	-9999	-9999	-9999
0251391012	2010	7	9	190	-9999	-9999	-9999
0251391012	2010	7	10	191	-9999	-9999	-9999
0251391012	2010	7	11	192	-9999	-9999	-9999
0251391012	2010	7	12	193	-9999	-9999	-9999
0251391012	2010	7	13	194	-9999	-9999	-9999
0251391012	2010	7	14	195	-9999	-9999	-9999
0251391012	2010	7	15	196	-9999	-9999	-9999
0251391012	2010	7	16	197	-9999	-9999	-9999
0251391012	2010	7	17	198	-9999	-9999	-9999
0251391012	2010	7	18	199	-9999	-9999	-9999
0251391012	2010	7	19	200	-9999	-9999	-9999
0251391012	2010	7	20	201	-9999	-9999	-9999
0251391012	2010	7	21	202	-9999	-9999	-9999
0251391012	2010	7	22	203	-9999	-9999	-9999
0251391012	2010	7	23	204	-9999	-9999	-9999
0251391012	2010	7	24	205	-9999	-9999	-9999
0251391012	2010	7	25	206	-9999	-9999	-9999
0251391012	2010	7	26	207	-9999	-9999	-9999
0251391012	2010	7	27	208	-9999	-9999	-9999
0251391012	2010	7	28	209	-9999	-9999	-9999
0251391012	2010	7	29	210	-9999	-9999	-9999
0251391012	2010	7	30	211	-9999	-9999	-9999
0251391012	2010	7	31	212	-9999	-9999	-9999
0251391012	2010	8	1	213	-9999	-9999	-9999
0251391012	2010	8	2	214	-9999	-9999	-9999
0251391012	2010	8	3	215	-9999	-9999	-9999
0251391012	2010	8	4	216	-9999	-9999	-9999
0251391012	2010	8	5	217	-9999	-9999	-9999
0251391012	2010	8	6	218	-9999	-9999	-9999
0251391012	2010	8	7	219	-9999	-9999	-9999
0251391012	2010	8	8	220	-9999	-9999	-9999
0251391012	2010	8	9	221	-9999	-9999	-9999
0251391012	2010	8	10	222	-9999	-9999	-9999
0251391012	2010	8	11	223	-9999	-9999	-9999
0251391012	2010	8	12	224	-9999	-9999	-9999
0251391012	2010	8	13	225	-9999	-9999	-9999
0251391012	2010	8	14	226	-9999	-9999	-9999
0251391012	2010	8	15	227	-9999	-9999	-9999
0251391012	2010	8	16	228	-9999	-9999	-9999
0251391012	2010	8	17	229	-9999	-9999	-9999
0251391012	2010	8	18	230	-9999	-9999	-9999
0251391012	2010	8	19	231	-9999	-9999	-9999
0251391012	2010	8	20	232	-9999	-9999	-9999
0251391012	2010	8	21	233	-9999	-9999	-9999
0251391012	2010	8	22	234	-9999	-9999	-9999
0251391012	2010	8	23	235	-9999	-9999	-9999
0251391012	2010	8	24	236	-9999	-9999	-9999
0251391012	2010	8	25	237	-9999	-9999	-9999
0251391012	2010	8	26	238	-9999	-9999	-9999
0251391012	2010	8	27	239	-9999	-9999	-9999
0251391012	2010	8	28	240	-9999	-9999	-9999
0251391012	2010	8	29	241	-9999	-9999	-9999
0251391012	2010	8	30	242	-9999	-9999	-9999
0251391012	2010	8	31	243	-9999	-9999	-9999
0251391012	2010	9	1	244	-9999	-9999	-9999
0251391012	2010	9	2	245	-9999	-9999	-9999
0251391012	2010	9	3	246	-9999	-9999	-9999
0251391012	2010	9	4	247	-9999	-9999	-9999
0251391012	2010	9	5	248	-9999	-9999	-9999
0251391012	2010	9	6	249	-9999	-9999	-9999
0251391012	2010	9	7	250	-9999	-9999	-9999
0251391012	2010	9	8	251	-9999	-9999	-9999
0251391012	2010	9	9	252	-9999	-9999	-9999
0251391012	2010	9	10	253	-9999	-9999	-9999
0251391012	2010	9	11	254	-9999	-9999	-9999
0251391012	2010	9	12	255	-9999	-9999	-9999
0251391012	2010	9	13	256	-9999	-9999	-9999
0251391012	2010	9	14	257	-9999	-9999	-9999
0251391012	2010	9	15	258	-9999	0.26888	0.23537
0251391012	2010	9	16	259	0.28033	0.26129	0.23175
0251391012	2010	9	17	260	0.27667	0.25954	0.22979
0251391012	2010	9	18	261	0.27621	0.25962	0.22954
0251391012	2010	9	19	262	0.27321	0.25846	0.22963
0251391012	2010	9	20	263	0.27029	0.25704	0.22888
0251391012	2010	9	21	264	0.27154	0.25783	0.22854
0251391012	2010	9	22	265	0.27112	0.2575	0.22892
0251391012	2010	9	23	266	0.26888	0.25658	0.22842
0251391012	2010	9	24	267	0.26758	0.25608	0.22796
0251391012	2010	9	25	268	0.26621	0.25475	0.22692
0251391012	2010	9	26	269	0.26521	0.2535	0.22633
0251391012	2010	9	27	270	0.26421	0.25288	0.22612
0251391012	2010	9	28	271	0.26329	0.25183	0.2255
0251391012	2010	9	29	272	0.26229	0.25079	0.22521
0251391012	2010	9	30	273	0.26154	0.25008	0.22471
0251391012	2010	10	1	274	0.26075	0.2495	0.22413
0251391012	2010	10	2	275	0.25933	0.24883	0.22379
0251391012	2010	10	3	276	0.25867	0.24817	0.22358
0251391012	2010	10	4	277	0.25933	0.24787	0.22283
0251391012	2010	10	5	278	0.2635	0.251	0.22313
0251391012	2010	10	6	279	0.2645	0.25217	0.22404
0251391012	2010	10	7	280	0.26463	0.25479	0.22367
0251391012	2010	10	8	281	0.28475	0.27921	0.23017
0251391012	2010	10	9	282	0.27917	0.271	0.23146
0251391012	2010	10	10	283	0.2755	0.26688	0.23067
0251391012	2010	10	11	284	0.28408	0.27163	0.23163
0251391012	2010	10	12	285	0.28396	0.27208	0.23367
0251391012	2010	10	13	286	0.27721	0.26821	0.23229
0251391012	2010	10	14	287	0.27383	0.26508	0.23013
0251391012	2010	10	15	288	0.272	0.26292	0.22933
0251391012	2010	10	16	289	0.27062	0.26133	0.2285
0251391012	2010	10	17	290	0.26904	0.26004	0.22821
0251391012	2010	10	18	291	0.26746	0.25854	0.22783
0251391012	2010	10	19	292	0.26621	0.25775	0.22725
0251391012	2010	10	20	293	0.26533	0.2565	0.22629
0251391012	2010	10	21	294	0.26454	0.25588	0.22625
0251391012	2010	10	22	295	0.26363	0.25479	0.226
0251391012	2010	10	23	296	0.26342	0.254	0.22521
0251391012	2010	10	24	297	0.26592	0.25512	0.22546
0251391012	2010	10	25	298	0.26829	0.25737	0.22604
0251391012	2010	10	26	299	0.26838	0.25767	0.22633
0251391012	2010	10	27	300	0.26779	0.25729	0.22633
0251391012	2010	10	28	301	0.26771	0.25679	0.2265
0251391012	2010	10	29	302	0.26708	0.25658	0.22642
0251391012	2010	10	30	303	0.26721	0.25667	0.22633
0251391012	2010	10	31	304	0.26738	0.25608	0.22625
0251391012	2010	11	1	305	0.26696	0.2565	0.22604
0251391012	2010	11	2	306	0.26829	0.25742	0.22604
0251391012	2010	11	3	307	0.27496	0.26396	0.22817
0251391012	2010	11	4	308	0.27383	0.26263	0.22946
0251391012	2010	11	5	309	0.27317	0.26175	0.22913
0251391012	2010	11	6	310	0.2725	0.26196	0.22875
0251391012	2010	11	7	311	0.27708	0.26513	0.23025
0251391012	2010	11	8	312	0.28246	0.26758	0.23208
0251391012	2010	11	9	313	0.28013	0.26617	0.2325
0251391012	2010	11	10	314	0.27717	0.26433	0.23129
0251391012	2010	11	11	315	0.27471	0.26292	0.22983
0251391012	2010	11	12	316	0.27238	0.26146	0.22917
0251391012	2010	11	13	317	0.27087	0.25992	0.2285
0251391012	2010	11	14	318	0.27021	0.25846	0.22758
0251391012	2010	11	15	319	0.26925	0.25787	0.22713
0251391012	2010	11	16	320	0.26879	0.25779	0.22725
0251391012	2010	11	17	321	0.26954	0.25888	0.22763
0251391012	2010	11	18	322	0.26913	0.25854	0.22792
0251391012	2010	11	19	323	0.26908	0.25792	0.22679
0251391012	2010	11	20	324	0.26837	0.25754	0.22675
0251391012	2010	11	21	325	0.26829	0.25725	0.22658
0251391012	2010	11	22	326	0.26746	0.25654	0.22658
0251391012	2010	11	23	327	0.26708	0.25625	0.22621
0251391012	2010	11	24	328	0.26683	0.25608	0.22592
0251391012	2010	11	25	329	0.26671	0.25554	0.22579
0251391012	2010	11	26	330	0.26583	0.255	0.22508
0251391012	2010	11	27	331	0.2655	0.25479	0.22521
0251391012	2010	11	28	332	0.26546	0.2545	0.22525
0251391012	2010	11	29	333	0.26483	0.25404	0.22458
0251391012	2010	11	30	334	0.26492	0.25379	0.225
0251391012	2010	12	1	335	0.26458	0.25333	0.2245
0251391012	2010	12	2	336	0.26433	0.25342	0.22433
0251391012	2010	12	3	337	0.26429	0.25283	0.22396
0251391012	2010	12	4	338	0.26433	0.25267	0.22429
0251391012	2010	12	5	339	0.26408	0.25262	0.22387
0251391012	2010	12	6	340	0.264	0.25275	0.223
0251391012	2010	12	7	341	0.26329	0.25246	0.22317
0251391012	2010	12	8	342	0.26292	0.25212	0.22362
0251391012	2010	12	9	343	0.26333	0.25208	0.22329
0251391012	2010	12	10	344	0.26287	0.252	0.22317
0251391012	2010	12	11	345	0.26283	0.25179	0.22317
0251391012	2010	12	12	346	0.26288	0.25121	0.22354
0251391012	2010	12	13	347	0.26292	0.25229	0.22271
0251391012	2010	12	14	348	0.26283	0.25296	0.2235
0251391012	2010	12	15	349	0.26321	0.25296	0.2235
0251391012	2010	12	16	350	0.26354	0.25279	0.22392
0251391012	2010	12	17	351	0.26371	0.253	0.22421
0251391012	2010	12	18	352	0.26383	0.25308	0.22392
0251391012	2010	12	19	353	0.2635	0.25312	0.22371
0251391012	2010	12	20	354	0.26392	0.25304	0.22417
0251391012	2010	12	21	355	0.26317	0.25275	0.22325
0251391012	2010	12	22	356	0.26337	0.25288	0.22379
0251391012	2010	12	23	357	0.26379	0.25292	0.22429
0251391012	2010	12	24	358	0.26325	0.25308	0.22333
0251391012	2010	12	25	359	0.26342	0.25254	0.22392
0251391012	2010	12	26	360	0.26321	0.25262	0.22358
0251391012	2010	12	27	361	0.26325	0.25262	0.22371
0251391012	2010	12	28	362	0.26313	0.25262	0.22342
0251391012	2010	12	29	363	0.26296	0.25217	0.22317
0251391012	2010	12	30	364	0.26325	0.25242	0.22342
0251391012	2010	12	31	365	0.26279	0.25208	0.22292
0251391012	2011	1	1	1	0.26271	0.25225	0.22329
0251391012	2011	1	2	2	0.26279	0.25221	0.22338
0251391012	2011	1	3	3	0.263	0.25196	0.22288
0251391012	2011	1	4	4	0.26263	0.25146	0.22279
0251391012	2011	1	5	5	0.26225	0.25142	0.22333
0251391012	2011	1	6	6	0.26242	0.25138	0.22283
0251391012	2011	1	7	7	0.26267	0.25163	0.22254
0251391012	2011	1	8	8	0.26233	0.2515	0.22238
0251391012	2011	1	9	9	0.26258	0.25117	0.22267
0251391012	2011	1	10	10	0.26225	0.25142	0.22258
0251391012	2011	1	11	11	0.26229	0.25117	0.22267
0251391012	2011	1	12	12	0.26196	0.25096	0.22279
0251391012	2011	1	13	13	0.26233	0.25071	0.222
0251391012	2011	1	14	14	0.26221	0.25058	0.22213
0251391012	2011	1	15	15	0.26208	0.25067	0.22154
0251391012	2011	1	16	16	0.26213	0.25054	0.22196
0251391012	2011	1	17	17	0.26217	0.25054	0.22196
0251391012	2011	1	18	18	0.26188	0.25025	0.22229
0251391012	2011	1	19	19	0.26167	0.25083	0.22213
0251391012	2011	1	20	20	0.26183	0.25067	0.22229
0251391012	2011	1	21	21	0.26213	0.25104	0.22258
0251391012	2011	1	22	22	0.26175	0.251	0.22338
0251391012	2011	1	23	23	0.262	0.25108	0.22267
0251391012	2011	1	24	24	0.26258	0.25104	0.22263
0251391012	2011	1	25	25	0.26275	0.25125	0.22279
0251391012	2011	1	26	26	0.26288	0.25133	0.22304
0251391012	2011	1	27	27	0.263	0.25146	0.22283
0251391012	2011	1	28	28	0.26287	0.25142	0.22329
0251391012	2011	1	29	29	0.26288	0.2515	0.223
0251391012	2011	1	30	30	0.26279	0.2515	0.22354
0251391012	2011	1	31	31	0.26288	0.25171	0.22338
0251391012	2011	2	1	32	0.263	0.25154	0.22363
0251391012	2011	2	2	33	0.26317	0.2515	0.22333
0251391012	2011	2	3	34	0.26321	0.25162	0.22296
0251391012	2011	2	4	35	0.26304	0.25167	0.22308
0251391012	2011	2	5	36	0.26367	0.25158	0.22292
0251391012	2011	2	6	37	0.26325	0.25138	0.22312
0251391012	2011	2	7	38	0.26321	0.2515	0.22321
0251391012	2011	2	8	39	0.26342	0.25137	0.22308
0251391012	2011	2	9	40	0.26317	0.25146	0.223
0251391012	2011	2	10	41	0.26346	0.25129	0.22267
0251391012	2011	2	11	42	0.26338	0.25138	0.22238
0251391012	2011	2	12	43	0.26313	0.25126	0.22235
0251391012	2011	2	13	44	0.26317	0.25146	0.22308
0251391012	2011	2	14	45	0.26279	0.25137	0.22275
0251391012	2011	2	15	46	0.26288	0.251	0.22267
0251391012	2011	2	16	47	0.26292	0.25088	0.22271
0251391012	2011	2	17	48	0.263	0.25108	0.22263
0251391012	2011	2	18	49	0.26283	0.25083	0.22279
0251391012	2011	2	19	50	0.26279	0.25096	0.22275
0251391012	2011	2	20	51	0.26313	0.25063	0.22225
0251391012	2011	2	21	52	0.26271	0.25083	0.22246
0251391012	2011	2	22	53	0.26283	0.25083	0.22271
0251391012	2011	2	23	54	0.26263	0.25054	0.22246
0251391012	2011	2	24	55	0.26304	0.25063	0.22204
0251391012	2011	2	25	56	0.26296	0.25071	0.22242
0251391012	2011	2	26	57	0.26283	0.25079	0.22238
0251391012	2011	2	27	58	0.26283	0.25083	0.22233
0251391012	2011	2	28	59	0.26292	0.25071	0.22183
0251391012	2011	3	1	60	0.26267	0.25058	0.22221
0251391012	2011	3	2	61	0.26233	0.2505	0.222
0251391012	2011	3	3	62	0.26296	0.2505	0.22183
0251391012	2011	3	4	63	0.26254	0.25071	0.22187
0251391012	2011	3	5	64	0.26258	0.2505	0.22133
0251391012	2011	3	6	65	0.26229	0.25046	0.2225
0251391012	2011	3	7	66	0.26242	0.25042	0.22196
0251391012	2011	3	8	67	0.26267	0.25017	0.22175
0251391012	2011	3	9	68	0.2625	0.25033	0.22183
0251391012	2011	3	10	69	0.26221	0.24979	0.22204
0251391012	2011	3	11	70	0.26267	0.25017	0.22158
0251391012	2011	3	12	71	0.26262	0.25	0.22179
0251391012	2011	3	13	72	0.26229	0.24971	0.22154
0251391012	2011	3	14	73	0.26242	0.24971	0.2215
0251391012	2011	3	15	74	0.26258	0.24983	0.22112
0251391012	2011	3	16	75	0.26163	0.24938	0.22229
0251391012	2011	3	17	76	0.26233	0.24967	0.22158
0251391012	2011	3	18	77	0.26233	0.24958	0.22138
0251391012	2011	3	19	78	0.26208	0.24946	0.22183
0251391012	2011	3	20	79	0.26192	0.24937	0.22146
0251391012	2011	3	21	80	0.26179	0.24942	0.22108
0251391012	2011	3	22	81	0.26217	0.24925	0.22125
0251391012	2011	3	23	82	0.26204	0.24908	0.22133
0251391012	2011	3	24	83	0.26213	0.24912	0.22104
0251391012	2011	3	25	84	0.26192	0.249	0.22146
0251391012	2011	3	26	85	0.26183	0.24917	0.221
0251391012	2011	3	27	86	0.26175	0.24917	0.22058
0251391012	2011	3	28	87	0.26175	0.24896	0.22104
0251391012	2011	3	29	88	0.26196	0.24896	0.22096
0251391012	2011	3	30	89	0.26196	0.249	0.22083
0251391012	2011	3	31	90	0.26175	0.24912	0.22092
0251391012	2011	4	1	91	0.26213	0.24913	0.22074
0251391012	2011	4	2	92	0.26221	0.24925	0.22129
0251391012	2011	4	3	93	0.26221	0.24938	0.22221
0251391012	2011	4	4	94	0.26229	0.24958	0.22229
0251391012	2011	4	5	95	0.26263	0.25013	0.22267
0251391012	2011	4	6	96	0.26304	0.25054	0.22275
0251391012	2011	4	7	97	0.26317	0.25067	0.22267
0251391012	2011	4	8	98	0.26329	0.25058	0.22308
0251391012	2011	4	9	99	0.26308	0.25071	0.22325
0251391012	2011	4	10	100	0.26354	0.25079	0.22288
0251391012	2011	4	11	101	0.26346	0.25083	0.22313
0251391012	2011	4	12	102	0.26333	0.25092	0.22288
0251391012	2011	4	13	103	0.26339	0.25096	0.22309
0251391012	2011	4	14	104	0.26321	0.25092	0.22337
0251391012	2011	4	15	105	0.26383	0.25088	0.22313
0251391012	2011	4	16	106	0.2635	0.25088	0.22292
0251391012	2011	4	17	107	0.26396	0.25083	0.22313
0251391012	2011	4	18	108	0.26375	0.25108	0.2235
0251391012	2011	4	19	109	0.26367	0.25096	0.22288
0251391012	2011	4	20	110	0.26383	0.25113	0.22329
0251391012	2011	4	21	111	0.26379	0.25121	0.22329
0251391012	2011	4	22	112	0.26421	0.25133	0.22325
0251391012	2011	4	23	113	0.2645	0.25125	0.22333
0251391012	2011	4	24	114	0.26433	0.25137	0.22329
0251391012	2011	4	25	115	0.2645	0.2515	0.2235
0251391012	2011	4	26	116	0.2645	0.25129	0.223
0251391012	2011	4	27	117	0.26483	0.25158	0.22383
0251391012	2011	4	28	118	0.26475	0.25162	0.22358
0251391012	2011	4	29	119	0.26504	0.25146	0.22342
0251391012	2011	4	30	120	0.26542	0.25142	0.22358
0251391012	2011	5	1	121	0.26525	0.25146	0.22412
0251391012	2011	5	2	122	0.26508	0.25162	0.22371
0251391012	2011	5	3	123	0.26533	0.25162	0.22354
0251391012	2011	5	4	124	0.26571	0.25179	0.22338
0251391012	2011	5	5	125	0.26537	0.25146	0.22412
0251391012	2011	5	6	126	0.2655	0.25171	0.22346
0251391012	2011	5	7	127	0.26567	0.25196	0.22421
0251391012	2011	5	8	128	0.26592	0.25192	0.22429
0251391012	2011	5	9	129	0.266	0.25187	0.22467
0251391012	2011	5	10	130	0.26613	0.25179	0.22437
0251391012	2011	5	11	131	0.26596	0.25187	0.22437
0251391012	2011	5	12	132	0.26621	0.252	0.22471
0251391012	2011	5	13	133	0.26621	0.25192	0.22458
0251391012	2011	5	14	134	0.26642	0.25204	0.22575
0251391012	2011	5	15	135	0.26646	0.25204	0.22688
0251391012	2011	5	16	136	0.26692	0.25229	0.22725
0251391012	2011	5	17	137	0.26663	0.252	0.227
0251391012	2011	5	18	138	0.26687	0.25254	0.22637
0251391012	2011	5	19	139	0.26688	0.25254	0.22596
0251391012	2011	5	20	140	0.26687	0.25225	0.2255
0251391012	2011	5	21	141	0.26692	0.25237	0.22558
0251391012	2011	5	22	142	0.26692	0.25229	0.22579
0251391012	2011	5	23	143	0.26717	0.25275	0.22617
0251391012	2011	5	24	144	0.26675	0.25237	0.22546
0251391012	2011	5	25	145	0.26708	0.25254	0.22637
0251391012	2011	5	26	146	0.267	0.25262	0.22638
0251391012	2011	5	27	147	0.26725	0.253	0.22658
0251391012	2011	5	28	148	0.26733	0.25292	0.22629
0251391012	2011	5	29	149	0.26738	0.25279	0.22604
0251391012	2011	5	30	150	0.26708	0.25304	0.226
0251391012	2011	5	31	151	0.26729	0.25271	0.22583
0251391012	2011	6	1	152	0.26663	0.25283	0.22542
0251391012	2011	6	2	153	0.26738	0.25271	0.22642
0251391012	2011	6	3	154	0.26775	0.25292	0.22742
0251391012	2011	6	4	155	0.26742	0.25317	0.22667
0251391012	2011	6	5	156	0.26738	0.253	0.227
0251391012	2011	6	6	157	0.26788	0.25342	0.2375
0251391012	2011	6	7	158	0.26958	0.25871	0.27258
0251391012	2011	6	8	159	0.27246	0.26571	-9999
0251391012	2011	6	9	160	0.27496	0.27037	-9999
0251391012	2011	6	10	161	0.2765	0.27208	-9999
0251391012	2011	6	11	162	0.27775	0.27383	-9999
0251391012	2011	6	12	163	0.27938	0.27813	-9999
0251391012	2011	6	13	164	0.28133	0.28187	-9999
0251391012	2011	6	14	165	0.28258	0.28358	-9999
0251391012	2011	6	15	166	0.28471	0.2915	-9999
0251391012	2011	6	16	167	0.28442	0.28871	-9999
0251391012	2011	6	17	168	0.28321	0.28492	-9999
0251391012	2011	6	18	169	0.28192	0.28208	0.28917
0251391012	2011	6	19	170	0.28171	0.28175	0.28967
0251391012	2011	6	20	171	0.28158	0.28113	0.28458
0251391012	2011	6	21	172	0.28263	0.28421	-9999
0251391012	2011	6	22	173	0.28575	0.29383	-9999
0251391012	2011	6	23	174	0.294	-9999	-9999
0251391012	2011	6	24	175	0.30117	-9999	-9999
0251391012	2011	6	25	176	0.30283	-9999	-9999
0251391012	2011	6	26	177	0.30325	-9999	-9999
0251391012	2011	6	27	178	0.30108	-9999	-9999
0251391012	2011	6	28	179	0.30262	-9999	-9999
0251391012	2011	6	29	180	0.30871	-9999	-9999
0251391012	2011	6	30	181	-9999	-9999	-9999
0251391012	2011	7	1	182	0.30904	-9999	-9999
0251391012	2011	7	2	183	0.30904	-9999	-9999
0251391012	2011	7	3	184	0.31033	-9999	-9999
0251391012	2011	7	4	185	0.30612	-9999	-9999
0251391012	2011	7	5	186	0.30063	-9999	0.29058
0251391012	2011	7	6	187	0.29429	0.30733	0.26983
0251391012	2011	7	7	188	0.28908	0.29687	0.2585
0251391012	2011	7	8	189	0.28567	0.28996	0.25058
0251391012	2011	7	9	190	0.28171	0.28454	0.24633
0251391012	2011	7	10	191	0.27958	0.28025	0.24325
0251391012	2011	7	11	192	0.27796	0.27683	0.24117
0251391012	2011	7	12	193	0.27638	0.27379	0.23979
0251391012	2011	7	13	194	0.27496	0.27104	0.23871
0251391012	2011	7	14	195	0.27796	0.27742	0.2385
0251391012	2011	7	15	196	0.27733	0.27517	0.23896
0251391012	2011	7	16	197	0.27563	0.27238	0.2385
0251391012	2011	7	17	198	0.27775	0.27492	0.23825
0251391012	2011	7	18	199	0.27646	0.27229	0.23813
0251391012	2011	7	19	200	0.27467	0.26958	0.23713
0251391012	2011	7	20	201	0.27888	0.27625	0.2375
0251391012	2011	7	21	202	0.27763	0.27508	0.23821
0251391012	2011	7	22	203	0.27692	0.2725	0.23825
0251391012	2011	7	23	204	0.27558	0.27183	0.23771
0251391012	2011	7	24	205	0.27396	0.26954	0.23675
0251391012	2011	7	25	206	0.27317	0.26733	0.23683
0251391012	2011	7	26	207	0.272	0.265	0.23621
0251391012	2011	7	27	208	0.26971	0.26317	0.23488
0251391012	2011	7	28	209	0.26863	0.26158	0.23475
0251391012	2011	7	29	210	0.26788	0.25992	0.23346
0251391012	2011	7	30	211	0.26675	0.25837	0.23275
0251391012	2011	7	31	212	0.26604	0.25658	0.23179
0251391012	2011	8	1	213	0.26517	0.25492	0.23142
0251391012	2011	8	2	214	0.26379	0.25354	0.23113
0251391012	2011	8	3	215	0.26308	0.25225	0.23033
0251391012	2011	8	4	216	0.26171	0.25063	0.22938
0251391012	2011	8	5	217	0.26575	0.26292	0.22975
0251391012	2011	8	6	218	0.26579	0.25867	0.23021
0251391012	2011	8	7	219	0.26461	0.25591	0.2297
0251391012	2011	8	8	220	0.2625	0.25354	0.22921
0251391012	2011	8	9	221	0.26142	0.25088	0.22908
0251391012	2011	8	10	222	0.26038	0.24875	0.228
0251391012	2011	8	11	223	0.25862	0.24713	0.22754
0251391012	2011	8	12	224	0.25692	0.24546	0.22642
0251391012	2011	8	13	225	0.25617	0.24378	0.22596
0251391012	2011	8	14	226	0.25529	0.24183	0.22538
0251391012	2011	8	15	227	0.25396	0.23988	0.22408
0251391012	2011	8	16	228	0.25196	0.23865	0.22365
0251391012	2011	8	17	229	0.25067	0.23746	0.22329
0251391012	2011	8	18	230	0.24987	0.2355	0.22175
0251391012	2011	8	19	231	0.24833	0.23383	0.22208
0251391012	2011	8	20	232	0.24708	0.23254	0.22183
0251391012	2011	8	21	233	0.24563	0.23104	0.22004
0251391012	2011	8	22	234	0.24458	0.22896	0.21913
0251391012	2011	8	23	235	0.24237	0.22729	0.21863
0251391012	2011	8	24	236	0.24129	0.22558	0.21746
0251391012	2011	8	25	237	0.23987	0.22338	0.21721
0251391012	2011	8	26	238	0.23771	0.22188	0.21613
0251391012	2011	8	27	239	0.23671	0.21958	0.21542
0251391012	2011	8	28	240	0.23475	0.21792	0.21467
0251391012	2011	8	29	241	0.23321	0.21629	0.214
0251391012	2011	8	30	242	0.23217	0.21542	0.21304
0251391012	2011	8	31	243	0.23242	0.21475	0.2125
0251391012	2011	9	1	244	0.23133	0.21483	0.21179
0251391012	2011	9	2	245	0.23	0.21367	0.21142
0251391012	2011	9	3	246	0.22946	0.21296	0.21004
0251391012	2011	9	4	247	0.228	0.21171	0.20963
0251391012	2011	9	5	248	0.228	0.21062	0.20896
0251391012	2011	9	6	249	0.22717	0.20942	0.20854
0251391012	2011	9	7	250	0.22479	0.20821	0.207
0251391012	2011	9	8	251	0.22421	0.20637	0.20683
0251391012	2011	9	9	252	0.22271	0.20463	0.20617
0251391012	2011	9	10	253	0.22163	0.20312	0.20504
0251391012	2011	9	11	254	0.21921	0.20146	0.20425
0251391012	2011	9	12	255	0.21713	0.19992	0.20358
0251391012	2011	9	13	256	0.2155	0.19829	0.20313
0251391012	2011	9	14	257	0.21313	0.19683	0.20288
0251391012	2011	9	15	258	0.21142	0.19571	0.20154
0251391012	2011	9	16	259	0.21135	0.19522	0.20126
0251391012	2011	9	17	260	0.21133	0.19462	0.20042
0251391012	2011	9	18	261	0.21	0.19404	0.19958
0251391012	2011	9	19	262	0.21167	0.19337	0.19808
0251391012	2011	9	20	263	0.21088	0.19396	0.19812
0251391012	2011	9	21	264	0.21033	0.19367	0.19804
0251391012	2011	9	22	265	0.21071	0.19308	0.19767
0251391012	2011	9	23	266	0.21004	0.19225	0.19733
0251391012	2011	9	24	267	0.20925	0.19158	0.19596
0251391012	2011	9	25	268	0.20933	0.19088	0.19475
0251391012	2011	9	26	269	0.20875	0.18996	0.19483
0251391012	2011	9	27	270	0.20688	0.18912	0.19454
0251391012	2011	9	28	271	0.20629	0.188	0.19346
0251391012	2011	9	29	272	0.20513	0.18721	0.19354
0251391012	2011	9	30	273	0.20387	0.18663	0.19267
0251391012	2011	10	1	274	0.2035	0.18533	0.19217
0251391012	2011	10	2	275	0.20304	0.18487	0.19137
0251391012	2011	10	3	276	0.20183	0.18413	0.19025
0251391012	2011	10	4	277	0.20229	0.18329	0.19025
0251391012	2011	10	5	278	0.20521	0.18821	0.18996
0251391012	2011	10	6	279	0.21979	0.23821	0.19062
0251391012	2011	10	7	280	0.22558	0.24133	0.19237
0251391012	2011	10	8	281	0.22983	0.24554	0.19367
0251391012	2011	10	9	282	0.2345	0.25017	0.19508
0251391012	2011	10	10	283	0.23471	0.24554	0.19575
0251391012	2011	10	11	284	0.23825	0.25742	0.19733
0251391012	2011	10	12	285	0.25104	0.26842	0.20067
0251391012	2011	10	13	286	0.25996	0.27004	0.20462
0251391012	2011	10	14	287	0.26258	0.27013	0.20721
0251391012	2011	10	15	288	0.27787	0.28929	0.21388
0251391012	2011	10	16	289	0.27587	0.28438	0.22733
0251391012	2011	10	17	290	0.27396	0.27992	0.22908
0251391012	2011	10	18	291	0.26762	0.2725	0.22746
0251391012	2011	10	19	292	0.26379	0.26796	0.22533
0251391012	2011	10	20	293	0.26225	0.26475	0.22392
0251391012	2011	10	21	294	0.26204	0.26413	0.2235
0251391012	2011	10	22	295	0.26717	0.27121	0.2245
0251391012	2011	10	23	296	0.27083	0.27458	0.22625
0251391012	2011	10	24	297	0.27062	0.27333	0.22713
0251391012	2011	10	25	298	0.26958	0.27167	0.22717
0251391012	2011	10	26	299	0.26675	0.26808	0.22642
0251391012	2011	10	27	300	0.26413	0.26558	0.22525
0251391012	2011	10	28	301	0.26279	0.26338	0.22404
0251391012	2011	10	29	302	0.26138	0.2615	0.22333
0251391012	2011	10	30	303	0.26054	0.26042	0.22246
0251391012	2011	10	31	304	0.27313	0.27608	0.22446
0251391012	2011	11	1	305	0.27708	0.27813	0.23004
0251391012	2011	11	2	306	0.27142	0.27221	0.22829
0251391012	2011	11	3	307	0.26808	0.26863	0.22633
0251391012	2011	11	4	308	0.26525	0.26592	0.22554
0251391012	2011	11	5	309	0.26342	0.26392	0.22462
0251391012	2011	11	6	310	0.26221	0.26238	0.2235
0251391012	2011	11	7	311	0.26025	0.26075	0.22283
0251391012	2011	11	8	312	0.25912	0.25888	0.22233
0251391012	2011	11	9	313	0.25892	0.25817	0.22167
0251391012	2011	11	10	314	0.25808	0.25712	0.221
0251391012	2011	11	11	315	0.2575	0.25696	0.22067
0251391012	2011	11	12	316	0.25763	0.25617	0.22025
0251391012	2011	11	13	317	0.2575	0.25575	0.21963
0251391012	2011	11	14	318	0.25812	0.25538	0.21975
0251391012	2011	11	15	319	0.25821	0.25512	0.21904
0251391012	2011	11	16	320	0.25863	0.25512	0.21942
0251391012	2011	11	17	321	0.25846	0.2545	0.21888
0251391012	2011	11	18	322	0.25857	0.25439	0.21874
0251391012	2011	11	19	323	0.25846	0.25438	0.21825
0251391012	2011	11	20	324	0.25946	0.25442	0.21871
0251391012	2011	11	21	325	0.25908	0.25412	0.21854
0251391012	2011	11	22	326	0.25896	0.25362	0.21792
0251391012	2011	11	23	327	0.25908	0.25362	0.21771
0251391012	2011	11	24	328	0.25908	0.25342	0.2175
0251391012	2011	11	25	329	0.25933	0.25329	0.21779
0251391012	2011	11	26	330	0.25933	0.25321	0.21762
0251391012	2011	11	27	331	0.25917	0.25313	0.21746
0251391012	2011	11	28	332	0.25908	0.25292	0.21708
0251391012	2011	11	29	333	0.25929	0.25288	0.21762
0251391012	2011	11	30	334	0.25904	0.25271	0.21746
0251391012	2011	12	1	335	0.259	0.25233	0.21733
0251391012	2011	12	2	336	0.25912	0.2525	0.2175
0251391012	2011	12	3	337	0.25879	0.25254	0.21692
0251391012	2011	12	4	338	0.25867	0.25263	0.21717
0251391012	2011	12	5	339	0.25858	0.25254	0.21696
0251391012	2011	12	6	340	0.259	0.25246	0.21679
0251391012	2011	12	7	341	0.25904	0.25238	0.21688
0251391012	2011	12	8	342	0.25875	0.25225	0.21721
0251391012	2011	12	9	343	0.25842	0.25212	0.21642
0251391012	2011	12	10	344	0.25842	0.25221	0.21617
0251391012	2011	12	11	345	0.25858	0.25096	0.21692
0251391012	2011	12	12	346	0.25838	0.25154	0.2165
0251391012	2011	12	13	347	0.25817	0.25104	0.217
0251391012	2011	12	14	348	0.25804	0.25058	0.21646
0251391012	2011	12	15	349	0.25829	0.25096	0.21625
0251391012	2011	12	16	350	0.25746	0.25054	0.21554
0251391012	2011	12	17	351	0.25767	0.25038	0.21642
0251391012	2011	12	18	352	0.25762	0.24992	0.21642
0251391012	2011	12	19	353	0.25771	0.25004	0.21625
0251391012	2011	12	20	354	0.25696	0.24971	0.21521
0251391012	2011	12	21	355	0.25758	0.24958	0.21592
0251391012	2011	12	22	356	0.25754	0.24921	0.21571
0251391012	2011	12	23	357	0.25733	0.24908	0.21533
0251391012	2011	12	24	358	0.25729	0.24925	0.21525
0251391012	2011	12	25	359	0.25688	0.24871	0.21492
0251391012	2011	12	26	360	0.25708	0.24854	0.21538
0251391012	2011	12	27	361	0.25692	0.24842	0.21538
0251391012	2011	12	28	362	0.25687	0.24821	0.21454
0251391012	2011	12	29	363	0.25679	0.24788	0.21471
0251391012	2011	12	30	364	0.25667	0.24788	0.21442
0251391012	2011	12	31	365	0.25658	0.24796	0.2145
0251391012	2012	1	1	1	0.25696	0.248	0.21492
0251391012	2012	1	2	2	0.25642	0.24771	0.21358
0251391012	2012	1	3	3	0.25708	0.24788	0.21471
0251391012	2012	1	4	4	0.25708	0.24808	0.21475
0251391012	2012	1	5	5	0.25712	0.24817	0.21433
0251391012	2012	1	6	6	0.25721	0.24813	0.21442
0251391012	2012	1	7	7	0.25762	0.24804	0.21475
0251391012	2012	1	8	8	0.25746	0.24808	0.21471
0251391012	2012	1	9	9	0.25746	0.24813	0.21442
0251391012	2012	1	10	10	0.25738	0.24833	0.21442
0251391012	2012	1	11	11	0.25742	0.24825	0.21458
0251391012	2012	1	12	12	0.25779	0.24829	0.21404
0251391012	2012	1	13	13	0.25708	0.24804	0.21413
0251391012	2012	1	14	14	0.25775	0.24804	0.21492
0251391012	2012	1	15	15	0.257	0.24792	0.21383
0251391012	2012	1	16	16	0.25725	0.24817	0.21433
0251391012	2012	1	17	17	0.25729	0.24792	0.21446
0251391012	2012	1	18	18	0.25746	0.24821	0.21433
0251391012	2012	1	19	19	0.25737	0.24779	0.21446
0251391012	2012	1	20	20	0.25704	0.24763	0.21413
0251391012	2012	1	21	21	0.25729	0.24779	0.214
0251391012	2012	1	22	22	0.25679	0.24767	0.21362
0251391012	2012	1	23	23	0.25742	0.24746	0.21404
0251391012	2012	1	24	24	0.25729	0.24733	0.21392
0251391012	2012	1	25	25	0.257	0.24729	0.21367
0251391012	2012	1	26	26	0.2565	0.24725	0.213
0251391012	2012	1	27	27	0.25725	0.247	0.21379
0251391012	2012	1	28	28	0.25696	0.247	0.21342
0251391012	2012	1	29	29	0.25721	0.24713	0.21317
0251391012	2012	1	30	30	0.25696	0.247	0.21375
0251391012	2012	1	31	31	0.25708	0.24679	0.21329
0251391012	2012	2	1	32	0.25679	0.247	0.213
0251391012	2012	2	2	33	0.25692	0.24671	0.21313
0251391012	2012	2	3	34	0.25696	0.24671	0.21338
0251391012	2012	2	4	35	0.25662	0.24658	0.21288
0251391012	2012	2	5	36	0.25658	0.24675	0.21346
0251391012	2012	2	6	37	0.25679	0.24692	0.213
0251391012	2012	2	7	38	0.25696	0.2465	0.21329
0251391012	2012	2	8	39	0.25708	0.24662	0.21283
0251391012	2012	2	9	40	0.25692	0.24613	0.21246
0251391012	2012	2	10	41	0.25742	0.24625	0.21333
0251391012	2012	2	11	42	0.25667	0.24613	0.21321
0251391012	2012	2	12	43	0.25721	0.24596	0.21271
0251391012	2012	2	13	44	0.25683	0.24608	0.21308
0251391012	2012	2	14	45	0.25663	0.24592	0.21292
0251391012	2012	2	15	46	0.25683	0.24533	0.21192
0251391012	2012	2	16	47	0.25663	0.24575	0.21304
0251391012	2012	2	17	48	0.25658	0.24567	0.21296
0251391012	2012	2	18	49	0.25629	0.24537	0.21229
0251391012	2012	2	19	50	0.256	0.24529	0.212
0251391012	2012	2	20	51	0.25667	0.24563	0.21292
0251391012	2012	2	21	52	0.25625	0.24546	0.21242
0251391012	2012	2	22	53	0.25608	0.24554	0.213
0251391012	2012	2	23	54	0.25679	0.24525	0.21238
0251391012	2012	2	24	55	0.25679	0.24487	0.21213
0251391012	2012	2	25	56	0.25621	0.245	0.21271
0251391012	2012	2	26	57	0.25592	0.24492	0.21204
0251391012	2012	2	27	58	0.25667	0.24513	0.21213
0251391012	2012	2	28	59	0.25692	0.24529	0.21213
0251391012	2012	2	29	60	0.25658	0.24487	0.21254
0251391012	2012	3	1	61	0.25683	0.24517	0.21175
0251391012	2012	3	2	62	0.25667	0.24496	0.21142
0251391012	2012	3	3	63	0.25696	0.24513	0.21246
0251391012	2012	3	4	64	0.25679	0.24538	0.21246
0251391012	2012	3	5	65	0.25696	0.24542	0.212
0251391012	2012	3	6	66	0.25654	0.24529	0.21175
0251391012	2012	3	7	67	0.25633	0.2455	0.21192
0251391012	2012	3	8	68	0.25683	0.24537	0.21213
0251391012	2012	3	9	69	0.25708	0.2455	0.21188
0251391012	2012	3	10	70	0.25637	0.24525	0.21217
0251391012	2012	3	11	71	0.2565	0.24525	0.21208
0251391012	2012	3	12	72	0.25683	0.24538	0.21221
0251391012	2012	3	13	73	0.257	0.2455	0.212
0251391012	2012	3	14	74	0.25675	0.24529	0.21163
0251391012	2012	3	15	75	0.25713	0.24538	0.21171
0251391012	2012	3	16	76	0.25654	0.24533	0.2125
0251391012	2012	3	17	77	0.25658	0.24508	0.21229
0251391012	2012	3	18	78	0.25679	0.24533	0.21296
0251391012	2012	3	19	79	0.25692	0.24583	0.21208
0251391012	2012	3	20	80	0.25704	0.2455	0.21233
0251391012	2012	3	21	81	0.25752	0.24571	0.21224
0251391012	2012	3	22	82	0.25717	0.24592	0.21296
0251391012	2012	3	23	83	0.2575	0.24617	0.21246
0251391012	2012	3	24	84	0.25788	0.24642	0.21225
0251391012	2012	3	25	85	0.25821	0.24617	0.21258
0251391012	2012	3	26	86	0.25775	0.24638	0.213
0251391012	2012	3	27	87	0.25812	0.24654	0.21296
0251391012	2012	3	28	88	0.25817	0.24667	0.21321
0251391012	2012	3	29	89	0.25817	0.24687	0.21288
0251391012	2012	3	30	90	0.25888	0.24708	0.21263
0251391012	2012	3	31	91	0.25854	0.24713	0.21304
0251391012	2012	4	1	92	0.25833	0.24754	0.21342
0251391012	2012	4	2	93	0.25878	0.24739	0.213
0251391012	2012	4	3	94	0.25858	0.24792	0.21396
0251391012	2012	4	4	95	0.25883	0.24779	0.214
0251391012	2012	4	5	96	0.25962	0.24825	0.21417
0251391012	2012	4	6	97	0.25975	0.24854	0.21404
0251391012	2012	4	7	98	0.25996	0.24854	0.21463
0251391012	2012	4	8	99	0.25975	0.24896	0.21396
0251391012	2012	4	9	100	0.25992	0.24908	0.21479
0251391012	2012	4	10	101	0.25967	0.24946	0.21517
0251391012	2012	4	11	102	0.25996	0.24933	0.21525
0251391012	2012	4	12	103	0.26029	0.24954	0.21508
0251391012	2012	4	13	104	0.26042	0.25025	0.21521
0251391012	2012	4	14	105	0.26042	0.25096	0.21592
0251391012	2012	4	15	106	0.2605	0.251	0.216
0251391012	2012	4	16	107	0.26146	0.25171	0.21658
0251391012	2012	4	17	108	0.26129	0.25196	0.21662
0251391012	2012	4	18	109	0.26139	0.25204	0.21743
0251391012	2012	4	19	110	0.26208	0.25217	0.21671
0251391012	2012	4	20	111	0.2615	0.25225	0.21708
0251391012	2012	4	21	112	0.26187	0.25265	0.21743
0251391012	2012	4	22	113	0.26167	0.25313	0.21792
0251391012	2012	4	23	114	0.26142	0.25408	0.21867
0251391012	2012	4	24	115	0.26208	0.25467	0.21892
0251391012	2012	4	25	116	-9999	-9999	-9999
0251391012	2012	4	26	117	-9999	-9999	-9999
0251391012	2012	4	27	118	0.26394	0.25638	0.22125
0251391012	2012	4	28	119	0.26396	0.25638	0.22142
0251391012	2012	4	29	120	0.264	0.25608	0.22117
0251391012	2012	4	30	121	0.26392	0.25533	0.22062
0251391012	2012	5	1	122	0.26429	0.2555	0.22058
0251391012	2012	5	2	123	0.26458	0.2555	0.22063
0251391012	2012	5	3	124	0.26492	0.25563	0.22029
0251391012	2012	5	4	125	0.26438	0.25538	0.22088
0251391012	2012	5	5	126	0.26471	0.255	0.22063
0251391012	2012	5	6	127	0.26467	0.25475	0.22004
0251391012	2012	5	7	128	0.26421	0.2545	0.22017
0251391012	2012	5	8	129	0.26429	0.25421	0.21967
0251391012	2012	5	9	130	0.26375	0.25429	0.21992
0251391012	2012	5	10	131	0.26437	0.25558	0.22046
0251391012	2012	5	11	132	0.26546	0.25621	0.22179
0251391012	2012	5	12	133	0.26571	0.257	0.22275
0251391012	2012	5	13	134	0.26625	0.25775	0.22358
0251391012	2012	5	14	135	0.26733	0.2585	0.22542
0251391012	2012	5	15	136	0.26842	0.25996	0.22692
0251391012	2012	5	16	137	0.26908	0.26096	0.22925
0251391012	2012	5	17	138	0.2705	0.26288	0.2405
0251391012	2012	5	18	139	0.27158	0.265	0.25183
0251391012	2012	5	19	140	0.27258	0.26904	0.27388
0251391012	2012	5	20	141	0.27379	0.27121	0.27692
0251391012	2012	5	21	142	0.27517	0.27325	-9999
0251391012	2012	5	22	143	0.27771	0.28567	-9999
0251391012	2012	5	23	144	0.28183	0.29604	-9999
0251391012	2012	5	24	145	0.28225	0.293	-9999
0251391012	2012	5	25	146	0.28154	0.28863	-9999
0251391012	2012	5	26	147	0.28004	0.28379	0.27975
0251391012	2012	5	27	148	0.27833	0.27913	0.26096
0251391012	2012	5	28	149	0.27696	0.2755	0.24825
0251391012	2012	5	29	150	0.27579	0.27325	0.24154
0251391012	2012	5	30	151	0.275	0.27254	0.24033
0251391012	2012	5	31	152	0.27529	0.27304	0.24158
0251391012	2012	6	1	153	0.27679	0.27429	0.2465
0251391012	2012	6	2	154	0.28046	0.27733	0.26808
0251391012	2012	6	3	155	0.28496	0.2815	-9999
0251391012	2012	6	4	156	0.28792	0.28308	-9999
0251391012	2012	6	5	157	0.29509	0.29496	-9999
0251391012	2012	6	6	158	0.29813	0.29146	-9999
0251391012	2012	6	7	159	0.29362	0.28537	0.275
0251391012	2012	6	8	160	0.29708	0.2865	0.28192
0251391012	2012	6	9	161	0.30052	0.28683	0.28739
0251391012	2012	6	10	162	0.29913	0.284	0.26371
0251391012	2012	6	11	163	0.29162	0.27863	0.24729
0251391012	2012	6	12	164	-9999	0.28287	0.24913
0251391012	2012	6	13	165	-9999	0.28792	0.2775
0251391012	2012	6	14	166	-9999	0.28775	0.28229
0251391012	2012	6	15	167	0.30904	0.287	0.25617
0251391012	2012	6	16	168	-9999	0.28362	0.2455
0251391012	2012	6	17	169	0.29696	0.27942	0.2375
0251391012	2012	6	18	170	0.29363	0.27692	0.23517
0251391012	2012	6	19	171	0.29963	0.2785	0.23421
0251391012	2012	6	20	172	0.29358	0.27496	0.23404
0251391012	2012	6	21	173	0.28771	0.27117	0.2325
0251391012	2012	6	22	174	0.28379	0.26804	0.23092
0251391012	2012	6	23	175	0.28121	0.26542	0.22929
0251391012	2012	6	24	176	0.27892	0.26317	0.22896
0251391012	2012	6	25	177	0.27642	0.26129	0.22737
0251391012	2012	6	26	178	0.27471	0.26033	0.22688
0251391012	2012	6	27	179	0.27513	0.26217	0.22671
0251391012	2012	6	28	180	0.27342	0.26	0.22621
0251391012	2012	6	29	181	0.27313	0.25787	0.22537
0251391012	2012	6	30	182	0.27167	0.25633	0.22467
0251391012	2012	7	1	183	0.27158	0.25475	0.22421
0251391012	2012	7	2	184	0.26967	0.25379	0.22329
0251391012	2012	7	3	185	0.26863	0.25217	0.22279
0251391012	2012	7	4	186	0.26721	0.25117	0.22233
0251391012	2012	7	5	187	0.26587	0.24967	0.22167
0251391012	2012	7	6	188	0.26574	0.24791	0.22139
0251391012	2012	7	7	189	0.26413	0.24592	0.22
0251391012	2012	7	8	190	0.26604	0.24888	0.21992
0251391012	2012	7	9	191	0.26567	0.24712	0.21933
0251391012	2012	7	10	192	0.273	0.26258	0.22038
0251391012	2012	7	11	193	0.27183	0.25688	0.22129
0251391012	2012	7	12	194	0.26917	0.25275	0.221
0251391012	2012	7	13	195	0.26725	0.24946	0.22067
0251391012	2012	7	14	196	0.26692	0.24742	0.21983
0251391012	2012	7	15	197	0.26613	0.24608	0.2195
0251391012	2012	7	16	198	0.26479	0.24558	0.21908
0251391012	2012	7	17	199	0.269	0.25263	0.21904
0251391012	2012	7	18	200	0.26733	0.24908	0.21896
0251391012	2012	7	19	201	0.26571	0.24633	0.21854
0251391012	2012	7	20	202	0.26413	0.24346	0.21817
0251391012	2012	7	21	203	0.26217	0.24196	0.21775
0251391012	2012	7	22	204	0.2601	0.24005	0.21738
0251391012	2012	7	23	205	0.25832	0.23773	0.21641
0251391012	2012	7	24	206	0.25558	0.23554	0.21588
0251391012	2012	7	25	207	0.25392	0.23346	0.21513
0251391012	2012	7	26	208	0.25204	0.23113	0.21429
0251391012	2012	7	27	209	0.25079	0.22958	0.21371
0251391012	2012	7	28	210	0.24871	0.22742	0.21308
0251391012	2012	7	29	211	0.246	0.22533	0.21258
0251391012	2012	7	30	212	0.24271	0.22325	0.21163
0251391012	2012	7	31	213	0.24025	0.22079	0.21079
0251391012	2012	8	1	214	0.23733	0.21854	0.21017
0251391012	2012	8	2	215	0.23396	0.21638	0.20962
0251391012	2012	8	3	216	0.232	0.21425	0.20892
0251391012	2012	8	4	217	0.22963	0.21188	0.20829
0251391012	2012	8	5	218	0.22646	0.20983	0.20725
0251391012	2012	8	6	219	0.22371	0.20771	0.20663
0251391012	2012	8	7	220	0.22117	0.20562	0.20567
0251391012	2012	8	8	221	0.21804	0.20367	0.20496
0251391012	2012	8	9	222	0.21521	0.20167	0.20417
0251391012	2012	8	10	223	0.21279	0.19992	0.20358
0251391012	2012	8	11	224	0.20863	0.19788	0.20329
0251391012	2012	8	12	225	0.20404	0.19596	0.20179
0251391012	2012	8	13	226	0.199	0.19333	0.20125
0251391012	2012	8	14	227	0.19392	0.19083	0.20083
0251391012	2012	8	15	228	0.18933	0.18858	0.19992
0251391012	2012	8	16	229	0.18543	0.1863	0.19939
0251391012	2012	8	17	230	0.181	0.18475	0.19863
0251391012	2012	8	18	231	0.17579	0.18237	0.19758
0251391012	2012	8	19	232	0.16937	0.17946	0.19658
0251391012	2012	8	20	233	0.16412	0.17729	0.19587
0251391012	2012	8	21	234	0.15908	0.17496	0.19504
0251391012	2012	8	22	235	0.15546	0.17317	0.19454
0251391012	2012	8	23	236	0.15112	0.17175	0.19383
0251391012	2012	8	24	237	0.14604	0.16892	0.19325
0251391012	2012	8	25	238	0.14221	0.16725	0.1925
0251391012	2012	8	26	239	0.13796	0.16487	0.19142
0251391012	2012	8	27	240	0.13346	0.16279	0.19054
0251391012	2012	8	28	241	0.12737	0.16083	0.18958
0251391012	2012	8	29	242	0.12079	0.15779	0.18888
0251391012	2012	8	30	243	0.11733	0.15571	0.18862
0251391012	2012	8	31	244	0.11125	0.15375	0.1875
0251391012	2012	9	1	245	0.10592	0.15083	0.18629
0251391012	2012	9	2	246	0.10017	0.14887	0.18546
0251391012	2012	9	3	247	0.095708	0.14625	0.18454
0251391012	2012	9	4	248	0.0925	0.144	0.18375
0251391012	2012	9	5	249	0.088667	0.14208	0.18308
0251391012	2012	9	6	250	0.084708	0.14008	0.18125
0251391012	2012	9	7	251	0.08075	0.138	0.18112
0251391012	2012	9	8	252	0.078	0.13592	0.18017
0251391012	2012	9	9	253	0.073708	0.13367	0.17938
0251391012	2012	9	10	254	0.07	0.13175	0.17854
0251391012	2012	9	11	255	0.066708	0.13017	0.17738
0251391012	2012	9	12	256	0.064167	0.12875	0.17696
0251391012	2012	9	13	257	0.063375	0.12717	0.17583
0251391012	2012	9	14	258	0.061	0.12554	0.17525
0251391012	2012	9	15	259	0.062083	0.12362	0.17433
0251391012	2012	9	16	260	0.06	0.12175	0.17262
0251391012	2012	9	17	261	0.057625	0.1205	0.17192
0251391012	2012	9	18	262	0.055824	0.11829	0.17112
0251391012	2012	9	19	263	0.053458	0.11667	0.17058
0251391012	2012	9	20	264	0.051208	0.11492	0.16929
0251391012	2012	9	21	265	0.050471	0.11294	0.16871
0251391012	2012	9	22	266	0.049417	0.11196	0.16729
0251391012	2012	9	23	267	0.048083	0.10988	0.16675
0251391012	2012	9	24	268	0.047208	0.10825	0.16608
0251391012	2012	9	25	269	0.045167	0.107	0.1655
0251391012	2012	9	26	270	0.04475	0.10575	0.16467
0251391012	2012	9	27	271	0.042667	0.10458	0.16354
0251391012	2012	9	28	272	0.042792	0.10354	0.16354
0251391012	2012	9	29	273	0.042917	0.10229	0.162
0251391012	2012	9	30	274	0.041958	0.10125	0.16125
0251391012	2012	10	1	275	0.040083	0.1	0.16017
0251391012	2012	10	2	276	0.039292	0.099208	0.15992
0251391012	2012	10	3	277	0.038833	0.098375	0.15912
0251391012	2012	10	4	278	0.037417	0.098042	0.15867
0251391012	2012	10	5	279	0.0365	0.097833	0.15758
0251391012	2012	10	6	280	0.03525	0.097792	0.15771
0251391012	2012	10	7	281	0.036417	0.098583	0.1575
0251391012	2012	10	8	282	0.037333	0.097292	0.15679
0251391012	2012	10	9	283	0.037667	0.097583	0.15612
0251391012	2012	10	10	284	0.037583	0.097625	0.15629
0251391012	2012	10	11	285	0.039125	0.097083	0.15562
0251391012	2012	10	12	286	0.037625	0.097333	0.15508
0251391012	2012	10	13	287	0.03925	0.097167	0.1545
0251391012	2012	10	14	288	0.041333	-9999	0.15529
0251391012	2012	10	15	289	-9999	-9999	0.15496
0251391012	2012	10	16	290	-9999	0.2295	0.159
0251391012	2012	10	17	291	0.083042	0.25296	0.17567
0251391012	2012	10	18	292	0.087833	0.24408	0.17767
0251391012	2012	10	19	293	0.090875	0.24138	0.17792
0251391012	2012	10	20	294	0.098083	0.27221	0.18121
0251391012	2012	10	21	295	0.10129	0.26271	0.18854
0251391012	2012	10	22	296	0.10313	0.25467	0.19075
0251391012	2012	10	23	297	0.10467	0.24971	0.19104
0251391012	2012	10	24	298	0.10554	0.24629	0.191
0251391012	2012	10	25	299	0.10621	0.243	0.19088
0251391012	2012	10	26	300	0.10704	0.241	0.19121
0251391012	2012	10	27	301	0.10771	0.23896	0.191
0251391012	2012	10	28	302	0.10917	0.23779	0.19058
0251391012	2012	10	29	303	0.11583	0.26887	0.19679
0251391012	2012	10	30	304	0.12546	0.27825	0.21767
0251391012	2012	10	31	305	0.12704	0.27258	0.21858
0251391012	2012	11	1	306	0.13038	0.27342	0.21854
0251391012	2012	11	2	307	0.13433	0.27317	0.22117
0251391012	2012	11	3	308	0.1365	0.26817	0.21967
0251391012	2012	11	4	309	0.13975	0.26904	0.21942
0251391012	2012	11	5	310	0.14529	0.27467	0.22196
0251391012	2012	11	6	311	0.14971	0.27313	0.22413
0251391012	2012	11	7	312	0.15238	0.26962	0.22183
0251391012	2012	11	8	313	0.15533	0.26913	0.22208
0251391012	2012	11	9	314	0.15596	0.26425	0.22038
0251391012	2012	11	10	315	0.15563	0.26133	0.21888
0251391012	2012	11	11	316	0.15475	0.25913	0.21733
0251391012	2012	11	12	317	0.15412	0.25696	0.21633
0251391012	2012	11	13	318	0.15458	0.25529	0.21583
0251391012	2012	11	14	319	0.15512	0.25408	0.21517
0251391012	2012	11	15	320	0.15592	0.25308	0.21488
0251391012	2012	11	16	321	0.156	0.25241	0.21429
0251391012	2012	11	17	322	0.15671	0.25188	0.21375
0251391012	2012	11	18	323	0.15712	0.25158	0.21333
0251391012	2012	11	19	324	0.15771	0.25113	0.21329
0251391012	2012	11	20	325	0.15875	0.25496	0.2135
0251391012	2012	11	21	326	0.16333	0.26979	0.21904
0251391012	2012	11	22	327	0.16509	0.26526	0.21983
0251391012	2012	11	23	328	0.16567	0.26258	0.21917
0251391012	2012	11	24	329	0.16571	0.26046	0.21763
0251391012	2012	11	25	330	0.16713	0.25875	0.21733
0251391012	2012	11	26	331	0.16683	0.2575	0.21667
0251391012	2012	11	27	332	0.16787	0.25654	0.21567
0251391012	2012	11	28	333	0.16929	0.25563	0.21554
0251391012	2012	11	29	334	0.16988	0.25492	0.21538
0251391012	2012	11	30	335	0.17013	0.25421	0.21504
0251391012	2012	12	1	336	0.17029	0.25437	0.21479
0251391012	2012	12	2	337	0.17133	0.25412	0.21488
0251391012	2012	12	3	338	0.172	0.25388	0.21463
0251391012	2012	12	4	339	0.17267	0.25383	0.21467
0251391012	2012	12	5	340	0.17221	0.25383	0.21375
0251391012	2012	12	6	341	0.17437	0.25412	0.21446
0251391012	2012	12	7	342	0.17413	0.25387	0.21421
0251391012	2012	12	8	343	0.17496	0.25383	0.21404
0251391012	2012	12	9	344	0.17537	0.25367	0.21383
0251391012	2012	12	10	345	0.17625	0.25333	0.21421
0251391012	2012	12	11	346	0.17654	0.25317	0.21412
0251391012	2012	12	12	347	0.17738	0.25292	0.21413
0251391012	2012	12	13	348	0.17796	0.25288	0.21363
0251391012	2012	12	14	349	0.17792	0.25271	0.21358
0251391012	2012	12	15	350	0.17863	0.25237	0.21354
0251391012	2012	12	16	351	0.17841	0.25188	0.21329
0251391012	2012	12	17	352	0.17846	0.25192	0.21317
0251391012	2012	12	18	353	0.17892	0.25129	0.21313
0251391012	2012	12	19	354	0.18013	0.25112	0.21275
0251391012	2012	12	20	355	0.18	0.25071	0.21271
0251391012	2012	12	21	356	0.1805	0.25071	0.21238
0251391012	2012	12	22	357	0.17979	0.25025	0.21204
0251391012	2012	12	23	358	0.181	0.24982	0.21206
0251391012	2012	12	24	359	0.18062	0.24979	0.21217
0251391012	2012	12	25	360	-9999	-9999	-9999
0251391012	2012	12	26	361	-9999	-9999	-9999
0251391012	2012	12	27	362	-9999	-9999	-9999
0251391012	2012	12	28	363	-9999	-9999	-9999
0251391012	2012	12	29	364	-9999	-9999	-9999
0251391012	2012	12	30	365	-9999	-9999	-9999
0251391012	2012	12	31	366	-9999	-9999	-9999
