stationID	Y	M	D	DOY	depth_5	depth_20	depth_51
0252441012	2010	1	1	1	-9999	-9999	-9999
0252441012	2010	1	2	2	-9999	-9999	-9999
0252441012	2010	1	3	3	-9999	-9999	-9999
0252441012	2010	1	4	4	-9999	-9999	-9999
0252441012	2010	1	5	5	-9999	-9999	-9999
0252441012	2010	1	6	6	-9999	-9999	-9999
0252441012	2010	1	7	7	-9999	-9999	-9999
0252441012	2010	1	8	8	-9999	-9999	-9999
0252441012	2010	1	9	9	-9999	-9999	-9999
0252441012	2010	1	10	10	-9999	-9999	-9999
0252441012	2010	1	11	11	-9999	-9999	-9999
0252441012	2010	1	12	12	-9999	-9999	-9999
0252441012	2010	1	13	13	-9999	-9999	-9999
0252441012	2010	1	14	14	-9999	-9999	-9999
0252441012	2010	1	15	15	-9999	-9999	-9999
0252441012	2010	1	16	16	-9999	-9999	-9999
0252441012	2010	1	17	17	-9999	-9999	-9999
0252441012	2010	1	18	18	-9999	-9999	-9999
0252441012	2010	1	19	19	-9999	-9999	-9999
0252441012	2010	1	20	20	-9999	-9999	-9999
0252441012	2010	1	21	21	-9999	-9999	-9999
0252441012	2010	1	22	22	-9999	-9999	-9999
0252441012	2010	1	23	23	-9999	-9999	-9999
0252441012	2010	1	24	24	-9999	-9999	-9999
0252441012	2010	1	25	25	-9999	-9999	-9999
0252441012	2010	1	26	26	-9999	-9999	-9999
0252441012	2010	1	27	27	-9999	-9999	-9999
0252441012	2010	1	28	28	-9999	-9999	-9999
0252441012	2010	1	29	29	-9999	-9999	-9999
0252441012	2010	1	30	30	-9999	-9999	-9999
0252441012	2010	1	31	31	-9999	-9999	-9999
0252441012	2010	2	1	32	-9999	-9999	-9999
0252441012	2010	2	2	33	-9999	-9999	-9999
0252441012	2010	2	3	34	-9999	-9999	-9999
0252441012	2010	2	4	35	-9999	-9999	-9999
0252441012	2010	2	5	36	-9999	-9999	-9999
0252441012	2010	2	6	37	-9999	-9999	-9999
0252441012	2010	2	7	38	-9999	-9999	-9999
0252441012	2010	2	8	39	-9999	-9999	-9999
0252441012	2010	2	9	40	-9999	-9999	-9999
0252441012	2010	2	10	41	-9999	-9999	-9999
0252441012	2010	2	11	42	-9999	-9999	-9999
0252441012	2010	2	12	43	-9999	-9999	-9999
0252441012	2010	2	13	44	-9999	-9999	-9999
0252441012	2010	2	14	45	-9999	-9999	-9999
0252441012	2010	2	15	46	-9999	-9999	-9999
0252441012	2010	2	16	47	-9999	-9999	-9999
0252441012	2010	2	17	48	-9999	-9999	-9999
0252441012	2010	2	18	49	-9999	-9999	-9999
0252441012	2010	2	19	50	-9999	-9999	-9999
0252441012	2010	2	20	51	-9999	-9999	-9999
0252441012	2010	2	21	52	-9999	-9999	-9999
0252441012	2010	2	22	53	-9999	-9999	-9999
0252441012	2010	2	23	54	-9999	-9999	-9999
0252441012	2010	2	24	55	-9999	-9999	-9999
0252441012	2010	2	25	56	-9999	-9999	-9999
0252441012	2010	2	26	57	-9999	-9999	-9999
0252441012	2010	2	27	58	-9999	-9999	-9999
0252441012	2010	2	28	59	-9999	-9999	-9999
0252441012	2010	3	1	60	-9999	-9999	-9999
0252441012	2010	3	2	61	-9999	-9999	-9999
0252441012	2010	3	3	62	-9999	-9999	-9999
0252441012	2010	3	4	63	-9999	-9999	-9999
0252441012	2010	3	5	64	-9999	-9999	-9999
0252441012	2010	3	6	65	-9999	-9999	-9999
0252441012	2010	3	7	66	-9999	-9999	-9999
0252441012	2010	3	8	67	-9999	-9999	-9999
0252441012	2010	3	9	68	-9999	-9999	-9999
0252441012	2010	3	10	69	-9999	-9999	-9999
0252441012	2010	3	11	70	-9999	-9999	-9999
0252441012	2010	3	12	71	-9999	-9999	-9999
0252441012	2010	3	13	72	-9999	-9999	-9999
0252441012	2010	3	14	73	-9999	-9999	-9999
0252441012	2010	3	15	74	-9999	-9999	-9999
0252441012	2010	3	16	75	-9999	-9999	-9999
0252441012	2010	3	17	76	-9999	-9999	-9999
0252441012	2010	3	18	77	-9999	-9999	-9999
0252441012	2010	3	19	78	-9999	-9999	-9999
0252441012	2010	3	20	79	-9999	-9999	-9999
0252441012	2010	3	21	80	-9999	-9999	-9999
0252441012	2010	3	22	81	-9999	-9999	-9999
0252441012	2010	3	23	82	-9999	-9999	-9999
0252441012	2010	3	24	83	-9999	-9999	-9999
0252441012	2010	3	25	84	-9999	-9999	-9999
0252441012	2010	3	26	85	-9999	-9999	-9999
0252441012	2010	3	27	86	-9999	-9999	-9999
0252441012	2010	3	28	87	-9999	-9999	-9999
0252441012	2010	3	29	88	-9999	-9999	-9999
0252441012	2010	3	30	89	-9999	-9999	-9999
0252441012	2010	3	31	90	-9999	-9999	-9999
0252441012	2010	4	1	91	-9999	-9999	-9999
0252441012	2010	4	2	92	-9999	-9999	-9999
0252441012	2010	4	3	93	-9999	-9999	-9999
0252441012	2010	4	4	94	-9999	-9999	-9999
0252441012	2010	4	5	95	-9999	-9999	-9999
0252441012	2010	4	6	96	-9999	-9999	-9999
0252441012	2010	4	7	97	-9999	-9999	-9999
0252441012	2010	4	8	98	-9999	-9999	-9999
0252441012	2010	4	9	99	-9999	-9999	-9999
0252441012	2010	4	10	100	-9999	-9999	-9999
0252441012	2010	4	11	101	-9999	-9999	-9999
0252441012	2010	4	12	102	-9999	-9999	-9999
0252441012	2010	4	13	103	-9999	-9999	-9999
0252441012	2010	4	14	104	-9999	-9999	-9999
0252441012	2010	4	15	105	-9999	-9999	-9999
0252441012	2010	4	16	106	-9999	-9999	-9999
0252441012	2010	4	17	107	-9999	-9999	-9999
0252441012	2010	4	18	108	-9999	-9999	-9999
0252441012	2010	4	19	109	-9999	-9999	-9999
0252441012	2010	4	20	110	-9999	-9999	-9999
0252441012	2010	4	21	111	-9999	-9999	-9999
0252441012	2010	4	22	112	-9999	-9999	-9999
0252441012	2010	4	23	113	-9999	-9999	-9999
0252441012	2010	4	24	114	-9999	-9999	-9999
0252441012	2010	4	25	115	-9999	-9999	-9999
0252441012	2010	4	26	116	-9999	-9999	-9999
0252441012	2010	4	27	117	-9999	-9999	-9999
0252441012	2010	4	28	118	-9999	-9999	-9999
0252441012	2010	4	29	119	-9999	-9999	-9999
0252441012	2010	4	30	120	-9999	-9999	-9999
0252441012	2010	5	1	121	-9999	-9999	-9999
0252441012	2010	5	2	122	-9999	-9999	-9999
0252441012	2010	5	3	123	-9999	-9999	-9999
0252441012	2010	5	4	124	-9999	-9999	-9999
0252441012	2010	5	5	125	-9999	-9999	-9999
0252441012	2010	5	6	126	-9999	-9999	-9999
0252441012	2010	5	7	127	-9999	-9999	-9999
0252441012	2010	5	8	128	-9999	-9999	-9999
0252441012	2010	5	9	129	-9999	-9999	-9999
0252441012	2010	5	10	130	-9999	-9999	-9999
0252441012	2010	5	11	131	-9999	-9999	-9999
0252441012	2010	5	12	132	-9999	-9999	-9999
0252441012	2010	5	13	133	-9999	-9999	-9999
0252441012	2010	5	14	134	-9999	-9999	-9999
0252441012	2010	5	15	135	-9999	-9999	-9999
0252441012	2010	5	16	136	-9999	-9999	-9999
0252441012	2010	5	17	137	-9999	-9999	-9999
0252441012	2010	5	18	138	-9999	-9999	-9999
0252441012	2010	5	19	139	-9999	-9999	-9999
0252441012	2010	5	20	140	-9999	-9999	-9999
0252441012	2010	5	21	141	-9999	-9999	-9999
0252441012	2010	5	22	142	-9999	-9999	-9999
0252441012	2010	5	23	143	-9999	-9999	-9999
0252441012	2010	5	24	144	-9999	-9999	-9999
0252441012	2010	5	25	145	-9999	-9999	-9999
0252441012	2010	5	26	146	-9999	-9999	-9999
0252441012	2010	5	27	147	-9999	-9999	-9999
0252441012	2010	5	28	148	-9999	-9999	-9999
0252441012	2010	5	29	149	-9999	-9999	-9999
0252441012	2010	5	30	150	-9999	-9999	-9999
0252441012	2010	5	31	151	-9999	-9999	-9999
0252441012	2010	6	1	152	-9999	-9999	-9999
0252441012	2010	6	2	153	-9999	-9999	-9999
0252441012	2010	6	3	154	-9999	-9999	-9999
0252441012	2010	6	4	155	-9999	-9999	-9999
0252441012	2010	6	5	156	-9999	-9999	-9999
0252441012	2010	6	6	157	-9999	-9999	-9999
0252441012	2010	6	7	158	-9999	-9999	-9999
0252441012	2010	6	8	159	-9999	-9999	-9999
0252441012	2010	6	9	160	-9999	-9999	-9999
0252441012	2010	6	10	161	-9999	-9999	-9999
0252441012	2010	6	11	162	-9999	-9999	-9999
0252441012	2010	6	12	163	-9999	-9999	-9999
0252441012	2010	6	13	164	-9999	-9999	-9999
0252441012	2010	6	14	165	-9999	-9999	-9999
0252441012	2010	6	15	166	-9999	-9999	-9999
0252441012	2010	6	16	167	-9999	-9999	-9999
0252441012	2010	6	17	168	-9999	-9999	-9999
0252441012	2010	6	18	169	-9999	-9999	-9999
0252441012	2010	6	19	170	-9999	-9999	-9999
0252441012	2010	6	20	171	-9999	-9999	-9999
0252441012	2010	6	21	172	-9999	-9999	-9999
0252441012	2010	6	22	173	-9999	-9999	-9999
0252441012	2010	6	23	174	-9999	-9999	-9999
0252441012	2010	6	24	175	-9999	-9999	-9999
0252441012	2010	6	25	176	-9999	-9999	-9999
0252441012	2010	6	26	177	-9999	-9999	-9999
0252441012	2010	6	27	178	-9999	-9999	-9999
0252441012	2010	6	28	179	-9999	-9999	-9999
0252441012	2010	6	29	180	-9999	-9999	-9999
0252441012	2010	6	30	181	-9999	-9999	-9999
0252441012	2010	7	1	182	-9999	-9999	-9999
0252441012	2010	7	2	183	-9999	-9999	-9999
0252441012	2010	7	3	184	-9999	-9999	-9999
0252441012	2010	7	4	185	-9999	-9999	-9999
0252441012	2010	7	5	186	-9999	-9999	-9999
0252441012	2010	7	6	187	-9999	-9999	-9999
0252441012	2010	7	7	188	-9999	-9999	-9999
0252441012	2010	7	8	189	-9999	-9999	-9999
0252441012	2010	7	9	190	-9999	-9999	-9999
0252441012	2010	7	10	191	-9999	-9999	-9999
0252441012	2010	7	11	192	-9999	-9999	-9999
0252441012	2010	7	12	193	-9999	-9999	-9999
0252441012	2010	7	13	194	-9999	-9999	-9999
0252441012	2010	7	14	195	-9999	-9999	-9999
0252441012	2010	7	15	196	-9999	-9999	-9999
0252441012	2010	7	16	197	-9999	-9999	-9999
0252441012	2010	7	17	198	-9999	-9999	-9999
0252441012	2010	7	18	199	-9999	-9999	-9999
0252441012	2010	7	19	200	-9999	-9999	-9999
0252441012	2010	7	20	201	-9999	-9999	-9999
0252441012	2010	7	21	202	-9999	-9999	-9999
0252441012	2010	7	22	203	-9999	-9999	-9999
0252441012	2010	7	23	204	-9999	-9999	-9999
0252441012	2010	7	24	205	-9999	-9999	-9999
0252441012	2010	7	25	206	-9999	-9999	-9999
0252441012	2010	7	26	207	-9999	-9999	-9999
0252441012	2010	7	27	208	-9999	-9999	-9999
0252441012	2010	7	28	209	-9999	-9999	-9999
0252441012	2010	7	29	210	-9999	-9999	-9999
0252441012	2010	7	30	211	-9999	-9999	-9999
0252441012	2010	7	31	212	-9999	-9999	-9999
0252441012	2010	8	1	213	-9999	-9999	-9999
0252441012	2010	8	2	214	-9999	-9999	-9999
0252441012	2010	8	3	215	-9999	-9999	-9999
0252441012	2010	8	4	216	-9999	-9999	-9999
0252441012	2010	8	5	217	-9999	-9999	-9999
0252441012	2010	8	6	218	-9999	-9999	-9999
0252441012	2010	8	7	219	-9999	-9999	-9999
0252441012	2010	8	8	220	-9999	-9999	-9999
0252441012	2010	8	9	221	-9999	-9999	-9999
0252441012	2010	8	10	222	-9999	-9999	-9999
0252441012	2010	8	11	223	-9999	-9999	-9999
0252441012	2010	8	12	224	0.08175	0.218625	0.109625
0252441012	2010	8	13	225	0.08016666667	0.2170833333	0.1100833333
0252441012	2010	8	14	226	0.07779166667	0.2139583333	0.1110833333
0252441012	2010	8	15	227	0.07720833333	0.2073333333	0.1111666667
0252441012	2010	8	16	228	0.080375	0.1993333333	0.1119583333
0252441012	2010	8	17	229	0.07583333333	0.195625	0.11175
0252441012	2010	8	18	230	0.07279166667	0.192875	0.112
0252441012	2010	8	19	231	0.07059090909	0.1899090909	0.1116818182
0252441012	2010	8	20	232	0.08616666667	0.1978333333	0.111625
0252441012	2010	8	21	233	0.086625	0.2018333333	0.111375
0252441012	2010	8	22	234	0.08095833333	0.198875	0.1112083333
0252441012	2010	8	23	235	0.07220833333	0.1921666667	0.1099583333
0252441012	2010	8	24	236	0.071125	0.1910833333	0.109125
0252441012	2010	8	25	237	0.069625	0.1902916667	0.109
0252441012	2010	8	26	238	0.06766666667	0.1894583333	0.1088333333
0252441012	2010	8	27	239	0.06504166667	0.1883333333	0.109375
0252441012	2010	8	28	240	0.056625	0.183125	0.1092083333
0252441012	2010	8	29	241	0.0515	0.1781666667	0.108375
0252441012	2010	8	30	242	0.04870833333	0.1730416667	0.1074583333
0252441012	2010	8	31	243	0.04695833333	0.170375	0.105625
0252441012	2010	9	1	244	0.051875	0.1736666667	0.10575
0252441012	2010	9	2	245	0.055375	0.176375	0.104875
0252441012	2010	9	3	246	0.05816666667	0.177875	0.1046666667
0252441012	2010	9	4	247	0.05908333333	0.17875	0.1045
0252441012	2010	9	5	248	0.0562173913	0.1771304348	0.1055217391
0252441012	2010	9	6	249	0.05058333333	0.1732916667	0.1056666667
0252441012	2010	9	7	250	0.04779166667	0.1709583333	0.105375
0252441012	2010	9	8	251	0.046	0.1712083333	0.1049166667
0252441012	2010	9	9	252	0.04034782609	0.1662173913	0.105
0252441012	2010	9	10	253	0.03516666667	0.16075	0.1034166667
0252441012	2010	9	11	254	0.05808333333	0.1986666667	0.102
0252441012	2010	9	12	255	0.07295833333	0.2062916667	0.101375
0252441012	2010	9	13	256	0.07516666667	0.2040416667	0.101625
0252441012	2010	9	14	257	0.07433333333	0.2012083333	0.1018333333
0252441012	2010	9	15	258	0.0705	0.195625	0.1017916667
0252441012	2010	9	16	259	0.069125	0.1939583333	0.1017916667
0252441012	2010	9	17	260	0.06770833333	0.191375	0.101875
0252441012	2010	9	18	261	0.06458333333	0.1895	0.1021666667
0252441012	2010	9	19	262	0.06079166667	0.1861666667	0.1026666667
0252441012	2010	9	20	263	0.05583333333	0.1826666667	0.103
0252441012	2010	9	21	264	0.05145833333	0.17875	0.10175
0252441012	2010	9	22	265	0.048875	0.1762083333	0.1015833333
0252441012	2010	9	23	266	0.0445	0.1727083333	0.1012916667
0252441012	2010	9	24	267	0.04120833333	0.1701666667	0.1015833333
0252441012	2010	9	25	268	0.03941666667	0.1684166667	0.1011666667
0252441012	2010	9	26	269	0.037125	0.1667083333	0.1007083333
0252441012	2010	9	27	270	0.0345	0.1650833333	0.1005833333
0252441012	2010	9	28	271	0.03204166667	0.1630833333	0.1004166667
0252441012	2010	9	29	272	0.02904166667	0.16075	0.101
0252441012	2010	9	30	273	0.02504166667	0.1574166667	0.1006666667
0252441012	2010	10	1	274	0.02291666667	0.1553333333	0.1004166667
0252441012	2010	10	2	275	0.02091666667	0.15325	0.1
0252441012	2010	10	3	276	0.01933333333	0.1510833333	0.09983333333
0252441012	2010	10	4	277	0.01625	0.147875	0.0995
0252441012	2010	10	5	278	0.01233333333	0.1432083333	0.099
0252441012	2010	10	6	279	0.01129166667	0.1420833333	0.097625
0252441012	2010	10	7	280	0.009666666667	0.14	0.097125
0252441012	2010	10	8	281	0.007541666667	0.1377083333	0.096375
0252441012	2010	10	9	282	0.009666666667	0.1376666667	0.09583333333
0252441012	2010	10	10	283	0.01166666667	0.1375833333	0.09604166667
0252441012	2010	10	11	284	0.017875	0.138	0.09479166667
0252441012	2010	10	12	285	0.02470833333	0.1393333333	0.09433333333
0252441012	2010	10	13	286	0.022625	0.1409166667	0.09341666667
0252441012	2010	10	14	287	0.02279166667	0.1430416667	0.09283333333
0252441012	2010	10	15	288	0.02258333333	0.1437083333	0.09270833333
0252441012	2010	10	16	289	0.02245833333	0.14375	0.09279166667
0252441012	2010	10	17	290	0.02304166667	0.1449166667	0.09283333333
0252441012	2010	10	18	291	0.02195833333	0.1445833333	0.09266666667
0252441012	2010	10	19	292	0.01904166667	0.142625	0.09266666667
0252441012	2010	10	20	293	0.0175	0.1410833333	0.09166666667
0252441012	2010	10	21	294	0.01741666667	0.14075	0.091125
0252441012	2010	10	22	295	0.01725	0.1401666667	0.09083333333
0252441012	2010	10	23	296	0.017125	0.1407083333	0.09041666667
0252441012	2010	10	24	297	0.01845833333	0.149875	-9999
0252441012	2010	10	25	298	0.07820833333	0.2629166667	0.1264166667
0252441012	2010	10	26	299	0.089375	0.2462916667	0.1518333333
0252441012	2010	10	27	300	0.09	0.2402083333	0.15125
0252441012	2010	10	28	301	0.09025	0.2367916667	0.149625
0252441012	2010	10	29	302	0.09058333333	0.234375	0.1478333333
0252441012	2010	10	30	303	0.091375	0.233125	0.1466666667
0252441012	2010	10	31	304	0.093	0.2332083333	0.1454166667
0252441012	2010	11	1	305	0.09479166667	0.23375	0.14475
0252441012	2010	11	2	306	0.09533333333	0.2333333333	0.1435833333
0252441012	2010	11	3	307	0.09491666667	0.2330416667	0.1434583333
0252441012	2010	11	4	308	0.09695833333	0.2333333333	0.1416666667
0252441012	2010	11	5	309	0.1006666667	0.238375	0.1413333333
0252441012	2010	11	6	310	0.110375	0.2472083333	0.1414166667
0252441012	2010	11	7	311	0.1183181818	0.2479545455	0.1405
0252441012	2010	11	8	312	0.1190833333	0.2469166667	0.1417916667
0252441012	2010	11	9	313	0.1192083333	0.24575	0.1436666667
0252441012	2010	11	10	314	0.1167083333	0.244625	0.1453333333
0252441012	2010	11	11	315	0.1146666667	0.242375	0.1467916667
0252441012	2010	11	12	316	0.1139583333	0.2416666667	0.1468333333
0252441012	2010	11	13	317	0.1137083333	0.2400833333	0.1474166667
0252441012	2010	11	14	318	0.1125416667	0.2388333333	0.147125
0252441012	2010	11	15	319	0.1126666667	0.2379583333	0.1467083333
0252441012	2010	11	16	320	0.1134583333	0.2382916667	0.146625
0252441012	2010	11	17	321	0.1129166667	0.2382083333	0.1472916667
0252441012	2010	11	18	322	0.1135	0.2374166667	0.147125
0252441012	2010	11	19	323	0.1130416667	0.237375	0.1465833333
0252441012	2010	11	20	324	0.11275	0.2365833333	0.1475
0252441012	2010	11	21	325	0.1130833333	0.2360416667	0.1467083333
0252441012	2010	11	22	326	0.1130833333	0.2359166667	0.1465416667
0252441012	2010	11	23	327	0.1125	0.2364583333	0.14775
0252441012	2010	11	24	328	0.1125416667	0.2356666667	0.14625
0252441012	2010	11	25	329	0.1120416667	0.23575	0.1474583333
0252441012	2010	11	26	330	0.112625	0.23575	0.1459583333
0252441012	2010	11	27	331	0.1112916667	0.2355833333	0.1464166667
0252441012	2010	11	28	332	0.1105416667	0.2355833333	0.1472083333
0252441012	2010	11	29	333	0.1106521739	0.2348695652	0.1466086957
0252441012	2010	11	30	334	0.1110416667	0.2348333333	0.1457916667
0252441012	2010	12	1	335	0.111125	0.2344166667	0.146125
0252441012	2010	12	2	336	0.1110833333	0.2343333333	0.1462916667
0252441012	2010	12	3	337	0.1120416667	0.234375	0.1459583333
0252441012	2010	12	4	338	0.1147916667	0.2351666667	0.1460833333
0252441012	2010	12	5	339	0.112	0.2357083333	0.1465416667
0252441012	2010	12	6	340	0.1129166667	0.2359166667	0.1455833333
0252441012	2010	12	7	341	0.1144583333	0.2364583333	0.1455416667
0252441012	2010	12	8	342	0.1147916667	0.2371666667	0.1456666667
0252441012	2010	12	9	343	0.115125	0.2370416667	0.1461666667
0252441012	2010	12	10	344	0.1157916667	0.2377083333	0.1462083333
0252441012	2010	12	11	345	0.1165833333	0.2376666667	0.1462916667
0252441012	2010	12	12	346	0.1184166667	0.2380416667	0.1459166667
0252441012	2010	12	13	347	0.1177916667	0.23875	0.1474583333
0252441012	2010	12	14	348	0.119	0.2382916667	0.1465416667
0252441012	2010	12	15	349	0.11975	0.239125	0.1474166667
0252441012	2010	12	16	350	0.12175	0.2390416667	0.1475833333
0252441012	2010	12	17	351	0.1235416667	0.239625	0.1485833333
0252441012	2010	12	18	352	0.125375	0.2395416667	0.1481666667
0252441012	2010	12	19	353	0.1256666667	0.2395833333	0.1484583333
0252441012	2010	12	20	354	0.1370416667	0.2388333333	0.1488333333
0252441012	2010	12	21	355	0.1449166667	0.238375	0.14875
0252441012	2010	12	22	356	0.1452083333	0.238	0.149125
0252441012	2010	12	23	357	0.1470833333	0.23825	0.1497916667
0252441012	2010	12	24	358	0.147875	0.2381666667	0.1500416667
0252441012	2010	12	25	359	0.1490416667	0.238	0.1493333333
0252441012	2010	12	26	360	0.1490833333	0.2376666667	0.1499583333
0252441012	2010	12	27	361	0.1495	0.2379166667	0.1495833333
0252441012	2010	12	28	362	0.1504583333	0.23825	0.150125
0252441012	2010	12	29	363	0.1522916667	0.2385	0.1500833333
0252441012	2010	12	30	364	0.1540416667	0.238	0.151125
0252441012	2010	12	31	365	0.1544166667	0.2380833333	0.151
0252441012	2011	1	1	1	0.156625	0.238	0.15075
0252441012	2011	1	2	2	0.1589166667	0.23825	0.151375
0252441012	2011	1	3	3	0.15975	0.238375	0.15125
0252441012	2011	1	4	4	0.1594583333	0.2379166667	0.1515416667
0252441012	2011	1	5	5	0.1595	0.2377083333	0.1514583333
0252441012	2011	1	6	6	0.1597083333	0.2375	0.15225
0252441012	2011	1	7	7	0.1595416667	0.2372916667	0.151375
0252441012	2011	1	8	8	0.159	0.2374166667	0.1516666667
0252441012	2011	1	9	9	0.1580434783	0.2365652174	0.1530869565
0252441012	2011	1	10	10	0.1580416667	0.2371666667	0.1524166667
0252441012	2011	1	11	11	0.1581666667	0.2367083333	0.1517916667
0252441012	2011	1	12	12	0.1575416667	0.2365416667	0.1515416667
0252441012	2011	1	13	13	0.157375	0.2355833333	0.1524583333
0252441012	2011	1	14	14	0.1573333333	0.2352916667	0.1511666667
0252441012	2011	1	15	15	0.156875	0.2355	0.151875
0252441012	2011	1	16	16	0.15675	0.2349583333	0.1519166667
0252441012	2011	1	17	17	0.1559583333	0.2347916667	0.1515833333
0252441012	2011	1	18	18	0.1567083333	0.2344583333	0.1514166667
0252441012	2011	1	19	19	0.1567916667	0.2347916667	0.1518333333
0252441012	2011	1	20	20	0.1565	0.2347916667	0.1512916667
0252441012	2011	1	21	21	0.1567916667	0.2349583333	0.15125
0252441012	2011	1	22	22	0.1574166667	0.2355	0.1507916667
0252441012	2011	1	23	23	0.1574166667	0.2349583333	0.1522083333
0252441012	2011	1	24	24	0.1585	0.2357083333	0.1519166667
0252441012	2011	1	25	25	0.1586666667	0.2357083333	0.1517083333
0252441012	2011	1	26	26	0.1585416667	0.2360416667	0.151625
0252441012	2011	1	27	27	0.158875	0.2357916667	0.152375
0252441012	2011	1	28	28	0.1591666667	0.2357083333	0.1519583333
0252441012	2011	1	29	29	0.1592083333	0.2357916667	0.1512916667
0252441012	2011	1	30	30	0.159	0.2359583333	0.152125
0252441012	2011	1	31	31	0.1588333333	0.2360833333	0.1507916667
0252441012	2011	2	1	32	0.158875	0.2360416667	0.151875
0252441012	2011	2	2	33	0.15825	0.2359166667	0.152375
0252441012	2011	2	3	34	0.1585833333	0.2353333333	0.152125
0252441012	2011	2	4	35	0.1587083333	0.2353333333	0.1517916667
0252441012	2011	2	5	36	0.1585416667	0.23525	0.151875
0252441012	2011	2	6	37	0.1585	0.2347083333	0.152
0252441012	2011	2	7	38	0.157875	0.2344166667	0.1522916667
0252441012	2011	2	8	39	0.1574583333	0.2344583333	0.1519166667
0252441012	2011	2	9	40	0.1570833333	0.2344583333	0.1525
0252441012	2011	2	10	41	0.1564583333	0.233875	0.152125
0252441012	2011	2	11	42	0.156375	0.2332083333	0.1522916667
0252441012	2011	2	12	43	0.1565416667	0.2335833333	0.1519166667
0252441012	2011	2	13	44	0.1564583333	0.2331666667	0.15175
0252441012	2011	2	14	45	0.1562083333	0.2325	0.1519583333
0252441012	2011	2	15	46	0.1555416667	0.2320416667	0.1514583333
0252441012	2011	2	16	47	0.1552083333	0.2326666667	0.151
0252441012	2011	2	17	48	0.1551304348	0.232	0.1525217391
0252441012	2011	2	18	49	0.1545	0.231875	0.1519583333
0252441012	2011	2	19	50	0.1538333333	0.231625	0.1514583333
0252441012	2011	2	20	51	0.1545	0.2317083333	0.1513333333
0252441012	2011	2	21	52	0.1546666667	0.230625	0.1514583333
0252441012	2011	2	22	53	0.1540833333	0.2305833333	0.15125
0252441012	2011	2	23	54	0.1547083333	0.2305416667	0.1510416667
0252441012	2011	2	24	55	0.1540833333	0.2303333333	0.1509583333
0252441012	2011	2	25	56	0.1539583333	0.2299166667	0.1517083333
0252441012	2011	2	26	57	0.1539166667	0.2292083333	0.15125
0252441012	2011	2	27	58	0.1538333333	0.229375	0.1511666667
0252441012	2011	2	28	59	0.1538333333	0.2292916667	0.15075
0252441012	2011	3	1	60	0.154375	0.2290416667	0.1507916667
0252441012	2011	3	2	61	0.1547083333	0.2294166667	0.1510416667
0252441012	2011	3	3	62	0.1544583333	0.2289583333	0.151125
0252441012	2011	3	4	63	0.1549583333	0.2285416667	0.1509583333
0252441012	2011	3	5	64	0.15475	0.229125	0.1504166667
0252441012	2011	3	6	65	0.15475	0.2286666667	0.149875
0252441012	2011	3	7	66	0.1546666667	0.2289166667	0.1500833333
0252441012	2011	3	8	67	0.15475	0.2291666667	0.149625
0252441012	2011	3	9	68	0.155125	0.2288333333	0.15075
0252441012	2011	3	10	69	0.1555	0.229	0.149625
0252441012	2011	3	11	70	0.155875	0.2294166667	0.1491666667
0252441012	2011	3	12	71	0.156125	0.2290416667	0.1499166667
0252441012	2011	3	13	72	0.1564166667	0.2286666667	0.1497083333
0252441012	2011	3	14	73	0.1559583333	0.2285833333	0.1499583333
0252441012	2011	3	15	74	0.156625	0.228875	0.1505416667
0252441012	2011	3	16	75	0.156875	0.2294583333	0.1497916667
0252441012	2011	3	17	76	0.1577083333	0.229875	0.1495833333
0252441012	2011	3	18	77	0.1576666667	0.2299166667	0.1501666667
0252441012	2011	3	19	78	0.1584166667	0.229625	0.15025
0252441012	2011	3	20	79	0.1592083333	0.2304583333	0.1499166667
0252441012	2011	3	21	80	0.159375	0.2305	0.1500416667
0252441012	2011	3	22	81	0.159375	0.231625	0.1495833333
0252441012	2011	3	23	82	0.1607083333	0.2310416667	0.15
0252441012	2011	3	24	83	0.1652083333	0.2315833333	0.150125
0252441012	2011	3	25	84	0.161875	0.2312083333	0.150625
0252441012	2011	3	26	85	0.16225	0.2310833333	0.1502083333
0252441012	2011	3	27	86	0.1635416667	0.2317083333	0.150625
0252441012	2011	3	28	87	0.163875	0.2319583333	0.1499166667
0252441012	2011	3	29	88	0.1627083333	0.2316666667	0.1515833333
0252441012	2011	3	30	89	0.163625	0.2324166667	0.1505416667
0252441012	2011	3	31	90	0.1642916667	0.232625	0.1500833333
0252441012	2011	4	1	91	0.1627916667	0.2321666667	0.1511666667
0252441012	2011	4	2	92	0.1599583333	0.2325	0.1509166667
0252441012	2011	4	3	93	0.1595833333	0.232875	0.1510416667
0252441012	2011	4	4	94	0.15825	0.2329583333	0.1507916667
0252441012	2011	4	5	95	0.15525	0.23275	0.1519583333
0252441012	2011	4	6	96	0.153	0.23275	0.1520416667
0252441012	2011	4	7	97	0.1536666667	0.2330416667	0.152
0252441012	2011	4	8	98	0.153125	0.2334166667	0.1518333333
0252441012	2011	4	9	99	0.1484166667	0.2334166667	0.1517916667
0252441012	2011	4	10	100	0.1475	0.2334166667	0.152
0252441012	2011	4	11	101	0.1483043478	0.2330869565	0.1532173913
0252441012	2011	4	12	102	0.1495217391	0.2343913043	0.152
0252441012	2011	4	13	103	0.1515	0.2339166667	0.1532916667
0252441012	2011	4	14	104	0.1515833333	0.234375	0.152625
0252441012	2011	4	15	105	0.1539166667	0.2344583333	0.1536666667
0252441012	2011	4	16	106	0.1580833333	0.2345	0.154
0252441012	2011	4	17	107	0.1607916667	0.2350833333	0.1541666667
0252441012	2011	4	18	108	0.162125	0.2350833333	0.154875
0252441012	2011	4	19	109	0.1641666667	0.2349166667	0.155125
0252441012	2011	4	20	110	0.16475	0.2347916667	0.15625
0252441012	2011	4	21	111	0.1655416667	0.2353333333	0.1557916667
0252441012	2011	4	22	112	0.1665416667	0.2345833333	0.1565833333
0252441012	2011	4	23	113	0.1673043478	0.2345652174	0.1575652174
0252441012	2011	4	24	114	0.1690833333	0.2349166667	0.1571666667
0252441012	2011	4	25	115	0.169125	0.23525	0.15825
0252441012	2011	4	26	116	0.1690833333	0.2356666667	0.158125
0252441012	2011	4	27	117	0.1695833333	0.2354166667	0.15925
0252441012	2011	4	28	118	0.1709583333	0.2357916667	0.1588333333
0252441012	2011	4	29	119	0.171625	0.236125	0.1598333333
0252441012	2011	4	30	120	0.1735	0.2366666667	0.16025
0252441012	2011	5	1	121	0.174625	0.2369166667	0.160125
0252441012	2011	5	2	122	0.1745	0.2370833333	0.1604166667
0252441012	2011	5	3	123	0.1752173913	0.2367826087	0.161173913
0252441012	2011	5	4	124	0.175125	0.2372083333	0.1617916667
0252441012	2011	5	5	125	0.1752916667	0.237	0.1632083333
0252441012	2011	5	6	126	0.1722916667	0.2365833333	0.164375
0252441012	2011	5	7	127	0.1688333333	0.23675	0.164625
0252441012	2011	5	8	128	0.1671666667	0.23725	0.1649166667
0252441012	2011	5	9	129	0.1675833333	0.2375833333	0.1662916667
0252441012	2011	5	10	130	0.16675	0.2365	0.1670833333
0252441012	2011	5	11	131	0.1654166667	0.23675	0.1664583333
0252441012	2011	5	12	132	0.1655	0.2365416667	0.167375
0252441012	2011	5	13	133	0.163826087	0.236	0.1673478261
0252441012	2011	5	14	134	0.1628695652	0.2354347826	0.1689565217
0252441012	2011	5	15	135	0.1610833333	0.2373333333	0.1679166667
0252441012	2011	5	16	136	0.1596666667	0.2361666667	0.1682916667
0252441012	2011	5	17	137	0.1577916667	0.2357916667	0.1685416667
0252441012	2011	5	18	138	0.1574583333	0.2350416667	0.1690833333
0252441012	2011	5	19	139	0.1564166667	0.235375	0.1694583333
0252441012	2011	5	20	140	0.156	0.2352083333	0.1699166667
0252441012	2011	5	21	141	0.1565	0.2362083333	0.1697916667
0252441012	2011	5	22	142	0.1567083333	0.2358333333	0.1710416667
0252441012	2011	5	23	143	0.1559166667	0.2367083333	0.170375
0252441012	2011	5	24	144	0.1557916667	0.237625	0.1704583333
0252441012	2011	5	25	145	0.1551304348	0.2383478261	0.1713913043
0252441012	2011	5	26	146	0.1549166667	0.238875	0.171
0252441012	2011	5	27	147	0.1536666667	0.239	0.1712916667
0252441012	2011	5	28	148	0.1535	0.2395833333	0.1721666667
0252441012	2011	5	29	149	0.1530416667	0.2398333333	0.171125
0252441012	2011	5	30	150	0.153375	0.2392083333	0.172125
0252441012	2011	5	31	151	0.1480833333	0.2391666667	0.1723333333
0252441012	2011	6	1	152	0.1465416667	0.2390416667	0.1721666667
0252441012	2011	6	2	153	0.143875	0.2388333333	0.1717083333
0252441012	2011	6	3	154	0.1436666667	0.2393333333	0.171625
0252441012	2011	6	4	155	0.1389166667	0.2401666667	0.1715416667
0252441012	2011	6	5	156	0.1281666667	0.2416666667	0.172125
0252441012	2011	6	6	157	0.124875	0.251625	0.1765833333
0252441012	2011	6	7	158	0.1209166667	0.2469583333	0.1770416667
0252441012	2011	6	8	159	0.1204166667	0.2509166667	0.1794166667
0252441012	2011	6	9	160	0.1206666667	0.2504583333	0.180625
0252441012	2011	6	10	161	0.1275	0.2507083333	0.1805416667
0252441012	2011	6	11	162	0.1300869565	0.2620869565	0.1826956522
0252441012	2011	6	12	163	0.129375	0.264875	0.1895
0252441012	2011	6	13	164	0.1302916667	0.2667083333	0.19925
0252441012	2011	6	14	165	0.1291666667	0.2574583333	0.2046666667
0252441012	2011	6	15	166	0.1835416667	0.3717916667	0.406
0252441012	2011	6	16	167	-9999	0.4106666667	0.406
0252441012	2011	6	17	168	-9999	0.411	0.406
0252441012	2011	6	18	169	-9999	0.4110833333	0.406
0252441012	2011	6	19	170	-9999	0.4110833333	-9999
0252441012	2011	6	20	171	-9999	0.411826087	0.406
0252441012	2011	6	21	172	-9999	0.412	0.406
0252441012	2011	6	22	173	-9999	0.4119583333	0.406
0252441012	2011	6	23	174	-9999	0.4119565217	0.406
0252441012	2011	6	24	175	-9999	0.411875	0.406
0252441012	2011	6	25	176	-9999	0.411875	0.4051666667
0252441012	2011	6	26	177	-9999	0.412	0.405
0252441012	2011	6	27	178	-9999	0.412	0.405
0252441012	2011	6	28	179	-9999	0.412	0.405
0252441012	2011	6	29	180	-9999	0.4117083333	0.4044583333
0252441012	2011	6	30	181	0.3970416667	0.410875	0.4041666667
0252441012	2011	7	1	182	0.3715	0.41075	0.404
0252441012	2011	7	2	183	0.3605833333	0.409125	0.404
0252441012	2011	7	3	184	0.3712083333	0.4078333333	0.404
0252441012	2011	7	4	185	0.3864583333	0.4065833333	0.404
0252441012	2011	7	5	186	0.38275	0.405125	0.404
0252441012	2011	7	6	187	0.363875	0.405	0.404
0252441012	2011	7	7	188	0.3187083333	0.4047083333	0.404
0252441012	2011	7	8	189	0.36475	0.4061666667	0.404
0252441012	2011	7	9	190	0.39575	0.4084166667	0.403625
0252441012	2011	7	10	191	-9999	0.40875	0.4014583333
0252441012	2011	7	11	192	-9999	0.407875	0.4007916667
0252441012	2011	7	12	193	0.3986521739	0.4080434783	0.4008695652
0252441012	2011	7	13	194	-9999	0.40875	0.400375
0252441012	2011	7	14	195	-9999	0.4086956522	0.4
0252441012	2011	7	15	196	-9999	0.408125	0.4
0252441012	2011	7	16	197	-9999	0.4096666667	0.4
0252441012	2011	7	17	198	-9999	0.4095652174	0.4
0252441012	2011	7	18	199	0.25875	0.40125	0.3999166667
0252441012	2011	7	19	200	0.1926666667	0.36925	0.3971666667
0252441012	2011	7	20	201	0.1710416667	0.334375	0.37975
0252441012	2011	7	21	202	0.1533043478	0.3195217391	0.355173913
0252441012	2011	7	22	203	0.1305	0.308125	0.3383333333
0252441012	2011	7	23	204	0.1119166667	0.2970833333	0.32775
0252441012	2011	7	24	205	0.09420833333	0.2882083333	0.3202083333
0252441012	2011	7	25	206	0.07629166667	0.2796666667	0.3145833333
0252441012	2011	7	26	207	0.06266666667	0.2725416667	0.309875
0252441012	2011	7	27	208	0.05420833333	0.266125	0.3058333333
0252441012	2011	7	28	209	0.04275	0.2603333333	0.3025416667
0252441012	2011	7	29	210	0.03025	0.2549583333	0.30025
0252441012	2011	7	30	211	0.01558333333	0.2492916667	0.2979583333
0252441012	2011	7	31	212	0.01891666667	0.2459583333	0.296125
0252441012	2011	8	1	213	0.02825	0.246	0.2946666667
0252441012	2011	8	2	214	0.08816666667	0.2702083333	0.298875
0252441012	2011	8	3	215	0.14875	0.3328333333	0.346875
0252441012	2011	8	4	216	0.1269583333	0.31575	0.3354166667
0252441012	2011	8	5	217	0.1088333333	0.3043333333	0.3295
0252441012	2011	8	6	218	0.1037916667	0.2970416667	0.3250833333
0252441012	2011	8	7	219	0.1129166667	0.2935833333	0.3217083333
0252441012	2011	8	8	220	0.1032916667	0.2881666667	0.318625
0252441012	2011	8	9	221	0.08475	0.2821666667	0.3161666667
0252441012	2011	8	10	222	0.06370833333	0.2745833333	0.31375
0252441012	2011	8	11	223	0.05295833333	0.2675416667	0.3115
0252441012	2011	8	12	224	0.04066666667	0.2603333333	0.3092916667
0252441012	2011	8	13	225	0.03116666667	0.2540416667	0.3075833333
0252441012	2011	8	14	226	0.02229166667	0.2475	0.3059583333
0252441012	2011	8	15	227	0.020875	0.2432083333	0.3041666667
0252441012	2011	8	16	228	0.01783333333	0.239625	0.303
0252441012	2011	8	17	229	0.01033333333	0.23625	0.3013333333
0252441012	2011	8	18	230	0.004	0.2315	0.2998333333
0252441012	2011	8	19	231	0.00025	0.2262916667	0.298625
0252441012	2011	8	20	232	-9999	0.222125	0.297
0252441012	2011	8	21	233	-9999	0.2180416667	0.2955416667
0252441012	2011	8	22	234	-9999	0.2133333333	0.2942083333
0252441012	2011	8	23	235	-9999	0.208625	0.2922916667
0252441012	2011	8	24	236	-9999	0.2050416667	0.2907083333
0252441012	2011	8	25	237	-9999	0.20125	0.289
0252441012	2011	8	26	238	-9999	0.197375	0.2877083333
0252441012	2011	8	27	239	-9999	0.19425	0.2859166667
0252441012	2011	8	28	240	-9999	0.1901666667	0.2844166667
0252441012	2011	8	29	241	0.0004583333333	0.1919166667	0.283
0252441012	2011	8	30	242	-9999	0.1929583333	0.2819583333
0252441012	2011	8	31	243	-9999	0.1909565217	0.280826087
0252441012	2011	9	1	244	-9999	0.1870833333	0.2791666667
0252441012	2011	9	2	245	-9999	0.1826666667	0.2775416667
0252441012	2011	9	3	246	-9999	0.1792083333	0.2756666667
0252441012	2011	9	4	247	-9999	0.17625	0.27375
0252441012	2011	9	5	248	-9999	0.1723333333	0.2718333333
0252441012	2011	9	6	249	-9999	0.1696956522	0.2700869565
0252441012	2011	9	7	250	-9999	0.168	0.2685416667
0252441012	2011	9	8	251	-9999	0.164875	0.266875
0252441012	2011	9	9	252	-9999	0.162625	0.2651666667
0252441012	2011	9	10	253	-9999	0.160375	0.2637083333
0252441012	2011	9	11	254	-9999	0.1586956522	0.2623043478
0252441012	2011	9	12	255	-9999	0.1563636364	0.2609090909
0252441012	2011	9	13	256	-9999	0.1539583333	0.259625
0252441012	2011	9	14	257	-9999	0.1517083333	0.2577916667
0252441012	2011	9	15	258	-9999	0.1517916667	0.2564583333
0252441012	2011	9	16	259	0.006791666667	0.153125	0.2555416667
0252441012	2011	9	17	260	0.024125	0.1676666667	0.2552916667
0252441012	2011	9	18	261	0.01020833333	0.1759583333	0.254875
0252441012	2011	9	19	262	0.0009583333333	0.175	0.2546666667
0252441012	2011	9	20	263	-9999	0.1726666667	0.254625
0252441012	2011	9	21	264	-9999	0.1687916667	0.2537083333
0252441012	2011	9	22	265	-9999	0.1647083333	0.2534583333
0252441012	2011	9	23	266	-9999	0.1615416667	0.2520416667
0252441012	2011	9	24	267	-9999	0.1577916667	0.251125
0252441012	2011	9	25	268	-9999	0.154375	0.2500416667
0252441012	2011	9	26	269	-9999	0.15175	0.248375
0252441012	2011	9	27	270	-9999	0.1479583333	0.247
0252441012	2011	9	28	271	-9999	0.146625	0.2457916667
0252441012	2011	9	29	272	-9999	0.145	0.2445416667
0252441012	2011	9	30	273	-9999	0.1426666667	0.2430416667
0252441012	2011	10	1	274	-9999	0.139875	0.2414166667
0252441012	2011	10	2	275	-9999	0.137625	0.2402083333
0252441012	2011	10	3	276	-9999	0.1357083333	0.2385416667
0252441012	2011	10	4	277	-9999	0.133	0.23725
0252441012	2011	10	5	278	-9999	0.1774166667	0.2388333333
0252441012	2011	10	6	279	0.04416666667	0.2739166667	0.2985
0252441012	2011	10	7	280	0.05395833333	0.26675	0.295
0252441012	2011	10	8	281	0.054625	0.2655833333	0.2934583333
0252441012	2011	10	9	282	0.05733333333	0.2657083333	0.2934166667
0252441012	2011	10	10	283	0.05795833333	0.2664166667	0.2940416667
0252441012	2011	10	11	284	0.05820833333	0.26875	0.300625
0252441012	2011	10	12	285	0.06045833333	0.269125	0.312875
0252441012	2011	10	13	286	0.06108333333	0.26725	0.304375
0252441012	2011	10	14	287	0.0645	0.26775	0.3056666667
0252441012	2011	10	15	288	0.06941666667	0.2688333333	0.3091666667
0252441012	2011	10	16	289	0.073125	0.2693333333	0.31575
0252441012	2011	10	17	290	0.07866666667	0.27225	0.3209166667
0252441012	2011	10	18	291	0.072	0.2692083333	0.3083333333
0252441012	2011	10	19	292	0.06975	0.2689583333	0.30575
0252441012	2011	10	20	293	0.07113043478	0.270173913	0.305826087
0252441012	2011	10	21	294	0.07183333333	0.2700416667	0.3057083333
0252441012	2011	10	22	295	0.071875	0.2701666667	0.3056666667
0252441012	2011	10	23	296	0.07130434783	0.270173913	0.3054782609
0252441012	2011	10	24	297	0.07375	0.2724166667	0.3084166667
0252441012	2011	10	25	298	0.075375	0.2742083333	0.318125
0252441012	2011	10	26	299	0.0625	0.2654166667	0.3075
0252441012	2011	10	27	300	0.04491666667	0.2555416667	0.3023333333
0252441012	2011	10	28	301	0.03216666667	0.2490833333	0.2987916667
0252441012	2011	10	29	302	0.026125	0.24425	0.2952916667
0252441012	2011	10	30	303	0.02683333333	0.2424583333	0.2925
0252441012	2011	10	31	304	0.02954166667	0.242	0.29075
0252441012	2011	11	1	305	0.04283333333	0.2465833333	0.2889166667
0252441012	2011	11	2	306	0.02008333333	0.24475	0.287125
0252441012	2011	11	3	307	-9999	0.2362083333	0.2853333333
0252441012	2011	11	4	308	-9999	0.2262916667	0.2840416667
0252441012	2011	11	5	309	-9999	0.2194166667	0.283375
0252441012	2011	11	6	310	-9999	0.214375	0.2816666667
0252441012	2011	11	7	311	-9999	0.2095833333	0.2807083333
0252441012	2011	11	8	312	-9999	0.20575	0.2796666667
0252441012	2011	11	9	313	-9999	0.1975	0.2785416667
0252441012	2011	11	10	314	-9999	0.1835	0.2778333333
0252441012	2011	11	11	315	-9999	0.1703333333	0.2765416667
0252441012	2011	11	12	316	-9999	0.163125	0.275625
0252441012	2011	11	13	317	-9999	0.166	0.274875
0252441012	2011	11	14	318	-9999	0.1694166667	0.2738333333
0252441012	2011	11	15	319	-9999	0.1693043478	0.2736086957
0252441012	2011	11	16	320	-9999	0.16375	0.2724583333
0252441012	2011	11	17	321	-9999	0.1548333333	0.27175
0252441012	2011	11	18	322	-9999	0.1570416667	0.2710833333
0252441012	2011	11	19	323	-9999	0.1621666667	0.2705416667
0252441012	2011	11	20	324	-9999	0.1665	0.26975
0252441012	2011	11	21	325	-9999	0.1682916667	0.269125
0252441012	2011	11	22	326	-9999	0.171875	0.268875
0252441012	2011	11	23	327	-9999	0.1759583333	0.268125
0252441012	2011	11	24	328	-9999	0.1802916667	0.268
0252441012	2011	11	25	329	-9999	0.184875	0.267125
0252441012	2011	11	26	330	-9999	0.1880416667	0.2674166667
0252441012	2011	11	27	331	-9999	0.1857083333	0.266875
0252441012	2011	11	28	332	-9999	0.1832916667	0.266625
0252441012	2011	11	29	333	-9999	0.184625	0.2658333333
0252441012	2011	11	30	334	-9999	0.1860416667	0.2657916667
0252441012	2011	12	1	335	-9999	0.1865	0.265625
0252441012	2011	12	2	336	-9999	0.1841363636	0.2657272727
0252441012	2011	12	3	337	-9999	0.178375	0.265125
0252441012	2011	12	4	338	-9999	0.1732916667	0.2651666667
0252441012	2011	12	5	339	-9999	0.1697083333	0.2648333333
0252441012	2011	12	6	340	-9999	0.1674166667	0.2640833333
0252441012	2011	12	7	341	-9999	0.1632083333	0.2639583333
0252441012	2011	12	8	342	-9999	0.1612083333	0.2630416667
0252441012	2011	12	9	343	-9999	0.1599583333	0.262625
0252441012	2011	12	10	344	-9999	0.15725	0.26275
0252441012	2011	12	11	345	-9999	0.1529583333	0.2627916667
0252441012	2011	12	12	346	-9999	0.15125	0.2619166667
0252441012	2011	12	13	347	-9999	0.1482916667	0.2615833333
0252441012	2011	12	14	348	-9999	0.148	0.2610416667
0252441012	2011	12	15	349	-9999	0.1431666667	0.2606666667
0252441012	2011	12	16	350	-9999	0.138125	0.26025
0252441012	2011	12	17	351	-9999	0.13225	0.2597083333
0252441012	2011	12	18	352	-9999	0.1287916667	0.2589166667
0252441012	2011	12	19	353	-9999	0.1271666667	0.2589166667
0252441012	2011	12	20	354	-9999	0.1267916667	0.2579583333
0252441012	2011	12	21	355	-9999	0.1236666667	0.2580416667
0252441012	2011	12	22	356	-9999	0.1219583333	0.2576666667
0252441012	2011	12	23	357	-9999	0.119625	0.2569166667
0252441012	2011	12	24	358	-9999	0.1167083333	0.25625
0252441012	2011	12	25	359	-9999	0.115	0.255625
0252441012	2011	12	26	360	-9999	0.1150833333	0.2551666667
0252441012	2011	12	27	361	-9999	0.1145833333	0.255125
0252441012	2011	12	28	362	-9999	0.1142083333	0.2540833333
0252441012	2011	12	29	363	-9999	0.113875	0.2541666667
0252441012	2011	12	30	364	-9999	0.1162083333	0.2537083333
0252441012	2011	12	31	365	-9999	0.1172083333	0.2535
0252441012	2012	1	1	1	-9999	0.1193333333	0.2528333333
0252441012	2012	1	2	2	-9999	0.119125	0.2524583333
0252441012	2012	1	3	3	-9999	0.1189166667	0.2522916667
0252441012	2012	1	4	4	-9999	0.119	0.252125
0252441012	2012	1	5	5	-9999	0.1196666667	0.2517916667
0252441012	2012	1	6	6	-9999	0.119375	0.252
0252441012	2012	1	7	7	-9999	0.1180416667	0.251875
0252441012	2012	1	8	8	-9999	0.1176666667	0.2516666667
0252441012	2012	1	9	9	-9999	0.1173333333	0.2515416667
0252441012	2012	1	10	10	-9999	0.11675	0.2511666667
0252441012	2012	1	11	11	-9999	0.1157916667	0.2510833333
0252441012	2012	1	12	12	-9999	0.114375	0.2506666667
0252441012	2012	1	13	13	-9999	0.112375	0.25025
0252441012	2012	1	14	14	-9999	0.1090833333	0.2502916667
0252441012	2012	1	15	15	-9999	0.106	0.2494583333
0252441012	2012	1	16	16	-9999	0.1052083333	0.2494583333
0252441012	2012	1	17	17	-9999	0.1039583333	0.2493333333
0252441012	2012	1	18	18	-9999	0.100125	0.2485416667
0252441012	2012	1	19	19	-9999	0.096625	0.2482083333
0252441012	2012	1	20	20	-9999	0.09495833333	0.24775
0252441012	2012	1	21	21	-9999	0.09591666667	0.2472916667
0252441012	2012	1	22	22	-9999	0.096125	0.2469166667
0252441012	2012	1	23	23	-9999	0.097125	0.2467083333
0252441012	2012	1	24	24	-9999	0.09825	0.2469583333
0252441012	2012	1	25	25	-9999	0.09941666667	0.2468333333
0252441012	2012	1	26	26	-9999	0.1000416667	0.246375
0252441012	2012	1	27	27	-9999	0.10075	0.24625
0252441012	2012	1	28	28	-9999	0.1023333333	0.2464583333
0252441012	2012	1	29	29	-9999	0.1027916667	0.2462083333
0252441012	2012	1	30	30	-9999	0.1030833333	0.246125
0252441012	2012	1	31	31	-9999	0.103875	0.2462916667
0252441012	2012	2	1	32	-9999	0.10425	0.2462916667
0252441012	2012	2	2	33	-9999	0.10425	0.2461666667
0252441012	2012	2	3	34	-9999	0.104	0.2465416667
0252441012	2012	2	4	35	-9999	0.1048333333	0.2465
0252441012	2012	2	5	36	-9999	0.1046666667	0.2464583333
0252441012	2012	2	6	37	-9999	0.1052083333	0.2462083333
0252441012	2012	2	7	38	-9999	0.105375	0.2464166667
0252441012	2012	2	8	39	-9999	0.1052916667	0.2462916667
0252441012	2012	2	9	40	-9999	0.104625	0.2459583333
0252441012	2012	2	10	41	-9999	0.1036666667	0.2463333333
0252441012	2012	2	11	42	-9999	0.10375	0.2458333333
0252441012	2012	2	12	43	-9999	0.104125	0.246125
0252441012	2012	2	13	44	-9999	0.1041666667	0.2459166667
0252441012	2012	2	14	45	-9999	0.1047916667	0.2460416667
0252441012	2012	2	15	46	-9999	0.1053333333	0.2461666667
0252441012	2012	2	16	47	-9999	0.106375	0.24575
0252441012	2012	2	17	48	-9999	0.1061666667	0.2460416667
0252441012	2012	2	18	49	-9999	0.1062916667	0.2456666667
0252441012	2012	2	19	50	-9999	0.1074166667	0.2461666667
0252441012	2012	2	20	51	-9999	0.107375	0.2462916667
0252441012	2012	2	21	52	-9999	0.107	0.246125
0252441012	2012	2	22	53	-9999	0.1071666667	0.2455
0252441012	2012	2	23	54	-9999	0.1079166667	0.24625
0252441012	2012	2	24	55	-9999	0.108	0.245875
0252441012	2012	2	25	56	-9999	0.1070416667	0.245625
0252441012	2012	2	26	57	-9999	0.10725	0.2457083333
0252441012	2012	2	27	58	-9999	0.1075416667	0.2462083333
0252441012	2012	2	28	59	-9999	0.10825	0.2458333333
0252441012	2012	2	29	60	-9999	0.10775	0.2462083333
0252441012	2012	3	1	61	-9999	0.1069583333	0.24575
0252441012	2012	3	2	62	-9999	0.1077083333	0.2459166667
0252441012	2012	3	3	63	-9999	0.1075416667	0.2457916667
0252441012	2012	3	4	64	-9999	0.10675	0.24575
0252441012	2012	3	5	65	-9999	0.1074166667	0.2456666667
0252441012	2012	3	6	66	-9999	0.1074166667	0.2460833333
0252441012	2012	3	7	67	-9999	0.107	0.2457083333
0252441012	2012	3	8	68	-9999	0.1070416667	0.245625
0252441012	2012	3	9	69	-9999	0.1076666667	0.2455833333
0252441012	2012	3	10	70	-9999	0.108	0.2455416667
0252441012	2012	3	11	71	-9999	0.108625	0.2457916667
0252441012	2012	3	12	72	-9999	0.1082916667	0.2450833333
0252441012	2012	3	13	73	-9999	0.109375	0.2459166667
0252441012	2012	3	14	74	-9999	0.1105	0.2455
0252441012	2012	3	15	75	-9999	0.1121666667	0.2455416667
0252441012	2012	3	16	76	-9999	0.1142916667	0.245625
0252441012	2012	3	17	77	-9999	0.1155416667	0.2454583333
0252441012	2012	3	18	78	-9999	0.1178333333	0.2455416667
0252441012	2012	3	19	79	-9999	0.121125	0.2459583333
0252441012	2012	3	20	80	-9999	0.1234166667	0.2458333333
0252441012	2012	3	21	81	-9999	0.12625	0.2454583333
0252441012	2012	3	22	82	-9999	0.1292083333	0.2459166667
0252441012	2012	3	23	83	-9999	0.1356666667	0.2483333333
0252441012	2012	3	24	84	-9999	0.1453333333	0.2555
0252441012	2012	3	25	85	-9999	0.1580434783	0.2596086957
0252441012	2012	3	26	86	0.01183333333	0.207	0.2729166667
0252441012	2012	3	27	87	0.03779166667	0.2425833333	0.2769583333
0252441012	2012	3	28	88	0.03825	0.2539166667	0.27625
0252441012	2012	3	29	89	0.03354166667	0.2514583333	0.27475
0252441012	2012	3	30	90	0.03020833333	0.2455416667	0.2735416667
0252441012	2012	3	31	91	0.02829166667	0.24625	0.2747083333
0252441012	2012	4	1	92	0.05175	0.3226666667	0.3164166667
0252441012	2012	4	2	93	0.04558333333	0.3168333333	0.3034583333
0252441012	2012	4	3	94	0.04179166667	0.3052916667	0.298625
0252441012	2012	4	4	95	0.04482608696	0.3239565217	0.3230869565
0252441012	2012	4	5	96	0.05095833333	0.344125	0.3275416667
0252441012	2012	4	6	97	0.04725	0.327	0.308375
0252441012	2012	4	7	98	0.04425	0.3047083333	0.3024166667
0252441012	2012	4	8	99	0.04183333333	0.290375	0.2979583333
0252441012	2012	4	9	100	0.04875	0.3562083333	0.3345833333
0252441012	2012	4	10	101	0.09454166667	0.3676666667	0.3535
0252441012	2012	4	11	102	0.1920833333	0.377	0.3615833333
0252441012	2012	4	12	103	0.1541666667	0.377	0.3587916667
0252441012	2012	4	13	104	0.106	0.3680416667	0.3270416667
0252441012	2012	4	14	105	0.09145833333	0.3610416667	0.3171666667
0252441012	2012	4	15	106	0.08116666667	0.337	0.3115833333
0252441012	2012	4	16	107	0.07360869565	0.3043913043	0.3067826087
0252441012	2012	4	17	108	0.07473913043	0.307173913	0.3080869565
0252441012	2012	4	18	109	0.1161764706	0.3621176471	0.3437058824
0252441012	2012	4	19	110	0.1114166667	0.3647916667	0.3440416667
0252441012	2012	4	20	111	0.145	0.3690833333	0.3490833333
0252441012	2012	4	21	112	0.2970833333	0.384375	0.374875
0252441012	2012	4	22	113	0.2972916667	0.385875	0.3726666667
0252441012	2012	4	23	114	0.326125	0.3888333333	0.3771666667
0252441012	2012	4	24	115	0.3289166667	0.3901666667	0.379
0252441012	2012	4	25	116	0.325173913	0.3903913043	0.3809565217
0252441012	2012	4	26	117	0.35075	0.39225	0.3834166667
0252441012	2012	4	27	118	0.25525	0.3861666667	0.3721666667
0252441012	2012	4	28	119	0.1515217391	0.3749130435	0.3364347826
0252441012	2012	4	29	120	0.1515416667	0.3747916667	0.3355
0252441012	2012	4	30	121	0.2735416667	0.3857916667	0.3662916667
0252441012	2012	5	1	122	0.3215416667	0.389375	0.3764166667
0252441012	2012	5	2	123	0.284875	0.3869583333	0.3750833333
0252441012	2012	5	3	124	0.263375	0.3863333333	0.3715416667
0252441012	2012	5	4	125	0.233375	0.3837916667	0.365
0252441012	2012	5	5	126	0.2905	0.386	0.3682916667
0252441012	2012	5	6	127	0.296375	0.3867916667	0.36775
0252441012	2012	5	7	128	0.2753333333	0.389375	0.3652083333
0252441012	2012	5	8	129	0.1553333333	0.3839583333	0.357875
0252441012	2012	5	9	130	0.1325	0.3567916667	0.3539583333
0252441012	2012	5	10	131	0.08625	0.3189583333	0.336
0252441012	2012	5	11	132	0.06158333333	0.3044583333	0.330125
0252441012	2012	5	12	133	0.05604166667	0.296	0.3259166667
0252441012	2012	5	13	134	0.04879166667	0.2905	0.3204166667
0252441012	2012	5	14	135	0.04170833333	0.2844583333	0.3160416667
0252441012	2012	5	15	136	0.03633333333	0.2778333333	0.3129166667
0252441012	2012	5	16	137	0.115375	0.3075	0.3550416667
0252441012	2012	5	17	138	-9999	0.407	0.3916666667
0252441012	2012	5	18	139	0.1746666667	0.395875	0.3933333333
0252441012	2012	5	19	140	0.26425	0.3782083333	0.3947916667
0252441012	2012	5	20	141	0.2659166667	0.38625	0.3960416667
0252441012	2012	5	21	142	0.2707916667	0.3650833333	0.397
0252441012	2012	5	22	143	0.305125	0.40675	0.398
0252441012	2012	5	23	144	0.361	0.408	0.3984583333
0252441012	2012	5	24	145	0.26375	0.408	0.399
0252441012	2012	5	25	146	0.2106666667	0.4075	0.399125
0252441012	2012	5	26	147	0.1889583333	0.3989166667	0.3995416667
0252441012	2012	5	27	148	0.164375	0.3843333333	0.399
0252441012	2012	5	28	149	0.1574166667	0.3787083333	0.399
0252441012	2012	5	29	150	0.157625	0.3783333333	0.399
0252441012	2012	5	30	151	0.151625	0.3744583333	0.399
0252441012	2012	5	31	152	0.1285416667	0.3672083333	0.39875
0252441012	2012	6	1	153	0.1244166667	0.351375	0.398125
0252441012	2012	6	2	154	0.12275	0.3480833333	0.397
0252441012	2012	6	3	155	0.1207083333	0.343375	0.3996666667
0252441012	2012	6	4	156	0.1152083333	0.3391666667	0.3997916667
0252441012	2012	6	5	157	0.1070833333	0.336	0.399
0252441012	2012	6	6	158	0.1319166667	0.3360416667	0.4001666667
0252441012	2012	6	7	159	0.1176666667	0.3360833333	0.3982916667
0252441012	2012	6	8	160	0.11275	0.3340416667	0.3954583333
0252441012	2012	6	9	161	0.1113333333	0.3330416667	0.3951666667
0252441012	2012	6	10	162	0.1115833333	0.3304166667	0.388125
0252441012	2012	6	11	163	0.1085416667	0.3273333333	0.3512083333
0252441012	2012	6	12	164	0.102125	0.325625	0.3311666667
0252441012	2012	6	13	165	0.09579166667	0.3280416667	0.3215416667
0252441012	2012	6	14	166	0.08783333333	0.324125	0.3156666667
0252441012	2012	6	15	167	0.07716666667	0.3183333333	0.3101666667
0252441012	2012	6	16	168	0.07545833333	0.31375	0.3065833333
0252441012	2012	6	17	169	0.06491666667	0.3077083333	0.3032083333
0252441012	2012	6	18	170	0.054	0.3035416667	0.300625
0252441012	2012	6	19	171	0.04504166667	0.2975833333	0.2977916667
0252441012	2012	6	20	172	0.03495833333	0.2936666667	0.295
0252441012	2012	6	21	173	0.026625	0.2866666667	0.2924166667
0252441012	2012	6	22	174	0.02025	0.2771666667	0.2898333333
0252441012	2012	6	23	175	0.01070833333	0.2766666667	0.2877083333
0252441012	2012	6	24	176	0.001208333333	0.2675833333	0.2855
0252441012	2012	6	25	177	-9999	0.2515416667	0.2825833333
0252441012	2012	6	26	178	-9999	0.2425217391	0.28
0252441012	2012	6	27	179	-9999	0.23325	0.2775833333
0252441012	2012	6	28	180	-9999	0.2249583333	0.2747916667
0252441012	2012	6	29	181	-9999	0.4030833333	0.2717083333
0252441012	2012	6	30	182	-9999	0.20625	0.2689583333
0252441012	2012	7	1	183	-9999	0.1950869565	0.2656956522
0252441012	2012	7	2	184	-9999	0.1842916667	0.2630833333
0252441012	2012	7	3	185	-9999	0.171625	0.2594166667
0252441012	2012	7	4	186	-9999	0.1577916667	0.25675
0252441012	2012	7	5	187	-9999	0.146125	0.2537916667
0252441012	2012	7	6	188	-9999	0.1415	0.2526666667
0252441012	2012	7	7	189	-9999	0.13775	0.2507916667
0252441012	2012	7	8	190	-9999	0.134875	0.2485
0252441012	2012	7	9	191	-9999	0.1310416667	0.2459583333
0252441012	2012	7	10	192	-9999	0.1269583333	0.2434583333
0252441012	2012	7	11	193	-9999	0.122875	0.2415
0252441012	2012	7	12	194	-9999	0.119	0.2382083333
0252441012	2012	7	13	195	-9999	0.11575	0.2356666667
0252441012	2012	7	14	196	0.01566666667	0.1145416667	0.2350833333
0252441012	2012	7	15	197	0.06604166667	0.17225	0.2367083333
0252441012	2012	7	16	198	0.06156521739	0.2056956522	0.2376956522
0252441012	2012	7	17	199	0.05216666667	0.2053333333	0.2379166667
0252441012	2012	7	18	200	0.03325	0.19825	0.2369166667
0252441012	2012	7	19	201	0.01670833333	0.1883333333	0.235625
0252441012	2012	7	20	202	0.007666666667	0.1780833333	0.2347083333
0252441012	2012	7	21	203	0.001208333333	0.169	0.2338333333
0252441012	2012	7	22	204	0.01186363636	0.1616818182	0.2327272727
0252441012	2012	7	23	205	0.07265217391	0.2453043478	0.2374782609
0252441012	2012	7	24	206	0.05925	0.2387083333	0.240625
0252441012	2012	7	25	207	0.070875	0.2383333333	0.2404166667
0252441012	2012	7	26	208	0.05654166667	0.2319166667	0.2387916667
0252441012	2012	7	27	209	0.03930434783	0.2198695652	0.2370434783
0252441012	2012	7	28	210	0.02429166667	0.2095833333	0.2357916667
0252441012	2012	7	29	211	0.01170833333	0.198375	0.2342916667
0252441012	2012	7	30	212	0.002	0.1875416667	0.232625
0252441012	2012	7	31	213	-9999	0.1777083333	0.230375
0252441012	2012	8	1	214	-9999	0.1675	0.22775
0252441012	2012	8	2	215	-9999	0.1567916667	0.2239583333
0252441012	2012	8	3	216	-9999	0.1463333333	0.2195833333
0252441012	2012	8	4	217	-9999	0.1380416667	0.215625
0252441012	2012	8	5	218	-9999	0.1315	0.211625
0252441012	2012	8	6	219	-9999	0.1262083333	0.2083333333
0252441012	2012	8	7	220	-9999	0.1227916667	0.2044166667
0252441012	2012	8	8	221	-9999	0.1186521739	0.2002173913
0252441012	2012	8	9	222	-9999	0.1148333333	0.1965416667
0252441012	2012	8	10	223	-9999	0.1109583333	0.1929583333
0252441012	2012	8	11	224	0.04483333333	0.1898333333	0.1916666667
0252441012	2012	8	12	225	0.025	0.178875	0.1915
0252441012	2012	8	13	226	0.01247826087	0.1728695652	0.1910869565
0252441012	2012	8	14	227	0.003833333333	0.1660416667	0.19125
0252441012	2012	8	15	228	0.0005	0.1607083333	0.1895833333
0252441012	2012	8	16	229	-9999	0.1531666667	0.1880833333
0252441012	2012	8	17	230	-9999	0.1481666667	0.1859583333
0252441012	2012	8	18	231	-9999	0.1406666667	0.1835
0252441012	2012	8	19	232	-9999	0.1324583333	0.18025
0252441012	2012	8	20	233	-9999	0.1255416667	0.1784166667
0252441012	2012	8	21	234	-9999	0.1212916667	0.1766666667
0252441012	2012	8	22	235	-9999	0.1162916667	0.1744583333
0252441012	2012	8	23	236	-9999	0.1119166667	0.172875
0252441012	2012	8	24	237	-9999	0.1091666667	0.1707916667
0252441012	2012	8	25	238	-9999	0.1072083333	0.1695416667
0252441012	2012	8	26	239	-9999	0.104875	0.1678333333
0252441012	2012	8	27	240	-9999	0.1030416667	0.1670416667
0252441012	2012	8	28	241	-9999	0.100875	0.1664166667
0252441012	2012	8	29	242	-9999	0.09895833333	0.16425
0252441012	2012	8	30	243	-9999	0.09670833333	0.1627083333
0252441012	2012	8	31	244	-9999	0.09333333333	0.1606666667
0252441012	2012	9	1	245	0.06891666667	0.2330416667	0.2489166667
0252441012	2012	9	2	246	0.0535	0.235125	0.2508333333
0252441012	2012	9	3	247	0.034625	0.2205833333	0.2415
0252441012	2012	9	4	248	0.02426086957	0.209173913	0.2352608696
0252441012	2012	9	5	249	0.01304347826	0.1986956522	0.2293913043
0252441012	2012	9	6	250	0.002708333333	0.189625	0.2241666667
0252441012	2012	9	7	251	0.0008333333333	0.1786666667	0.2205416667
0252441012	2012	9	8	252	-9999	0.17225	0.2164166667
0252441012	2012	9	9	253	-9999	0.1650833333	0.2123333333
0252441012	2012	9	10	254	-9999	0.1581666667	0.2085416667
0252441012	2012	9	11	255	-9999	0.1504166667	0.2055833333
0252441012	2012	9	12	256	-9999	0.1420416667	0.201875
0252441012	2012	9	13	257	-9999	0.1359166667	0.1985
0252441012	2012	9	14	258	-9999	0.1289411765	0.1947647059
0252441012	2012	9	15	259	-9999	0.12525	0.1911666667
0252441012	2012	9	16	260	-9999	0.1189583333	0.1887083333
0252441012	2012	9	17	261	-9999	0.113	0.1852608696
0252441012	2012	9	18	262	-9999	0.107	0.1811764706
0252441012	2012	9	19	263	-9999	0.1034117647	0.178
0252441012	2012	9	20	264	-9999	0.1015	0.175375
0252441012	2012	9	21	265	-9999	0.09617647059	0.1713529412
0252441012	2012	9	22	266	-9999	0.09370833333	0.1694583333
0252441012	2012	9	23	267	-9999	0.0905625	0.1665625
0252441012	2012	9	24	268	0.02416666667	0.08645833333	0.16375
0252441012	2012	9	25	269	0.03894117647	0.08417647059	0.1618823529
0252441012	2012	9	26	270	0.03217647059	0.08423529412	0.1604705882
0252441012	2012	9	27	271	0.02445833333	0.08595833333	0.1602083333
0252441012	2012	9	28	272	0.01966666667	0.08729166667	0.1583333333
0252441012	2012	9	29	273	0.01395833333	0.08941666667	0.158
0252441012	2012	9	30	274	0.006541666667	0.09008333333	0.15675
0252441012	2012	10	1	275	0.001416666667	0.091375	0.156375
0252441012	2012	10	2	276	0.0002173913043	0.08904347826	0.1552173913
0252441012	2012	10	3	277	-9999	0.08729166667	0.1539166667
0252441012	2012	10	4	278	-9999	0.082875	0.1521666667
0252441012	2012	10	5	279	-9999	0.08145833333	0.1514166667
0252441012	2012	10	6	280	-9999	0.07954166667	0.1499583333
0252441012	2012	10	7	281	-9999	0.07841666667	0.1487083333
0252441012	2012	10	8	282	-9999	0.07845833333	0.1484583333
0252441012	2012	10	9	283	-9999	0.07858333333	0.147
0252441012	2012	10	10	284	-9999	0.07879166667	0.1467083333
0252441012	2012	10	11	285	-9999	0.07975	0.1464166667
0252441012	2012	10	12	286	-9999	0.08008695652	0.1466956522
0252441012	2012	10	13	287	-9999	0.077375	0.1457916667
0252441012	2012	10	14	288	-9999	0.075875	0.145375
0252441012	2012	10	15	289	-9999	0.07645833333	0.145
0252441012	2012	10	16	290	0.001875	0.079125	0.1440833333
0252441012	2012	10	17	291	0.003833333333	0.08625	0.1446666667
0252441012	2012	10	18	292	0.005208333333	0.08254166667	0.144375
0252441012	2012	10	19	293	0.0125	0.08254166667	0.1439166667
0252441012	2012	10	20	294	0.01525	0.08445833333	0.144375
0252441012	2012	10	21	295	0.008708333333	0.08704166667	0.145125
0252441012	2012	10	22	296	0.003916666667	0.08629166667	0.1447083333
0252441012	2012	10	23	297	0.026625	0.08583333333	0.1448333333
0252441012	2012	10	24	298	0.03308333333	0.08675	0.1445833333
0252441012	2012	10	25	299	0.03345833333	0.08791666667	0.1443333333
0252441012	2012	10	26	300	0.03475	0.08966666667	0.1450416667
0252441012	2012	10	27	301	0.03579166667	0.091625	0.1444166667
0252441012	2012	10	28	302	0.04483333333	0.09516666667	0.1446666667
0252441012	2012	10	29	303	0.080375	0.097	0.1446666667
0252441012	2012	10	30	304	0.08658333333	0.1128333333	0.14575
0252441012	2012	10	31	305	0.09745833333	0.1459166667	0.1483333333
0252441012	2012	11	1	306	0.1136666667	0.1755833333	0.1623333333
0252441012	2012	11	2	307	0.084625	0.1948333333	0.1846666667
0252441012	2012	11	3	308	0.04483333333	0.1962083333	0.1920416667
0252441012	2012	11	4	309	0.03975	0.196125	0.1937916667
0252441012	2012	11	5	310	0.04420833333	0.1965	0.1936666667
0252441012	2012	11	6	311	0.08791666667	0.2045	0.1928333333
0252441012	2012	11	7	312	0.097625	0.2120416667	0.1925833333
0252441012	2012	11	8	313	0.09404166667	0.212	0.1928333333
0252441012	2012	11	9	314	0.09695833333	0.2115	0.193
0252441012	2012	11	10	315	0.09295833333	0.2105	0.19225
0252441012	2012	11	11	316	0.08941666667	0.2090833333	0.1920416667
0252441012	2012	11	12	317	0.08439130435	0.2074347826	0.1913043478
0252441012	2012	11	13	318	0.08379166667	0.2051666667	0.191
0252441012	2012	11	14	319	0.0835	0.2043333333	0.1904583333
0252441012	2012	11	15	320	0.08495833333	0.204	0.1902916667
0252441012	2012	11	16	321	0.08166666667	0.2038888889	0.1897222222
0252441012	2012	11	17	322	0.08191666667	0.2027916667	0.1899166667
0252441012	2012	11	18	323	0.08375	0.2019583333	0.1895416667
0252441012	2012	11	19	324	0.090375	0.2031666667	0.188875
0252441012	2012	11	20	325	0.09575	0.2055833333	0.1889583333
0252441012	2012	11	21	326	0.097875	0.2072083333	0.188375
0252441012	2012	11	22	327	0.09954166667	0.2089583333	0.1885
0252441012	2012	11	23	328	0.09729166667	0.21	0.188
0252441012	2012	11	24	329	0.09541666667	0.2095	0.1879583333
0252441012	2012	11	25	330	0.09395833333	0.2093333333	0.1875416667
0252441012	2012	11	26	331	0.09291666667	0.209	0.1874583333
0252441012	2012	11	27	332	0.08875	0.208125	0.1872916667
0252441012	2012	11	28	333	0.08579166667	0.206875	0.1869166667
0252441012	2012	11	29	334	0.08420833333	0.205375	0.1866666667
0252441012	2012	11	30	335	0.08320833333	0.20425	0.1867083333
0252441012	2012	12	1	336	0.08766666667	0.204375	0.187
0252441012	2012	12	2	337	0.09316666667	0.2055833333	0.1868333333
0252441012	2012	12	3	338	0.09629411765	0.2077058824	0.1867058824
0252441012	2012	12	4	339	0.09588235294	0.2092941176	0.1867647059
0252441012	2012	12	5	340	0.09623529412	0.2098823529	0.1866470588
0252441012	2012	12	6	341	0.09833333333	0.2105833333	0.1867083333
0252441012	2012	12	7	342	0.100375	0.2120833333	0.187
0252441012	2012	12	8	343	0.1004166667	0.213875	0.1872083333
0252441012	2012	12	9	344	0.1005833333	0.214625	0.18775
0252441012	2012	12	10	345	0.09920833333	0.2150416667	0.1884166667
0252441012	2012	12	11	346	0.09875	0.21525	0.189125
0252441012	2012	12	12	347	0.09825	0.2160416667	0.1885416667
0252441012	2012	12	13	348	0.09794117647	0.216	0.1893529412
0252441012	2012	12	14	349	0.09829166667	0.2165416667	0.18975
0252441012	2012	12	15	350	0.09908333333	0.2168333333	0.18975
0252441012	2012	12	16	351	0.09891666667	0.21775	0.1897083333
0252441012	2012	12	17	352	0.09935294118	0.2181764706	0.1899411765
0252441012	2012	12	18	353	-9999	-9999	-9999
0252441012	2012	12	19	354	-9999	-9999	-9999
0252441012	2012	12	20	355	-9999	-9999	-9999
0252441012	2012	12	21	356	-9999	-9999	-9999
0252441012	2012	12	22	357	-9999	-9999	-9999
0252441012	2012	12	23	358	-9999	-9999	-9999
0252441012	2012	12	24	359	-9999	-9999	-9999
0252441012	2012	12	25	360	-9999	-9999	-9999
0252441012	2012	12	26	361	-9999	-9999	-9999
0252441012	2012	12	27	362	-9999	-9999	-9999
0252441012	2012	12	28	363	-9999	-9999	-9999
0252441012	2012	12	29	364	-9999	-9999	-9999
0252441012	2012	12	30	365	-9999	-9999	-9999
0252441012	2012	12	31	366	-9999	-9999	-9999
