stationID	Y	M	D	DOY	depth_5	depth_20	depth_51
0252611012	2010	1	1	1	-9999	-9999	-9999
0252611012	2010	1	2	2	-9999	-9999	-9999
0252611012	2010	1	3	3	-9999	-9999	-9999
0252611012	2010	1	4	4	-9999	-9999	-9999
0252611012	2010	1	5	5	-9999	-9999	-9999
0252611012	2010	1	6	6	-9999	-9999	-9999
0252611012	2010	1	7	7	-9999	-9999	-9999
0252611012	2010	1	8	8	-9999	-9999	-9999
0252611012	2010	1	9	9	-9999	-9999	-9999
0252611012	2010	1	10	10	-9999	-9999	-9999
0252611012	2010	1	11	11	-9999	-9999	-9999
0252611012	2010	1	12	12	-9999	-9999	-9999
0252611012	2010	1	13	13	-9999	-9999	-9999
0252611012	2010	1	14	14	-9999	-9999	-9999
0252611012	2010	1	15	15	-9999	-9999	-9999
0252611012	2010	1	16	16	-9999	-9999	-9999
0252611012	2010	1	17	17	-9999	-9999	-9999
0252611012	2010	1	18	18	-9999	-9999	-9999
0252611012	2010	1	19	19	-9999	-9999	-9999
0252611012	2010	1	20	20	-9999	-9999	-9999
0252611012	2010	1	21	21	-9999	-9999	-9999
0252611012	2010	1	22	22	-9999	-9999	-9999
0252611012	2010	1	23	23	-9999	-9999	-9999
0252611012	2010	1	24	24	-9999	-9999	-9999
0252611012	2010	1	25	25	-9999	-9999	-9999
0252611012	2010	1	26	26	-9999	-9999	-9999
0252611012	2010	1	27	27	-9999	-9999	-9999
0252611012	2010	1	28	28	-9999	-9999	-9999
0252611012	2010	1	29	29	-9999	-9999	-9999
0252611012	2010	1	30	30	-9999	-9999	-9999
0252611012	2010	1	31	31	-9999	-9999	-9999
0252611012	2010	2	1	32	-9999	-9999	-9999
0252611012	2010	2	2	33	-9999	-9999	-9999
0252611012	2010	2	3	34	-9999	-9999	-9999
0252611012	2010	2	4	35	-9999	-9999	-9999
0252611012	2010	2	5	36	-9999	-9999	-9999
0252611012	2010	2	6	37	-9999	-9999	-9999
0252611012	2010	2	7	38	-9999	-9999	-9999
0252611012	2010	2	8	39	-9999	-9999	-9999
0252611012	2010	2	9	40	-9999	-9999	-9999
0252611012	2010	2	10	41	-9999	-9999	-9999
0252611012	2010	2	11	42	-9999	-9999	-9999
0252611012	2010	2	12	43	-9999	-9999	-9999
0252611012	2010	2	13	44	-9999	-9999	-9999
0252611012	2010	2	14	45	-9999	-9999	-9999
0252611012	2010	2	15	46	-9999	-9999	-9999
0252611012	2010	2	16	47	-9999	-9999	-9999
0252611012	2010	2	17	48	-9999	-9999	-9999
0252611012	2010	2	18	49	-9999	-9999	-9999
0252611012	2010	2	19	50	-9999	-9999	-9999
0252611012	2010	2	20	51	-9999	-9999	-9999
0252611012	2010	2	21	52	-9999	-9999	-9999
0252611012	2010	2	22	53	-9999	-9999	-9999
0252611012	2010	2	23	54	-9999	-9999	-9999
0252611012	2010	2	24	55	-9999	-9999	-9999
0252611012	2010	2	25	56	-9999	-9999	-9999
0252611012	2010	2	26	57	-9999	-9999	-9999
0252611012	2010	2	27	58	-9999	-9999	-9999
0252611012	2010	2	28	59	-9999	-9999	-9999
0252611012	2010	3	1	60	-9999	-9999	-9999
0252611012	2010	3	2	61	-9999	-9999	-9999
0252611012	2010	3	3	62	-9999	-9999	-9999
0252611012	2010	3	4	63	-9999	-9999	-9999
0252611012	2010	3	5	64	-9999	-9999	-9999
0252611012	2010	3	6	65	-9999	-9999	-9999
0252611012	2010	3	7	66	-9999	-9999	-9999
0252611012	2010	3	8	67	-9999	-9999	-9999
0252611012	2010	3	9	68	-9999	-9999	-9999
0252611012	2010	3	10	69	-9999	-9999	-9999
0252611012	2010	3	11	70	-9999	-9999	-9999
0252611012	2010	3	12	71	-9999	-9999	-9999
0252611012	2010	3	13	72	-9999	-9999	-9999
0252611012	2010	3	14	73	-9999	-9999	-9999
0252611012	2010	3	15	74	-9999	-9999	-9999
0252611012	2010	3	16	75	-9999	-9999	-9999
0252611012	2010	3	17	76	-9999	-9999	-9999
0252611012	2010	3	18	77	-9999	-9999	-9999
0252611012	2010	3	19	78	-9999	-9999	-9999
0252611012	2010	3	20	79	-9999	-9999	-9999
0252611012	2010	3	21	80	-9999	-9999	-9999
0252611012	2010	3	22	81	-9999	-9999	-9999
0252611012	2010	3	23	82	-9999	-9999	-9999
0252611012	2010	3	24	83	-9999	-9999	-9999
0252611012	2010	3	25	84	-9999	-9999	-9999
0252611012	2010	3	26	85	-9999	-9999	-9999
0252611012	2010	3	27	86	-9999	-9999	-9999
0252611012	2010	3	28	87	-9999	-9999	-9999
0252611012	2010	3	29	88	-9999	-9999	-9999
0252611012	2010	3	30	89	-9999	-9999	-9999
0252611012	2010	3	31	90	-9999	-9999	-9999
0252611012	2010	4	1	91	-9999	-9999	-9999
0252611012	2010	4	2	92	-9999	-9999	-9999
0252611012	2010	4	3	93	-9999	-9999	-9999
0252611012	2010	4	4	94	-9999	-9999	-9999
0252611012	2010	4	5	95	-9999	-9999	-9999
0252611012	2010	4	6	96	-9999	-9999	-9999
0252611012	2010	4	7	97	-9999	-9999	-9999
0252611012	2010	4	8	98	-9999	-9999	-9999
0252611012	2010	4	9	99	-9999	-9999	-9999
0252611012	2010	4	10	100	-9999	-9999	-9999
0252611012	2010	4	11	101	-9999	-9999	-9999
0252611012	2010	4	12	102	-9999	-9999	-9999
0252611012	2010	4	13	103	-9999	-9999	-9999
0252611012	2010	4	14	104	-9999	-9999	-9999
0252611012	2010	4	15	105	-9999	-9999	-9999
0252611012	2010	4	16	106	-9999	-9999	-9999
0252611012	2010	4	17	107	-9999	-9999	-9999
0252611012	2010	4	18	108	-9999	-9999	-9999
0252611012	2010	4	19	109	-9999	-9999	-9999
0252611012	2010	4	20	110	-9999	-9999	-9999
0252611012	2010	4	21	111	-9999	-9999	-9999
0252611012	2010	4	22	112	-9999	-9999	-9999
0252611012	2010	4	23	113	-9999	-9999	-9999
0252611012	2010	4	24	114	-9999	-9999	-9999
0252611012	2010	4	25	115	-9999	-9999	-9999
0252611012	2010	4	26	116	-9999	-9999	-9999
0252611012	2010	4	27	117	-9999	-9999	-9999
0252611012	2010	4	28	118	-9999	-9999	-9999
0252611012	2010	4	29	119	-9999	-9999	-9999
0252611012	2010	4	30	120	-9999	-9999	-9999
0252611012	2010	5	1	121	-9999	-9999	-9999
0252611012	2010	5	2	122	-9999	-9999	-9999
0252611012	2010	5	3	123	-9999	-9999	-9999
0252611012	2010	5	4	124	-9999	-9999	-9999
0252611012	2010	5	5	125	-9999	-9999	-9999
0252611012	2010	5	6	126	-9999	-9999	-9999
0252611012	2010	5	7	127	-9999	-9999	-9999
0252611012	2010	5	8	128	-9999	-9999	-9999
0252611012	2010	5	9	129	-9999	-9999	-9999
0252611012	2010	5	10	130	-9999	-9999	-9999
0252611012	2010	5	11	131	-9999	-9999	-9999
0252611012	2010	5	12	132	-9999	-9999	-9999
0252611012	2010	5	13	133	-9999	-9999	-9999
0252611012	2010	5	14	134	-9999	-9999	-9999
0252611012	2010	5	15	135	-9999	-9999	-9999
0252611012	2010	5	16	136	-9999	-9999	-9999
0252611012	2010	5	17	137	-9999	-9999	-9999
0252611012	2010	5	18	138	-9999	-9999	-9999
0252611012	2010	5	19	139	-9999	-9999	-9999
0252611012	2010	5	20	140	-9999	-9999	-9999
0252611012	2010	5	21	141	-9999	-9999	-9999
0252611012	2010	5	22	142	-9999	-9999	-9999
0252611012	2010	5	23	143	-9999	-9999	-9999
0252611012	2010	5	24	144	-9999	-9999	-9999
0252611012	2010	5	25	145	-9999	-9999	-9999
0252611012	2010	5	26	146	-9999	-9999	-9999
0252611012	2010	5	27	147	-9999	-9999	-9999
0252611012	2010	5	28	148	-9999	-9999	-9999
0252611012	2010	5	29	149	-9999	-9999	-9999
0252611012	2010	5	30	150	-9999	-9999	-9999
0252611012	2010	5	31	151	-9999	-9999	-9999
0252611012	2010	6	1	152	-9999	-9999	-9999
0252611012	2010	6	2	153	-9999	-9999	-9999
0252611012	2010	6	3	154	-9999	-9999	-9999
0252611012	2010	6	4	155	-9999	-9999	-9999
0252611012	2010	6	5	156	-9999	-9999	-9999
0252611012	2010	6	6	157	-9999	-9999	-9999
0252611012	2010	6	7	158	-9999	-9999	-9999
0252611012	2010	6	8	159	-9999	-9999	-9999
0252611012	2010	6	9	160	-9999	-9999	-9999
0252611012	2010	6	10	161	-9999	-9999	-9999
0252611012	2010	6	11	162	-9999	-9999	-9999
0252611012	2010	6	12	163	-9999	-9999	-9999
0252611012	2010	6	13	164	-9999	-9999	-9999
0252611012	2010	6	14	165	-9999	-9999	-9999
0252611012	2010	6	15	166	-9999	-9999	-9999
0252611012	2010	6	16	167	-9999	-9999	-9999
0252611012	2010	6	17	168	0.2922	0.2422	0.2322
0252611012	2010	6	18	169	0.2795416667	0.2430833333	0.2301666667
0252611012	2010	6	19	170	0.26875	0.2434583333	0.224375
0252611012	2010	6	20	171	0.2555833333	0.2430833333	0.2149166667
0252611012	2010	6	21	172	0.241875	0.241625	0.2123333333
0252611012	2010	6	22	173	0.231875	0.2399166667	0.2104166667
0252611012	2010	6	23	174	0.224125	0.2377916667	0.2070416667
0252611012	2010	6	24	175	0.2183333333	0.2362083333	0.2053333333
0252611012	2010	6	25	176	0.2094583333	0.234375	0.2047083333
0252611012	2010	6	26	177	0.1965416667	0.23225	0.203625
0252611012	2010	6	27	178	0.1885833333	0.229875	0.2028333333
0252611012	2010	6	28	179	0.182875	0.22775	0.2024583333
0252611012	2010	6	29	180	0.1770833333	0.2261666667	0.2022916667
0252611012	2010	6	30	181	0.1720416667	0.2247083333	0.201375
0252611012	2010	7	1	182	0.1670833333	0.2226666667	0.2007083333
0252611012	2010	7	2	183	0.1590416667	0.2202916667	0.1992916667
0252611012	2010	7	3	184	0.1537391304	0.2183043478	0.1984782609
0252611012	2010	7	4	185	0.15175	0.2158333333	0.1969166667
0252611012	2010	7	5	186	0.1461666667	0.2135416667	0.1959166667
0252611012	2010	7	6	187	0.148	0.211875	0.1942916667
0252611012	2010	7	7	188	0.143	0.2103333333	0.1936666667
0252611012	2010	7	8	189	0.1372916667	0.2089166667	0.1924166667
0252611012	2010	7	9	190	0.1320833333	0.2075416667	0.1910833333
0252611012	2010	7	10	191	0.1268333333	0.206125	0.1899583333
0252611012	2010	7	11	192	0.1202916667	0.2047083333	0.189
0252611012	2010	7	12	193	0.1144583333	0.2029166667	0.1878333333
0252611012	2010	7	13	194	0.1080833333	0.201375	0.1864583333
0252611012	2010	7	14	195	0.103125	0.200375	0.18525
0252611012	2010	7	15	196	0.097375	0.1984583333	0.1836666667
0252611012	2010	7	16	197	0.09241666667	0.1968333333	0.1820833333
0252611012	2010	7	17	198	0.08704166667	0.19675	0.1804583333
0252611012	2010	7	18	199	0.08245833333	0.1947083333	0.1792916667
0252611012	2010	7	19	200	0.07825	0.193875	0.1780416667
0252611012	2010	7	20	201	0.07370833333	0.1920833333	0.17625
0252611012	2010	7	21	202	0.07052173913	0.1914347826	0.1740434783
0252611012	2010	7	22	203	0.06658333333	0.18975	0.173
0252611012	2010	7	23	204	0.06345833333	0.1881666667	0.171625
0252611012	2010	7	24	205	0.06170833333	0.187125	0.1697083333
0252611012	2010	7	25	206	0.05908333333	0.1860416667	0.1677916667
0252611012	2010	7	26	207	0.05645833333	0.1852916667	0.166
0252611012	2010	7	27	208	0.05329166667	0.184125	0.1645
0252611012	2010	7	28	209	0.049625	0.1831666667	0.1631666667
0252611012	2010	7	29	210	0.136875	0.183625	0.1621666667
0252611012	2010	7	30	211	0.1403333333	0.184625	0.1616666667
0252611012	2010	7	31	212	0.12725	0.1851666667	0.1606666667
0252611012	2010	8	1	213	0.1236666667	0.18525	0.159875
0252611012	2010	8	2	214	0.120625	0.185125	0.159375
0252611012	2010	8	3	215	0.1150416667	0.1853333333	0.1584583333
0252611012	2010	8	4	216	0.1075833333	0.184375	0.1574583333
0252611012	2010	8	5	217	0.1032083333	0.1828333333	0.1560833333
0252611012	2010	8	6	218	0.1000416667	0.1831666667	0.1551666667
0252611012	2010	8	7	219	0.09504166667	0.1823333333	0.154375
0252611012	2010	8	8	220	0.09129166667	0.1812916667	0.153625
0252611012	2010	8	9	221	0.08929166667	0.180875	0.1521666667
0252611012	2010	8	10	222	0.08654166667	0.1795	0.1510416667
0252611012	2010	8	11	223	0.08366666667	0.1785833333	0.1495416667
0252611012	2010	8	12	224	0.08041666667	0.1781666667	0.1484166667
0252611012	2010	8	13	225	0.07729166667	0.177	0.1468333333
0252611012	2010	8	14	226	0.07520833333	0.1760833333	0.1458333333
0252611012	2010	8	15	227	0.07270833333	0.1757083333	0.145
0252611012	2010	8	16	228	0.07070833333	0.17475	0.143375
0252611012	2010	8	17	229	0.06629166667	0.1747083333	0.1424583333
0252611012	2010	8	18	230	0.06341666667	0.1729166667	0.14125
0252611012	2010	8	19	231	0.06422727273	0.1729545455	0.1401363636
0252611012	2010	8	20	232	0.070375	0.171	0.1405
0252611012	2010	8	21	233	0.067875	0.1712083333	0.1390416667
0252611012	2010	8	22	234	0.06679166667	0.1715	0.1387083333
0252611012	2010	8	23	235	0.08095833333	0.172	0.1382916667
0252611012	2010	8	24	236	0.08347826087	0.1726086957	0.1376086957
0252611012	2010	8	25	237	0.08595833333	0.173125	0.136125
0252611012	2010	8	26	238	0.08558333333	0.1735833333	0.135875
0252611012	2010	8	27	239	0.08654166667	0.1740833333	0.135
0252611012	2010	8	28	240	0.097625	0.1766666667	0.135125
0252611012	2010	8	29	241	0.1117916667	0.18425	0.13525
0252611012	2010	8	30	242	0.1125416667	0.1928333333	0.1350416667
0252611012	2010	8	31	243	0.127875	0.1968333333	0.1350416667
0252611012	2010	9	1	244	0.131	0.1995	0.134625
0252611012	2010	9	2	245	0.1309583333	0.2005	0.134375
0252611012	2010	9	3	246	0.1295	0.2004583333	0.1345
0252611012	2010	9	4	247	0.1277916667	0.200625	0.1348333333
0252611012	2010	9	5	248	0.1245833333	0.2007083333	0.134875
0252611012	2010	9	6	249	0.119	0.198625	0.135
0252611012	2010	9	7	250	0.116125	0.196625	0.13425
0252611012	2010	9	8	251	0.11675	0.1970833333	0.133875
0252611012	2010	9	9	252	0.114125	0.1972083333	0.1342916667
0252611012	2010	9	10	253	0.1155833333	0.195875	0.1349166667
0252611012	2010	9	11	254	0.126375	0.1984166667	0.1344583333
0252611012	2010	9	12	255	0.1294782609	0.1987826087	0.133826087
0252611012	2010	9	13	256	0.1308333333	0.1996666667	0.134
0252611012	2010	9	14	257	0.1305652174	0.2004347826	0.1340434783
0252611012	2010	9	15	258	0.1294166667	0.2001666667	0.1347083333
0252611012	2010	9	16	259	0.1270416667	0.19925	0.134625
0252611012	2010	9	17	260	0.1250833333	0.1986666667	0.1342083333
0252611012	2010	9	18	261	0.1227916667	0.198125	0.1342083333
0252611012	2010	9	19	262	0.1195	0.197375	0.133875
0252611012	2010	9	20	263	0.116625	0.1962083333	0.13375
0252611012	2010	9	21	264	0.1126666667	0.1947916667	0.1335416667
0252611012	2010	9	22	265	0.110875	0.1942916667	0.1332916667
0252611012	2010	9	23	266	0.1103333333	0.19375	0.1334166667
0252611012	2010	9	24	267	0.1070416667	0.1924166667	0.1332916667
0252611012	2010	9	25	268	0.1053333333	0.191875	0.1322083333
0252611012	2010	9	26	269	0.1040833333	0.1917083333	0.1320416667
0252611012	2010	9	27	270	0.1015416667	0.19075	0.1319583333
0252611012	2010	9	28	271	0.1001666667	0.1906666667	0.1315833333
0252611012	2010	9	29	272	0.09779166667	0.189875	0.1316666667
0252611012	2010	9	30	273	0.09458333333	0.1884166667	0.1313333333
0252611012	2010	10	1	274	0.09254166667	0.1877083333	0.1311666667
0252611012	2010	10	2	275	0.09183333333	0.1874583333	0.1317916667
0252611012	2010	10	3	276	0.08983333333	0.1869166667	0.1305416667
0252611012	2010	10	4	277	0.08820833333	0.1871666667	0.1305
0252611012	2010	10	5	278	0.088625	0.1867916667	0.1307916667
0252611012	2010	10	6	279	0.09208333333	0.1875833333	0.1308333333
0252611012	2010	10	7	280	0.1017916667	0.1885	0.131
0252611012	2010	10	8	281	0.1632173913	0.2153913043	0.1312608696
0252611012	2010	10	9	282	0.2052916667	0.26225	0.138625
0252611012	2010	10	10	283	0.1965833333	0.2544583333	0.1435416667
0252611012	2010	10	11	284	0.1934583333	0.248625	0.1447916667
0252611012	2010	10	12	285	0.1874583333	0.2447916667	0.1457916667
0252611012	2010	10	13	286	0.1801666667	0.239875	0.146
0252611012	2010	10	14	287	0.1732083333	0.2359583333	0.1457916667
0252611012	2010	10	15	288	0.167375	0.2319166667	0.1456666667
0252611012	2010	10	16	289	0.1669166667	0.2285833333	0.145875
0252611012	2010	10	17	290	0.1709583333	0.2267083333	0.145625
0252611012	2010	10	18	291	0.171875	0.22625	0.1454583333
0252611012	2010	10	19	292	0.1694166667	0.2250833333	0.1457916667
0252611012	2010	10	20	293	0.1659166667	0.2227083333	0.14575
0252611012	2010	10	21	294	0.16225	0.220625	0.1452083333
0252611012	2010	10	22	295	0.16075	0.2185	0.1449166667
0252611012	2010	10	23	296	0.164625	0.21775	0.1453333333
0252611012	2010	10	24	297	0.2250416667	0.234625	0.1456666667
0252611012	2010	10	25	298	0.2686666667	0.2974583333	0.2066666667
0252611012	2010	10	26	299	0.2509166667	0.2781666667	0.2252916667
0252611012	2010	10	27	300	0.248125	0.2729166667	0.2199583333
0252611012	2010	10	28	301	0.2434583333	0.2691666667	0.2173333333
0252611012	2010	10	29	302	0.238375	0.265	0.2144583333
0252611012	2010	10	30	303	0.2416666667	0.2637083333	0.212875
0252611012	2010	10	31	304	0.27125	0.27575	0.2148333333
0252611012	2010	11	1	305	0.261875	0.280625	0.2225833333
0252611012	2010	11	2	306	0.233625	0.2704583333	0.2215
0252611012	2010	11	3	307	0.2202916667	0.2635416667	0.2185416667
0252611012	2010	11	4	308	0.2082916667	0.2585416667	0.2164166667
0252611012	2010	11	5	309	0.1980416667	0.2545	0.2142916667
0252611012	2010	11	6	310	0.196875	0.2510833333	0.212875
0252611012	2010	11	7	311	0.2347916667	0.2511666667	0.2122083333
0252611012	2010	11	8	312	0.2685833333	0.2703333333	0.2142083333
0252611012	2010	11	9	313	0.2613333333	0.2846666667	0.2220833333
0252611012	2010	11	10	314	0.2410833333	0.273875	0.2227083333
0252611012	2010	11	11	315	0.2230869565	0.2660434783	0.2199130435
0252611012	2010	11	12	316	0.205375	0.2608333333	0.2172916667
0252611012	2010	11	13	317	0.1988333333	0.2564166667	0.2155833333
0252611012	2010	11	14	318	0.1922916667	0.253	0.2135
0252611012	2010	11	15	319	0.19325	0.2505	0.2119583333
0252611012	2010	11	16	320	0.20075	0.248125	0.2107916667
0252611012	2010	11	17	321	0.2077083333	0.247375	0.20975
0252611012	2010	11	18	322	0.2060833333	0.247125	0.2085833333
0252611012	2010	11	19	323	0.2040416667	0.2465833333	0.2074583333
0252611012	2010	11	20	324	0.2072916667	0.2458333333	0.2066666667
0252611012	2010	11	21	325	0.21425	0.2457083333	0.2060833333
0252611012	2010	11	22	326	0.223	0.246375	0.2050416667
0252611012	2010	11	23	327	0.2297916667	0.247	0.2043333333
0252611012	2010	11	24	328	0.2336666667	0.247875	0.2042083333
0252611012	2010	11	25	329	0.2360833333	0.2482916667	0.2044166667
0252611012	2010	11	26	330	0.2364166667	0.2495416667	0.2044583333
0252611012	2010	11	27	331	0.23575	0.2498333333	0.2042916667
0252611012	2010	11	28	332	0.2340833333	0.2500416667	0.204
0252611012	2010	11	29	333	0.23325	0.250125	0.2040833333
0252611012	2010	11	30	334	0.2338333333	0.2505833333	0.2043333333
0252611012	2010	12	1	335	0.23375	0.2502916667	0.2042916667
0252611012	2010	12	2	336	0.2334583333	0.25025	0.2040833333
0252611012	2010	12	3	337	0.2347916667	0.250375	0.204
0252611012	2010	12	4	338	0.236875	0.2505416667	0.2035
0252611012	2010	12	5	339	0.2406666667	0.251625	0.2039583333
0252611012	2010	12	6	340	0.244875	0.2522083333	0.2039583333
0252611012	2010	12	7	341	0.247875	0.25375	0.2044166667
0252611012	2010	12	8	342	0.24975	0.255125	0.204125
0252611012	2010	12	9	343	0.2507916667	0.2565416667	0.2050833333
0252611012	2010	12	10	344	0.2515833333	0.2580416667	0.2055
0252611012	2010	12	11	345	0.253	0.2597083333	0.2058333333
0252611012	2010	12	12	346	0.2545833333	0.26125	0.2054583333
0252611012	2010	12	13	347	0.255625	0.2629583333	0.2061666667
0252611012	2010	12	14	348	0.2562916667	0.2645416667	0.20675
0252611012	2010	12	15	349	0.2567916667	0.2657083333	0.2074166667
0252611012	2010	12	16	350	0.2578333333	0.2669166667	0.2083333333
0252611012	2010	12	17	351	0.2580833333	0.2679166667	0.2085416667
0252611012	2010	12	18	352	0.2552083333	0.2680833333	0.2086666667
0252611012	2010	12	19	353	0.2519583333	0.2671666667	0.2090416667
0252611012	2010	12	20	354	0.251375	0.2669583333	0.2090833333
0252611012	2010	12	21	355	0.2537083333	0.2668333333	0.2086666667
0252611012	2010	12	22	356	0.256	0.267	0.20875
0252611012	2010	12	23	357	0.258875	0.2677083333	0.2095416667
0252611012	2010	12	24	358	0.2607916667	0.2687916667	0.2099166667
0252611012	2010	12	25	359	0.2624166667	0.2705	0.209625
0252611012	2010	12	26	360	0.2635416667	0.2720416667	0.2095833333
0252611012	2010	12	27	361	0.2644583333	0.27325	0.2104583333
0252611012	2010	12	28	362	0.26475	0.274125	0.211125
0252611012	2010	12	29	363	0.2647826087	0.2744347826	0.2119565217
0252611012	2010	12	30	364	0.2639583333	0.2747916667	0.2121666667
0252611012	2010	12	31	365	0.2631666667	0.2745416667	0.2122083333
0252611012	2011	1	1	1	0.2630416667	0.2742083333	0.2124583333
0252611012	2011	1	2	2	0.2626666667	0.27375	0.2124166667
0252611012	2011	1	3	3	0.261875	0.273125	0.2122916667
0252611012	2011	1	4	4	0.2616666667	0.2727916667	0.2122083333
0252611012	2011	1	5	5	0.2609583333	0.272125	0.2121666667
0252611012	2011	1	6	6	0.2605833333	0.2717083333	0.2120416667
0252611012	2011	1	7	7	0.260125	0.2716666667	0.2118333333
0252611012	2011	1	8	8	0.2596666667	0.2714166667	0.2115
0252611012	2011	1	9	9	0.2597083333	0.2713333333	0.21125
0252611012	2011	1	10	10	0.2592083333	0.2710416667	0.2113333333
0252611012	2011	1	11	11	0.2590416667	0.2707083333	0.2110416667
0252611012	2011	1	12	12	0.2587916667	0.2705	0.2107916667
0252611012	2011	1	13	13	0.2580416667	0.26925	0.2105833333
0252611012	2011	1	14	14	0.2569583333	0.2689166667	0.211125
0252611012	2011	1	15	15	0.256625	0.268	0.2104583333
0252611012	2011	1	16	16	0.2569166667	0.2677083333	0.2101666667
0252611012	2011	1	17	17	0.2739166667	0.281375	0.2104583333
0252611012	2011	1	18	18	0.283	0.2977083333	0.2135833333
0252611012	2011	1	19	19	0.283625	0.295	0.2156666667
0252611012	2011	1	20	20	0.2831304348	0.2950434783	0.2163478261
0252611012	2011	1	21	21	0.2823333333	0.2948333333	0.2168333333
0252611012	2011	1	22	22	0.2816666667	0.2944583333	0.217
0252611012	2011	1	23	23	0.280875	0.293125	0.2175833333
0252611012	2011	1	24	24	0.2782916667	0.2912916667	0.217875
0252611012	2011	1	25	25	0.276625	0.289375	0.21775
0252611012	2011	1	26	26	0.2742916667	0.2869583333	0.2172083333
0252611012	2011	1	27	27	0.2732916667	0.2853333333	0.2167916667
0252611012	2011	1	28	28	0.2724166667	0.2835	0.2165416667
0252611012	2011	1	29	29	0.2714583333	0.2819583333	0.2162916667
0252611012	2011	1	30	30	0.270625	0.2799166667	0.2155
0252611012	2011	1	31	31	0.2703333333	0.2785	0.2155833333
0252611012	2011	2	1	32	0.2705416667	0.2772916667	0.2149166667
0252611012	2011	2	2	33	0.2720434783	0.2765217391	0.2144347826
0252611012	2011	2	3	34	0.2726666667	0.276375	0.2136666667
0252611012	2011	2	4	35	0.2731304348	0.2753043478	0.2137391304
0252611012	2011	2	5	36	0.2712916667	0.2744166667	0.2134166667
0252611012	2011	2	6	37	0.2688333333	0.2735833333	0.212875
0252611012	2011	2	7	38	0.2662083333	0.2721666667	0.2122916667
0252611012	2011	2	8	39	0.2655416667	0.2706666667	0.2122916667
0252611012	2011	2	9	40	0.2658333333	0.269625	0.2119166667
0252611012	2011	2	10	41	0.26625	0.2692083333	0.2112083333
0252611012	2011	2	11	42	0.2670833333	0.2687083333	0.21075
0252611012	2011	2	12	43	0.2675416667	0.2687083333	0.2103333333
0252611012	2011	2	13	44	0.2668333333	0.2682083333	0.2105833333
0252611012	2011	2	14	45	0.2667916667	0.2679166667	0.2104166667
0252611012	2011	2	15	46	0.2665833333	0.2677916667	0.2100833333
0252611012	2011	2	16	47	0.2664166667	0.2675833333	0.2098333333
0252611012	2011	2	17	48	0.2663333333	0.267	0.2097916667
0252611012	2011	2	18	49	0.2665833333	0.26675	0.2097083333
0252611012	2011	2	19	50	0.2670416667	0.2669583333	0.2098333333
0252611012	2011	2	20	51	0.2675833333	0.2667916667	0.2099583333
0252611012	2011	2	21	52	0.2685833333	0.26675	0.2097083333
0252611012	2011	2	22	53	0.2689166667	0.2667916667	0.2092916667
0252611012	2011	2	23	54	0.2701666667	0.2669583333	0.2094166667
0252611012	2011	2	24	55	0.27175	0.2674583333	0.2094166667
0252611012	2011	2	25	56	0.2732916667	0.2675	0.2091666667
0252611012	2011	2	26	57	0.27525	0.26775	0.209375
0252611012	2011	2	27	58	0.2769166667	0.2687083333	0.209375
0252611012	2011	2	28	59	0.27925	0.2695833333	0.2091666667
0252611012	2011	3	1	60	0.2809583333	0.2704583333	0.2095416667
0252611012	2011	3	2	61	0.283375	0.2720416667	0.2095
0252611012	2011	3	3	62	0.2845833333	0.2735416667	0.209625
0252611012	2011	3	4	63	0.285125	0.2749166667	0.209875
0252611012	2011	3	5	64	0.2853043478	0.275826087	0.2097391304
0252611012	2011	3	6	65	0.2854583333	0.276375	0.2100416667
0252611012	2011	3	7	66	0.2854166667	0.2770833333	0.2100416667
0252611012	2011	3	8	67	0.2852916667	0.277	0.21
0252611012	2011	3	9	68	0.2858333333	0.277	0.2101666667
0252611012	2011	3	10	69	0.286375	0.2776666667	0.209875
0252611012	2011	3	11	70	0.2869166667	0.2780833333	0.20975
0252611012	2011	3	12	71	0.2876666667	0.2785833333	0.2102083333
0252611012	2011	3	13	72	0.28825	0.278875	0.210125
0252611012	2011	3	14	73	0.2891666667	0.2800833333	0.2101666667
0252611012	2011	3	15	74	0.2897083333	0.2809166667	0.210875
0252611012	2011	3	16	75	0.290375	0.2814166667	0.2112916667
0252611012	2011	3	17	76	0.292	0.2824166667	0.2117916667
0252611012	2011	3	18	77	0.2932083333	0.2844583333	0.2117083333
0252611012	2011	3	19	78	0.2937916667	0.2858333333	0.2120833333
0252611012	2011	3	20	79	0.2940833333	0.2864583333	0.2121666667
0252611012	2011	3	21	80	0.2942083333	0.287125	0.212625
0252611012	2011	3	22	81	0.2949583333	0.2877916667	0.2135833333
0252611012	2011	3	23	82	0.2948333333	0.2880416667	0.2137083333
0252611012	2011	3	24	83	0.2949583333	0.2884583333	0.2140416667
0252611012	2011	3	25	84	0.2939583333	0.2880833333	0.2140416667
0252611012	2011	3	26	85	0.2895	0.2882083333	0.2144166667
0252611012	2011	3	27	86	0.2875833333	0.2883333333	0.2144583333
0252611012	2011	3	28	87	0.2867083333	0.2884166667	0.214875
0252611012	2011	3	29	88	0.2856666667	0.2884166667	0.2153333333
0252611012	2011	3	30	89	0.2854583333	0.2880416667	0.2153333333
0252611012	2011	3	31	90	0.28475	0.2875833333	0.215125
0252611012	2011	4	1	91	0.2847916667	0.28725	0.2155416667
0252611012	2011	4	2	92	0.28725	0.286875	0.2159166667
0252611012	2011	4	3	93	0.2880833333	0.286875	0.216
0252611012	2011	4	4	94	0.2874166667	0.2869583333	0.216125
0252611012	2011	4	5	95	0.2839583333	0.287125	0.2163333333
0252611012	2011	4	6	96	0.2834583333	0.2871666667	0.2168333333
0252611012	2011	4	7	97	0.2854583333	0.287375	0.2170416667
0252611012	2011	4	8	98	0.2830833333	0.2877916667	0.21725
0252611012	2011	4	9	99	0.2834166667	0.2877916667	0.217125
0252611012	2011	4	10	100	0.2832083333	0.2877083333	0.2170416667
0252611012	2011	4	11	101	0.283	0.2879166667	0.21725
0252611012	2011	4	12	102	0.2879583333	0.2880416667	0.2170416667
0252611012	2011	4	13	103	0.2975	0.2880833333	0.2172083333
0252611012	2011	4	14	104	0.3039166667	0.2882916667	0.2174166667
0252611012	2011	4	15	105	0.3054166667	0.2888333333	0.2171666667
0252611012	2011	4	16	106	0.3059583333	0.2894583333	0.2174583333
0252611012	2011	4	17	107	0.3064166667	0.290875	0.2179166667
0252611012	2011	4	18	108	0.3165	0.2994166667	0.2208333333
0252611012	2011	4	19	109	0.316125	0.301875	0.2295416667
0252611012	2011	4	20	110	0.3139130435	0.2980434783	0.2324782609
0252611012	2011	4	21	111	0.313625	0.2960416667	0.2302083333
0252611012	2011	4	22	112	0.3187083333	0.29675	0.2298333333
0252611012	2011	4	23	113	0.3204166667	0.2974583333	0.231
0252611012	2011	4	24	114	0.3186666667	0.2965	0.2295
0252611012	2011	4	25	115	0.3179583333	0.295875	0.2287083333
0252611012	2011	4	26	116	0.3174166667	0.2950833333	0.227875
0252611012	2011	4	27	117	0.317625	0.295125	0.22725
0252611012	2011	4	28	118	0.3172608696	0.295	0.2269565217
0252611012	2011	4	29	119	0.3174166667	0.2948333333	0.2265416667
0252611012	2011	4	30	120	0.3194166667	0.296125	0.2266666667
0252611012	2011	5	1	121	0.3200416667	0.2978333333	0.227625
0252611012	2011	5	2	122	0.3194166667	0.29775	0.2278333333
0252611012	2011	5	3	123	0.319	0.29775	0.227375
0252611012	2011	5	4	124	0.3203333333	0.2976666667	0.2272916667
0252611012	2011	5	5	125	0.3232083333	0.3002083333	0.2287083333
0252611012	2011	5	6	126	0.3257083333	0.3032916667	0.2315
0252611012	2011	5	7	127	0.3273333333	0.3057916667	0.2364583333
0252611012	2011	5	8	128	0.329375	0.30675	0.241875
0252611012	2011	5	9	129	0.33075	0.3075416667	0.2450416667
0252611012	2011	5	10	130	0.3265416667	0.304625	0.2418333333
0252611012	2011	5	11	131	0.327375	0.3044583333	0.2404583333
0252611012	2011	5	12	132	0.330625	0.3066666667	0.2439166667
0252611012	2011	5	13	133	0.332	0.30725	0.2474166667
0252611012	2011	5	14	134	0.3334166667	0.308	0.2494583333
0252611012	2011	5	15	135	0.3346666667	0.3088333333	0.2497916667
0252611012	2011	5	16	136	0.3356666667	0.3101666667	-9999
0252611012	2011	5	17	137	0.3329583333	0.308125	0.2484166667
0252611012	2011	5	18	138	0.3295833333	0.305875	0.243125
0252611012	2011	5	19	139	0.3350416667	0.3092916667	-9999
0252611012	2011	5	20	140	0.337625	0.312125	-9999
0252611012	2011	5	21	141	0.3382916667	0.3127916667	-9999
0252611012	2011	5	22	142	0.3376956522	0.3122608696	-9999
0252611012	2011	5	23	143	0.3394166667	0.3134166667	-9999
0252611012	2011	5	24	144	0.3413333333	0.3154583333	-9999
0252611012	2011	5	25	145	0.3379583333	0.3129583333	-9999
0252611012	2011	5	26	146	0.3387083333	0.313625	-9999
0252611012	2011	5	27	147	0.3390833333	0.3127916667	0.2512083333
0252611012	2011	5	28	148	0.3407083333	0.3127916667	0.2489166667
0252611012	2011	5	29	149	0.3396666667	0.3127083333	0.2472916667
0252611012	2011	5	30	150	0.3393333333	0.312125	0.2436666667
0252611012	2011	5	31	151	0.3379583333	0.3110833333	0.2397083333
0252611012	2011	6	1	152	0.345	0.3162916667	0.2512083333
0252611012	2011	6	2	153	0.3469166667	0.317625	-9999
0252611012	2011	6	3	154	0.3429166667	0.3165416667	0.2511666667
0252611012	2011	6	4	155	0.344625	0.3177083333	0.2512083333
0252611012	2011	6	5	156	0.346625	0.3182083333	-9999
0252611012	2011	6	6	157	0.326375	0.3125	-9999
0252611012	2011	6	7	158	0.2954782609	0.3040434783	0.2303043478
0252611012	2011	6	8	159	0.273875	0.2962083333	0.2232083333
0252611012	2011	6	9	160	0.2557916667	0.28925	0.2189583333
0252611012	2011	6	10	161	0.2513333333	0.2833333333	0.215
0252611012	2011	6	11	162	0.2375833333	0.279	0.2120833333
0252611012	2011	6	12	163	0.2240416667	0.2735416667	0.210125
0252611012	2011	6	13	164	0.2178333333	0.2675	0.207625
0252611012	2011	6	14	165	0.2155	0.262125	0.205625
0252611012	2011	6	15	166	0.2078333333	0.2580833333	0.204125
0252611012	2011	6	16	167	0.19425	0.2532083333	0.2024166667
0252611012	2011	6	17	168	0.1869583333	0.2477916667	0.2009166667
0252611012	2011	6	18	169	0.181375	0.2438333333	0.1991666667
0252611012	2011	6	19	170	0.18325	0.2400833333	0.1972083333
0252611012	2011	6	20	171	0.232375	0.2401666667	0.1964166667
0252611012	2011	6	21	172	0.212	0.2412916667	0.1951666667
0252611012	2011	6	22	173	0.1946666667	0.2395833333	0.1944166667
0252611012	2011	6	23	174	0.1747916667	0.2359166667	0.1933333333
0252611012	2011	6	24	175	0.1525	0.2305416667	0.1919583333
0252611012	2011	6	25	176	0.1391666667	0.2251666667	0.1907083333
0252611012	2011	6	26	177	0.1260833333	0.219875	0.1889583333
0252611012	2011	6	27	178	0.1145833333	0.21375	0.187
0252611012	2011	6	28	179	0.1039166667	0.2087916667	0.1854583333
0252611012	2011	6	29	180	0.09308695652	0.2043913043	0.1836956522
0252611012	2011	6	30	181	0.08575	0.2007916667	0.1817083333
0252611012	2011	7	1	182	0.08195833333	0.1985416667	0.1800833333
0252611012	2011	7	2	183	0.08033333333	0.1949583333	0.1779583333
0252611012	2011	7	3	184	0.075625	0.1917083333	0.1752083333
0252611012	2011	7	4	185	0.0665	0.1884583333	0.1727916667
0252611012	2011	7	5	186	0.062	0.1857916667	0.1717083333
0252611012	2011	7	6	187	0.06220833333	0.1842083333	0.1698333333
0252611012	2011	7	7	188	0.06045833333	0.1829166667	0.1680833333
0252611012	2011	7	8	189	0.06120833333	0.1809583333	0.1662916667
0252611012	2011	7	9	190	0.062875	0.1804583333	0.1641666667
0252611012	2011	7	10	191	0.1234166667	0.1824166667	0.1620833333
0252611012	2011	7	11	192	0.1412083333	0.1834583333	0.1605
0252611012	2011	7	12	193	0.132	0.1828695652	0.1587391304
0252611012	2011	7	13	194	0.1357916667	0.18225	0.158125
0252611012	2011	7	14	195	0.1274166667	0.18125	0.1561666667
0252611012	2011	7	15	196	0.1169166667	0.1792916667	0.1532916667
0252611012	2011	7	16	197	0.1069166667	0.17625	0.150875
0252611012	2011	7	17	198	0.09908695652	0.173	0.1479130435
0252611012	2011	7	18	199	0.09158333333	0.1704583333	0.1455833333
0252611012	2011	7	19	200	0.08541666667	0.168625	0.1446666667
0252611012	2011	7	20	201	0.08083333333	0.1665	0.143125
0252611012	2011	7	21	202	0.07795833333	0.1635	0.14075
0252611012	2011	7	22	203	0.07479166667	0.16025	0.1376666667
0252611012	2011	7	23	204	0.07070833333	0.1572916667	0.134875
0252611012	2011	7	24	205	0.066375	0.1534583333	0.132375
0252611012	2011	7	25	206	0.06325	0.150375	0.12975
0252611012	2011	7	26	207	0.06016666667	0.1477916667	0.1283333333
0252611012	2011	7	27	208	0.05579166667	0.1449166667	0.1260416667
0252611012	2011	7	28	209	0.052	0.14125	0.1237083333
0252611012	2011	7	29	210	0.04745833333	0.137875	0.1215
0252611012	2011	7	30	211	0.04454166667	0.1348333333	0.1185416667
0252611012	2011	7	31	212	0.04283333333	0.1323333333	0.1165416667
0252611012	2011	8	1	213	0.1745652174	0.218173913	0.1160869565
0252611012	2011	8	2	214	0.2006666667	0.2182916667	0.1179166667
0252611012	2011	8	3	215	0.2197083333	0.2294583333	0.119
0252611012	2011	8	4	216	0.214125	0.2310833333	0.1199166667
0252611012	2011	8	5	217	0.1985833333	0.2225833333	0.1203333333
0252611012	2011	8	6	218	0.1853333333	0.215625	0.1205833333
0252611012	2011	8	7	219	0.1733333333	0.2093333333	0.120375
0252611012	2011	8	8	220	0.1630416667	0.2038333333	0.1200416667
0252611012	2011	8	9	221	0.1545217391	0.199173913	0.120173913
0252611012	2011	8	10	222	0.145375	0.1944583333	0.11975
0252611012	2011	8	11	223	0.1380416667	0.1900833333	0.1191666667
0252611012	2011	8	12	224	0.1300833333	0.1862916667	0.1187916667
0252611012	2011	8	13	225	0.1235833333	0.181875	0.1186666667
0252611012	2011	8	14	226	0.1192916667	0.1789583333	0.1179166667
0252611012	2011	8	15	227	0.132375	0.177	0.1182083333
0252611012	2011	8	16	228	0.1564166667	0.178125	0.1185
0252611012	2011	8	17	229	0.15325	0.1777083333	0.1174583333
0252611012	2011	8	18	230	0.1460869565	0.1765217391	0.1174347826
0252611012	2011	8	19	231	0.1435	0.1757083333	0.116875
0252611012	2011	8	20	232	0.1479583333	0.1756666667	0.117125
0252611012	2011	8	21	233	0.146	0.175	0.117
0252611012	2011	8	22	234	0.13925	0.1735	0.11625
0252611012	2011	8	23	235	0.13225	0.1720416667	0.1157083333
0252611012	2011	8	24	236	0.1221666667	0.1695833333	0.1153333333
0252611012	2011	8	25	237	0.11675	0.1674583333	0.1149583333
0252611012	2011	8	26	238	0.1285833333	0.16575	0.1147083333
0252611012	2011	8	27	239	0.1130869565	0.1633913043	0.114173913
0252611012	2011	8	28	240	0.1147083333	0.1608333333	0.1135833333
0252611012	2011	8	29	241	0.1426666667	0.15925	0.1138333333
0252611012	2011	8	30	242	0.1584166667	0.161625	0.1140416667
0252611012	2011	8	31	243	0.1517916667	0.16375	0.1138333333
0252611012	2011	9	1	244	0.144375	0.1642083333	0.1135
0252611012	2011	9	2	245	0.135375	0.163625	0.1132083333
0252611012	2011	9	3	246	0.127375	0.1620833333	0.1124583333
0252611012	2011	9	4	247	0.1200833333	0.1611666667	0.112
0252611012	2011	9	5	248	0.115	0.1604166667	0.111125
0252611012	2011	9	6	249	0.1097083333	0.160875	0.1112916667
0252611012	2011	9	7	250	0.1029166667	0.1596666667	0.11125
0252611012	2011	9	8	251	0.096875	0.1577916667	0.110625
0252611012	2011	9	9	252	0.09191666667	0.1566666667	0.1102083333
0252611012	2011	9	10	253	0.08654166667	0.15475	0.10925
0252611012	2011	9	11	254	0.0822173913	0.1539565217	0.1086521739
0252611012	2011	9	12	255	0.07891666667	0.1532083333	0.1087916667
0252611012	2011	9	13	256	0.07441666667	0.1512916667	0.1080416667
0252611012	2011	9	14	257	0.07341666667	0.1551666667	0.107625
0252611012	2011	9	15	258	0.1164583333	0.185875	0.1077916667
0252611012	2011	9	16	259	0.12975	0.17825	0.10775
0252611012	2011	9	17	260	0.1952916667	0.244125	0.1080833333
0252611012	2011	9	18	261	0.2419166667	0.2636666667	0.1135416667
0252611012	2011	9	19	262	0.2303333333	0.248875	0.1180833333
0252611012	2011	9	20	263	0.20575	0.2412916667	0.1204583333
0252611012	2011	9	21	264	0.198125	0.2353333333	0.1223333333
0252611012	2011	9	22	265	0.19325	0.2315833333	0.1229166667
0252611012	2011	9	23	266	0.1887916667	0.2280416667	0.123625
0252611012	2011	9	24	267	0.1849583333	0.2248333333	0.12375
0252611012	2011	9	25	268	0.1812916667	0.2222083333	0.1236666667
0252611012	2011	9	26	269	0.1780416667	0.21975	0.1238333333
0252611012	2011	9	27	270	0.17375	0.217375	0.1239583333
0252611012	2011	9	28	271	0.1705	0.215125	0.12425
0252611012	2011	9	29	272	0.166875	0.212875	0.1242083333
0252611012	2011	9	30	273	0.164625	0.2112916667	0.12425
0252611012	2011	10	1	274	0.1625833333	0.2097916667	0.12425
0252611012	2011	10	2	275	0.159875	0.2082916667	0.1238333333
0252611012	2011	10	3	276	0.1604166667	0.2068333333	0.1239583333
0252611012	2011	10	4	277	0.183875	0.2050833333	0.1243333333
0252611012	2011	10	5	278	0.2265	0.1990833333	0.1248333333
0252611012	2011	10	6	279	0.2670833333	0.279	0.125625
0252611012	2011	10	7	280	0.2552916667	0.2688333333	0.12975
0252611012	2011	10	8	281	0.2496666667	0.250375	0.1334782609
0252611012	2011	10	9	282	0.255125	0.2632916667	0.1367083333
0252611012	2011	10	10	283	0.2530833333	0.262625	0.13975
0252611012	2011	10	11	284	0.2593333333	0.261875	0.1416666667
0252611012	2011	10	12	285	0.2591666667	0.2719166667	0.1434166667
0252611012	2011	10	13	286	0.2493333333	0.2637916667	0.144875
0252611012	2011	10	14	287	0.244	0.2575416667	0.1462083333
0252611012	2011	10	15	288	0.2395416667	0.25325	0.14625
0252611012	2011	10	16	289	0.2339583333	0.2496666667	0.14725
0252611012	2011	10	17	290	0.2580416667	0.2709166667	0.1475
0252611012	2011	10	18	291	0.2499166667	0.26925	0.1509166667
0252611012	2011	10	19	292	0.2426521739	0.2593913043	0.1526086957
0252611012	2011	10	20	293	0.24275	0.2544583333	0.1536666667
0252611012	2011	10	21	294	0.2400833333	0.2506666667	0.1540416667
0252611012	2011	10	22	295	0.2418333333	0.24775	0.1539583333
0252611012	2011	10	23	296	0.2338695652	0.2455217391	0.1541304348
0252611012	2011	10	24	297	0.2314782609	0.2426086957	0.1540434783
0252611012	2011	10	25	298	0.233125	0.2414166667	0.1539166667
0252611012	2011	10	26	299	0.2215416667	0.239625	0.1540416667
0252611012	2011	10	27	300	0.1697916667	0.2377916667	0.1539583333
0252611012	2011	10	28	301	0.06679166667	0.2342916667	0.15325
0252611012	2011	10	29	302	0.054375	0.2284166667	0.1533333333
0252611012	2011	10	30	303	0.0535	0.2216666667	0.152875
0252611012	2011	10	31	304	0.049	0.2152083333	0.1524583333
0252611012	2011	11	1	305	0.07829166667	0.208875	0.1527083333
0252611012	2011	11	2	306	0.09830434783	0.2087391304	0.1521304348
0252611012	2011	11	3	307	0.05270833333	0.206375	0.1520416667
0252611012	2011	11	4	308	0.048875	0.1969166667	0.1516666667
0252611012	2011	11	5	309	0.05741666667	0.1922083333	0.1516666667
0252611012	2011	11	6	310	0.04808333333	0.191125	0.151
0252611012	2011	11	7	311	0.04895833333	0.1839166667	0.1505416667
0252611012	2011	11	8	312	0.047	0.179125	0.15025
0252611012	2011	11	9	313	0.039125	0.1702916667	0.1500416667
0252611012	2011	11	10	314	0.03558333333	0.154375	0.1497083333
0252611012	2011	11	11	315	0.03558333333	0.14075	0.1495416667
0252611012	2011	11	12	316	0.04241666667	0.138625	0.1485833333
0252611012	2011	11	13	317	0.0485	0.1500833333	0.1487083333
0252611012	2011	11	14	318	0.0525	0.1579583333	0.1484166667
0252611012	2011	11	15	319	0.054	0.16375	0.1480833333
0252611012	2011	11	16	320	0.04708333333	0.16975	0.1480833333
0252611012	2011	11	17	321	0.04204166667	0.1744583333	0.1473333333
0252611012	2011	11	18	322	0.04716666667	0.1762083333	0.147125
0252611012	2011	11	19	323	0.05495833333	0.1788333333	0.1472083333
0252611012	2011	11	20	324	0.05691666667	0.1838333333	0.1469166667
0252611012	2011	11	21	325	0.05658333333	0.189375	0.1467083333
0252611012	2011	11	22	326	0.06070833333	0.1942916667	0.14675
0252611012	2011	11	23	327	0.06195833333	0.1992083333	0.146625
0252611012	2011	11	24	328	0.063	0.2042083333	0.146375
0252611012	2011	11	25	329	0.06516666667	0.2087083333	0.146625
0252611012	2011	11	26	330	0.066625	0.212625	0.1468333333
0252611012	2011	11	27	331	0.06254166667	0.215625	0.1464166667
0252611012	2011	11	28	332	0.06141666667	0.21725	0.1465416667
0252611012	2011	11	29	333	0.06404166667	0.2174166667	0.146625
0252611012	2011	11	30	334	0.06604166667	0.2179583333	0.1465833333
0252611012	2011	12	1	335	0.065375	0.2192916667	0.1469583333
0252611012	2011	12	2	336	0.056875	0.2193333333	0.146875
0252611012	2011	12	3	337	0.05533333333	0.2185833333	0.1470416667
0252611012	2011	12	4	338	0.05554166667	0.2165833333	0.1465833333
0252611012	2011	12	5	339	0.054625	0.215375	0.1465833333
0252611012	2011	12	6	340	0.04986956522	0.2133913043	0.1471304348
0252611012	2011	12	7	341	0.04758333333	0.2107083333	0.1467083333
0252611012	2011	12	8	342	0.04820833333	0.2061666667	0.1465416667
0252611012	2011	12	9	343	0.04795833333	0.2018333333	0.1464583333
0252611012	2011	12	10	344	0.04854166667	0.1983333333	0.1469166667
0252611012	2011	12	11	345	0.04795833333	0.19575	0.147375
0252611012	2011	12	12	346	0.04866666667	0.1929166667	0.1468333333
0252611012	2011	12	13	347	0.05004166667	0.191	0.1465
0252611012	2011	12	14	348	0.0515	0.1906666667	0.1461666667
0252611012	2011	12	15	349	0.05354166667	0.190875	0.1464166667
0252611012	2011	12	16	350	0.05095833333	0.1913333333	0.1460416667
0252611012	2011	12	17	351	0.04845833333	0.1906666667	0.1461666667
0252611012	2011	12	18	352	0.04841666667	0.1888333333	0.1455833333
0252611012	2011	12	19	353	0.04833333333	0.1862083333	0.1453333333
0252611012	2011	12	20	354	0.04654166667	0.184125	0.145125
0252611012	2011	12	21	355	0.04683333333	0.1811666667	0.1449166667
0252611012	2011	12	22	356	0.04816666667	0.179125	0.144625
0252611012	2011	12	23	357	0.04729166667	0.1775833333	0.1444583333
0252611012	2011	12	24	358	0.04495833333	0.1759166667	0.1445416667
0252611012	2011	12	25	359	0.04404166667	0.1729166667	0.1438333333
0252611012	2011	12	26	360	0.04479166667	0.1704583333	0.1437916667
0252611012	2011	12	27	361	0.04491666667	0.1678333333	0.1432083333
0252611012	2011	12	28	362	0.046125	0.1660833333	0.1429166667
0252611012	2011	12	29	363	0.04854166667	0.165375	0.1431666667
0252611012	2011	12	30	364	0.05454166667	0.16675	0.1427083333
0252611012	2011	12	31	365	0.05925	0.1689583333	0.14275
0252611012	2012	1	1	1	0.05779166667	0.1711666667	0.1425416667
0252611012	2012	1	2	2	0.05179166667	0.1735416667	0.142
0252611012	2012	1	3	3	0.05158333333	0.17475	0.1416666667
0252611012	2012	1	4	4	0.05341666667	0.1758333333	0.1417083333
0252611012	2012	1	5	5	0.05295833333	0.1766666667	0.1415416667
0252611012	2012	1	6	6	0.05329166667	0.177375	0.1415
0252611012	2012	1	7	7	0.05295833333	0.178	0.1413333333
0252611012	2012	1	8	8	0.05373913043	0.178826087	0.1407826087
0252611012	2012	1	9	9	0.05308333333	0.1793333333	0.1409166667
0252611012	2012	1	10	10	0.052875	0.1793333333	0.1409166667
0252611012	2012	1	11	11	0.0517826087	0.1793043478	0.1407391304
0252611012	2012	1	12	12	0.05033333333	0.1792916667	0.14075
0252611012	2012	1	13	13	0.04645833333	0.1781666667	0.1402083333
0252611012	2012	1	14	14	0.04508333333	0.1747916667	0.1402083333
0252611012	2012	1	15	15	0.046625	0.1707083333	0.140375
0252611012	2012	1	16	16	0.047875	0.1679166667	0.14
0252611012	2012	1	17	17	0.04808333333	0.1666666667	0.1397083333
0252611012	2012	1	18	18	0.045625	0.1655833333	0.1397916667
0252611012	2012	1	19	19	0.04691666667	0.16325	0.1389583333
0252611012	2012	1	20	20	0.05066666667	0.1622083333	0.1389166667
0252611012	2012	1	21	21	0.05466666667	0.1638333333	0.1389583333
0252611012	2012	1	22	22	0.05870833333	0.165625	0.1385416667
0252611012	2012	1	23	23	0.06254166667	0.1680833333	0.1384583333
0252611012	2012	1	24	24	0.06533333333	0.1703333333	0.1381666667
0252611012	2012	1	25	25	0.0685	0.173125	0.13775
0252611012	2012	1	26	26	0.07033333333	0.1763333333	0.1377083333
0252611012	2012	1	27	27	0.07170833333	0.178625	0.13775
0252611012	2012	1	28	28	0.07354166667	0.181875	0.1376666667
0252611012	2012	1	29	29	0.07404166667	0.1854166667	0.1377916667
0252611012	2012	1	30	30	0.07408695652	0.1891304348	0.1375652174
0252611012	2012	1	31	31	0.07391666667	0.1936666667	0.1375
0252611012	2012	2	1	32	0.07425	0.1979583333	0.1375
0252611012	2012	2	2	33	0.07366666667	0.2020416667	0.137625
0252611012	2012	2	3	34	0.07291666667	0.205625	0.138
0252611012	2012	2	4	35	0.07258333333	0.2086666667	0.1378333333
0252611012	2012	2	5	36	0.07295833333	0.2115833333	0.1378333333
0252611012	2012	2	6	37	0.073	0.2140416667	0.1379583333
0252611012	2012	2	7	38	0.07170833333	0.2158333333	0.1380416667
0252611012	2012	2	8	39	0.07056521739	0.2173478261	0.1384347826
0252611012	2012	2	9	40	0.06941666667	0.2184166667	0.13825
0252611012	2012	2	10	41	0.06979166667	0.2192916667	0.1384166667
0252611012	2012	2	11	42	0.07054166667	0.2194166667	0.1385
0252611012	2012	2	12	43	0.07241666667	0.219625	0.138625
0252611012	2012	2	13	44	0.07445833333	0.2204583333	0.1388333333
0252611012	2012	2	14	45	0.07683333333	0.221125	0.1390416667
0252611012	2012	2	15	46	0.07908333333	0.2218333333	0.1392083333
0252611012	2012	2	16	47	0.08083333333	0.2228333333	0.139625
0252611012	2012	2	17	48	0.082875	0.2235	0.13975
0252611012	2012	2	18	49	0.083125	0.2245	0.13975
0252611012	2012	2	19	50	0.08326086957	0.2253913043	0.1397826087
0252611012	2012	2	20	51	0.08325	0.2259166667	0.139625
0252611012	2012	2	21	52	0.08416666667	0.2261666667	0.1400416667
0252611012	2012	2	22	53	0.085625	0.22675	0.1405416667
0252611012	2012	2	23	54	0.08770833333	0.22725	0.140625
0252611012	2012	2	24	55	0.09004166667	0.2275833333	0.14075
0252611012	2012	2	25	56	0.09425	0.22825	0.140875
0252611012	2012	2	26	57	0.099	0.2285416667	0.1410833333
0252611012	2012	2	27	58	0.1037916667	0.2292916667	0.141125
0252611012	2012	2	28	59	0.1086666667	0.2298333333	0.1414583333
0252611012	2012	2	29	60	0.1141666667	0.2304166667	0.141625
0252611012	2012	3	1	61	0.1159166667	0.2278333333	0.1416086957
0252611012	2012	3	2	62	0.128	0.2311666667	0.1417916667
0252611012	2012	3	3	63	0.1354166667	0.231875	0.1419583333
0252611012	2012	3	4	64	0.1438333333	0.2322916667	0.142
0252611012	2012	3	5	65	0.1522916667	0.2325416667	0.14225
0252611012	2012	3	6	66	0.1616666667	0.2334166667	0.1425416667
0252611012	2012	3	7	67	0.1709166667	0.2343333333	0.142625
0252611012	2012	3	8	68	0.1809166667	0.2345416667	0.1426666667
0252611012	2012	3	9	69	0.1915833333	0.2354583333	0.1427916667
0252611012	2012	3	10	70	0.20275	0.2362916667	0.1430833333
0252611012	2012	3	11	71	0.2137083333	0.2370833333	0.1433333333
0252611012	2012	3	12	72	0.2240416667	0.2379166667	0.1434583333
0252611012	2012	3	13	73	0.2341666667	0.23875	0.1439583333
0252611012	2012	3	14	74	0.2437916667	0.2393333333	0.144
0252611012	2012	3	15	75	0.2494583333	0.240125	0.1440416667
0252611012	2012	3	16	76	0.25225	0.2406666667	0.144375
0252611012	2012	3	17	77	0.2538333333	0.2417083333	0.1442916667
0252611012	2012	3	18	78	0.2554583333	0.24325	0.144625
0252611012	2012	3	19	79	0.2578333333	0.244625	0.1454583333
0252611012	2012	3	20	80	0.2596956522	0.2466086957	0.1457391304
0252611012	2012	3	21	81	0.2614583333	0.248	0.146
0252611012	2012	3	22	82	0.2631666667	0.2500416667	0.1462916667
0252611012	2012	3	23	83	0.2644583333	0.2517083333	0.1470416667
0252611012	2012	3	24	84	0.26675	0.2536666667	0.1476666667
0252611012	2012	3	25	85	0.2689583333	0.255875	0.1484166667
0252611012	2012	3	26	86	0.273125	0.2609583333	0.1487083333
0252611012	2012	3	27	87	0.2732083333	0.2639583333	0.1495833333
0252611012	2012	3	28	88	0.2725	0.2635416667	0.1509583333
0252611012	2012	3	29	89	0.2737083333	0.264	0.1533333333
0252611012	2012	3	30	90	0.2765652174	0.2665217391	0.1556086957
0252611012	2012	3	31	91	0.279125	0.2685	0.15875
0252611012	2012	4	1	92	0.2824166667	0.2709166667	0.1669166667
0252611012	2012	4	2	93	0.2790434783	0.2680434783	0.1766956522
0252611012	2012	4	3	94	0.2774583333	0.2662916667	0.1795
0252611012	2012	4	4	95	0.2791304348	0.2671304348	0.1804782609
0252611012	2012	4	5	96	0.2825	0.270375	0.1847083333
0252611012	2012	4	6	97	0.2822083333	0.27025	0.188625
0252611012	2012	4	7	98	0.2797083333	0.2687083333	0.18975
0252611012	2012	4	8	99	0.2777083333	0.2667916667	0.1880833333
0252611012	2012	4	9	100	0.2792916667	0.2670833333	0.1878333333
0252611012	2012	4	10	101	0.283875	0.2715833333	0.1899166667
0252611012	2012	4	11	102	0.2879583333	0.2745833333	0.1957083333
0252611012	2012	4	12	103	0.2914583333	0.2773333333	0.2039583333
0252611012	2012	4	13	104	0.2835	0.272	0.2002083333
0252611012	2012	4	14	105	0.2812916667	0.2687916667	0.1955416667
0252611012	2012	4	15	106	0.2797916667	0.2675	0.1928333333
0252611012	2012	4	16	107	0.2794166667	0.2670833333	0.1905833333
0252611012	2012	4	17	108	0.2824583333	0.2693333333	0.1903333333
0252611012	2012	4	18	109	0.2874705882	0.2755294118	0.1938823529
0252611012	2012	4	19	110	0.2904583333	0.2790833333	0.200375
0252611012	2012	4	20	111	0.2953333333	0.2807083333	0.205375
0252611012	2012	4	21	112	0.2966521739	0.2811304348	0.2163043478
0252611012	2012	4	22	113	0.2972916667	0.2825833333	0.217625
0252611012	2012	4	23	114	0.301875	0.2865	0.22275
0252611012	2012	4	24	115	0.3054166667	0.2893333333	0.2329166667
0252611012	2012	4	25	116	0.3057083333	0.2885833333	0.234625
0252611012	2012	4	26	117	0.3034166667	0.2866666667	0.2305
0252611012	2012	4	27	118	0.3003333333	0.2853333333	0.221875
0252611012	2012	4	28	119	0.271375	0.276625	0.2130416667
0252611012	2012	4	29	120	0.2627083333	0.2699583333	0.2055833333
0252611012	2012	4	30	121	0.2639583333	0.266375	0.2024166667
0252611012	2012	5	1	122	0.2841818182	0.2785	0.2036818182
0252611012	2012	5	2	123	0.2735416667	0.2732916667	0.2081666667
0252611012	2012	5	3	124	0.2606086957	0.2640434783	0.2025217391
0252611012	2012	5	4	125	0.2605416667	0.25825	0.1987916667
0252611012	2012	5	5	126	0.2535416667	0.253375	0.1959583333
0252611012	2012	5	6	127	0.2377083333	0.2475833333	0.1934166667
0252611012	2012	5	7	128	0.2247083333	0.2425833333	0.1912916667
0252611012	2012	5	8	129	0.2122916667	0.2384166667	0.1897083333
0252611012	2012	5	9	130	0.20825	0.2342916667	0.1883333333
0252611012	2012	5	10	131	0.2035	0.2305833333	0.1875
0252611012	2012	5	11	132	0.192875	0.2256666667	0.1864583333
0252611012	2012	5	12	133	0.1855416667	0.2212083333	0.1852083333
0252611012	2012	5	13	134	0.18025	0.2176666667	0.1840416667
0252611012	2012	5	14	135	0.174	0.2135833333	0.1834583333
0252611012	2012	5	15	136	0.1688333333	0.20975	0.182375
0252611012	2012	5	16	137	0.160125	0.2060833333	0.1819166667
0252611012	2012	5	17	138	0.158125	0.2029583333	0.1814166667
0252611012	2012	5	18	139	0.1551666667	0.2001666667	0.1802916667
0252611012	2012	5	19	140	0.179875	0.1988333333	0.1795833333
0252611012	2012	5	20	141	0.1745416667	0.1994583333	0.1783333333
0252611012	2012	5	21	142	0.168	0.1994583333	0.1774166667
0252611012	2012	5	22	143	0.1544166667	0.1969166667	0.1767083333
0252611012	2012	5	23	144	0.143625	0.1934166667	0.1763333333
0252611012	2012	5	24	145	0.1344583333	0.189625	0.1750416667
0252611012	2012	5	25	146	0.1304782609	0.1872608696	0.1736086957
0252611012	2012	5	26	147	0.1452083333	0.1877083333	0.1734166667
0252611012	2012	5	27	148	0.204	0.1895	0.1727083333
0252611012	2012	5	28	149	0.2723333333	0.2295	0.1716666667
0252611012	2012	5	29	150	0.2563333333	0.2350416667	0.173
0252611012	2012	5	30	151	0.2350833333	0.232625	0.17375
0252611012	2012	5	31	152	0.2148333333	0.2292083333	0.1744583333
0252611012	2012	6	1	153	0.2006666667	0.2259166667	0.175
0252611012	2012	6	2	154	0.186375	0.22175	0.175125
0252611012	2012	6	3	155	0.1725833333	0.2167916667	0.1746666667
0252611012	2012	6	4	156	0.157625	0.2110833333	0.17425
0252611012	2012	6	5	157	0.1426521739	0.2050434783	0.1736521739
0252611012	2012	6	6	158	0.1276666667	0.1985833333	0.172875
0252611012	2012	6	7	159	0.1217083333	0.1939166667	0.1719583333
0252611012	2012	6	8	160	0.11375	0.1902083333	0.1709166667
0252611012	2012	6	9	161	0.1024583333	0.1860833333	0.16975
0252611012	2012	6	10	162	0.094125	0.1821666667	0.1688333333
0252611012	2012	6	11	163	0.09029166667	0.179	0.1675833333
0252611012	2012	6	12	164	0.084625	0.176375	0.1663333333
0252611012	2012	6	13	165	0.077625	0.1732083333	0.165125
0252611012	2012	6	14	166	0.070125	0.1706666667	0.16325
0252611012	2012	6	15	167	0.06358333333	0.167625	0.1610416667
0252611012	2012	6	16	168	0.05716666667	0.1650833333	0.15925
0252611012	2012	6	17	169	0.05041666667	0.1611666667	0.1569166667
0252611012	2012	6	18	170	0.04554166667	0.157875	0.1541666667
0252611012	2012	6	19	171	0.039625	0.1545416667	0.1511666667
0252611012	2012	6	20	172	0.03333333333	0.1507083333	0.1483333333
0252611012	2012	6	21	173	0.03029166667	0.1476666667	0.1455416667
0252611012	2012	6	22	174	0.02733333333	0.1451666667	0.143
0252611012	2012	6	23	175	0.02216666667	0.141375	0.139875
0252611012	2012	6	24	176	0.01804166667	0.1365833333	0.1365833333
0252611012	2012	6	25	177	0.0142173913	0.133173913	0.1332173913
0252611012	2012	6	26	178	0.01041666667	0.1287916667	0.1299583333
0252611012	2012	6	27	179	0.005291666667	0.1235416667	0.1263333333
0252611012	2012	6	28	180	0.003347826087	0.1195217391	0.1232173913
0252611012	2012	6	29	181	0.002565217391	0.1162173913	0.1215217391
0252611012	2012	6	30	182	0.001416666667	0.11175	0.1193333333
0252611012	2012	7	1	183	0.0005	0.1075416667	0.1162916667
0252611012	2012	7	2	184	0.000125	0.1035833333	0.1134166667
0252611012	2012	7	3	185	-9999	0.09991304348	0.1113478261
0252611012	2012	7	4	186	-9999	0.09595833333	0.1090416667
0252611012	2012	7	5	187	-9999	0.09333333333	0.1061666667
0252611012	2012	7	6	188	0.003875	0.0915	0.1045416667
0252611012	2012	7	7	189	0.01504166667	0.09079166667	0.1027083333
0252611012	2012	7	8	190	0.017875	0.08883333333	0.1005833333
0252611012	2012	7	9	191	0.01679166667	0.08683333333	0.09804166667
0252611012	2012	7	10	192	0.01566666667	0.08466666667	0.09579166667
0252611012	2012	7	11	193	0.013	0.082875	0.093375
0252611012	2012	7	12	194	0.01	0.08020833333	0.08991666667
0252611012	2012	7	13	195	0.007565217391	0.07817391304	0.08730434783
0252611012	2012	7	14	196	0.003958333333	0.076	0.08495833333
0252611012	2012	7	15	197	0.002833333333	0.07479166667	0.08279166667
0252611012	2012	7	16	198	0.004208333333	0.07395833333	0.08075
0252611012	2012	7	17	199	0.02229166667	0.07341666667	0.07866666667
0252611012	2012	7	18	200	0.04275	0.07620833333	0.07620833333
0252611012	2012	7	19	201	0.04073913043	0.07734782609	0.07469565217
0252611012	2012	7	20	202	0.03679166667	0.07870833333	0.07270833333
0252611012	2012	7	21	203	0.02979166667	0.07870833333	0.07108333333
0252611012	2012	7	22	204	0.02454545455	0.07827272727	0.0685
0252611012	2012	7	23	205	0.02160869565	0.07743478261	0.067
0252611012	2012	7	24	206	0.01975	0.07695833333	0.06591666667
0252611012	2012	7	25	207	0.01766666667	0.07579166667	0.06395833333
0252611012	2012	7	26	208	0.01508333333	0.07466666667	0.06245833333
0252611012	2012	7	27	209	0.01379166667	0.074125	0.06008333333
0252611012	2012	7	28	210	0.01220833333	0.07329166667	0.057875
0252611012	2012	7	29	211	0.01108695652	0.07204347826	0.055
0252611012	2012	7	30	212	0.009083333333	0.070125	0.05408333333
0252611012	2012	7	31	213	0.006625	0.06916666667	0.05254166667
0252611012	2012	8	1	214	0.004291666667	0.06729166667	0.05158333333
0252611012	2012	8	2	215	0.002375	0.06479166667	0.0505
0252611012	2012	8	3	216	0.0007826086957	0.06304347826	0.04847826087
0252611012	2012	8	4	217	4.166666667E-05	0.06083333333	0.04695833333
0252611012	2012	8	5	218	-9999	0.06008333333	0.04554166667
0252611012	2012	8	6	219	-9999	0.05920833333	0.04383333333
0252611012	2012	8	7	220	-9999	0.05733333333	0.04375
0252611012	2012	8	8	221	-9999	0.0565	0.04316666667
0252611012	2012	8	9	222	-9999	0.0555	0.04220833333
0252611012	2012	8	10	223	-9999	0.05425	0.04154166667
0252611012	2012	8	11	224	-9999	0.05366666667	0.04054166667
0252611012	2012	8	12	225	-9999	0.051125	0.03933333333
0252611012	2012	8	13	226	-9999	0.05070833333	0.03833333333
0252611012	2012	8	14	227	-9999	0.05066666667	0.03733333333
0252611012	2012	8	15	228	-9999	0.04908333333	0.03608333333
0252611012	2012	8	16	229	-9999	0.048125	0.03433333333
0252611012	2012	8	17	230	-9999	0.04729166667	0.0335
0252611012	2012	8	18	231	-9999	0.04625	0.032625
0252611012	2012	8	19	232	-9999	0.04525	0.03120833333
0252611012	2012	8	20	233	-9999	0.044875	0.029625
0252611012	2012	8	21	234	-9999	0.043125	0.02841666667
0252611012	2012	8	22	235	-9999	0.044125	0.02720833333
0252611012	2012	8	23	236	-9999	0.04304166667	0.02658333333
0252611012	2012	8	24	237	-9999	0.04220833333	0.02579166667
0252611012	2012	8	25	238	-9999	0.04058333333	0.02483333333
0252611012	2012	8	26	239	-9999	0.04079166667	0.02354166667
0252611012	2012	8	27	240	-9999	0.04083333333	0.02291666667
0252611012	2012	8	28	241	-9999	0.04020833333	0.02195833333
0252611012	2012	8	29	242	-9999	0.03995833333	0.021875
0252611012	2012	8	30	243	-9999	0.04016666667	0.021625
0252611012	2012	8	31	244	-9999	0.03970833333	0.02191666667
0252611012	2012	9	1	245	-9999	0.03925	0.021
0252611012	2012	9	2	246	0.09791666667	0.03858333333	0.02075
0252611012	2012	9	3	247	0.112125	0.03958333333	0.01891666667
0252611012	2012	9	4	248	0.106125	0.043125	0.0185
0252611012	2012	9	5	249	0.09845833333	0.04775	0.01808333333
0252611012	2012	9	6	250	0.0915	0.05354166667	0.01883333333
0252611012	2012	9	7	251	0.08375	0.058625	0.018375
0252611012	2012	9	8	252	0.07558333333	0.06045833333	0.01754166667
0252611012	2012	9	9	253	0.069125	0.06179166667	0.01766666667
0252611012	2012	9	10	254	0.06445833333	0.06395833333	0.017625
0252611012	2012	9	11	255	0.06208333333	0.06591666667	0.01795833333
0252611012	2012	9	12	256	0.0533125	0.063625	0.0179375
0252611012	2012	9	13	257	0.04829166667	0.06291666667	0.017375
0252611012	2012	9	14	258	0.04483333333	0.06233333333	0.016625
0252611012	2012	9	15	259	0.04	0.06216666667	0.01716666667
0252611012	2012	9	16	260	0.03579166667	0.061875	0.01625
0252611012	2012	9	17	261	0.02983333333	0.06116666667	0.01704166667
0252611012	2012	9	18	262	0.02429411765	0.05888235294	0.01523529412
0252611012	2012	9	19	263	0.02029411765	0.05770588235	0.01558823529
0252611012	2012	9	20	264	0.018875	0.05683333333	0.01420833333
0252611012	2012	9	21	265	0.01647058824	0.05535294118	0.01435294118
0252611012	2012	9	22	266	0.01470833333	0.054875	0.014625
0252611012	2012	9	23	267	0.01441666667	0.054125	0.01454166667
0252611012	2012	9	24	268	0.01370833333	0.054625	0.01475
0252611012	2012	9	25	269	0.01029411765	0.05288235294	0.01511764706
0252611012	2012	9	26	270	0.01041176471	0.05235294118	0.01547058824
0252611012	2012	9	27	271	0.0147826087	0.05160869565	0.01652173913
0252611012	2012	9	28	272	0.03365217391	0.05139130435	0.01595652174
0252611012	2012	9	29	273	0.04145833333	0.05029166667	0.014625
0252611012	2012	9	30	274	0.04260869565	0.05	0.01469565217
0252611012	2012	10	1	275	0.04058333333	0.04975	0.013875
0252611012	2012	10	2	276	0.037125	0.04875	0.014
0252611012	2012	10	3	277	0.03282352941	0.04811764706	0.01394117647
0252611012	2012	10	4	278	0.02658333333	0.046875	0.0145
0252611012	2012	10	5	279	0.02366666667	0.0455	0.013
0252611012	2012	10	6	280	0.01520833333	0.04483333333	0.01283333333
0252611012	2012	10	7	281	0.006375	0.04420833333	0.01216666667
0252611012	2012	10	8	282	0.00325	0.04391666667	0.011625
0252611012	2012	10	9	283	0.007583333333	0.04333333333	0.01075
0252611012	2012	10	10	284	0.01773913043	0.04482608696	0.01104347826
0252611012	2012	10	11	285	0.025625	0.04554166667	0.01158333333
0252611012	2012	10	12	286	0.02630434783	0.04808695652	0.01143478261
0252611012	2012	10	13	287	0.09841666667	0.048875	0.01408333333
0252611012	2012	10	14	288	0.1229583333	0.05275	0.01358333333
0252611012	2012	10	15	289	0.1200416667	0.06116666667	0.01404166667
0252611012	2012	10	16	290	0.1194166667	0.07366666667	0.014
0252611012	2012	10	17	291	0.1627826087	0.08717391304	0.01308695652
0252611012	2012	10	18	292	0.1231666667	0.103	0.0135
0252611012	2012	10	19	293	0.097375	0.10925	0.01195833333
0252611012	2012	10	20	294	0.1023333333	0.1109583333	0.01225
0252611012	2012	10	21	295	0.1362916667	0.113	0.01179166667
0252611012	2012	10	22	296	0.1887083333	0.118	0.01354166667
0252611012	2012	10	23	297	0.2247916667	0.138	0.01283333333
0252611012	2012	10	24	298	0.2145833333	0.1710833333	0.01370833333
0252611012	2012	10	25	299	0.2051304348	0.1765217391	0.01456521739
0252611012	2012	10	26	300	0.1978695652	0.178173913	0.01386956522
0252611012	2012	10	27	301	0.1916666667	0.1788333333	0.0135
0252611012	2012	10	28	302	0.1870833333	0.1788333333	0.01416666667
0252611012	2012	10	29	303	0.1879583333	0.1790833333	0.01404166667
0252611012	2012	10	30	304	0.1897916667	0.1807083333	0.01483333333
0252611012	2012	10	31	305	0.1911304348	0.1817826087	0.01413043478
0252611012	2012	11	1	306	0.191875	0.1824166667	0.01516666667
0252611012	2012	11	2	307	0.1930416667	0.183625	0.014625
0252611012	2012	11	3	308	0.1926666667	0.1848333333	0.01520833333
0252611012	2012	11	4	309	0.1877916667	0.18475	0.0165
0252611012	2012	11	5	310	0.196625	0.185375	0.01795833333
0252611012	2012	11	6	311	0.199	0.1867083333	0.01904166667
0252611012	2012	11	7	312	0.1927916667	0.1870833333	0.02083333333
0252611012	2012	11	8	313	0.1839166667	0.1875	0.02404166667
0252611012	2012	11	9	314	0.1914583333	0.187625	0.02533333333
0252611012	2012	11	10	315	0.208875	0.1897916667	0.028375
0252611012	2012	11	11	316	0.2044583333	0.1912916667	0.030875
0252611012	2012	11	12	317	0.1969166667	0.1914583333	0.03341666667
0252611012	2012	11	13	318	0.1921666667	0.1910833333	0.03645833333
0252611012	2012	11	14	319	0.1879166667	0.1908333333	0.03916666667
0252611012	2012	11	15	320	0.1856666667	0.1905416667	0.04175
0252611012	2012	11	16	321	0.1808235294	0.1901764706	0.04417647059
0252611012	2012	11	17	322	0.1813043478	0.1894347826	0.04647826087
0252611012	2012	11	18	323	0.2099166667	0.1892916667	0.0485
0252611012	2012	11	19	324	0.2309166667	0.191625	0.05033333333
0252611012	2012	11	20	325	0.2253333333	0.1952916667	0.05175
0252611012	2012	11	21	326	0.2189166667	0.1980416667	0.05325
0252611012	2012	11	22	327	0.2135833333	0.1988333333	0.054875
0252611012	2012	11	23	328	0.1946666667	0.1991666667	0.05616666667
0252611012	2012	11	24	329	0.1676666667	0.1981666667	0.05679166667
0252611012	2012	11	25	330	0.15225	0.1960833333	0.0585
0252611012	2012	11	26	331	0.141625	0.193875	0.059125
0252611012	2012	11	27	332	0.1102916667	0.1915833333	0.05983333333
0252611012	2012	11	28	333	0.07668181818	0.1885454545	0.06104545455
0252611012	2012	11	29	334	0.078375	0.1851666667	0.06204166667
0252611012	2012	11	30	335	0.08258333333	0.181875	0.06245833333
0252611012	2012	12	1	336	0.0985	0.1808333333	0.06304166667
0252611012	2012	12	2	337	0.1665	0.1855	0.06433333333
0252611012	2012	12	3	338	0.2510588235	0.2106470588	0.06464705882
0252611012	2012	12	4	339	0.2369583333	0.21525	0.065
0252611012	2012	12	5	340	0.2367058824	0.2151764706	0.06658823529
0252611012	2012	12	6	341	0.262125	0.22625	0.06841666667
0252611012	2012	12	7	342	0.2483043478	0.2290869565	0.07126086957
0252611012	2012	12	8	343	0.225625	0.226875	0.073625
0252611012	2012	12	9	344	0.203	0.2227391304	0.07634782609
0252611012	2012	12	10	345	0.1765	0.21825	0.07829166667
0252611012	2012	12	11	346	0.164375	0.21375	0.07941666667
0252611012	2012	12	12	347	0.1629166667	0.2097916667	0.080375
0252611012	2012	12	13	348	0.1628235294	0.2061764706	0.08105882353
0252611012	2012	12	14	349	0.1652083333	0.204	0.081375
0252611012	2012	12	15	350	0.1654166667	0.2026666667	0.08254166667
0252611012	2012	12	16	351	0.1724583333	0.2010416667	0.08341666667
0252611012	2012	12	17	352	0.1778125	0.200875	0.082875
0252611012	2012	12	18	353	-9999	-9999	-9999
0252611012	2012	12	19	354	-9999	-9999	-9999
0252611012	2012	12	20	355	-9999	-9999	-9999
0252611012	2012	12	21	356	-9999	-9999	-9999
0252611012	2012	12	22	357	-9999	-9999	-9999
0252611012	2012	12	23	358	-9999	-9999	-9999
0252611012	2012	12	24	359	-9999	-9999	-9999
0252611012	2012	12	25	360	-9999	-9999	-9999
0252611012	2012	12	26	361	-9999	-9999	-9999
0252611012	2012	12	27	362	-9999	-9999	-9999
0252611012	2012	12	28	363	-9999	-9999	-9999
0252611012	2012	12	29	364	-9999	-9999	-9999
0252611012	2012	12	30	365	-9999	-9999	-9999
0252611012	2012	12	31	366	-9999	-9999	-9999
