stationID	Y	M	D	DOY	depth_5	depth_10	depth_20
0253501012	2010	1	1	1	-9999	-9999	-9999
0253501012	2010	1	2	2	-9999	-9999	-9999
0253501012	2010	1	3	3	-9999	-9999	-9999
0253501012	2010	1	4	4	-9999	-9999	-9999
0253501012	2010	1	5	5	-9999	-9999	-9999
0253501012	2010	1	6	6	-9999	-9999	-9999
0253501012	2010	1	7	7	-9999	-9999	-9999
0253501012	2010	1	8	8	-9999	-9999	-9999
0253501012	2010	1	9	9	-9999	-9999	-9999
0253501012	2010	1	10	10	-9999	-9999	-9999
0253501012	2010	1	11	11	-9999	-9999	-9999
0253501012	2010	1	12	12	-9999	-9999	-9999
0253501012	2010	1	13	13	-9999	-9999	-9999
0253501012	2010	1	14	14	-9999	-9999	-9999
0253501012	2010	1	15	15	-9999	-9999	-9999
0253501012	2010	1	16	16	-9999	-9999	-9999
0253501012	2010	1	17	17	-9999	-9999	-9999
0253501012	2010	1	18	18	-9999	-9999	-9999
0253501012	2010	1	19	19	-9999	-9999	-9999
0253501012	2010	1	20	20	-9999	-9999	-9999
0253501012	2010	1	21	21	-9999	-9999	-9999
0253501012	2010	1	22	22	-9999	-9999	-9999
0253501012	2010	1	23	23	-9999	-9999	-9999
0253501012	2010	1	24	24	-9999	-9999	-9999
0253501012	2010	1	25	25	-9999	-9999	-9999
0253501012	2010	1	26	26	-9999	-9999	-9999
0253501012	2010	1	27	27	-9999	-9999	-9999
0253501012	2010	1	28	28	-9999	-9999	-9999
0253501012	2010	1	29	29	-9999	-9999	-9999
0253501012	2010	1	30	30	-9999	-9999	-9999
0253501012	2010	1	31	31	-9999	-9999	-9999
0253501012	2010	2	1	32	-9999	-9999	-9999
0253501012	2010	2	2	33	-9999	-9999	-9999
0253501012	2010	2	3	34	-9999	-9999	-9999
0253501012	2010	2	4	35	-9999	-9999	-9999
0253501012	2010	2	5	36	-9999	-9999	-9999
0253501012	2010	2	6	37	-9999	-9999	-9999
0253501012	2010	2	7	38	-9999	-9999	-9999
0253501012	2010	2	8	39	-9999	-9999	-9999
0253501012	2010	2	9	40	-9999	-9999	-9999
0253501012	2010	2	10	41	-9999	-9999	-9999
0253501012	2010	2	11	42	-9999	-9999	-9999
0253501012	2010	2	12	43	-9999	-9999	-9999
0253501012	2010	2	13	44	-9999	-9999	-9999
0253501012	2010	2	14	45	-9999	-9999	-9999
0253501012	2010	2	15	46	-9999	-9999	-9999
0253501012	2010	2	16	47	-9999	-9999	-9999
0253501012	2010	2	17	48	-9999	-9999	-9999
0253501012	2010	2	18	49	-9999	-9999	-9999
0253501012	2010	2	19	50	-9999	-9999	-9999
0253501012	2010	2	20	51	-9999	-9999	-9999
0253501012	2010	2	21	52	-9999	-9999	-9999
0253501012	2010	2	22	53	-9999	-9999	-9999
0253501012	2010	2	23	54	-9999	-9999	-9999
0253501012	2010	2	24	55	-9999	-9999	-9999
0253501012	2010	2	25	56	-9999	-9999	-9999
0253501012	2010	2	26	57	-9999	-9999	-9999
0253501012	2010	2	27	58	-9999	-9999	-9999
0253501012	2010	2	28	59	-9999	-9999	-9999
0253501012	2010	3	1	60	-9999	-9999	-9999
0253501012	2010	3	2	61	-9999	-9999	-9999
0253501012	2010	3	3	62	-9999	-9999	-9999
0253501012	2010	3	4	63	-9999	-9999	-9999
0253501012	2010	3	5	64	-9999	-9999	-9999
0253501012	2010	3	6	65	-9999	-9999	-9999
0253501012	2010	3	7	66	-9999	-9999	-9999
0253501012	2010	3	8	67	-9999	-9999	-9999
0253501012	2010	3	9	68	-9999	-9999	-9999
0253501012	2010	3	10	69	-9999	-9999	-9999
0253501012	2010	3	11	70	-9999	-9999	-9999
0253501012	2010	3	12	71	-9999	-9999	-9999
0253501012	2010	3	13	72	-9999	-9999	-9999
0253501012	2010	3	14	73	-9999	-9999	-9999
0253501012	2010	3	15	74	-9999	-9999	-9999
0253501012	2010	3	16	75	-9999	-9999	-9999
0253501012	2010	3	17	76	-9999	-9999	-9999
0253501012	2010	3	18	77	-9999	-9999	-9999
0253501012	2010	3	19	78	-9999	-9999	-9999
0253501012	2010	3	20	79	-9999	-9999	-9999
0253501012	2010	3	21	80	-9999	-9999	-9999
0253501012	2010	3	22	81	-9999	-9999	-9999
0253501012	2010	3	23	82	-9999	-9999	-9999
0253501012	2010	3	24	83	-9999	-9999	-9999
0253501012	2010	3	25	84	-9999	-9999	-9999
0253501012	2010	3	26	85	-9999	-9999	-9999
0253501012	2010	3	27	86	-9999	-9999	-9999
0253501012	2010	3	28	87	-9999	-9999	-9999
0253501012	2010	3	29	88	-9999	-9999	-9999
0253501012	2010	3	30	89	-9999	-9999	-9999
0253501012	2010	3	31	90	-9999	-9999	-9999
0253501012	2010	4	1	91	-9999	-9999	-9999
0253501012	2010	4	2	92	-9999	-9999	-9999
0253501012	2010	4	3	93	-9999	-9999	-9999
0253501012	2010	4	4	94	-9999	-9999	-9999
0253501012	2010	4	5	95	-9999	-9999	-9999
0253501012	2010	4	6	96	-9999	-9999	-9999
0253501012	2010	4	7	97	-9999	-9999	-9999
0253501012	2010	4	8	98	-9999	-9999	-9999
0253501012	2010	4	9	99	-9999	-9999	-9999
0253501012	2010	4	10	100	-9999	-9999	-9999
0253501012	2010	4	11	101	-9999	-9999	-9999
0253501012	2010	4	12	102	-9999	-9999	-9999
0253501012	2010	4	13	103	-9999	-9999	-9999
0253501012	2010	4	14	104	-9999	-9999	-9999
0253501012	2010	4	15	105	-9999	-9999	-9999
0253501012	2010	4	16	106	-9999	-9999	-9999
0253501012	2010	4	17	107	-9999	-9999	-9999
0253501012	2010	4	18	108	-9999	-9999	-9999
0253501012	2010	4	19	109	-9999	-9999	-9999
0253501012	2010	4	20	110	-9999	-9999	-9999
0253501012	2010	4	21	111	-9999	-9999	-9999
0253501012	2010	4	22	112	-9999	-9999	-9999
0253501012	2010	4	23	113	-9999	-9999	-9999
0253501012	2010	4	24	114	-9999	-9999	-9999
0253501012	2010	4	25	115	-9999	-9999	-9999
0253501012	2010	4	26	116	-9999	-9999	-9999
0253501012	2010	4	27	117	-9999	-9999	-9999
0253501012	2010	4	28	118	-9999	-9999	-9999
0253501012	2010	4	29	119	-9999	-9999	-9999
0253501012	2010	4	30	120	-9999	-9999	-9999
0253501012	2010	5	1	121	-9999	-9999	-9999
0253501012	2010	5	2	122	-9999	-9999	-9999
0253501012	2010	5	3	123	-9999	-9999	-9999
0253501012	2010	5	4	124	-9999	-9999	-9999
0253501012	2010	5	5	125	-9999	-9999	-9999
0253501012	2010	5	6	126	-9999	-9999	-9999
0253501012	2010	5	7	127	-9999	-9999	-9999
0253501012	2010	5	8	128	-9999	-9999	-9999
0253501012	2010	5	9	129	-9999	-9999	-9999
0253501012	2010	5	10	130	-9999	-9999	-9999
0253501012	2010	5	11	131	-9999	-9999	-9999
0253501012	2010	5	12	132	-9999	-9999	-9999
0253501012	2010	5	13	133	-9999	-9999	-9999
0253501012	2010	5	14	134	-9999	-9999	-9999
0253501012	2010	5	15	135	-9999	-9999	-9999
0253501012	2010	5	16	136	-9999	-9999	-9999
0253501012	2010	5	17	137	-9999	-9999	-9999
0253501012	2010	5	18	138	-9999	-9999	-9999
0253501012	2010	5	19	139	-9999	-9999	-9999
0253501012	2010	5	20	140	-9999	-9999	-9999
0253501012	2010	5	21	141	-9999	-9999	-9999
0253501012	2010	5	22	142	-9999	-9999	-9999
0253501012	2010	5	23	143	-9999	-9999	-9999
0253501012	2010	5	24	144	-9999	-9999	-9999
0253501012	2010	5	25	145	-9999	-9999	-9999
0253501012	2010	5	26	146	-9999	-9999	-9999
0253501012	2010	5	27	147	-9999	-9999	-9999
0253501012	2010	5	28	148	-9999	-9999	-9999
0253501012	2010	5	29	149	-9999	-9999	-9999
0253501012	2010	5	30	150	-9999	-9999	-9999
0253501012	2010	5	31	151	-9999	-9999	-9999
0253501012	2010	6	1	152	-9999	-9999	-9999
0253501012	2010	6	2	153	-9999	-9999	-9999
0253501012	2010	6	3	154	-9999	-9999	-9999
0253501012	2010	6	4	155	-9999	-9999	-9999
0253501012	2010	6	5	156	-9999	-9999	-9999
0253501012	2010	6	6	157	-9999	-9999	-9999
0253501012	2010	6	7	158	-9999	-9999	-9999
0253501012	2010	6	8	159	-9999	-9999	-9999
0253501012	2010	6	9	160	-9999	-9999	-9999
0253501012	2010	6	10	161	-9999	-9999	-9999
0253501012	2010	6	11	162	-9999	-9999	-9999
0253501012	2010	6	12	163	-9999	-9999	-9999
0253501012	2010	6	13	164	-9999	-9999	-9999
0253501012	2010	6	14	165	-9999	-9999	-9999
0253501012	2010	6	15	166	-9999	-9999	-9999
0253501012	2010	6	16	167	-9999	-9999	-9999
0253501012	2010	6	17	168	-9999	-9999	-9999
0253501012	2010	6	18	169	-9999	-9999	-9999
0253501012	2010	6	19	170	-9999	-9999	-9999
0253501012	2010	6	20	171	-9999	-9999	-9999
0253501012	2010	6	21	172	-9999	-9999	-9999
0253501012	2010	6	22	173	-9999	-9999	-9999
0253501012	2010	6	23	174	-9999	-9999	-9999
0253501012	2010	6	24	175	-9999	-9999	-9999
0253501012	2010	6	25	176	-9999	-9999	-9999
0253501012	2010	6	26	177	-9999	-9999	-9999
0253501012	2010	6	27	178	-9999	-9999	-9999
0253501012	2010	6	28	179	-9999	-9999	-9999
0253501012	2010	6	29	180	-9999	-9999	-9999
0253501012	2010	6	30	181	-9999	-9999	-9999
0253501012	2010	7	1	182	-9999	-9999	-9999
0253501012	2010	7	2	183	-9999	-9999	-9999
0253501012	2010	7	3	184	-9999	-9999	-9999
0253501012	2010	7	4	185	-9999	-9999	-9999
0253501012	2010	7	5	186	-9999	-9999	-9999
0253501012	2010	7	6	187	-9999	-9999	-9999
0253501012	2010	7	7	188	-9999	-9999	-9999
0253501012	2010	7	8	189	-9999	-9999	-9999
0253501012	2010	7	9	190	-9999	-9999	-9999
0253501012	2010	7	10	191	-9999	-9999	-9999
0253501012	2010	7	11	192	-9999	-9999	-9999
0253501012	2010	7	12	193	-9999	-9999	-9999
0253501012	2010	7	13	194	-9999	-9999	-9999
0253501012	2010	7	14	195	-9999	-9999	-9999
0253501012	2010	7	15	196	-9999	-9999	-9999
0253501012	2010	7	16	197	-9999	-9999	-9999
0253501012	2010	7	17	198	-9999	-9999	-9999
0253501012	2010	7	18	199	-9999	-9999	-9999
0253501012	2010	7	19	200	-9999	-9999	-9999
0253501012	2010	7	20	201	-9999	-9999	-9999
0253501012	2010	7	21	202	-9999	-9999	-9999
0253501012	2010	7	22	203	0.0345	0.0015	0.0095
0253501012	2010	7	23	204	0.0325	-9999	0.00725
0253501012	2010	7	24	205	0.031	-9999	0.0035
0253501012	2010	7	25	206	0.0305	-9999	0.003
0253501012	2010	7	26	207	0.02925	-9999	-9999
0253501012	2010	7	27	208	0.02525	-9999	-9999
0253501012	2010	7	28	209	0.02225	-9999	-9999
0253501012	2010	7	29	210	0.0195	-9999	-9999
0253501012	2010	7	30	211	0.015	-9999	-9999
0253501012	2010	7	31	212	0.01575	-9999	-9999
0253501012	2010	8	1	213	0.03625	-9999	-9999
0253501012	2010	8	2	214	0.047	-9999	-9999
0253501012	2010	8	3	215	0.04475	-9999	-9999
0253501012	2010	8	4	216	0.0415	-9999	-9999
0253501012	2010	8	5	217	0.04125	-9999	-9999
0253501012	2010	8	6	218	0.038	-9999	-9999
0253501012	2010	8	7	219	0.03375	-9999	-9999
0253501012	2010	8	8	220	0.0325	-9999	-9999
0253501012	2010	8	9	221	0.0275	-9999	-9999
0253501012	2010	8	10	222	0.024	-9999	-9999
0253501012	2010	8	11	223	0.02125	-9999	-9999
0253501012	2010	8	12	224	0.02025	-9999	-9999
0253501012	2010	8	13	225	0.021	-9999	-9999
0253501012	2010	8	14	226	0.018	-9999	-9999
0253501012	2010	8	15	227	0.01625	-9999	-9999
0253501012	2010	8	16	228	0.016	-9999	-9999
0253501012	2010	8	17	229	0.01425	-9999	-9999
0253501012	2010	8	18	230	0.01325	-9999	-9999
0253501012	2010	8	19	231	0.01	-9999	-9999
0253501012	2010	8	20	232	0.00675	-9999	-9999
0253501012	2010	8	21	233	0.002	-9999	-9999
0253501012	2010	8	22	234	-9999	-9999	-9999
0253501012	2010	8	23	235	-9999	-9999	-9999
0253501012	2010	8	24	236	-9999	-9999	-9999
0253501012	2010	8	25	237	-9999	-9999	-9999
0253501012	2010	8	26	238	-9999	-9999	-9999
0253501012	2010	8	27	239	-9999	-9999	-9999
0253501012	2010	8	28	240	-9999	-9999	-9999
0253501012	2010	8	29	241	-9999	-9999	-9999
0253501012	2010	8	30	242	-9999	-9999	-9999
0253501012	2010	8	31	243	-9999	-9999	-9999
0253501012	2010	9	1	244	0.005	0.056667	-9999
0253501012	2010	9	2	245	0.01525	0.051	0.0185
0253501012	2010	9	3	246	0.031	0.04275	0.02675
0253501012	2010	9	4	247	0.0395	0.03075	0.0305
0253501012	2010	9	5	248	0.0375	0.02	0.02775
0253501012	2010	9	6	249	0.03725	-9999	0.02275
0253501012	2010	9	7	250	0.0545	0.038	-9999
0253501012	2010	9	8	251	0.101	0.07175	0.092
0253501012	2010	9	9	252	0.11825	0.0775	0.10875
0253501012	2010	9	10	253	0.107	0.069	0.09775
0253501012	2010	9	11	254	0.098	0.06325	0.0885
0253501012	2010	9	12	255	0.09075	0.058	0.08
0253501012	2010	9	13	256	0.084	0.0525	0.07475
0253501012	2010	9	14	257	0.0775	0.045	0.066
0253501012	2010	9	15	258	0.0715	0.039	0.059
0253501012	2010	9	16	259	0.0665	0.03075	0.05075
0253501012	2010	9	17	260	0.061	0.0235	0.04275
0253501012	2010	9	18	261	0.06575	0.02075	0.03925
0253501012	2010	9	19	262	0.094	0.05475	0.05975
0253501012	2010	9	20	263	0.152	0.095	0.13775
0253501012	2010	9	21	264	0.13825	0.085	0.1215
0253501012	2010	9	22	265	0.12525	0.07875	0.11
0253501012	2010	9	23	266	0.11375	0.073	0.10025
0253501012	2010	9	24	267	0.11375	0.07175	0.098
0253501012	2010	9	25	268	0.1085	0.06975	0.0945
0253501012	2010	9	26	269	0.101	0.06425	0.08825
0253501012	2010	9	27	270	0.0955	0.06	0.0825
0253501012	2010	9	28	271	0.0895	0.0555	0.07875
0253501012	2010	9	29	272	0.0825	0.04925	0.07175
0253501012	2010	9	30	273	0.07575	0.041	0.063
0253501012	2010	10	1	274	0.07275	0.03525	0.05725
0253501012	2010	10	2	275	0.06675	0.029	0.051
0253501012	2010	10	3	276	0.0605	0.023	0.045
0253501012	2010	10	4	277	0.0565	0.016	0.03775
0253501012	2010	10	5	278	0.05025	0.01025	0.03325
0253501012	2010	10	6	279	0.04725	0.0053333	0.0275
0253501012	2010	10	7	280	0.0445	0.002	0.022
0253501012	2010	10	8	281	0.04125	-9999	0.01725
0253501012	2010	10	9	282	0.0385	-9999	0.0135
0253501012	2010	10	10	283	0.0495	-9999	-9999
0253501012	2010	10	11	284	0.10075	0.045	0.082
0253501012	2010	10	12	285	0.10025	0.056	0.08675
0253501012	2010	10	13	286	0.09625	0.056	0.08325
0253501012	2010	10	14	287	0.09075	0.05275	0.07825
0253501012	2010	10	15	288	0.0845	0.05	0.07175
0253501012	2010	10	16	289	0.0805	0.04725	0.0675
0253501012	2010	10	17	290	0.07725	0.04425	0.06375
0253501012	2010	10	18	291	0.075	0.043333	0.060333
0253501012	2010	10	19	292	0.073	0.04125	0.056
0253501012	2010	10	20	293	0.06975	0.03825	0.05375
0253501012	2010	10	21	294	0.0665	0.0335	0.049
0253501012	2010	10	22	295	0.06375	0.029	0.04475
0253501012	2010	10	23	296	0.06075	0.02675	0.04225
0253501012	2010	10	24	297	0.0775	0.04125	0.05425
0253501012	2010	10	25	298	0.15025	0.09025	0.134
0253501012	2010	10	26	299	0.14025	0.085	0.12375
0253501012	2010	10	27	300	0.1325	0.081	0.1175
0253501012	2010	10	28	301	0.12875	0.0795	0.1135
0253501012	2010	10	29	302	0.125	0.078	0.1085
0253501012	2010	10	30	303	0.12475	0.078	0.1075
0253501012	2010	10	31	304	0.12575	0.07775	0.1075
0253501012	2010	11	1	305	0.14375	0.085	0.1255
0253501012	2010	11	2	306	0.191	0.15425	0.17575
0253501012	2010	11	3	307	0.18275	0.1155	0.16325
0253501012	2010	11	4	308	0.16975	0.107	0.1485
0253501012	2010	11	5	309	0.159	0.101	0.13725
0253501012	2010	11	6	310	0.14925	0.0975	0.12875
0253501012	2010	11	7	311	0.167	0.108	0.142
0253501012	2010	11	8	312	0.176	0.1125	0.15325
0253501012	2010	11	9	313	0.1615	0.104	0.14
0253501012	2010	11	10	314	0.14625	0.0955	0.1275
0253501012	2010	11	11	315	0.13925	0.092	0.121
0253501012	2010	11	12	316	0.13175	0.089	0.11475
0253501012	2010	11	13	317	0.126	0.0845	0.11075
0253501012	2010	11	14	318	0.12275	0.0825	0.1065
0253501012	2010	11	15	319	0.12575	0.0845	0.1065
0253501012	2010	11	16	320	0.1295	0.08825	0.108
0253501012	2010	11	17	321	0.1315	0.08875	0.109
0253501012	2010	11	18	322	0.12825	0.08675	0.1085
0253501012	2010	11	19	323	0.12	0.08275	0.105
0253501012	2010	11	20	324	0.111	0.077	0.10025
0253501012	2010	11	21	325	0.10625	0.073	0.0965
0253501012	2010	11	22	326	0.10075	0.06875	0.0935
0253501012	2010	11	23	327	0.0945	0.066	0.09075
0253501012	2010	11	24	328	0.07725	0.06275	0.08675
0253501012	2010	11	25	329	0.0415	0.05075	0.08375
0253501012	2010	11	26	330	0.03575	0.0435	0.08025
0253501012	2010	11	27	331	0.039	0.041	0.077
0253501012	2010	11	28	332	0.04575	0.04525	0.07525
0253501012	2010	11	29	333	0.0375	0.041	0.07475
0253501012	2010	11	30	334	0.034	0.0325	0.07175
0253501012	2010	12	1	335	0.03725	0.0325	0.06875
0253501012	2010	12	2	336	0.0435	0.0375	0.067
0253501012	2010	12	3	337	0.04775	0.043	0.06725
0253501012	2010	12	4	338	0.04175	0.041	0.06625
0253501012	2010	12	5	339	0.03575	0.03475	0.06525
0253501012	2010	12	6	340	0.0365	0.03075	0.06325
0253501012	2010	12	7	341	0.04475	0.036	0.0615
0253501012	2010	12	8	342	0.058	0.0445	0.06175
0253501012	2010	12	9	343	0.072	0.0525	0.06175
0253501012	2010	12	10	344	0.083	0.05775	0.06375
0253501012	2010	12	11	345	0.09025	0.062	0.06375
0253501012	2010	12	12	346	0.08925	0.0615	0.06525
0253501012	2010	12	13	347	0.0915	0.06075	0.06625
0253501012	2010	12	14	348	0.10025	0.063	0.06725
0253501012	2010	12	15	349	0.10875	0.0625	0.06875
0253501012	2010	12	16	350	0.1125	0.0645	0.07
0253501012	2010	12	17	351	0.108	0.06125	0.0715
0253501012	2010	12	18	352	0.1005	0.0605	0.0705
0253501012	2010	12	19	353	0.0915	0.05575	0.07175
0253501012	2010	12	20	354	0.08425	0.05325	0.06975
0253501012	2010	12	21	355	0.08075	0.051	0.068
0253501012	2010	12	22	356	0.08125	0.049	0.0675
0253501012	2010	12	23	357	0.08375	0.05125	0.06575
0253501012	2010	12	24	358	0.0855	0.0515	0.067
0253501012	2010	12	25	359	0.08775	0.0535	0.0655
0253501012	2010	12	26	360	0.0885	0.05375	0.067
0253501012	2010	12	27	361	0.09125	0.0565	0.06675
0253501012	2010	12	28	362	0.093	0.0565	0.0665
0253501012	2010	12	29	363	0.09275	0.058	0.069
0253501012	2010	12	30	364	0.09275	0.05775	0.06775
0253501012	2010	12	31	365	0.09125	0.057	0.0675
0253501012	2011	1	1	1	0.08775	0.0565	0.06825
0253501012	2011	1	2	2	0.0845	0.054	0.06825
0253501012	2011	1	3	3	0.0795	0.0515	0.0685
0253501012	2011	1	4	4	0.076	0.0495	0.065
0253501012	2011	1	5	5	0.0725	0.0485	0.06275
0253501012	2011	1	6	6	0.071	0.04675	0.06375
0253501012	2011	1	7	7	0.071	0.0455	0.0625
0253501012	2011	1	8	8	0.0725	0.0475	0.0625
0253501012	2011	1	9	9	0.07625	0.04725	0.06125
0253501012	2011	1	10	10	0.07775	0.0495	0.06175
0253501012	2011	1	11	11	0.07525	0.04825	0.061
0253501012	2011	1	12	12	0.072	0.04875	0.06175
0253501012	2011	1	13	13	0.066	0.04625	0.0605
0253501012	2011	1	14	14	0.06225	0.04325	0.0585
0253501012	2011	1	15	15	0.06025	0.04275	0.0575
0253501012	2011	1	16	16	0.06325	0.04275	0.057
0253501012	2011	1	17	17	0.067	0.044	0.0555
0253501012	2011	1	18	18	0.0705	0.04475	0.05675
0253501012	2011	1	19	19	0.072	0.04625	0.0565
0253501012	2011	1	20	20	0.076	0.04925	0.058
0253501012	2011	1	21	21	0.07625	0.05025	0.0575
0253501012	2011	1	22	22	0.07675	0.05125	0.05825
0253501012	2011	1	23	23	0.07575	0.0515	0.0585
0253501012	2011	1	24	24	0.0765	0.0505	0.059
0253501012	2011	1	25	25	0.07675	0.05225	0.05925
0253501012	2011	1	26	26	0.07725	0.05125	0.0585
0253501012	2011	1	27	27	0.07875	0.05375	0.05925
0253501012	2011	1	28	28	0.0805	0.05375	0.06075
0253501012	2011	1	29	29	0.08375	0.05525	0.062
0253501012	2011	1	30	30	0.08675	0.056	0.06325
0253501012	2011	1	31	31	0.08975	0.058	0.06375
0253501012	2011	2	1	32	0.08925	0.059	0.06375
0253501012	2011	2	2	33	0.08725	0.05875	0.065
0253501012	2011	2	3	34	0.08375	0.05675	0.065
0253501012	2011	2	4	35	0.08	0.05525	0.06575
0253501012	2011	2	5	36	0.076	0.05275	0.0645
0253501012	2011	2	6	37	0.07575	0.0505	0.06375
0253501012	2011	2	7	38	0.075	0.05075	0.0615
0253501012	2011	2	8	39	0.076	0.05	0.063
0253501012	2011	2	9	40	0.07575	0.05025	0.06225
0253501012	2011	2	10	41	0.0765	0.0515	0.06125
0253501012	2011	2	11	42	0.07575	0.05025	0.0625
0253501012	2011	2	12	43	0.0745	0.04925	0.06275
0253501012	2011	2	13	44	0.075	0.0485	0.0615
0253501012	2011	2	14	45	0.0765	0.05	0.0605
0253501012	2011	2	15	46	0.0765	0.05075	0.0625
0253501012	2011	2	16	47	0.07725	0.05025	0.0615
0253501012	2011	2	17	48	0.07925	0.05	0.06075
0253501012	2011	2	18	49	0.08075	0.05325	0.06075
0253501012	2011	2	19	50	0.08125	0.054	0.06125
0253501012	2011	2	20	51	0.08	0.05325	0.063
0253501012	2011	2	21	52	0.08025	0.054	0.06325
0253501012	2011	2	22	53	0.0795	0.05325	0.06375
0253501012	2011	2	23	54	0.0795	0.05325	0.062
0253501012	2011	2	24	55	0.077	0.0515	0.062
0253501012	2011	2	25	56	0.0735	0.05075	0.06225
0253501012	2011	2	26	57	0.072	0.04925	0.06325
0253501012	2011	2	27	58	0.07075	0.04875	0.06075
0253501012	2011	2	28	59	0.06925	0.04725	0.06025
0253501012	2011	3	1	60	0.06675	0.046	0.05975
0253501012	2011	3	2	61	0.06375	0.044	0.05975
0253501012	2011	3	3	62	0.063	0.04325	0.0595
0253501012	2011	3	4	63	0.06325	0.043	0.05725
0253501012	2011	3	5	64	0.06275	0.04225	0.0585
0253501012	2011	3	6	65	0.06225	0.042	0.058
0253501012	2011	3	7	66	0.064	0.043	0.05525
0253501012	2011	3	8	67	0.0665	0.04225	0.054
0253501012	2011	3	9	68	0.066	0.042	0.054
0253501012	2011	3	10	69	0.06575	0.04375	0.05475
0253501012	2011	3	11	70	0.06575	0.04375	0.05475
0253501012	2011	3	12	71	0.06775	0.0445	0.054
0253501012	2011	3	13	72	0.0675	0.044	0.0555
0253501012	2011	3	14	73	0.068	0.04425	0.05675
0253501012	2011	3	15	74	0.06975	0.04525	0.05625
0253501012	2011	3	16	75	0.07175	0.046	0.05425
0253501012	2011	3	17	76	0.07225	0.0465	0.0565
0253501012	2011	3	18	77	0.07475	0.049	0.05625
0253501012	2011	3	19	78	0.0765	0.0495	0.05675
0253501012	2011	3	20	79	0.079	0.05125	0.05775
0253501012	2011	3	21	80	0.08025	0.053	0.05825
0253501012	2011	3	22	81	0.0805	0.0535	0.05875
0253501012	2011	3	23	82	0.08175	0.0545	0.06125
0253501012	2011	3	24	83	0.084	0.0555	0.062
0253501012	2011	3	25	84	0.08475	0.05625	0.0635
0253501012	2011	3	26	85	0.087	0.05625	0.06275
0253501012	2011	3	27	86	0.08775	0.058	0.06375
0253501012	2011	3	28	87	0.0895	0.0595	0.06525
0253501012	2011	3	29	88	0.0905	0.06075	0.06475
0253501012	2011	3	30	89	0.09175	0.0605	0.06625
0253501012	2011	3	31	90	0.09275	0.06175	0.067
0253501012	2011	4	1	91	0.09475	0.063	0.068
0253501012	2011	4	2	92	0.0965	0.06275	0.069
0253501012	2011	4	3	93	0.09775	0.065	0.07075
0253501012	2011	4	4	94	0.1	0.0655	0.07225
0253501012	2011	4	5	95	0.1005	0.06475	0.07225
0253501012	2011	4	6	96	0.103	0.0665	0.074
0253501012	2011	4	7	97	0.1055	0.067	0.0755
0253501012	2011	4	8	98	0.10675	0.06825	0.0785
0253501012	2011	4	9	99	0.11	0.069	0.07975
0253501012	2011	4	10	100	0.11775	0.06975	0.0795
0253501012	2011	4	11	101	0.129	0.0755	0.0835
0253501012	2011	4	12	102	0.135	0.078	0.08625
0253501012	2011	4	13	103	0.1455	0.0815	0.08975
0253501012	2011	4	14	104	0.14625	0.08075	0.093
0253501012	2011	4	15	105	0.1445	0.0815	0.0935
0253501012	2011	4	16	106	0.14375	0.0815	0.09625
0253501012	2011	4	17	107	0.14425	0.08275	0.0975
0253501012	2011	4	18	108	0.144	0.08275	0.0975
0253501012	2011	4	19	109	0.145	0.0835	0.09925
0253501012	2011	4	20	110	0.145	0.083	0.09825
0253501012	2011	4	21	111	0.14525	0.08325	0.09975
0253501012	2011	4	22	112	0.1445	0.08375	0.0995
0253501012	2011	4	23	113	0.145	0.0835	0.1015
0253501012	2011	4	24	114	0.1485	0.086	0.10225
0253501012	2011	4	25	115	0.195	0.10275	0.108
0253501012	2011	4	26	116	0.19875	0.10675	0.11775
0253501012	2011	4	27	117	0.197	0.1045	0.119
0253501012	2011	4	28	118	0.1955	0.105	0.1205
0253501012	2011	4	29	119	0.19325	0.1035	0.1205
0253501012	2011	4	30	120	0.1925	0.1025	0.1205
0253501012	2011	5	1	121	0.19125	0.1025	0.12025
0253501012	2011	5	2	122	0.2115	0.116	0.12825
0253501012	2011	5	3	123	0.21425	0.1185	0.1345
0253501012	2011	5	4	124	0.21275	0.118	0.1365
0253501012	2011	5	5	125	0.2295	0.13175	0.14475
0253501012	2011	5	6	126	0.24675	0.1465	0.15625
0253501012	2011	5	7	127	0.253	0.1515	0.16475
0253501012	2011	5	8	128	0.252	0.1495	0.16575
0253501012	2011	5	9	129	0.2495	0.14375	0.165
0253501012	2011	5	10	130	0.266	0.16425	0.1735
0253501012	2011	5	11	131	0.295	-9999	0.19975
0253501012	2011	5	12	132	0.317	-9999	0.232
0253501012	2011	5	13	133	0.31375	-9999	0.2315
0253501012	2011	5	14	134	0.328	-9999	0.247
0253501012	2011	5	15	135	-9999	-9999	-9999
0253501012	2011	5	16	136	0.33725	-9999	0.26525
0253501012	2011	5	17	137	0.3165	0.2055	0.24025
0253501012	2011	5	18	138	0.31975	0.2075	0.2425
0253501012	2011	5	19	139	0.3245	-9999	0.2465
0253501012	2011	5	20	140	-9999	-9999	-9999
0253501012	2011	5	21	141	-9999	-9999	-9999
0253501012	2011	5	22	142	-9999	-9999	-9999
0253501012	2011	5	23	143	0.338	-9999	0.268
0253501012	2011	5	24	144	0.33725	-9999	0.265
0253501012	2011	5	25	145	-9999	-9999	-9999
0253501012	2011	5	26	146	-9999	-9999	-9999
0253501012	2011	5	27	147	0.32525	0.2165	0.25275
0253501012	2011	5	28	148	0.3205	-9999	0.24625
0253501012	2011	5	29	149	0.32425	-9999	0.24975
0253501012	2011	5	30	150	-9999	-9999	-9999
0253501012	2011	5	31	151	-9999	-9999	-9999
0253501012	2011	6	1	152	-9999	-9999	-9999
0253501012	2011	6	2	153	0.3335	-9999	0.26425
0253501012	2011	6	3	154	0.31775	0.218	0.24675
0253501012	2011	6	4	155	0.29825	0.198	0.22675
0253501012	2011	6	5	156	0.28175	0.18625	0.2145
0253501012	2011	6	6	157	0.26825	0.177	0.20025
0253501012	2011	6	7	158	0.25975	0.168	0.193
0253501012	2011	6	8	159	0.28825	0.185	0.21025
0253501012	2011	6	9	160	0.313	0.21275	0.2385
0253501012	2011	6	10	161	0.29425	0.194	0.22325
0253501012	2011	6	11	162	0.28225	0.1845	0.2115
0253501012	2011	6	12	163	0.27125	0.1775	0.203
0253501012	2011	6	13	164	0.26075	0.1695	0.19375
0253501012	2011	6	14	165	0.25875	0.1685	0.1895
0253501012	2011	6	15	166	0.24775	0.16	0.18375
0253501012	2011	6	16	167	0.24075	0.155	0.17625
0253501012	2011	6	17	168	0.23775	0.15325	0.1735
0253501012	2011	6	18	169	0.243	0.1555	0.17425
0253501012	2011	6	19	170	0.28475	0.18425	0.2065
0253501012	2011	6	20	171	0.26525	0.1715	0.1955
0253501012	2011	6	21	172	0.2525	0.163	0.18525
0253501012	2011	6	22	173	0.2395	0.156	0.17675
0253501012	2011	6	23	174	0.228	0.14925	0.16725
0253501012	2011	6	24	175	0.218	0.14225	0.16
0253501012	2011	6	25	176	0.21175	0.13775	0.15425
0253501012	2011	6	26	177	0.20425	0.134	0.15025
0253501012	2011	6	27	178	0.1955	0.129	0.1445
0253501012	2011	6	28	179	0.187	0.1245	0.13975
0253501012	2011	6	29	180	0.17775	0.11875	0.13575
0253501012	2011	6	30	181	0.16975	0.1125	0.13425
0253501012	2011	7	1	182	0.16375	0.108	0.1305
0253501012	2011	7	2	183	0.15825	0.10425	0.12775
0253501012	2011	7	3	184	0.14975	0.09975	0.124
0253501012	2011	7	4	185	0.14225	0.09325	0.12
0253501012	2011	7	5	186	0.135	0.088	0.1165
0253501012	2011	7	6	187	0.1285	0.08175	0.113
0253501012	2011	7	7	188	0.1185	0.07375	0.108
0253501012	2011	7	8	189	0.10925	0.06575	0.1035
0253501012	2011	7	9	190	0.1035	0.06	0.0995
0253501012	2011	7	10	191	0.09775	0.055	0.09475
0253501012	2011	7	11	192	0.09225	0.051	0.091
0253501012	2011	7	12	193	0.0865	0.04525	0.087
0253501012	2011	7	13	194	0.07925	0.04075	0.084
0253501012	2011	7	14	195	0.07575	0.03525	0.07975
0253501012	2011	7	15	196	0.071	0.029	0.0765
0253501012	2011	7	16	197	0.068	0.028	0.07225
0253501012	2011	7	17	198	0.0645	0.0235	0.06925
0253501012	2011	7	18	199	0.0635	0.02125	0.06475
0253501012	2011	7	19	200	0.059	0.0165	0.0615
0253501012	2011	7	20	201	0.06475	0.01275	0.0595
0253501012	2011	7	21	202	0.07075	0.01275	0.059
0253501012	2011	7	22	203	0.0685	0.01	0.05725
0253501012	2011	7	23	204	0.082	0.01125	0.05875
0253501012	2011	7	24	205	0.081	0.012	0.05875
0253501012	2011	7	25	206	0.07325	0.011	0.05725
0253501012	2011	7	26	207	0.11475	0.00925	0.08275
0253501012	2011	7	27	208	0.119	0.012	0.092
0253501012	2011	7	28	209	0.10925	0.015	0.0865
0253501012	2011	7	29	210	0.0995	0.0185	0.0815
0253501012	2011	7	30	211	0.08825	0.01725	0.07325
0253501012	2011	7	31	212	0.07825	0.0145	0.066
0253501012	2011	8	1	213	0.068	0.01175	0.0595
0253501012	2011	8	2	214	0.06025	0.00825	0.05225
0253501012	2011	8	3	215	0.05425	0.00575	0.0485
0253501012	2011	8	4	216	0.0495	0.005	0.0405
0253501012	2011	8	5	217	0.0435	0.0023333	0.03625
0253501012	2011	8	6	218	0.04075	-9999	0.0295
0253501012	2011	8	7	219	0.035	-9999	0.024
0253501012	2011	8	8	220	0.03175	-9999	0.01775
0253501012	2011	8	9	221	0.0275	-9999	0.01375
0253501012	2011	8	10	222	0.0245	-9999	0.00775
0253501012	2011	8	11	223	0.02125	-9999	0.002
0253501012	2011	8	12	224	0.0185	-9999	-9999
0253501012	2011	8	13	225	0.01475	-9999	-9999
0253501012	2011	8	14	226	0.00775	-9999	-9999
0253501012	2011	8	15	227	0.0046667	-9999	-9999
0253501012	2011	8	16	228	-9999	-9999	-9999
0253501012	2011	8	17	229	-9999	-9999	-9999
0253501012	2011	8	18	230	-9999	-9999	-9999
0253501012	2011	8	19	231	-9999	-9999	-9999
0253501012	2011	8	20	232	-9999	-9999	-9999
0253501012	2011	8	21	233	-9999	-9999	-9999
0253501012	2011	8	22	234	-9999	-9999	-9999
0253501012	2011	8	23	235	-9999	-9999	-9999
0253501012	2011	8	24	236	-9999	-9999	-9999
0253501012	2011	8	25	237	-9999	-9999	-9999
0253501012	2011	8	26	238	-9999	-9999	-9999
0253501012	2011	8	27	239	-9999	-9999	-9999
0253501012	2011	8	28	240	-9999	-9999	-9999
0253501012	2011	8	29	241	-9999	-9999	-9999
0253501012	2011	8	30	242	-9999	-9999	-9999
0253501012	2011	8	31	243	-9999	-9999	-9999
0253501012	2011	9	1	244	-9999	-9999	-9999
0253501012	2011	9	2	245	-9999	-9999	-9999
0253501012	2011	9	3	246	-9999	-9999	-9999
0253501012	2011	9	4	247	-9999	-9999	-9999
0253501012	2011	9	5	248	-9999	-9999	-9999
0253501012	2011	9	6	249	-9999	-9999	-9999
0253501012	2011	9	7	250	-9999	-9999	-9999
0253501012	2011	9	8	251	-9999	-9999	-9999
0253501012	2011	9	9	252	-9999	-9999	-9999
0253501012	2011	9	10	253	-9999	-9999	-9999
0253501012	2011	9	11	254	-9999	-9999	-9999
0253501012	2011	9	12	255	-9999	-9999	-9999
0253501012	2011	9	13	256	-9999	-9999	-9999
0253501012	2011	9	14	257	-9999	-9999	-9999
0253501012	2011	9	15	258	-9999	-9999	-9999
0253501012	2011	9	16	259	-9999	-9999	-9999
0253501012	2011	9	17	260	-9999	-9999	-9999
0253501012	2011	9	18	261	-9999	-9999	-9999
0253501012	2011	9	19	262	-9999	-9999	-9999
0253501012	2011	9	20	263	-9999	-9999	-9999
0253501012	2011	9	21	264	-9999	-9999	-9999
0253501012	2011	9	22	265	-9999	-9999	-9999
0253501012	2011	9	23	266	-9999	-9999	-9999
0253501012	2011	9	24	267	-9999	-9999	-9999
0253501012	2011	9	25	268	-9999	-9999	-9999
0253501012	2011	9	26	269	-9999	-9999	-9999
0253501012	2011	9	27	270	-9999	-9999	-9999
0253501012	2011	9	28	271	-9999	-9999	-9999
0253501012	2011	9	29	272	-9999	-9999	-9999
0253501012	2011	9	30	273	-9999	-9999	-9999
0253501012	2011	10	1	274	-9999	-9999	-9999
0253501012	2011	10	2	275	-9999	-9999	-9999
0253501012	2011	10	3	276	-9999	-9999	-9999
0253501012	2011	10	4	277	0.024	-9999	-9999
0253501012	2011	10	5	278	0.14475	0.089	0.152
0253501012	2011	10	6	279	0.21675	0.08475	0.1845
0253501012	2011	10	7	280	0.18225	0.077	0.1535
0253501012	2011	10	8	281	0.15925	0.06925	0.1365
0253501012	2011	10	9	282	0.14475	0.065	0.1265
0253501012	2011	10	10	283	0.14025	0.06325	0.122
0253501012	2011	10	11	284	0.2205	0.08825	0.18425
0253501012	2011	10	12	285	0.2065	0.088	0.172
0253501012	2011	10	13	286	0.184	0.08125	0.1535
0253501012	2011	10	14	287	0.16775	0.0765	0.1405
0253501012	2011	10	15	288	0.15775	0.07325	0.13375
0253501012	2011	10	16	289	0.148	0.0695	0.1275
0253501012	2011	10	17	290	0.1405	0.06725	0.122
0253501012	2011	10	18	291	0.13375	0.06525	0.118
0253501012	2011	10	19	292	0.1275	0.0625	0.11225
0253501012	2011	10	20	293	0.12175	0.05875	0.10825
0253501012	2011	10	21	294	0.1155	0.0575	0.10525
0253501012	2011	10	22	295	0.1125	0.05625	0.10175
0253501012	2011	10	23	296	0.1095	0.05575	0.0995
0253501012	2011	10	24	297	0.10525	0.05125	0.0965
0253501012	2011	10	25	298	0.09625	0.04925	0.09475
0253501012	2011	10	26	299	0.0835	0.04525	0.09025
0253501012	2011	10	27	300	0.05575	0.04125	0.0865
0253501012	2011	10	28	301	0.02925	0.03725	0.083
0253501012	2011	10	29	302	0.03625	0.03625	0.0805
0253501012	2011	10	30	303	0.04825	0.03575	0.07775
0253501012	2011	10	31	304	0.08525	0.0395	0.07675
0253501012	2011	11	1	305	0.07175	0.039	0.079
0253501012	2011	11	2	306	0.0125	0.0285	0.07625
0253501012	2011	11	3	307	0.00625	0.02	0.0725
0253501012	2011	11	4	308	0.01325	0.02825	0.07
0253501012	2011	11	5	309	0.009	0.02475	0.069
0253501012	2011	11	6	310	0.00375	0.010667	0.06725
0253501012	2011	11	7	311	0.0023333	-9999	0.06325
0253501012	2011	11	8	312	0.00225	-9999	0.061
0253501012	2011	11	9	313	0.0055	-9999	0.0585
0253501012	2011	11	10	314	0.008	0.0016667	0.058
0253501012	2011	11	11	315	0.0095	0.0095	0.05775
0253501012	2011	11	12	316	0.009	0.01175	0.05825
0253501012	2011	11	13	317	0.0115	0.01575	0.05775
0253501012	2011	11	14	318	0.011	0.0205	0.05775
0253501012	2011	11	15	319	0.0075	0.01575	0.058
0253501012	2011	11	16	320	0.0045	0.0045	0.05725
0253501012	2011	11	17	321	0.00275	-9999	0.0555
0253501012	2011	11	18	322	0.00675	-9999	0.05325
0253501012	2011	11	19	323	0.009	0.003	0.0535
0253501012	2011	11	20	324	0.009	0.0045	0.05
0253501012	2011	11	21	325	0.01	0.0045	0.0505
0253501012	2011	11	22	326	-9999	0.006	0.05075
0253501012	2011	11	23	327	0.0605	0.0245	0.06775
0253501012	2011	11	24	328	0.1705	0.07825	0.15
0253501012	2011	11	25	329	0.1775	0.08375	0.147
0253501012	2011	11	26	330	0.17475	0.08075	0.141
0253501012	2011	11	27	331	0.176	0.0785	0.13525
0253501012	2011	11	28	332	0.17525	0.07525	0.13175
0253501012	2011	11	29	333	0.1675	0.074	0.12775
0253501012	2011	11	30	334	0.16	0.07175	0.12475
0253501012	2011	12	1	335	0.15375	0.06975	0.121
0253501012	2011	12	2	336	0.1475	0.0695	0.1185
0253501012	2011	12	3	337	0.14	0.06525	0.11625
0253501012	2011	12	4	338	0.13375	0.0635	0.11175
0253501012	2011	12	5	339	0.13	0.0645	0.11
0253501012	2011	12	6	340	0.12325	0.062	0.10675
0253501012	2011	12	7	341	0.12025	0.05925	0.10475
0253501012	2011	12	8	342	0.115	0.0595	0.102
0253501012	2011	12	9	343	0.10825	0.05675	0.09925
0253501012	2011	12	10	344	0.1035	0.056	0.09625
0253501012	2011	12	11	345	0.10025	0.0535	0.09475
0253501012	2011	12	12	346	0.094	0.051	0.0915
0253501012	2011	12	13	347	0.084	0.04975	0.0895
0253501012	2011	12	14	348	0.07525	0.046	0.08575
0253501012	2011	12	15	349	0.067	0.043	0.083
0253501012	2011	12	16	350	0.06225	0.0405	0.08075
0253501012	2011	12	17	351	0.063	0.0405	0.07775
0253501012	2011	12	18	352	0.0695	0.039	0.07675
0253501012	2011	12	19	353	0.07375	0.0405	0.0755
0253501012	2011	12	20	354	0.07	0.04175	0.076
0253501012	2011	12	21	355	0.06675	0.04125	0.07375
0253501012	2011	12	22	356	0.057	0.03825	0.072
0253501012	2011	12	23	357	0.029	0.03625	0.071
0253501012	2011	12	24	358	0.014	0.0285	0.06925
0253501012	2011	12	25	359	0.01375	0.02575	0.0675
0253501012	2011	12	26	360	0.01825	0.02775	0.06475
0253501012	2011	12	27	361	0.01675	0.02775	0.06275
0253501012	2011	12	28	362	0.015	0.0255	0.062
0253501012	2011	12	29	363	0.0225	0.02575	0.0595
0253501012	2011	12	30	364	0.03225	0.0295	0.059
0253501012	2011	12	31	365	0.04	0.03225	0.059
0253501012	2012	1	1	1	0.04	0.03275	0.06
0253501012	2012	1	2	2	0.032	0.03375	0.05975
0253501012	2012	1	3	3	0.03025	0.03	0.05875
0253501012	2012	1	4	4	0.03175	0.028	0.0565
0253501012	2012	1	5	5	0.03875	0.03025	0.0575
0253501012	2012	1	6	6	0.0455	0.02975	0.0565
0253501012	2012	1	7	7	0.04275	0.0325	0.056
0253501012	2012	1	8	8	0.032	0.0365	0.056
0253501012	2012	1	9	9	0.0295	0.04125	0.05475
0253501012	2012	1	10	10	0.0345	0.0435	0.05475
0253501012	2012	1	11	11	0.0405	0.04375	0.05275
0253501012	2012	1	12	12	0.03425	0.037	0.05525
0253501012	2012	1	13	13	0.02275	0.03775	0.052
0253501012	2012	1	14	14	0.02075	0.0325	0.052
0253501012	2012	1	15	15	0.01925	0.028	0.05025
0253501012	2012	1	16	16	0.01575	0.034	0.05
0253501012	2012	1	17	17	0.011	0.015	0.04825
0253501012	2012	1	18	18	0.0085	-9999	0.04725
0253501012	2012	1	19	19	0.008	-9999	0.046
0253501012	2012	1	20	20	0.0085	-9999	0.044
0253501012	2012	1	21	21	0.00875	-9999	0.0445
0253501012	2012	1	22	22	0.00925	-9999	0.04175
0253501012	2012	1	23	23	0.01025	-9999	0.0405
0253501012	2012	1	24	24	0.01075	-9999	0.03975
0253501012	2012	1	25	25	0.00875	-9999	0.038
0253501012	2012	1	26	26	0.0105	-9999	0.0385
0253501012	2012	1	27	27	0.00975	-9999	0.03825
0253501012	2012	1	28	28	0.0105	-9999	0.0375
0253501012	2012	1	29	29	0.009	-9999	0.037
0253501012	2012	1	30	30	0.00975	0.002	0.03725
0253501012	2012	1	31	31	0.0115	-9999	0.03675
0253501012	2012	2	1	32	0.0135	-9999	0.036
0253501012	2012	2	2	33	0.01575	0.00225	0.037
0253501012	2012	2	3	34	0.01625	0.002	0.03725
0253501012	2012	2	4	35	0.01625	0.0065	0.03775
0253501012	2012	2	5	36	0.01375	0.008	0.038
0253501012	2012	2	6	37	0.01575	0.008	0.03675
0253501012	2012	2	7	38	0.01475	0.00975	0.03875
0253501012	2012	2	8	39	0.01475	0.00875	0.039
0253501012	2012	2	9	40	0.01525	0.01	0.03775
0253501012	2012	2	10	41	0.01625	0.01225	0.03775
0253501012	2012	2	11	42	0.018	0.01225	0.03925
0253501012	2012	2	12	43	0.021	0.01475	0.0385
0253501012	2012	2	13	44	0.02375	0.01875	0.03675
0253501012	2012	2	14	45	0.02825	0.023	0.038
0253501012	2012	2	15	46	0.0335	0.02475	0.0385
0253501012	2012	2	16	47	0.0325	0.027	0.038
0253501012	2012	2	17	48	0.03025	0.03025	0.0385
0253501012	2012	2	18	49	0.03	0.0325	0.04025
0253501012	2012	2	19	50	0.0285	0.03125	0.038
0253501012	2012	2	20	51	0.03025	0.0295	0.03975
0253501012	2012	2	21	52	0.02925	0.02925	0.0395
0253501012	2012	2	22	53	0.0295	0.02775	0.04
0253501012	2012	2	23	54	0.031	0.027	0.03875
0253501012	2012	2	24	55	0.033	0.028	0.03825
0253501012	2012	2	25	56	0.03475	0.03	0.0395
0253501012	2012	2	26	57	0.0345	0.0325	0.03825
0253501012	2012	2	27	58	0.03675	0.03225	0.0405
0253501012	2012	2	28	59	0.037	0.036	0.04025
0253501012	2012	2	29	60	0.036	0.0365	0.03825
0253501012	2012	3	1	61	0.0315	0.03775	0.04125
0253501012	2012	3	2	62	0.02825	0.0345	0.039
0253501012	2012	3	3	63	0.028	0.03025	0.039
0253501012	2012	3	4	64	0.027	0.02775	0.03925
0253501012	2012	3	5	65	0.027	0.028	0.04025
0253501012	2012	3	6	66	0.02725	0.02525	0.03725
0253501012	2012	3	7	67	0.03075	0.02525	0.0375
0253501012	2012	3	8	68	0.03425	0.02525	0.03725
0253501012	2012	3	9	69	0.033	0.026	0.036
0253501012	2012	3	10	70	0.03175	0.02875	0.03725
0253501012	2012	3	11	71	0.0355	0.029	0.03725
0253501012	2012	3	12	72	0.03825	0.03	0.038
0253501012	2012	3	13	73	0.0415	0.03075	0.0355
0253501012	2012	3	14	74	0.04625	0.0305	0.038
0253501012	2012	3	15	75	0.04825	0.03275	0.03725
0253501012	2012	3	16	76	0.05075	0.03425	0.038
0253501012	2012	3	17	77	0.05175	0.03575	0.03825
0253501012	2012	3	18	78	0.057	0.03675	0.03675
0253501012	2012	3	19	79	0.05975	0.0395	0.03975
0253501012	2012	3	20	80	0.0655	0.04075	0.037
0253501012	2012	3	21	81	0.0695	0.04275	0.04025
0253501012	2012	3	22	82	0.073	0.0435	0.04075
0253501012	2012	3	23	83	0.07525	0.044	0.0425
0253501012	2012	3	24	84	0.0775	0.04575	0.04275
0253501012	2012	3	25	85	0.07875	0.04775	0.0435
0253501012	2012	3	26	86	0.08	0.04775	0.0445
0253501012	2012	3	27	87	0.08275	0.04825	0.04525
0253501012	2012	3	28	88	0.08325	0.05075	0.0465
0253501012	2012	3	29	89	0.08525	0.05	0.0475
0253501012	2012	3	30	90	0.0875	0.0505	0.05025
0253501012	2012	3	31	91	0.093	0.049	0.05
0253501012	2012	4	1	92	0.09475	0.052	0.0505
0253501012	2012	4	2	93	0.09725	0.0515	0.0505
0253501012	2012	4	3	94	0.09725	0.05525	0.054
0253501012	2012	4	4	95	0.10025	0.0555	0.05575
0253501012	2012	4	5	96	0.10125	0.057	0.05675
0253501012	2012	4	6	97	0.10375	0.05825	0.05675
0253501012	2012	4	7	98	0.1045	0.05875	0.06
0253501012	2012	4	8	99	0.106	0.059	0.06025
0253501012	2012	4	9	100	0.106	0.0595	0.06225
0253501012	2012	4	10	101	0.10925	0.06075	0.0635
0253501012	2012	4	11	102	0.1085	0.06125	0.0665
0253501012	2012	4	12	103	0.11025	0.06125	0.066
0253501012	2012	4	13	104	0.11	0.06125	0.06775
0253501012	2012	4	14	105	0.111	0.062	0.0665
0253501012	2012	4	15	106	0.111	0.062	0.069
0253501012	2012	4	16	107	0.1125	0.06325	0.0685
0253501012	2012	4	17	108	0.11225	0.0635	0.0715
0253501012	2012	4	18	109	0.112	0.064667	0.073
0253501012	2012	4	19	110	0.11425	0.06525	0.0755
0253501012	2012	4	20	111	0.11425	0.0665	0.07575
0253501012	2012	4	21	112	0.115	0.06575	0.077
0253501012	2012	4	22	113	0.12525	0.06525	0.07775
0253501012	2012	4	23	114	0.1725	0.072	0.10175
0253501012	2012	4	24	115	-9999	-9999	-9999
0253501012	2012	4	25	116	0.24775	0.09725	0.175
0253501012	2012	4	26	117	0.2735	0.1115	0.20025
0253501012	2012	4	27	118	0.28975	0.12725	0.22325
0253501012	2012	4	28	119	0.274	0.1225	0.20975
0253501012	2012	4	29	120	0.27125	0.1225	0.2065
0253501012	2012	4	30	121	0.29175	0.1335	0.22675
0253501012	2012	5	1	122	0.29825	0.13775	0.22975
0253501012	2012	5	2	123	0.29125	0.13825	0.226
0253501012	2012	5	3	124	0.2915	0.1375	0.22625
0253501012	2012	5	4	125	0.28	0.13225	0.214
0253501012	2012	5	5	126	0.2705	0.13	0.2045
0253501012	2012	5	6	127	0.26475	0.12875	0.19975
0253501012	2012	5	7	128	0.2995	0.1435	0.23
0253501012	2012	5	8	129	0.327	0.15825	-9999
0253501012	2012	5	9	130	-9999	0.168	-9999
0253501012	2012	5	10	131	0.3315	0.1675	-9999
0253501012	2012	5	11	132	0.33375	0.1705	-9999
0253501012	2012	5	12	133	-9999	0.176	-9999
0253501012	2012	5	13	134	-9999	0.18675	-9999
0253501012	2012	5	14	135	-9999	0.20775	-9999
0253501012	2012	5	15	136	-9999	-9999	-9999
0253501012	2012	5	16	137	0.3235	0.19175	-9999
0253501012	2012	5	17	138	0.29325	0.17425	0.24175
0253501012	2012	5	18	139	0.277	0.16775	0.2255
0253501012	2012	5	19	140	0.2645	0.16225	0.21375
0253501012	2012	5	20	141	0.25475	0.15475	0.20275
0253501012	2012	5	21	142	0.27125	0.1605	0.213
0253501012	2012	5	22	143	0.3025	0.181	0.2445
0253501012	2012	5	23	144	0.27925	0.16975	0.225
0253501012	2012	5	24	145	0.26975	0.16475	0.216
0253501012	2012	5	25	146	0.278	0.16775	0.2205
0253501012	2012	5	26	147	0.26075	0.16	0.2075
0253501012	2012	5	27	148	0.24925	0.1565	0.19925
0253501012	2012	5	28	149	0.239	0.153	0.19125
0253501012	2012	5	29	150	0.22975	0.14725	0.18275
0253501012	2012	5	30	151	0.2225	0.14625	0.17875
0253501012	2012	5	31	152	0.21625	0.1465	0.173
0253501012	2012	6	1	153	0.21475	0.14575	0.17
0253501012	2012	6	2	154	0.2115	0.1455	0.16825
0253501012	2012	6	3	155	0.20125	0.13975	0.162
0253501012	2012	6	4	156	0.2205	0.145	0.17025
0253501012	2012	6	5	157	0.3115	0.1985	0.2605
0253501012	2012	6	6	158	0.313	0.20775	0.26675
0253501012	2012	6	7	159	0.29675	0.19575	0.2475
0253501012	2012	6	8	160	0.324	0.21825	-9999
0253501012	2012	6	9	161	0.31425	0.2125	0.267
0253501012	2012	6	10	162	0.31225	0.21375	0.2655
0253501012	2012	6	11	163	0.29025	0.19925	0.24075
0253501012	2012	6	12	164	0.27275	0.1875	0.22275
0253501012	2012	6	13	165	0.26475	0.18275	0.2125
0253501012	2012	6	14	166	0.266	0.18275	0.21325
0253501012	2012	6	15	167	0.254	0.17625	0.204
0253501012	2012	6	16	168	0.245	0.17125	0.196
0253501012	2012	6	17	169	0.2435	0.17075	0.19375
0253501012	2012	6	18	170	0.24175	0.16825	0.1895
0253501012	2012	6	19	171	0.24075	0.168	0.19075
0253501012	2012	6	20	172	0.232	0.16475	0.18425
0253501012	2012	6	21	173	0.21975	0.16	0.17575
0253501012	2012	6	22	174	0.2095	0.156	0.16825
0253501012	2012	6	23	175	0.21275	0.16025	0.16775
0253501012	2012	6	24	176	0.22525	0.16825	0.174
0253501012	2012	6	25	177	0.22875	0.17	0.17625
0253501012	2012	6	26	178	0.23125	0.1675	0.178
0253501012	2012	6	27	179	0.3075	-9999	-9999
0253501012	2012	6	28	180	0.277	0.19875	0.23125
0253501012	2012	6	29	181	0.25925	0.189	0.211
0253501012	2012	6	30	182	0.2525	0.18325	0.202
0253501012	2012	7	1	183	0.2895	0.20975	0.24425
0253501012	2012	7	2	184	0.267	0.19525	0.22
0253501012	2012	7	3	185	0.252	0.1865	0.20425
0253501012	2012	7	4	186	0.24675	0.1815	0.195
0253501012	2012	7	5	187	0.233	0.176	0.18725
0253501012	2012	7	6	188	0.22	0.16925	0.177
0253501012	2012	7	7	189	0.20725	0.16275	0.16825
0253501012	2012	7	8	190	0.193	0.1555	0.158
0253501012	2012	7	9	191	0.17675	0.1465	0.14975
0253501012	2012	7	10	192	0.1665	0.1395	0.14125
0253501012	2012	7	11	193	0.1575	0.135	0.1345
0253501012	2012	7	12	194	0.14275	0.12525	0.12675
0253501012	2012	7	13	195	0.1305	0.11525	0.119
0253501012	2012	7	14	196	0.12	0.1075	0.11075
0253501012	2012	7	15	197	0.1085	0.097	0.1045
0253501012	2012	7	16	198	0.26675	0.16175	0.22725
0253501012	2012	7	17	199	0.25425	0.1725	0.2155
0253501012	2012	7	18	200	0.276	0.1895	0.237
0253501012	2012	7	19	201	0.24625	0.176	0.20225
0253501012	2012	7	20	202	0.22625	0.1655	0.1845
0253501012	2012	7	21	203	0.294	-9999	-9999
0253501012	2012	7	22	204	0.27	0.2015	0.22775
0253501012	2012	7	23	205	0.25275	0.188	0.20875
0253501012	2012	7	24	206	0.24075	0.18125	0.19825
0253501012	2012	7	25	207	0.2325	0.17575	0.18775
0253501012	2012	7	26	208	0.21825	0.17025	0.17775
0253501012	2012	7	27	209	0.202	0.1605	0.16675
0253501012	2012	7	28	210	0.1875	0.15225	0.15675
0253501012	2012	7	29	211	0.174	0.1425	0.14725
0253501012	2012	7	30	212	0.16	0.13475	0.13825
0253501012	2012	7	31	213	0.14575	0.1255	0.13025
0253501012	2012	8	1	214	0.134	0.115	0.12175
0253501012	2012	8	2	215	0.12	0.1055	0.11525
0253501012	2012	8	3	216	0.10925	0.096	0.10625
0253501012	2012	8	4	217	0.0995	0.0885	0.0975
0253501012	2012	8	5	218	0.09025	0.078	0.089
0253501012	2012	8	6	219	0.079	0.06425	0.0785
0253501012	2012	8	7	220	0.07	0.05475	0.06725
0253501012	2012	8	8	221	0.0625	0.04625	0.0555
0253501012	2012	8	9	222	0.0545	0.039	0.04525
0253501012	2012	8	10	223	0.04775	0.0335	0.0355
0253501012	2012	8	11	224	0.0425	0.03075	0.02575
0253501012	2012	8	12	225	0.037	0.03075	0.01775
0253501012	2012	8	13	226	0.03175	0.03375	0.00925
0253501012	2012	8	14	227	0.029	0.04175	0.0026667
0253501012	2012	8	15	228	0.02375	0.03575	-9999
0253501012	2012	8	16	229	0.01825	0.0275	-9999
0253501012	2012	8	17	230	0.01575	0.019	-9999
0253501012	2012	8	18	231	0.01125	0.0125	-9999
0253501012	2012	8	19	232	0.00425	0.007	-9999
0253501012	2012	8	20	233	-9999	0.002	-9999
0253501012	2012	8	21	234	-9999	-9999	-9999
0253501012	2012	8	22	235	-9999	-9999	-9999
0253501012	2012	8	23	236	-9999	-9999	-9999
0253501012	2012	8	24	237	-9999	-9999	-9999
0253501012	2012	8	25	238	-9999	-9999	-9999
0253501012	2012	8	26	239	-9999	-9999	-9999
0253501012	2012	8	27	240	-9999	-9999	-9999
0253501012	2012	8	28	241	-9999	-9999	-9999
0253501012	2012	8	29	242	-9999	-9999	-9999
0253501012	2012	8	30	243	-9999	-9999	-9999
0253501012	2012	8	31	244	-9999	-9999	-9999
0253501012	2012	9	1	245	-9999	-9999	-9999
0253501012	2012	9	2	246	-9999	-9999	-9999
0253501012	2012	9	3	247	-9999	-9999	-9999
0253501012	2012	9	4	248	-9999	-9999	-9999
0253501012	2012	9	5	249	-9999	-9999	-9999
0253501012	2012	9	6	250	-9999	-9999	-9999
0253501012	2012	9	7	251	-9999	-9999	-9999
0253501012	2012	9	8	252	-9999	-9999	-9999
0253501012	2012	9	9	253	-9999	-9999	-9999
0253501012	2012	9	10	254	-9999	-9999	-9999
0253501012	2012	9	11	255	-9999	-9999	-9999
0253501012	2012	9	12	256	-9999	-9999	-9999
0253501012	2012	9	13	257	-9999	-9999	-9999
0253501012	2012	9	14	258	-9999	-9999	-9999
0253501012	2012	9	15	259	-9999	-9999	-9999
0253501012	2012	9	16	260	-9999	-9999	-9999
0253501012	2012	9	17	261	-9999	-9999	-9999
0253501012	2012	9	18	262	-9999	-9999	-9999
0253501012	2012	9	19	263	-9999	-9999	-9999
0253501012	2012	9	20	264	-9999	-9999	-9999
0253501012	2012	9	21	265	-9999	-9999	-9999
0253501012	2012	9	22	266	-9999	-9999	-9999
0253501012	2012	9	23	267	-9999	-9999	-9999
0253501012	2012	9	24	268	-9999	-9999	-9999
0253501012	2012	9	25	269	-9999	-9999	-9999
0253501012	2012	9	26	270	-9999	-9999	-9999
0253501012	2012	9	27	271	-9999	-9999	-9999
0253501012	2012	9	28	272	-9999	-9999	-9999
0253501012	2012	9	29	273	-9999	-9999	-9999
0253501012	2012	9	30	274	-9999	-9999	-9999
0253501012	2012	10	1	275	-9999	-9999	-9999
0253501012	2012	10	2	276	-9999	-9999	-9999
0253501012	2012	10	3	277	-9999	-9999	-9999
0253501012	2012	10	4	278	-9999	-9999	-9999
0253501012	2012	10	5	279	-9999	-9999	-9999
0253501012	2012	10	6	280	-9999	-9999	-9999
0253501012	2012	10	7	281	-9999	-9999	-9999
0253501012	2012	10	8	282	-9999	-9999	-9999
0253501012	2012	10	9	283	-9999	-9999	-9999
0253501012	2012	10	10	284	-9999	-9999	-9999
0253501012	2012	10	11	285	-9999	-9999	-9999
0253501012	2012	10	12	286	-9999	-9999	-9999
0253501012	2012	10	13	287	-9999	-9999	-9999
0253501012	2012	10	14	288	-9999	-9999	-9999
0253501012	2012	10	15	289	-9999	-9999	-9999
0253501012	2012	10	16	290	0.151	0.032	-9999
0253501012	2012	10	17	291	0.11375	0.02925	-9999
0253501012	2012	10	18	292	0.0965	0.0265	-9999
0253501012	2012	10	19	293	0.09575	0.02925	-9999
0253501012	2012	10	20	294	0.09275	0.029	-9999
0253501012	2012	10	21	295	0.0785	0.02375	-9999
0253501012	2012	10	22	296	0.0585	0.0185	-9999
0253501012	2012	10	23	297	0.05275	0.01675	-9999
0253501012	2012	10	24	298	0.05575	0.01775	-9999
0253501012	2012	10	25	299	0.05775	0.0175	-9999
0253501012	2012	10	26	300	0.05875	0.018	-9999
0253501012	2012	10	27	301	0.06225	0.01975	-9999
0253501012	2012	10	28	302	0.06325	0.0205	-9999
0253501012	2012	10	29	303	0.1175	0.046	-9999
0253501012	2012	10	30	304	0.2055	0.088	-9999
0253501012	2012	10	31	305	0.2525	0.129	0.24125
0253501012	2012	11	1	306	0.25925	0.1185	0.2615
0253501012	2012	11	2	307	0.23025	0.102	0.2275
0253501012	2012	11	3	308	0.2105	0.0935	0.2035
0253501012	2012	11	4	309	0.1995	0.08875	0.1945
0253501012	2012	11	5	310	0.185	0.09725	0.1825
0253501012	2012	11	6	311	0.17225	0.094	0.17075
0253501012	2012	11	7	312	0.16075	0.09175	0.16175
0253501012	2012	11	8	313	0.13875	0.08275	0.15275
0253501012	2012	11	9	314	0.1185	0.076	0.14175
0253501012	2012	11	10	315	0.10075	0.07175	0.1335
0253501012	2012	11	11	316	0.0325	0.051	0.126
0253501012	2012	11	12	317	0.01025	0.03975	0.118
0253501012	2012	11	13	318	0.02225	0.06125	0.117
0253501012	2012	11	14	319	0.045	0.07175	0.1175
0253501012	2012	11	15	320	0.07025	0.07325	0.1185
0253501012	2012	11	16	321	0.0915	0.07375	0.118
0253501012	2012	11	17	322	0.1165	0.075	0.11875
0253501012	2012	11	18	323	0.2285	0.14525	0.18025
0253501012	2012	11	19	324	0.22575	0.125	0.19325
0253501012	2012	11	20	325	0.26225	0.15925	0.23
0253501012	2012	11	21	326	0.27433	0.16267	0.24967
0253501012	2012	11	22	327	0.252	0.14525	0.22775
0253501012	2012	11	23	328	0.241	0.13775	0.21625
0253501012	2012	11	24	329	0.23325	0.133	0.20925
0253501012	2012	11	25	330	0.2275	0.13	0.20425
0253501012	2012	11	26	331	0.22175	0.12675	0.19975
0253501012	2012	11	27	332	0.21475	0.12325	0.1955
0253501012	2012	11	28	333	0.2105	0.12175	0.19075
0253501012	2012	11	29	334	0.2085	0.12125	0.18925
0253501012	2012	11	30	335	0.20675	0.11925	0.188
0253501012	2012	12	1	336	0.24125	0.1325	0.22125
0253501012	2012	12	2	337	0.25075	0.1405	0.23175
0253501012	2012	12	3	338	0.24033	0.13567	0.22
0253501012	2012	12	4	339	0.238	0.13533	0.21733
0253501012	2012	12	5	340	0.24367	0.13733	0.223
0253501012	2012	12	6	341	0.2415	0.137	0.223
0253501012	2012	12	7	342	0.2395	0.1365	0.21925
0253501012	2012	12	8	343	0.2365	0.1345	0.2175
0253501012	2012	12	9	344	0.23325	0.13575	0.21425
0253501012	2012	12	10	345	0.231	0.134	0.21175
0253501012	2012	12	11	346	0.22775	0.13275	0.209
0253501012	2012	12	12	347	0.226	0.13225	0.20725
0253501012	2012	12	13	348	0.226	0.13	0.20633
0253501012	2012	12	14	349	0.2245	0.132	0.20475
0253501012	2012	12	15	350	0.2235	0.132	0.2045
0253501012	2012	12	16	351	0.22225	0.12975	0.20325
0253501012	2012	12	17	352	0.221	0.12933	0.202
0253501012	2012	12	18	353	0.22075	0.13	0.20275
0253501012	2012	12	19	354	0.22	0.13025	0.20125
0253501012	2012	12	20	355	0.21975	0.13	0.20075
0253501012	2012	12	21	356	0.21925	0.12975	0.20075
0253501012	2012	12	22	357	0.21767	0.13033	0.19933
0253501012	2012	12	23	358	0.219	0.13367	0.2
0253501012	2012	12	24	359	0.21725	0.1325	0.198
0253501012	2012	12	25	360	-9999	-9999	-9999
0253501012	2012	12	26	361	-9999	-9999	-9999
0253501012	2012	12	27	362	-9999	-9999	-9999
0253501012	2012	12	28	363	-9999	-9999	-9999
0253501012	2012	12	29	364	-9999	-9999	-9999
0253501012	2012	12	30	365	-9999	-9999	-9999
0253501012	2012	12	31	366	-9999	-9999	-9999
