stationID	Y	M	D	DOY	depth_5	depth_10	depth_20	depth_51
0253511012	2010	1	1	1	-9999	-9999	-9999	-9999
0253511012	2010	1	2	2	-9999	-9999	-9999	-9999
0253511012	2010	1	3	3	-9999	-9999	-9999	-9999
0253511012	2010	1	4	4	-9999	-9999	-9999	-9999
0253511012	2010	1	5	5	-9999	-9999	-9999	-9999
0253511012	2010	1	6	6	-9999	-9999	-9999	-9999
0253511012	2010	1	7	7	-9999	-9999	-9999	-9999
0253511012	2010	1	8	8	-9999	-9999	-9999	-9999
0253511012	2010	1	9	9	-9999	-9999	-9999	-9999
0253511012	2010	1	10	10	-9999	-9999	-9999	-9999
0253511012	2010	1	11	11	-9999	-9999	-9999	-9999
0253511012	2010	1	12	12	-9999	-9999	-9999	-9999
0253511012	2010	1	13	13	-9999	-9999	-9999	-9999
0253511012	2010	1	14	14	-9999	-9999	-9999	-9999
0253511012	2010	1	15	15	-9999	-9999	-9999	-9999
0253511012	2010	1	16	16	-9999	-9999	-9999	-9999
0253511012	2010	1	17	17	-9999	-9999	-9999	-9999
0253511012	2010	1	18	18	-9999	-9999	-9999	-9999
0253511012	2010	1	19	19	-9999	-9999	-9999	-9999
0253511012	2010	1	20	20	-9999	-9999	-9999	-9999
0253511012	2010	1	21	21	-9999	-9999	-9999	-9999
0253511012	2010	1	22	22	-9999	-9999	-9999	-9999
0253511012	2010	1	23	23	-9999	-9999	-9999	-9999
0253511012	2010	1	24	24	-9999	-9999	-9999	-9999
0253511012	2010	1	25	25	-9999	-9999	-9999	-9999
0253511012	2010	1	26	26	-9999	-9999	-9999	-9999
0253511012	2010	1	27	27	-9999	-9999	-9999	-9999
0253511012	2010	1	28	28	-9999	-9999	-9999	-9999
0253511012	2010	1	29	29	-9999	-9999	-9999	-9999
0253511012	2010	1	30	30	-9999	-9999	-9999	-9999
0253511012	2010	1	31	31	-9999	-9999	-9999	-9999
0253511012	2010	2	1	32	-9999	-9999	-9999	-9999
0253511012	2010	2	2	33	-9999	-9999	-9999	-9999
0253511012	2010	2	3	34	-9999	-9999	-9999	-9999
0253511012	2010	2	4	35	-9999	-9999	-9999	-9999
0253511012	2010	2	5	36	-9999	-9999	-9999	-9999
0253511012	2010	2	6	37	-9999	-9999	-9999	-9999
0253511012	2010	2	7	38	-9999	-9999	-9999	-9999
0253511012	2010	2	8	39	-9999	-9999	-9999	-9999
0253511012	2010	2	9	40	-9999	-9999	-9999	-9999
0253511012	2010	2	10	41	-9999	-9999	-9999	-9999
0253511012	2010	2	11	42	-9999	-9999	-9999	-9999
0253511012	2010	2	12	43	-9999	-9999	-9999	-9999
0253511012	2010	2	13	44	-9999	-9999	-9999	-9999
0253511012	2010	2	14	45	-9999	-9999	-9999	-9999
0253511012	2010	2	15	46	-9999	-9999	-9999	-9999
0253511012	2010	2	16	47	-9999	-9999	-9999	-9999
0253511012	2010	2	17	48	-9999	-9999	-9999	-9999
0253511012	2010	2	18	49	-9999	-9999	-9999	-9999
0253511012	2010	2	19	50	-9999	-9999	-9999	-9999
0253511012	2010	2	20	51	-9999	-9999	-9999	-9999
0253511012	2010	2	21	52	-9999	-9999	-9999	-9999
0253511012	2010	2	22	53	-9999	-9999	-9999	-9999
0253511012	2010	2	23	54	-9999	-9999	-9999	-9999
0253511012	2010	2	24	55	-9999	-9999	-9999	-9999
0253511012	2010	2	25	56	-9999	-9999	-9999	-9999
0253511012	2010	2	26	57	-9999	-9999	-9999	-9999
0253511012	2010	2	27	58	-9999	-9999	-9999	-9999
0253511012	2010	2	28	59	-9999	-9999	-9999	-9999
0253511012	2010	3	1	60	-9999	-9999	-9999	-9999
0253511012	2010	3	2	61	-9999	-9999	-9999	-9999
0253511012	2010	3	3	62	-9999	-9999	-9999	-9999
0253511012	2010	3	4	63	-9999	-9999	-9999	-9999
0253511012	2010	3	5	64	-9999	-9999	-9999	-9999
0253511012	2010	3	6	65	-9999	-9999	-9999	-9999
0253511012	2010	3	7	66	-9999	-9999	-9999	-9999
0253511012	2010	3	8	67	-9999	-9999	-9999	-9999
0253511012	2010	3	9	68	-9999	-9999	-9999	-9999
0253511012	2010	3	10	69	-9999	-9999	-9999	-9999
0253511012	2010	3	11	70	-9999	-9999	-9999	-9999
0253511012	2010	3	12	71	-9999	-9999	-9999	-9999
0253511012	2010	3	13	72	-9999	-9999	-9999	-9999
0253511012	2010	3	14	73	-9999	-9999	-9999	-9999
0253511012	2010	3	15	74	-9999	-9999	-9999	-9999
0253511012	2010	3	16	75	-9999	-9999	-9999	-9999
0253511012	2010	3	17	76	-9999	-9999	-9999	-9999
0253511012	2010	3	18	77	-9999	-9999	-9999	-9999
0253511012	2010	3	19	78	-9999	-9999	-9999	-9999
0253511012	2010	3	20	79	-9999	-9999	-9999	-9999
0253511012	2010	3	21	80	-9999	-9999	-9999	-9999
0253511012	2010	3	22	81	-9999	-9999	-9999	-9999
0253511012	2010	3	23	82	-9999	-9999	-9999	-9999
0253511012	2010	3	24	83	-9999	-9999	-9999	-9999
0253511012	2010	3	25	84	-9999	-9999	-9999	-9999
0253511012	2010	3	26	85	-9999	-9999	-9999	-9999
0253511012	2010	3	27	86	-9999	-9999	-9999	-9999
0253511012	2010	3	28	87	-9999	-9999	-9999	-9999
0253511012	2010	3	29	88	-9999	-9999	-9999	-9999
0253511012	2010	3	30	89	-9999	-9999	-9999	-9999
0253511012	2010	3	31	90	-9999	-9999	-9999	-9999
0253511012	2010	4	1	91	-9999	-9999	-9999	-9999
0253511012	2010	4	2	92	-9999	-9999	-9999	-9999
0253511012	2010	4	3	93	-9999	-9999	-9999	-9999
0253511012	2010	4	4	94	-9999	-9999	-9999	-9999
0253511012	2010	4	5	95	-9999	-9999	-9999	-9999
0253511012	2010	4	6	96	-9999	-9999	-9999	-9999
0253511012	2010	4	7	97	-9999	-9999	-9999	-9999
0253511012	2010	4	8	98	-9999	-9999	-9999	-9999
0253511012	2010	4	9	99	-9999	-9999	-9999	-9999
0253511012	2010	4	10	100	-9999	-9999	-9999	-9999
0253511012	2010	4	11	101	-9999	-9999	-9999	-9999
0253511012	2010	4	12	102	-9999	-9999	-9999	-9999
0253511012	2010	4	13	103	-9999	-9999	-9999	-9999
0253511012	2010	4	14	104	-9999	-9999	-9999	-9999
0253511012	2010	4	15	105	-9999	-9999	-9999	-9999
0253511012	2010	4	16	106	-9999	-9999	-9999	-9999
0253511012	2010	4	17	107	-9999	-9999	-9999	-9999
0253511012	2010	4	18	108	-9999	-9999	-9999	-9999
0253511012	2010	4	19	109	-9999	-9999	-9999	-9999
0253511012	2010	4	20	110	-9999	-9999	-9999	-9999
0253511012	2010	4	21	111	-9999	-9999	-9999	-9999
0253511012	2010	4	22	112	-9999	-9999	-9999	-9999
0253511012	2010	4	23	113	-9999	-9999	-9999	-9999
0253511012	2010	4	24	114	-9999	-9999	-9999	-9999
0253511012	2010	4	25	115	-9999	-9999	-9999	-9999
0253511012	2010	4	26	116	-9999	-9999	-9999	-9999
0253511012	2010	4	27	117	-9999	-9999	-9999	-9999
0253511012	2010	4	28	118	-9999	-9999	-9999	-9999
0253511012	2010	4	29	119	-9999	-9999	-9999	-9999
0253511012	2010	4	30	120	-9999	-9999	-9999	-9999
0253511012	2010	5	1	121	-9999	-9999	-9999	-9999
0253511012	2010	5	2	122	-9999	-9999	-9999	-9999
0253511012	2010	5	3	123	-9999	-9999	-9999	-9999
0253511012	2010	5	4	124	-9999	-9999	-9999	-9999
0253511012	2010	5	5	125	-9999	-9999	-9999	-9999
0253511012	2010	5	6	126	-9999	-9999	-9999	-9999
0253511012	2010	5	7	127	-9999	-9999	-9999	-9999
0253511012	2010	5	8	128	-9999	-9999	-9999	-9999
0253511012	2010	5	9	129	-9999	-9999	-9999	-9999
0253511012	2010	5	10	130	-9999	-9999	-9999	-9999
0253511012	2010	5	11	131	-9999	-9999	-9999	-9999
0253511012	2010	5	12	132	-9999	-9999	-9999	-9999
0253511012	2010	5	13	133	-9999	-9999	-9999	-9999
0253511012	2010	5	14	134	-9999	-9999	-9999	-9999
0253511012	2010	5	15	135	-9999	-9999	-9999	-9999
0253511012	2010	5	16	136	-9999	-9999	-9999	-9999
0253511012	2010	5	17	137	-9999	-9999	-9999	-9999
0253511012	2010	5	18	138	-9999	-9999	-9999	-9999
0253511012	2010	5	19	139	-9999	-9999	-9999	-9999
0253511012	2010	5	20	140	-9999	-9999	-9999	-9999
0253511012	2010	5	21	141	-9999	-9999	-9999	-9999
0253511012	2010	5	22	142	-9999	-9999	-9999	-9999
0253511012	2010	5	23	143	-9999	-9999	-9999	-9999
0253511012	2010	5	24	144	-9999	-9999	-9999	-9999
0253511012	2010	5	25	145	-9999	-9999	-9999	-9999
0253511012	2010	5	26	146	-9999	-9999	-9999	-9999
0253511012	2010	5	27	147	-9999	-9999	-9999	-9999
0253511012	2010	5	28	148	-9999	-9999	-9999	-9999
0253511012	2010	5	29	149	-9999	-9999	-9999	-9999
0253511012	2010	5	30	150	-9999	-9999	-9999	-9999
0253511012	2010	5	31	151	-9999	-9999	-9999	-9999
0253511012	2010	6	1	152	-9999	-9999	-9999	-9999
0253511012	2010	6	2	153	-9999	-9999	-9999	-9999
0253511012	2010	6	3	154	-9999	-9999	-9999	-9999
0253511012	2010	6	4	155	-9999	-9999	-9999	-9999
0253511012	2010	6	5	156	-9999	-9999	-9999	-9999
0253511012	2010	6	6	157	-9999	-9999	-9999	-9999
0253511012	2010	6	7	158	-9999	-9999	-9999	-9999
0253511012	2010	6	8	159	-9999	-9999	-9999	-9999
0253511012	2010	6	9	160	-9999	-9999	-9999	-9999
0253511012	2010	6	10	161	-9999	-9999	-9999	-9999
0253511012	2010	6	11	162	-9999	-9999	-9999	-9999
0253511012	2010	6	12	163	-9999	-9999	-9999	-9999
0253511012	2010	6	13	164	-9999	-9999	-9999	-9999
0253511012	2010	6	14	165	-9999	-9999	-9999	-9999
0253511012	2010	6	15	166	-9999	-9999	-9999	-9999
0253511012	2010	6	16	167	-9999	-9999	-9999	-9999
0253511012	2010	6	17	168	-9999	-9999	-9999	-9999
0253511012	2010	6	18	169	-9999	-9999	-9999	-9999
0253511012	2010	6	19	170	-9999	-9999	-9999	-9999
0253511012	2010	6	20	171	-9999	-9999	-9999	-9999
0253511012	2010	6	21	172	-9999	-9999	-9999	-9999
0253511012	2010	6	22	173	-9999	-9999	-9999	-9999
0253511012	2010	6	23	174	-9999	-9999	-9999	-9999
0253511012	2010	6	24	175	-9999	-9999	-9999	-9999
0253511012	2010	6	25	176	-9999	-9999	-9999	-9999
0253511012	2010	6	26	177	-9999	-9999	-9999	-9999
0253511012	2010	6	27	178	-9999	-9999	-9999	-9999
0253511012	2010	6	28	179	-9999	-9999	-9999	-9999
0253511012	2010	6	29	180	-9999	-9999	-9999	-9999
0253511012	2010	6	30	181	-9999	-9999	-9999	-9999
0253511012	2010	7	1	182	-9999	-9999	-9999	-9999
0253511012	2010	7	2	183	-9999	-9999	-9999	-9999
0253511012	2010	7	3	184	-9999	-9999	-9999	-9999
0253511012	2010	7	4	185	-9999	-9999	-9999	-9999
0253511012	2010	7	5	186	-9999	-9999	-9999	-9999
0253511012	2010	7	6	187	-9999	-9999	-9999	-9999
0253511012	2010	7	7	188	-9999	-9999	-9999	-9999
0253511012	2010	7	8	189	-9999	-9999	-9999	-9999
0253511012	2010	7	9	190	-9999	-9999	-9999	-9999
0253511012	2010	7	10	191	-9999	-9999	-9999	-9999
0253511012	2010	7	11	192	-9999	-9999	-9999	-9999
0253511012	2010	7	12	193	-9999	-9999	-9999	-9999
0253511012	2010	7	13	194	-9999	-9999	-9999	-9999
0253511012	2010	7	14	195	-9999	-9999	-9999	-9999
0253511012	2010	7	15	196	-9999	-9999	-9999	-9999
0253511012	2010	7	16	197	-9999	-9999	-9999	-9999
0253511012	2010	7	17	198	-9999	-9999	-9999	-9999
0253511012	2010	7	18	199	-9999	-9999	-9999	-9999
0253511012	2010	7	19	200	-9999	-9999	-9999	-9999
0253511012	2010	7	20	201	-9999	-9999	-9999	-9999
0253511012	2010	7	21	202	-9999	-9999	-9999	-9999
0253511012	2010	7	22	203	-9999	0.04575	-9999	0.01225
0253511012	2010	7	23	204	-9999	0.037	-9999	0.0135
0253511012	2010	7	24	205	-9999	0.03575	-9999	0.0125
0253511012	2010	7	25	206	-9999	0.031	-9999	0.01
0253511012	2010	7	26	207	-9999	0.02525	-9999	0.011
0253511012	2010	7	27	208	-9999	0.02125	-9999	0.00575
0253511012	2010	7	28	209	-9999	0.01725	-9999	0.0026667
0253511012	2010	7	29	210	0.0195	0.0155	-9999	0.0045
0253511012	2010	7	30	211	0.01625	0.011	-9999	0.0015
0253511012	2010	7	31	212	0.0083333	0.01025	-9999	0.001
0253511012	2010	8	1	213	0.10833	0.009	-9999	0.002
0253511012	2010	8	2	214	0.18825	0.04775	-9999	0.002
0253511012	2010	8	3	215	0.134	0.07475	-9999	-9999
0253511012	2010	8	4	216	0.1155	0.07975	-9999	0.001
0253511012	2010	8	5	217	0.1025	0.0795	-9999	0.002
0253511012	2010	8	6	218	0.08725	0.074	-9999	-9999
0253511012	2010	8	7	219	0.0755	0.07175	-9999	-9999
0253511012	2010	8	8	220	0.0605	0.067	-9999	-9999
0253511012	2010	8	9	221	0.05475	0.06375	-9999	-9999
0253511012	2010	8	10	222	0.0515	0.06225	-9999	-9999
0253511012	2010	8	11	223	0.04875	0.059	-9999	-9999
0253511012	2010	8	12	224	0.046	0.05775	-9999	-9999
0253511012	2010	8	13	225	0.03675	0.04925	-9999	-9999
0253511012	2010	8	14	226	0.02075	0.04575	-9999	-9999
0253511012	2010	8	15	227	0.00525	0.04225	-9999	-9999
0253511012	2010	8	16	228	-9999	0.0345	-9999	-9999
0253511012	2010	8	17	229	-9999	0.0295	-9999	-9999
0253511012	2010	8	18	230	-9999	0.0245	-9999	-9999
0253511012	2010	8	19	231	-9999	0.016	-9999	-9999
0253511012	2010	8	20	232	-9999	0.0105	-9999	-9999
0253511012	2010	8	21	233	-9999	0.006	-9999	-9999
0253511012	2010	8	22	234	-9999	0.0045	-9999	-9999
0253511012	2010	8	23	235	-9999	0.00275	-9999	-9999
0253511012	2010	8	24	236	-9999	0.0016667	-9999	-9999
0253511012	2010	8	25	237	-9999	0.003	-9999	-9999
0253511012	2010	8	26	238	-9999	-9999	-9999	-9999
0253511012	2010	8	27	239	-9999	-9999	-9999	-9999
0253511012	2010	8	28	240	-9999	-9999	-9999	-9999
0253511012	2010	8	29	241	-9999	-9999	-9999	-9999
0253511012	2010	8	30	242	-9999	-9999	-9999	-9999
0253511012	2010	8	31	243	-9999	-9999	-9999	-9999
0253511012	2010	9	1	244	-9999	-9999	-9999	-9999
0253511012	2010	9	2	245	-9999	-9999	-9999	-9999
0253511012	2010	9	3	246	-9999	-9999	-9999	-9999
0253511012	2010	9	4	247	-9999	-9999	-9999	-9999
0253511012	2010	9	5	248	-9999	-9999	-9999	-9999
0253511012	2010	9	6	249	-9999	-9999	-9999	-9999
0253511012	2010	9	7	250	-9999	-9999	-9999	-9999
0253511012	2010	9	8	251	-9999	-9999	-9999	-9999
0253511012	2010	9	9	252	0.12625	0.002	-9999	-9999
0253511012	2010	9	10	253	0.1095	0.01525	-9999	-9999
0253511012	2010	9	11	254	0.09625	0.02325	-9999	-9999
0253511012	2010	9	12	255	0.087	0.02825	-9999	-9999
0253511012	2010	9	13	256	0.07825	0.02775	-9999	-9999
0253511012	2010	9	14	257	0.07125	0.028	-9999	-9999
0253511012	2010	9	15	258	0.0655	0.03025	-9999	-9999
0253511012	2010	9	16	259	0.05675	0.029	-9999	-9999
0253511012	2010	9	17	260	0.0495	0.02825	-9999	-9999
0253511012	2010	9	18	261	0.045	0.029	-9999	-9999
0253511012	2010	9	19	262	0.1525	0.09375	-9999	-9999
0253511012	2010	9	20	263	0.151	0.14525	-9999	-9999
0253511012	2010	9	21	264	0.13525	0.132	-9999	-9999
0253511012	2010	9	22	265	0.122	0.12225	-9999	-9999
0253511012	2010	9	23	266	0.11275	0.11575	-9999	-9999
0253511012	2010	9	24	267	0.13625	0.1155	-9999	-9999
0253511012	2010	9	25	268	0.1275	0.112	-9999	-9999
0253511012	2010	9	26	269	0.1195	0.11525	-9999	-9999
0253511012	2010	9	27	270	0.1115	0.11025	-9999	-9999
0253511012	2010	9	28	271	0.1045	0.10875	-9999	-9999
0253511012	2010	9	29	272	0.0975	0.1015	-9999	-9999
0253511012	2010	9	30	273	0.0935	0.098	-9999	-9999
0253511012	2010	10	1	274	0.08575	0.09225	-9999	-9999
0253511012	2010	10	2	275	0.08375	0.0905	-9999	-9999
0253511012	2010	10	3	276	0.08	0.0885	-9999	-9999
0253511012	2010	10	4	277	0.076	0.08725	-9999	-9999
0253511012	2010	10	5	278	0.07025	0.083	-9999	-9999
0253511012	2010	10	6	279	0.064	0.0775	-9999	-9999
0253511012	2010	10	7	280	0.06025	0.07575	-9999	-9999
0253511012	2010	10	8	281	0.05825	0.07375	-9999	-9999
0253511012	2010	10	9	282	0.05325	0.07075	-9999	-9999
0253511012	2010	10	10	283	0.159	0.11625	-9999	-9999
0253511012	2010	10	11	284	0.1535	0.1295	-9999	-9999
0253511012	2010	10	12	285	0.1335	0.12	-9999	-9999
0253511012	2010	10	13	286	0.123	0.119	-9999	-9999
0253511012	2010	10	14	287	0.1155	0.11275	-9999	-9999
0253511012	2010	10	15	288	0.111	0.10975	-9999	-9999
0253511012	2010	10	16	289	0.1025	0.105	-9999	-9999
0253511012	2010	10	17	290	0.09725	0.10125	-9999	-9999
0253511012	2010	10	18	291	0.09475	0.10025	-9999	-9999
0253511012	2010	10	19	292	0.0935	0.098	-9999	-9999
0253511012	2010	10	20	293	0.0935	0.09675	-9999	-9999
0253511012	2010	10	21	294	0.08925	0.09425	-9999	-9999
0253511012	2010	10	22	295	0.09075	0.0945	-9999	-9999
0253511012	2010	10	23	296	0.08675	0.0915	-9999	-9999
0253511012	2010	10	24	297	0.1605	0.14825	-9999	-9999
0253511012	2010	10	25	298	0.1905	0.1865	-9999	-9999
0253511012	2010	10	26	299	0.16525	0.1645	-9999	-9999
0253511012	2010	10	27	300	0.1495	0.1545	-9999	-9999
0253511012	2010	10	28	301	0.1445	0.14725	-9999	-9999
0253511012	2010	10	29	302	0.17325	0.1565	-9999	-9999
0253511012	2010	10	30	303	0.17975	0.165	-9999	-9999
0253511012	2010	10	31	304	0.1975	0.17675	-9999	-9999
0253511012	2010	11	1	305	0.1915	0.17975	-9999	-9999
0253511012	2010	11	2	306	0.21225	0.1995	-9999	-9999
0253511012	2010	11	3	307	0.1755	0.182	-9999	0.05175
0253511012	2010	11	4	308	0.16625	0.17025	-9999	0.0565
0253511012	2010	11	5	309	0.1565	0.164	-9999	0.053
0253511012	2010	11	6	310	0.14525	0.15875	-9999	0.054
0253511012	2010	11	7	311	0.18725	0.1695	-9999	0.05425
0253511012	2010	11	8	312	0.17275	0.17275	-9999	0.06025
0253511012	2010	11	9	313	0.153	0.16625	-9999	0.0605
0253511012	2010	11	10	314	0.14375	0.15875	-9999	0.06125
0253511012	2010	11	11	315	0.13675	0.15425	-9999	0.059
0253511012	2010	11	12	316	0.13025	0.15075	-9999	0.06
0253511012	2010	11	13	317	0.12475	0.14925	-9999	0.056
0253511012	2010	11	14	318	0.1295	0.14575	-9999	0.062
0253511012	2010	11	15	319	0.18175	0.1565	-9999	0.059
0253511012	2010	11	16	320	0.21875	0.179	-9999	0.0665
0253511012	2010	11	17	321	0.19375	0.18225	-9999	0.071
0253511012	2010	11	18	322	0.173	0.17375	-9999	0.073
0253511012	2010	11	19	323	0.15925	0.1665	-9999	0.07625
0253511012	2010	11	20	324	0.147	0.16225	-9999	0.0705
0253511012	2010	11	21	325	0.1465	0.15725	-9999	0.0705
0253511012	2010	11	22	326	0.142	0.15375	-9999	0.06675
0253511012	2010	11	23	327	0.13	0.151	-9999	0.06975
0253511012	2010	11	24	328	0.10425	0.146	-9999	0.06525
0253511012	2010	11	25	329	0.06075	0.141	-9999	0.066
0253511012	2010	11	26	330	0.03975	0.136	-9999	0.0645
0253511012	2010	11	27	331	0.04325	0.132	-9999	0.0635
0253511012	2010	11	28	332	0.0415	0.12925	-9999	0.06125
0253511012	2010	11	29	333	0.036	0.1255	-9999	0.061
0253511012	2010	11	30	334	0.03575	0.12075	-9999	0.05825
0253511012	2010	12	1	335	0.039	0.121	-9999	0.059
0253511012	2010	12	2	336	0.0385	0.1195	-9999	0.0595
0253511012	2010	12	3	337	0.03525	0.1185	-9999	0.06
0253511012	2010	12	4	338	0.0335	0.11575	-9999	0.05725
0253511012	2010	12	5	339	0.033	0.11	-9999	0.05575
0253511012	2010	12	6	340	0.0355	0.10825	-9999	0.0575
0253511012	2010	12	7	341	0.041	0.10975	-9999	0.05575
0253511012	2010	12	8	342	0.04225	0.112	-9999	0.05325
0253511012	2010	12	9	343	0.0455	0.112	-9999	0.05525
0253511012	2010	12	10	344	0.04575	0.11475	-9999	0.054
0253511012	2010	12	11	345	0.04175	0.115	-9999	0.0535
0253511012	2010	12	12	346	0.04175	0.11275	-9999	0.0535
0253511012	2010	12	13	347	0.04425	0.1115	-9999	0.05125
0253511012	2010	12	14	348	0.049	0.11425	-9999	0.05275
0253511012	2010	12	15	349	0.05825	0.1155	-9999	0.0545
0253511012	2010	12	16	350	0.0575	0.11625	-9999	0.05375
0253511012	2010	12	17	351	0.0505	0.117	-9999	0.054
0253511012	2010	12	18	352	0.04975	0.1155	-9999	0.0505
0253511012	2010	12	19	353	0.047	0.11475	-9999	0.0535
0253511012	2010	12	20	354	0.04525	0.1145	-9999	0.05275
0253511012	2010	12	21	355	0.047	0.11325	-9999	0.0525
0253511012	2010	12	22	356	0.04825	0.1125	-9999	0.05075
0253511012	2010	12	23	357	0.052	0.1135	-9999	0.051
0253511012	2010	12	24	358	0.05675	0.114	-9999	0.053
0253511012	2010	12	25	359	0.06	0.11475	-9999	0.05075
0253511012	2010	12	26	360	0.06725	0.11525	-9999	0.052
0253511012	2010	12	27	361	0.0725	0.1165	-9999	0.05225
0253511012	2010	12	28	362	0.0765	0.11675	-9999	0.0535
0253511012	2010	12	29	363	0.076	0.11825	-9999	0.052
0253511012	2010	12	30	364	0.07825	0.11825	-9999	0.0515
0253511012	2010	12	31	365	0.065	0.11825	-9999	0.054
0253511012	2011	1	1	1	0.04025	0.117	-9999	0.053
0253511012	2011	1	2	2	0.0315	0.11125	-9999	0.052
0253511012	2011	1	3	3	0.026	0.1045	-9999	0.053
0253511012	2011	1	4	4	0.02725	0.093	-9999	0.05325
0253511012	2011	1	5	5	0.0275	0.0835	-9999	0.05375
0253511012	2011	1	6	6	0.027	0.07475	-9999	0.05125
0253511012	2011	1	7	7	0.02825	0.0715	-9999	0.0525
0253511012	2011	1	8	8	0.029	0.07575	-9999	0.05175
0253511012	2011	1	9	9	0.02775	0.076	-9999	0.04975
0253511012	2011	1	10	10	0.02725	0.0705	-9999	0.05075
0253511012	2011	1	11	11	0.02675	0.06175	-9999	0.048
0253511012	2011	1	12	12	0.02775	0.0515	-9999	0.05
0253511012	2011	1	13	13	0.02775	0.0495	-9999	0.0475
0253511012	2011	1	14	14	0.028	0.04975	-9999	0.0495
0253511012	2011	1	15	15	0.11	0.05675	-9999	0.04925
0253511012	2011	1	16	16	0.1715	0.06775	-9999	0.051
0253511012	2011	1	17	17	0.1985	0.13675	-9999	0.05825
0253511012	2011	1	18	18	0.18975	0.16875	-9999	0.076
0253511012	2011	1	19	19	0.18525	0.17575	-9999	0.07625
0253511012	2011	1	20	20	0.181	0.18325	-9999	0.07925
0253511012	2011	1	21	21	0.1695	0.1865	-9999	0.08025
0253511012	2011	1	22	22	0.161	0.18725	-9999	0.07725
0253511012	2011	1	23	23	0.147	0.1875	-9999	0.0775
0253511012	2011	1	24	24	0.13325	0.18425	-9999	0.0775
0253511012	2011	1	25	25	0.1215	0.18025	-9999	0.076
0253511012	2011	1	26	26	0.108	0.18025	-9999	0.07675
0253511012	2011	1	27	27	0.09675	0.17525	-9999	0.07625
0253511012	2011	1	28	28	0.079	0.17475	-9999	0.076
0253511012	2011	1	29	29	0.066	0.1715	-9999	0.07575
0253511012	2011	1	30	30	0.065	0.169	-9999	0.07875
0253511012	2011	1	31	31	0.05425	0.16675	-9999	0.07725
0253511012	2011	2	1	32	0.044	0.1565	-9999	0.07825
0253511012	2011	2	2	33	0.041	0.13775	-9999	0.0765
0253511012	2011	2	3	34	0.04125	0.115	-9999	0.078
0253511012	2011	2	4	35	0.04325	0.09575	-9999	0.07425
0253511012	2011	2	5	36	0.0485	0.0965	-9999	0.074333
0253511012	2011	2	6	37	0.04625	0.1025	-9999	0.07325
0253511012	2011	2	7	38	0.049	0.103	-9999	0.0735
0253511012	2011	2	8	39	0.0495	0.10375	-9999	0.07325
0253511012	2011	2	9	40	0.0485	0.10675	-9999	0.07325
0253511012	2011	2	10	41	0.047	0.106	-9999	0.07325
0253511012	2011	2	11	42	0.0475	0.104	-9999	0.07325
0253511012	2011	2	12	43	0.04775	0.10425	-9999	0.073
0253511012	2011	2	13	44	0.049	0.106	-9999	0.07175
0253511012	2011	2	14	45	0.05075	0.10675	-9999	0.0725
0253511012	2011	2	15	46	0.05275	0.111	-9999	0.07075
0253511012	2011	2	16	47	0.053	0.11425	-9999	0.071
0253511012	2011	2	17	48	0.05275	0.11525	-9999	0.07325
0253511012	2011	2	18	49	0.0495	0.1105	-9999	0.07175
0253511012	2011	2	19	50	0.05075	0.10775	-9999	0.07175
0253511012	2011	2	20	51	0.04875	0.1065	-9999	0.0705
0253511012	2011	2	21	52	0.04975	0.10525	-9999	0.072
0253511012	2011	2	22	53	0.04675	0.10025	-9999	0.072
0253511012	2011	2	23	54	0.0465	0.09825	-9999	0.071
0253511012	2011	2	24	55	0.0485	0.0985	-9999	0.0705
0253511012	2011	2	25	56	0.047	0.0955	-9999	0.07025
0253511012	2011	2	26	57	0.045	0.094	-9999	0.07275
0253511012	2011	2	27	58	0.04525	0.0885	-9999	0.072
0253511012	2011	2	28	59	0.04425	0.08375	-9999	0.071
0253511012	2011	3	1	60	0.04525	0.0835	-9999	0.07
0253511012	2011	3	2	61	0.0465	0.08525	-9999	0.06925
0253511012	2011	3	3	62	0.04925	0.086	-9999	0.07075
0253511012	2011	3	4	63	0.04925	0.087	-9999	0.06775
0253511012	2011	3	5	64	0.05	0.091	-9999	0.06975
0253511012	2011	3	6	65	0.0505	0.0905	-9999	0.06925
0253511012	2011	3	7	66	0.04925	0.0945	-9999	0.066
0253511012	2011	3	8	67	0.05225	0.0955	-9999	0.069
0253511012	2011	3	9	68	0.0515	0.09825	-9999	0.06825
0253511012	2011	3	10	69	0.0515	0.0985	-9999	0.06775
0253511012	2011	3	11	70	0.054	0.098	-9999	0.069
0253511012	2011	3	12	71	0.05875	0.10375	-9999	0.06675
0253511012	2011	3	13	72	0.063	0.10825	-9999	0.068
0253511012	2011	3	14	73	0.0625	0.11375	-9999	0.067
0253511012	2011	3	15	74	0.06525	0.1175	-9999	0.0705
0253511012	2011	3	16	75	0.06625	0.122	-9999	0.06675
0253511012	2011	3	17	76	0.06825	0.12525	-9999	0.0675
0253511012	2011	3	18	77	0.072	0.1275	-9999	0.0695
0253511012	2011	3	19	78	0.07225	0.1295	-9999	0.06925
0253511012	2011	3	20	79	0.0725	0.13125	-9999	0.06975
0253511012	2011	3	21	80	0.07225	0.13625	-9999	0.067
0253511012	2011	3	22	81	0.0725	0.13725	-9999	0.0695
0253511012	2011	3	23	82	0.0755	0.14025	-9999	0.0685
0253511012	2011	3	24	83	0.08025	0.14175	-9999	0.06775
0253511012	2011	3	25	84	0.08325	0.1425	-9999	0.07175
0253511012	2011	3	26	85	0.08475	0.14675	-9999	0.073
0253511012	2011	3	27	86	0.0865	0.14725	-9999	0.07475
0253511012	2011	3	28	87	0.08925	0.15025	-9999	0.07225
0253511012	2011	3	29	88	0.0945	0.15825	-9999	0.0755
0253511012	2011	3	30	89	0.1085	0.16325	-9999	0.074
0253511012	2011	3	31	90	0.20675	0.238	-9999	0.08325
0253511012	2011	4	1	91	0.218	0.28425	-9999	0.1745
0253511012	2011	4	2	92	0.2135	0.2635	-9999	0.173
0253511012	2011	4	3	93	0.221	0.25675	-9999	0.17025
0253511012	2011	4	4	94	0.2245	0.255	-9999	0.163
0253511012	2011	4	5	95	0.2275	0.251	-9999	0.1615
0253511012	2011	4	6	96	0.23475	0.253	-9999	0.1585
0253511012	2011	4	7	97	0.23725	0.2495	-9999	0.15725
0253511012	2011	4	8	98	0.23625	0.2505	-9999	0.155
0253511012	2011	4	9	99	0.236	0.2535	-9999	0.15875
0253511012	2011	4	10	100	0.25875	0.26075	-9999	0.15825
0253511012	2011	4	11	101	0.26725	0.26825	-9999	0.16275
0253511012	2011	4	12	102	0.27175	0.2695	-9999	0.16375
0253511012	2011	4	13	103	0.26675	0.268	-9999	0.162
0253511012	2011	4	14	104	0.26	0.26675	-9999	0.16625
0253511012	2011	4	15	105	0.2525	0.25925	-9999	0.1585
0253511012	2011	4	16	106	0.251	0.2635	-9999	0.16375
0253511012	2011	4	17	107	0.28275	0.27675	-9999	0.1675
0253511012	2011	4	18	108	0.2725	0.2735	-9999	0.1695
0253511012	2011	4	19	109	0.25725	0.265	-9999	0.16125
0253511012	2011	4	20	110	0.2485	0.265	-9999	0.16375
0253511012	2011	4	21	111	0.242	0.25975	-9999	0.16175
0253511012	2011	4	22	112	0.23675	0.25825	-9999	0.157
0253511012	2011	4	23	113	0.26625	0.27175	-9999	0.1645
0253511012	2011	4	24	114	0.30925	0.30025	-9999	0.17675
0253511012	2011	4	25	115	0.30925	0.30375	-9999	0.17675
0253511012	2011	4	26	116	0.28925	0.29525	-9999	0.179
0253511012	2011	4	27	117	0.294	0.29725	-9999	0.17725
0253511012	2011	4	28	118	0.285	0.292	-9999	0.18
0253511012	2011	4	29	119	0.2705	0.28225	-9999	0.174
0253511012	2011	4	30	120	0.274	0.28225	-9999	0.17475
0253511012	2011	5	1	121	0.30075	0.29625	-9999	0.17875
0253511012	2011	5	2	122	0.31575	0.321	-9999	0.18725
0253511012	2011	5	3	123	0.2955	0.3065	-9999	0.18325
0253511012	2011	5	4	124	0.291	0.298	-9999	0.181
0253511012	2011	5	5	125	0.3165	0.3195	-9999	0.19
0253511012	2011	5	6	126	0.318	0.32425	-9999	0.19575
0253511012	2011	5	7	127	0.304	0.31075	-9999	0.19025
0253511012	2011	5	8	128	0.30725	0.3135	-9999	0.1925
0253511012	2011	5	9	129	0.304	0.30825	-9999	0.1875
0253511012	2011	5	10	130	0.32025	0.3265	-9999	-9999
0253511012	2011	5	11	131	0.31025	0.3135	-9999	-9999
0253511012	2011	5	12	132	0.30475	0.306	-9999	0.19625
0253511012	2011	5	13	133	0.312	0.2995	-9999	0.19525
0253511012	2011	5	14	134	0.294	0.28925	-9999	0.1915
0253511012	2011	5	15	135	0.27875	0.279	-9999	0.18425
0253511012	2011	5	16	136	0.28275	0.283	-9999	0.1825
0253511012	2011	5	17	137	0.27075	0.273	-9999	0.18225
0253511012	2011	5	18	138	0.257	0.2655	-9999	0.17325
0253511012	2011	5	19	139	0.2485	0.25875	-9999	0.173
0253511012	2011	5	20	140	0.2375	0.2545	-9999	0.167
0253511012	2011	5	21	141	0.231	0.2485	-9999	0.16475
0253511012	2011	5	22	142	0.24775	0.2575	-9999	0.16325
0253511012	2011	5	23	143	0.26075	0.272	-9999	0.1785
0253511012	2011	5	24	144	0.24375	0.25975	-9999	0.174
0253511012	2011	5	25	145	0.237	0.254	-9999	0.16825
0253511012	2011	5	26	146	0.27575	0.28375	-9999	0.1795
0253511012	2011	5	27	147	0.2545	0.2665	-9999	0.1815
0253511012	2011	5	28	148	0.24825	0.25925	-9999	0.17525
0253511012	2011	5	29	149	0.24	0.255	-9999	0.172
0253511012	2011	5	30	150	0.23375	0.25025	-9999	0.16875
0253511012	2011	5	31	151	0.2335	0.24925	-9999	0.16525
0253511012	2011	6	1	152	0.261	0.26825	-9999	0.1755
0253511012	2011	6	2	153	0.24875	0.26125	-9999	0.1765
0253511012	2011	6	3	154	0.2345	0.24975	-9999	0.17
0253511012	2011	6	4	155	0.232	0.24775	-9999	0.1655
0253511012	2011	6	5	156	0.22425	0.24275	-9999	0.16275
0253511012	2011	6	6	157	0.221	0.237	0.025	0.155
0253511012	2011	6	7	158	0.21275	0.2305	0.014333	0.15575
0253511012	2011	6	8	159	0.21225	0.2275	0.013333	0.15475
0253511012	2011	6	9	160	0.24525	0.24725	0.031	0.16225
0253511012	2011	6	10	161	0.22975	0.235	-9999	0.16125
0253511012	2011	6	11	162	0.228	0.237	-9999	0.16325
0253511012	2011	6	12	163	0.223	0.2295	-9999	0.1615
0253511012	2011	6	13	164	0.21925	0.22925	-9999	0.16033
0253511012	2011	6	14	165	0.2155	0.226	-9999	0.161
0253511012	2011	6	15	166	0.208	0.22075	-9999	0.1535
0253511012	2011	6	16	167	0.2055	0.21725	-9999	0.15175
0253511012	2011	6	17	168	0.20025	0.214	-9999	0.1485
0253511012	2011	6	18	169	0.20175	0.21425	-9999	0.1465
0253511012	2011	6	19	170	0.2085	0.217	-9999	0.148
0253511012	2011	6	20	171	0.20075	0.21125	-9999	0.145
0253511012	2011	6	21	172	0.19475	0.20525	0.0115	0.14575
0253511012	2011	6	22	173	0.19	0.19925	0.013	0.14275
0253511012	2011	6	23	174	0.179	0.194	-9999	0.1335
0253511012	2011	6	24	175	0.16975	0.185	-9999	0.12975
0253511012	2011	6	25	176	0.16725	0.17975	-9999	0.12675
0253511012	2011	6	26	177	0.16375	0.17525	-9999	0.12675
0253511012	2011	6	27	178	0.1555	0.1735	-9999	0.122
0253511012	2011	6	28	179	0.1565	0.16575	0.246	0.11775
0253511012	2011	6	29	180	0.1515	0.1615	0.112	0.115
0253511012	2011	6	30	181	0.14025	0.154	0.195	0.11225
0253511012	2011	7	1	182	0.13325	0.14625	0.191	0.10967
0253511012	2011	7	2	183	0.12425	0.1405	0.187	0.10575
0253511012	2011	7	3	184	0.117	0.1325	0.18325	0.103
0253511012	2011	7	4	185	0.09925	0.12575	0.17725	0.096
0253511012	2011	7	5	186	0.0865	0.11825	0.17175	0.092
0253511012	2011	7	6	187	0.06825	0.112	0.16625	0.0865
0253511012	2011	7	7	188	0.04675	0.10325	0.16025	0.081
0253511012	2011	7	8	189	0.029	0.09375	0.153	0.07675
0253511012	2011	7	9	190	0.015	0.08625	0.1475	0.0725
0253511012	2011	7	10	191	0.01	0.0785	0.1425	0.071
0253511012	2011	7	11	192	0.005	0.07175	0.13675	0.0675
0253511012	2011	7	12	193	-9999	0.066	0.13325	0.065
0253511012	2011	7	13	194	-9999	0.06475	0.1295	0.062
0253511012	2011	7	14	195	-9999	0.06225	0.127	0.05975
0253511012	2011	7	15	196	-9999	0.0585	0.12325	0.05475
0253511012	2011	7	16	197	-9999	0.05675	0.1205	0.0545
0253511012	2011	7	17	198	0.008	0.068	0.1105	0.0515
0253511012	2011	7	18	199	-9999	0.075	0.1065	0.049
0253511012	2011	7	19	200	-9999	0.0785	0.10375	0.047
0253511012	2011	7	20	201	-9999	0.0785	0.10075	0.0445
0253511012	2011	7	21	202	-9999	0.08	0.099	0.041
0253511012	2011	7	22	203	-9999	0.08175	0.09675	0.03975
0253511012	2011	7	23	204	-9999	0.08075	0.0935	0.038
0253511012	2011	7	24	205	-9999	0.0855	0.09425	0.036
0253511012	2011	7	25	206	-9999	0.1015	0.093	0.03325
0253511012	2011	7	26	207	-9999	0.1	0.0885	0.032
0253511012	2011	7	27	208	0.001	0.10475	0.0875	0.03225
0253511012	2011	7	28	209	0.003	0.1085	0.0845	0.032
0253511012	2011	7	29	210	0.0076667	0.1135	0.08375	0.029
0253511012	2011	7	30	211	0.009	0.1125	0.0805	0.0265
0253511012	2011	7	31	212	0.007	0.11425	0.07725	0.02625
0253511012	2011	8	1	213	-9999	0.1135	0.0735	0.02475
0253511012	2011	8	2	214	-9999	0.1115	0.06875	0.0225
0253511012	2011	8	3	215	-9999	0.10975	0.06525	0.02
0253511012	2011	8	4	216	-9999	0.109	0.06225	0.01825
0253511012	2011	8	5	217	-9999	0.109	0.05825	0.01625
0253511012	2011	8	6	218	-9999	0.10675	0.05475	0.01375
0253511012	2011	8	7	219	-9999	0.104	0.05175	0.011
0253511012	2011	8	8	220	-9999	0.10225	0.0475	0.0085
0253511012	2011	8	9	221	-9999	0.10075	0.042	0.00725
0253511012	2011	8	10	222	-9999	0.098	0.03875	0.003
0253511012	2011	8	11	223	-9999	0.0945	0.03375	0.002
0253511012	2011	8	12	224	-9999	0.09125	0.032	-9999
0253511012	2011	8	13	225	-9999	0.08775	0.02875	-9999
0253511012	2011	8	14	226	-9999	0.0855	0.0255	-9999
0253511012	2011	8	15	227	-9999	0.08075	0.0215	-9999
0253511012	2011	8	16	228	-9999	0.0765	0.0195	-9999
0253511012	2011	8	17	229	-9999	0.07225	0.01825	-9999
0253511012	2011	8	18	230	-9999	0.069	0.0155	-9999
0253511012	2011	8	19	231	-9999	0.06525	0.01325	-9999
0253511012	2011	8	20	232	-9999	0.06275	0.0115	-9999
0253511012	2011	8	21	233	-9999	0.0605	0.0105	-9999
0253511012	2011	8	22	234	-9999	0.05575	0.00825	-9999
0253511012	2011	8	23	235	-9999	0.05175	0.00775	-9999
0253511012	2011	8	24	236	-9999	0.04975	0.00575	-9999
0253511012	2011	8	25	237	-9999	0.04475	0.00425	-9999
0253511012	2011	8	26	238	-9999	0.0415	0.004	-9999
0253511012	2011	8	27	239	-9999	0.03925	0.0025	-9999
0253511012	2011	8	28	240	-9999	0.03525	0.003	-9999
0253511012	2011	8	29	241	-9999	0.034	0.003	-9999
0253511012	2011	8	30	242	-9999	0.02875	0.001	-9999
0253511012	2011	8	31	243	-9999	0.027	0.001	-9999
0253511012	2011	9	1	244	-9999	0.02275	-9999	-9999
0253511012	2011	9	2	245	-9999	0.02025	-9999	-9999
0253511012	2011	9	3	246	-9999	0.019	-9999	-9999
0253511012	2011	9	4	247	-9999	0.018	-9999	-9999
0253511012	2011	9	5	248	-9999	0.01775	-9999	-9999
0253511012	2011	9	6	249	-9999	0.0165	-9999	-9999
0253511012	2011	9	7	250	-9999	0.0135	-9999	-9999
0253511012	2011	9	8	251	-9999	0.01375	-9999	-9999
0253511012	2011	9	9	252	-9999	0.01275	-9999	-9999
0253511012	2011	9	10	253	-9999	0.0115	-9999	-9999
0253511012	2011	9	11	254	-9999	0.00925	-9999	-9999
0253511012	2011	9	12	255	-9999	0.00725	-9999	-9999
0253511012	2011	9	13	256	-9999	0.00625	-9999	-9999
0253511012	2011	9	14	257	-9999	0.0055	-9999	-9999
0253511012	2011	9	15	258	-9999	0.004	-9999	-9999
0253511012	2011	9	16	259	-9999	-9999	-9999	-9999
0253511012	2011	9	17	260	-9999	-9999	-9999	-9999
0253511012	2011	9	18	261	-9999	-9999	-9999	-9999
0253511012	2011	9	19	262	-9999	-9999	-9999	-9999
0253511012	2011	9	20	263	-9999	-9999	-9999	-9999
0253511012	2011	9	21	264	-9999	-9999	-9999	-9999
0253511012	2011	9	22	265	-9999	-9999	-9999	-9999
0253511012	2011	9	23	266	-9999	-9999	-9999	-9999
0253511012	2011	9	24	267	-9999	-9999	-9999	-9999
0253511012	2011	9	25	268	-9999	-9999	-9999	-9999
0253511012	2011	9	26	269	-9999	-9999	-9999	-9999
0253511012	2011	9	27	270	0.09725	0.0265	-9999	-9999
0253511012	2011	9	28	271	0.0725	0.081	-9999	-9999
0253511012	2011	9	29	272	0.05675	0.09625	-9999	-9999
0253511012	2011	9	30	273	0.04525	0.09975	-9999	-9999
0253511012	2011	10	1	274	0.04275	0.09825	-9999	-9999
0253511012	2011	10	2	275	0.03175	0.09625	-9999	-9999
0253511012	2011	10	3	276	0.02525	0.09175	-9999	-9999
0253511012	2011	10	4	277	0.1285	0.22125	-9999	-9999
0253511012	2011	10	5	278	0.15475	0.263	-9999	-9999
0253511012	2011	10	6	279	0.13225	0.275	0.05775	-9999
0253511012	2011	10	7	280	0.09675	0.2395	0.07675	-9999
0253511012	2011	10	8	281	0.08325	0.2185	0.0825	-9999
0253511012	2011	10	9	282	0.0755	0.2055	0.0825	-9999
0253511012	2011	10	10	283	0.074	0.1965	0.0845	-9999
0253511012	2011	10	11	284	0.14075	0.263	0.09425	-9999
0253511012	2011	10	12	285	0.10825	0.246	0.10475	-9999
0253511012	2011	10	13	286	0.094	0.2285	0.10375	-9999
0253511012	2011	10	14	287	0.086	0.2195	0.10325	-9999
0253511012	2011	10	15	288	0.08025	0.2105	0.103	-9999
0253511012	2011	10	16	289	0.07475	0.20125	0.1025	-9999
0253511012	2011	10	17	290	0.07075	0.195	0.1015	-9999
0253511012	2011	10	18	291	0.06875	0.19	0.101	-9999
0253511012	2011	10	19	292	0.06775	0.187	0.10025	-9999
0253511012	2011	10	20	293	0.06575	0.1825	0.09975	-9999
0253511012	2011	10	21	294	0.06325	0.179	0.09925	-9999
0253511012	2011	10	22	295	0.0615	0.175	0.0985	-9999
0253511012	2011	10	23	296	0.06825	0.17675	0.0985	-9999
0253511012	2011	10	24	297	0.06425	0.17625	0.0965	-9999
0253511012	2011	10	25	298	0.05775	0.173	0.09575	-9999
0253511012	2011	10	26	299	0.04275	0.1695	0.095	-9999
0253511012	2011	10	27	300	0.0325	0.16525	0.09425	-9999
0253511012	2011	10	28	301	-9999	0.16075	0.093	-9999
0253511012	2011	10	29	302	-9999	0.15625	0.0935	-9999
0253511012	2011	10	30	303	0.007	0.15575	0.09225	-9999
0253511012	2011	10	31	304	0.01375	0.155	0.093	-9999
0253511012	2011	11	1	305	0.016	0.1545	0.0915	-9999
0253511012	2011	11	2	306	-9999	0.151	0.09125	-9999
0253511012	2011	11	3	307	-9999	0.14425	0.09125	-9999
0253511012	2011	11	4	308	-9999	0.142	0.09025	-9999
0253511012	2011	11	5	309	-9999	0.12725	0.08925	-9999
0253511012	2011	11	6	310	-9999	0.069	0.0885	-9999
0253511012	2011	11	7	311	-9999	0.0395	0.086	-9999
0253511012	2011	11	8	312	-9999	0.037	0.07875	-9999
0253511012	2011	11	9	313	-9999	0.04025	0.0605	-9999
0253511012	2011	11	10	314	-9999	0.0425	0.06075	-9999
0253511012	2011	11	11	315	-9999	0.0405	0.0545	-9999
0253511012	2011	11	12	316	-9999	0.04375	0.05	-9999
0253511012	2011	11	13	317	-9999	0.04275	0.053	-9999
0253511012	2011	11	14	318	-9999	0.04325	0.05175	-9999
0253511012	2011	11	15	319	-9999	0.035	0.0435	-9999
0253511012	2011	11	16	320	-9999	0.02825	0.0195	-9999
0253511012	2011	11	17	321	-9999	0.02725	0.0125	-9999
0253511012	2011	11	18	322	-9999	0.031	0.0125	-9999
0253511012	2011	11	19	323	-9999	0.03275	0.01375	-9999
0253511012	2011	11	20	324	-9999	0.03375	0.015	-9999
0253511012	2011	11	21	325	-9999	0.03075	0.0155	-9999
0253511012	2011	11	22	326	-9999	0.03375	0.0145	-9999
0253511012	2011	11	23	327	-9999	0.11025	0.08125	-9999
0253511012	2011	11	24	328	0.28975	0.32475	-9999	-9999
0253511012	2011	11	25	329	0.18075	0.29475	0.2285	0.028333
0253511012	2011	11	26	330	0.143	0.275	0.2085	0.04525
0253511012	2011	11	27	331	0.12375	0.261	0.194	0.0475
0253511012	2011	11	28	332	0.1115	0.25025	0.18525	0.04975
0253511012	2011	11	29	333	0.09525	0.24225	0.17875	0.04925
0253511012	2011	11	30	334	0.08075	0.2375	0.1755	0.049
0253511012	2011	12	1	335	0.0595	0.23125	0.171	0.049
0253511012	2011	12	2	336	0.0375	0.22425	0.16675	0.0495
0253511012	2011	12	3	337	0.02725	0.216	0.162	0.04875
0253511012	2011	12	4	338	0.025667	0.21033	0.158	0.04875
0253511012	2011	12	5	339	0.0225	0.2015	0.154	0.0475
0253511012	2011	12	6	340	0.0185	0.182	0.14825	0.04725
0253511012	2011	12	7	341	0.015	0.1515	0.1425	0.0465
0253511012	2011	12	8	342	0.012	0.10975	0.13425	0.04675
0253511012	2011	12	9	343	0.01175	0.076	0.12575	0.046
0253511012	2011	12	10	344	0.01025	0.06825	0.1175	0.04475
0253511012	2011	12	11	345	0.00925	0.06425	0.10775	0.04375
0253511012	2011	12	12	346	0.00675	0.059	0.08225	0.044
0253511012	2011	12	13	347	0.005	0.0545	0.03725	0.0405
0253511012	2011	12	14	348	0.00375	0.05225	0.02475	0.042
0253511012	2011	12	15	349	0.0025	0.054	0.02	0.04025
0253511012	2011	12	16	350	0.0055	0.05275	0.0195	0.03975
0253511012	2011	12	17	351	0.00525	0.05275	0.01925	0.0405
0253511012	2011	12	18	352	0.00375	0.053	0.02	0.0395
0253511012	2011	12	19	353	0.00425	0.05325	0.02025	0.03875
0253511012	2011	12	20	354	0.003	0.05225	0.0175	0.037
0253511012	2011	12	21	355	0.0035	0.0525	0.0185	0.03725
0253511012	2011	12	22	356	0.002	0.04925	0.01575	0.0345
0253511012	2011	12	23	357	-9999	0.045	0.0105	0.0355
0253511012	2011	12	24	358	-9999	0.0455	0.009	0.03375
0253511012	2011	12	25	359	-9999	0.047	0.0085	0.03375
0253511012	2011	12	26	360	0.001	0.046	0.0095	0.0325
0253511012	2011	12	27	361	0.001	0.046	0.0085	0.03125
0253511012	2011	12	28	362	0.0055	0.04875	0.00925	0.03025
0253511012	2011	12	29	363	0.01275	0.05725	0.01525	0.029
0253511012	2011	12	30	364	0.01925	0.06325	0.02225	0.02875
0253511012	2011	12	31	365	0.018333	0.069	0.025333	0.02775
0253511012	2012	1	1	1	0.01375	0.067	0.028	0.02875
0253511012	2012	1	2	2	0.01175	0.0625	0.02675	0.02675
0253511012	2012	1	3	3	0.00975	0.0595	0.02275	0.02575
0253511012	2012	1	4	4	0.00975	0.0575	0.02025	0.028
0253511012	2012	1	5	5	0.011	0.05925	0.022	0.0275
0253511012	2012	1	6	6	0.00875	0.057	0.021	0.026
0253511012	2012	1	7	7	0.0065	0.05525	0.0185	0.028
0253511012	2012	1	8	8	0.00425	0.0535	0.0165	0.026
0253511012	2012	1	9	9	0.0065	0.05275	0.0155	0.02775
0253511012	2012	1	10	10	0.00525	0.0555	0.016	0.02675
0253511012	2012	1	11	11	0.0033333	0.05175	0.015	0.026
0253511012	2012	1	12	12	0.002	0.04775	0.01125	0.0255
0253511012	2012	1	13	13	0.002	0.047	0.00975	0.0255
0253511012	2012	1	14	14	-9999	0.045	0.008	0.0245
0253511012	2012	1	15	15	-9999	0.04525	0.00825	0.02475
0253511012	2012	1	16	16	-9999	0.04275	0.0065	0.0235
0253511012	2012	1	17	17	-9999	0.04175	0.00375	0.023
0253511012	2012	1	18	18	-9999	0.04025	0.00275	0.0225
0253511012	2012	1	19	19	-9999	0.04125	0.00375	0.01925
0253511012	2012	1	20	20	-9999	0.0425	0.005	0.0195
0253511012	2012	1	21	21	-9999	0.045	0.0035	0.01675
0253511012	2012	1	22	22	-9999	0.04475	0.00575	0.01425
0253511012	2012	1	23	23	-9999	0.044	0.00575	0.00925
0253511012	2012	1	24	24	-9999	0.04475	0.00575	0.00675
0253511012	2012	1	25	25	-9999	0.04725	0.00725	0.0045
0253511012	2012	1	26	26	0.0015	0.04675	0.007	0.00325
0253511012	2012	1	27	27	-9999	0.0465	0.00825	0.0025
0253511012	2012	1	28	28	-9999	0.04675	0.008	0.003
0253511012	2012	1	29	29	0.003	0.0465	0.0085	0.00175
0253511012	2012	1	30	30	0.003	0.04975	0.00975	0.002
0253511012	2012	1	31	31	0.004	0.0505	0.01175	0.0015
0253511012	2012	2	1	32	0.00375	0.04975	0.012	0.0023333
0253511012	2012	2	2	33	0.00325	0.05025	0.012	0.003
0253511012	2012	2	3	34	0.00425	0.05125	0.01125	0.0055
0253511012	2012	2	4	35	0.00325	0.04975	0.0115	0.00625
0253511012	2012	2	5	36	0.0025	0.0495	0.01175	0.00725
0253511012	2012	2	6	37	0.00325	0.04925	0.01025	0.00775
0253511012	2012	2	7	38	0.002	0.0485	0.0115	0.00775
0253511012	2012	2	8	39	0.00225	0.04975	0.01	0.0075
0253511012	2012	2	9	40	0.00275	0.05	0.01075	0.00675
0253511012	2012	2	10	41	0.0023333	0.0495	0.009	0.00625
0253511012	2012	2	11	42	0.003	0.04975	0.01125	0.00625
0253511012	2012	2	12	43	0.00925	0.05425	0.01275	0.00525
0253511012	2012	2	13	44	0.0105	0.05725	0.016	0.005
0253511012	2012	2	14	45	0.012	0.05825	0.0165	0.00575
0253511012	2012	2	15	46	0.009	0.055	0.01775	0.00775
0253511012	2012	2	16	47	0.006	0.05325	0.01675	0.0065
0253511012	2012	2	17	48	0.0035	0.05275	0.01425	0.008
0253511012	2012	2	18	49	0.002	0.053	0.01225	0.00725
0253511012	2012	2	19	50	0.0035	0.0525	0.0135	0.0085
0253511012	2012	2	20	51	0.00325	0.0515	0.015	0.0075
0253511012	2012	2	21	52	0.00425	0.05275	0.0135	0.00775
0253511012	2012	2	22	53	0.00375	0.05225	0.01375	0.0075
0253511012	2012	2	23	54	0.005	0.055	0.015	0.007
0253511012	2012	2	24	55	0.0055	0.05225	0.014	0.0065
0253511012	2012	2	25	56	0.00625	0.054	0.013	0.008
0253511012	2012	2	26	57	0.00475	0.0555	0.0155	0.00725
0253511012	2012	2	27	58	0.00425	0.05275	0.01375	0.0055
0253511012	2012	2	28	59	0.0025	0.052	0.013	0.00575
0253511012	2012	2	29	60	0.003	0.0485	0.01075	0.00575
0253511012	2012	3	1	61	0.003	0.05075	0.012	0.00675
0253511012	2012	3	2	62	0.0026667	0.049	0.012	0.004
0253511012	2012	3	3	63	0.004	0.04925	0.01175	0.00475
0253511012	2012	3	4	64	0.0075	0.05325	0.0135	0.0045
0253511012	2012	3	5	65	0.01275	0.0575	0.0155	0.0035
0253511012	2012	3	6	66	0.016	0.06225	0.019	0.0025
0253511012	2012	3	7	67	0.01675	0.06425	0.02075	0.00175
0253511012	2012	3	8	68	0.01225	0.06125	0.022	0.00225
0253511012	2012	3	9	69	0.01025	0.0575	0.0195	0.003
0253511012	2012	3	10	70	0.0095	0.056	0.018	0.0035
0253511012	2012	3	11	71	0.01075	0.05775	0.018	0.0025
0253511012	2012	3	12	72	0.01175	0.0595	0.0195	0.004
0253511012	2012	3	13	73	0.01175	0.05975	0.01975	0.00425
0253511012	2012	3	14	74	0.0115	0.0605	0.01975	0.00475
0253511012	2012	3	15	75	0.0105	0.0595	0.02125	0.0065
0253511012	2012	3	16	76	0.02	0.0635	0.02225	0.0055
0253511012	2012	3	17	77	0.03	0.0665	0.0255	0.007
0253511012	2012	3	18	78	0.0315	0.07075	0.028	0.0065
0253511012	2012	3	19	79	0.033	0.0735	0.0325	0.007
0253511012	2012	3	20	80	0.0365	0.0765	0.03425	0.00725
0253511012	2012	3	21	81	0.035	0.077	0.0365	0.0085
0253511012	2012	3	22	82	0.034	0.077	0.03925	0.00925
0253511012	2012	3	23	83	0.03175	0.07725	0.0405	0.00825
0253511012	2012	3	24	84	0.02975	0.07775	0.04325	0.0075
0253511012	2012	3	25	85	0.02775	0.0765	0.04375	0.01
0253511012	2012	3	26	86	0.029	0.078	0.044	0.00925
0253511012	2012	3	27	87	0.03275	0.0805	0.04625	0.00875
0253511012	2012	3	28	88	0.03525	0.08125	0.047	0.009
0253511012	2012	3	29	89	0.03725	0.0835	0.04775	0.009
0253511012	2012	3	30	90	0.04025	0.08575	0.052	0.00925
0253511012	2012	3	31	91	0.04175	0.08675	0.05875	0.016
0253511012	2012	4	1	92	0.046	0.09025	0.06375	0.0425
0253511012	2012	4	2	93	0.05175	0.0925	0.0685	0.052
0253511012	2012	4	3	94	0.0605	0.09325	0.0715	0.0555
0253511012	2012	4	4	95	0.1215	0.096	0.07575	0.05725
0253511012	2012	4	5	96	0.164	0.09975	0.0785	0.059
0253511012	2012	4	6	97	0.1765	0.1015	0.08375	0.0575
0253511012	2012	4	7	98	0.183	0.10425	0.0865	0.05875
0253511012	2012	4	8	99	0.186	0.1095	0.0895	0.05875
0253511012	2012	4	9	100	0.19225	0.1115	0.093	0.0585
0253511012	2012	4	10	101	0.2655	0.11525	0.095	0.0575
0253511012	2012	4	11	102	-9999	0.126	0.099	0.05875
0253511012	2012	4	12	103	-9999	0.153	0.11325	0.06175
0253511012	2012	4	13	104	-9999	0.22275	0.1565	0.0715
0253511012	2012	4	14	105	-9999	0.247	0.18225	0.0845
0253511012	2012	4	15	106	-9999	0.25825	0.196	0.09325
0253511012	2012	4	16	107	-9999	0.26625	0.20475	0.0985
0253511012	2012	4	17	108	-9999	0.2695	0.208	0.1025
0253511012	2012	4	18	109	-9999	0.27433	0.21133	0.102
0253511012	2012	4	19	110	-9999	0.27925	0.2165	0.10675
0253511012	2012	4	20	111	-9999	0.28425	0.2205	0.111
0253511012	2012	4	21	112	-9999	0.291	0.22525	0.11833
0253511012	2012	4	22	113	-9999	0.296	0.2285	0.12225
0253511012	2012	4	23	114	-9999	0.3005	0.23125	0.1275
0253511012	2012	4	24	115	-9999	-9999	-9999	-9999
0253511012	2012	4	25	116	-9999	-9999	-9999	-9999
0253511012	2012	4	26	117	-9999	-9999	-9999	-9999
0253511012	2012	4	27	118	0.313	0.3155	0.2575	0.1895
0253511012	2012	4	28	119	-9999	0.3155	0.25425	0.18525
0253511012	2012	4	29	120	0.3075	0.32775	0.25475	0.18475
0253511012	2012	4	30	121	0.29225	-9999	0.25625	0.1845
0253511012	2012	5	1	122	0.27225	-9999	0.25475	0.18375
0253511012	2012	5	2	123	0.2555	-9999	0.2495	0.18175
0253511012	2012	5	3	124	0.2445	0.341	0.24525	0.179
0253511012	2012	5	4	125	0.26425	-9999	-9999	0.18775
0253511012	2012	5	5	126	0.24625	-9999	0.2505	0.18325
0253511012	2012	5	6	127	0.234	0.33825	0.24325	0.17825
0253511012	2012	5	7	128	0.226	0.335	0.23925	0.176
0253511012	2012	5	8	129	0.218	0.33125	0.2365	0.17375
0253511012	2012	5	9	130	0.2115	0.32825	0.2335	0.1725
0253511012	2012	5	10	131	0.204	0.324	0.2295	0.16925
0253511012	2012	5	11	132	0.20075	0.3215	0.2275	0.16675
0253511012	2012	5	12	133	0.185	0.31875	0.226	0.16475
0253511012	2012	5	13	134	0.17275	0.3165	0.22425	0.16225
0253511012	2012	5	14	135	0.168	0.31425	0.2225	0.16
0253511012	2012	5	15	136	0.1645	0.31	0.22	0.1575
0253511012	2012	5	16	137	0.1605	0.3055	0.21775	0.15425
0253511012	2012	5	17	138	0.15675	0.3025	0.21425	0.1525
0253511012	2012	5	18	139	0.1535	0.299	0.2125	0.1495
0253511012	2012	5	19	140	0.15125	0.2965	0.21	0.148
0253511012	2012	5	20	141	0.15	0.295	0.20975	0.14625
0253511012	2012	5	21	142	0.15075	0.295	0.2095	0.145
0253511012	2012	5	22	143	0.15575	0.299	0.21325	0.1465
0253511012	2012	5	23	144	0.152	0.2955	0.2105	0.146
0253511012	2012	5	24	145	0.149	0.293	0.20825	0.144
0253511012	2012	5	25	146	0.147	0.29125	0.207	0.1425
0253511012	2012	5	26	147	0.14575	0.2885	0.2055	0.14025
0253511012	2012	5	27	148	0.14225	0.2855	0.20425	0.1385
0253511012	2012	5	28	149	0.1395	0.28225	0.20225	0.13625
0253511012	2012	5	29	150	0.137	0.27775	0.20075	0.13325
0253511012	2012	5	30	151	0.13525	0.27425	0.19875	0.132
0253511012	2012	5	31	152	0.133	0.2705	0.19625	0.1295
0253511012	2012	6	1	153	0.13175	0.26725	0.1955	0.12875
0253511012	2012	6	2	154	0.1285	0.26275	0.19275	0.12575
0253511012	2012	6	3	155	0.1235	0.2545	0.18975	0.123
0253511012	2012	6	4	156	0.13575	0.26125	0.18825	0.12175
0253511012	2012	6	5	157	0.2285	-9999	0.2575	0.1465
0253511012	2012	6	6	158	0.205	-9999	-9999	0.1755
0253511012	2012	6	7	159	0.188	0.33025	0.24975	0.171
0253511012	2012	6	8	160	0.209	0.339	0.259	0.1755
0253511012	2012	6	9	161	0.208	-9999	-9999	0.182
0253511012	2012	6	10	162	0.18825	0.33175	0.253	0.1755
0253511012	2012	6	11	163	0.1795	0.32325	0.24525	0.17125
0253511012	2012	6	12	164	0.17225	0.31625	0.2395	0.16575
0253511012	2012	6	13	165	0.1685	0.315	0.23675	0.1645
0253511012	2012	6	14	166	0.15775	0.30875	0.2325	0.16125
0253511012	2012	6	15	167	0.15425	0.3035	0.2275	0.1585
0253511012	2012	6	16	168	0.15075	0.2985	0.22375	0.155
0253511012	2012	6	17	169	0.149	0.29525	0.22175	0.15275
0253511012	2012	6	18	170	0.145	0.2895	0.2175	0.14875
0253511012	2012	6	19	171	0.1435	0.28825	0.2155	0.14775
0253511012	2012	6	20	172	0.14275	0.2845	0.2135	0.14425
0253511012	2012	6	21	173	0.14	0.28	0.21	0.1415
0253511012	2012	6	22	174	0.135	0.27225	0.2055	0.138
0253511012	2012	6	23	175	0.14125	0.276	0.20575	0.1355
0253511012	2012	6	24	176	0.14225	0.27825	0.2075	0.136
0253511012	2012	6	25	177	0.13875	0.27375	0.20525	0.13425
0253511012	2012	6	26	178	0.1365	0.2725	0.2035	0.13325
0253511012	2012	6	27	179	0.13875	0.2735	0.204	0.13125
0253511012	2012	6	28	180	0.1365	0.26975	0.20225	0.1295
0253511012	2012	6	29	181	0.13325	0.2645	0.19975	0.1285
0253511012	2012	6	30	182	0.13075	0.2585	0.196	0.125
0253511012	2012	7	1	183	0.134	0.26025	0.19525	0.12325
0253511012	2012	7	2	184	0.12875	0.253	0.19225	0.12025
0253511012	2012	7	3	185	0.12275	0.2465	0.1875	0.11725
0253511012	2012	7	4	186	0.12	0.23925	0.1835	0.1135
0253511012	2012	7	5	187	0.11475	0.23075	0.17925	0.10925
0253511012	2012	7	6	188	0.1095	0.2235	0.176	0.10675
0253511012	2012	7	7	189	0.10475	0.216	0.1715	0.10225
0253511012	2012	7	8	190	0.09525	0.20575	0.16425	0.09875
0253511012	2012	7	9	191	0.08275	0.1935	0.1575	0.093
0253511012	2012	7	10	192	0.0685	0.18225	0.1485	0.0895
0253511012	2012	7	11	193	0.047	0.1715	0.1415	0.08425
0253511012	2012	7	12	194	0.0275	0.159	0.13275	0.08025
0253511012	2012	7	13	195	0.01575	0.14925	0.1245	0.0755
0253511012	2012	7	14	196	0.01075	0.1395	0.11575	0.07075
0253511012	2012	7	15	197	0.003	0.13025	0.1085	0.06675
0253511012	2012	7	16	198	-9999	0.126	0.103	0.0635
0253511012	2012	7	17	199	0.003	0.11925	0.09825	0.05975
0253511012	2012	7	18	200	-9999	0.11075	0.0915	0.055
0253511012	2012	7	19	201	-9999	0.10225	0.0835	0.051
0253511012	2012	7	20	202	-9999	0.09175	0.07425	0.04575
0253511012	2012	7	21	203	0.13875	0.2715	0.1125	0.0505
0253511012	2012	7	22	204	0.10625	0.22225	0.12425	0.05275
0253511012	2012	7	23	205	0.09075	0.1965	0.11975	0.05025
0253511012	2012	7	24	206	0.08	0.17975	0.11375	0.048
0253511012	2012	7	25	207	0.072	0.169	0.109	0.04425
0253511012	2012	7	26	208	0.182	-9999	0.1885	0.04825
0253511012	2012	7	27	209	0.1405	0.27625	0.17825	0.0565
0253511012	2012	7	28	210	0.1225	0.24525	0.16875	0.0595
0253511012	2012	7	29	211	0.10975	0.2225	0.159	0.0585
0253511012	2012	7	30	212	0.097	0.20525	0.14925	0.05625
0253511012	2012	7	31	213	0.08675	0.19075	0.142	0.0545
0253511012	2012	8	1	214	0.0755	0.18	0.1335	0.05075
0253511012	2012	8	2	215	0.062	0.1675	0.1265	0.04725
0253511012	2012	8	3	216	0.0505	0.156	0.11875	0.046
0253511012	2012	8	4	217	0.03925	0.1475	0.1115	0.04225
0253511012	2012	8	5	218	0.02625	0.13775	0.105	0.03875
0253511012	2012	8	6	219	0.01375	0.12825	0.09575	0.03525
0253511012	2012	8	7	220	0.0086667	0.118	0.088	0.0295
0253511012	2012	8	8	221	0.007	0.1085	0.079	0.0255
0253511012	2012	8	9	222	0.001	0.0955	0.06825	0.0205
0253511012	2012	8	10	223	-9999	0.0855	0.06	0.01525
0253511012	2012	8	11	224	-9999	0.075	0.05	0.00875
0253511012	2012	8	12	225	-9999	0.0665	0.04175	0.004
0253511012	2012	8	13	226	-9999	0.0565	0.034	-9999
0253511012	2012	8	14	227	-9999	0.049	0.0255	-9999
0253511012	2012	8	15	228	-9999	0.04375	0.02225	-9999
0253511012	2012	8	16	229	-9999	0.03925	0.01825	-9999
0253511012	2012	8	17	230	-9999	0.03725	0.0145	-9999
0253511012	2012	8	18	231	-9999	0.0345	0.01225	-9999
0253511012	2012	8	19	232	-9999	0.03125	0.0105	-9999
0253511012	2012	8	20	233	-9999	0.02925	0.007	-9999
0253511012	2012	8	21	234	-9999	0.0275	0.00575	-9999
0253511012	2012	8	22	235	0.063667	0.024	0.0045	-9999
0253511012	2012	8	23	236	0.03025	0.02425	0.00325	-9999
0253511012	2012	8	24	237	0.017	0.0235	0.0026667	-9999
0253511012	2012	8	25	238	-9999	0.0225	0.00225	-9999
0253511012	2012	8	26	239	-9999	0.0225	0.0026667	-9999
0253511012	2012	8	27	240	-9999	0.0225	0.0015	-9999
0253511012	2012	8	28	241	-9999	0.01975	0.002	-9999
0253511012	2012	8	29	242	-9999	0.01925	0.001	-9999
0253511012	2012	8	30	243	-9999	0.0165	-9999	-9999
0253511012	2012	8	31	244	-9999	0.0165	0.001	-9999
0253511012	2012	9	1	245	-9999	0.0155	-9999	-9999
0253511012	2012	9	2	246	-9999	0.01575	-9999	-9999
0253511012	2012	9	3	247	-9999	0.01325	-9999	-9999
0253511012	2012	9	4	248	-9999	0.01425	-9999	-9999
0253511012	2012	9	5	249	-9999	0.01325	-9999	-9999
0253511012	2012	9	6	250	-9999	0.0125	-9999	-9999
0253511012	2012	9	7	251	-9999	0.011	-9999	-9999
0253511012	2012	9	8	252	-9999	0.0115	-9999	-9999
0253511012	2012	9	9	253	-9999	0.0115	-9999	-9999
0253511012	2012	9	10	254	-9999	0.01025	-9999	-9999
0253511012	2012	9	11	255	-9999	0.008	-9999	-9999
0253511012	2012	9	12	256	-9999	0.0053333	-9999	-9999
0253511012	2012	9	13	257	-9999	0.00575	-9999	-9999
0253511012	2012	9	14	258	-9999	0.0053333	-9999	-9999
0253511012	2012	9	15	259	-9999	0.0056667	-9999	-9999
0253511012	2012	9	16	260	-9999	0.007	-9999	-9999
0253511012	2012	9	17	261	-9999	0.006	-9999	-9999
0253511012	2012	9	18	262	-9999	0.0063333	-9999	-9999
0253511012	2012	9	19	263	-9999	0.005	-9999	-9999
0253511012	2012	9	20	264	-9999	0.006	-9999	-9999
0253511012	2012	9	21	265	-9999	0.0046667	-9999	-9999
0253511012	2012	9	22	266	-9999	0.00425	-9999	-9999
0253511012	2012	9	23	267	-9999	0.0036667	-9999	-9999
0253511012	2012	9	24	268	-9999	0.0043333	-9999	-9999
0253511012	2012	9	25	269	-9999	0.003	-9999	-9999
0253511012	2012	9	26	270	-9999	0.0013333	-9999	-9999
0253511012	2012	9	27	271	-9999	0.002	-9999	-9999
0253511012	2012	9	28	272	-9999	0.002	-9999	-9999
0253511012	2012	9	29	273	-9999	0.0026667	-9999	-9999
0253511012	2012	9	30	274	-9999	0.0025	-9999	-9999
0253511012	2012	10	1	275	-9999	0.001	-9999	-9999
0253511012	2012	10	2	276	-9999	0.001	-9999	-9999
0253511012	2012	10	3	277	-9999	-9999	-9999	-9999
0253511012	2012	10	4	278	-9999	-9999	-9999	-9999
0253511012	2012	10	5	279	-9999	-9999	-9999	-9999
0253511012	2012	10	6	280	-9999	-9999	-9999	-9999
0253511012	2012	10	7	281	-9999	-9999	-9999	-9999
0253511012	2012	10	8	282	-9999	-9999	-9999	-9999
0253511012	2012	10	9	283	-9999	-9999	-9999	-9999
0253511012	2012	10	10	284	-9999	-9999	-9999	-9999
0253511012	2012	10	11	285	-9999	-9999	-9999	-9999
0253511012	2012	10	12	286	-9999	-9999	-9999	-9999
0253511012	2012	10	13	287	-9999	-9999	-9999	-9999
0253511012	2012	10	14	288	-9999	-9999	-9999	-9999
0253511012	2012	10	15	289	0.0045	-9999	-9999	-9999
0253511012	2012	10	16	290	0.07525	-9999	-9999	-9999
0253511012	2012	10	17	291	0.0715	0.0635	-9999	-9999
0253511012	2012	10	18	292	0.058	0.08925	-9999	-9999
0253511012	2012	10	19	293	0.04825	0.091	-9999	-9999
0253511012	2012	10	20	294	0.041	0.09125	-9999	-9999
0253511012	2012	10	21	295	0.01775	0.0865	-9999	-9999
0253511012	2012	10	22	296	0.0165	0.08425	-9999	-9999
0253511012	2012	10	23	297	0.022	0.0805	-9999	-9999
0253511012	2012	10	24	298	0.022	0.077	-9999	-9999
0253511012	2012	10	25	299	0.02825	0.07375	-9999	-9999
0253511012	2012	10	26	300	0.0345	0.0755	-9999	-9999
0253511012	2012	10	27	301	0.043	0.0815	-9999	-9999
0253511012	2012	10	28	302	0.05275	0.09525	-9999	-9999
0253511012	2012	10	29	303	0.18825	0.29975	0.121	-9999
0253511012	2012	10	30	304	0.164	0.29025	0.1525	-9999
0253511012	2012	10	31	305	0.19025	0.30075	0.15925	-9999
0253511012	2012	11	1	306	0.20725	0.31825	0.177	0.057667
0253511012	2012	11	2	307	0.1725	0.3055	0.1805	0.0905
0253511012	2012	11	3	308	0.14175	0.28125	0.17375	0.0905
0253511012	2012	11	4	309	0.135	0.2725	0.171	0.08975
0253511012	2012	11	5	310	0.1275	0.26325	0.168	0.0885
0253511012	2012	11	6	311	0.11825	0.253	0.16575	0.08775
0253511012	2012	11	7	312	0.116	0.24725	0.163	0.086
0253511012	2012	11	8	313	0.10475	0.23775	0.16125	0.0845
0253511012	2012	11	9	314	0.096	0.22825	0.159	0.0825
0253511012	2012	11	10	315	0.0915	0.22225	0.15575	0.08175
0253511012	2012	11	11	316	0.0525	0.21225	0.1525	0.07975
0253511012	2012	11	12	317	0.025333	0.20167	0.14933	0.07925
0253511012	2012	11	13	318	0.03225	0.19925	0.14725	0.07675
0253511012	2012	11	14	319	0.037	0.19825	0.14575	0.07375
0253511012	2012	11	15	320	0.026667	0.19475	0.146	0.074
0253511012	2012	11	16	321	0.00825	0.18525	0.14325	0.072
0253511012	2012	11	17	322	0.01575	0.18525	0.141	0.07125
0253511012	2012	11	18	323	0.03725	0.187	0.14125	0.07
0253511012	2012	11	19	324	0.04675	0.19075	0.14175	0.067667
0253511012	2012	11	20	325	0.2085	0.33175	0.1845	0.0825
0253511012	2012	11	21	326	0.22425	0.3395	0.217	0.1265
0253511012	2012	11	22	327	0.18225	0.314	0.20625	0.128
0253511012	2012	11	23	328	0.16325	0.3	0.19825	0.12325
0253511012	2012	11	24	329	0.15325	0.29075	0.1945	0.122
0253511012	2012	11	25	330	0.1475	0.28425	0.19075	0.12075
0253511012	2012	11	26	331	0.141	0.278	0.1885	0.1195
0253511012	2012	11	27	332	0.13575	0.2715	0.18675	0.11825
0253511012	2012	11	28	333	0.1325	0.2665	0.18525	0.117
0253511012	2012	11	29	334	0.13125	0.2645	0.183	0.11575
0253511012	2012	11	30	335	0.1325	0.263	0.18275	0.115
0253511012	2012	12	1	336	0.18925	0.302	0.19525	0.1175
0253511012	2012	12	2	337	0.20175	0.32725	0.2165	0.1345
0253511012	2012	12	3	338	0.17567	0.31033	0.20867	0.135
0253511012	2012	12	4	339	0.16733	0.30367	0.206	0.13467
0253511012	2012	12	5	340	0.16233	0.29867	0.20433	0.13333
0253511012	2012	12	6	341	0.16	0.29625	0.202	0.133
0253511012	2012	12	7	342	0.1555	0.29325	0.20025	0.1335
0253511012	2012	12	8	343	0.15225	0.289	0.19925	0.1315
0253511012	2012	12	9	344	0.15025	0.28575	0.19725	0.13133
0253511012	2012	12	10	345	0.14675	0.2835	0.196	0.131
0253511012	2012	12	11	346	0.14625	0.281	0.1955	0.1305
0253511012	2012	12	12	347	0.144	0.28075	0.1945	0.13075
0253511012	2012	12	13	348	0.143	0.279	0.19367	0.12933
0253511012	2012	12	14	349	0.14225	0.277	0.19325	0.12875
0253511012	2012	12	15	350	0.14025	0.2755	0.193	0.1285
0253511012	2012	12	16	351	0.14	0.274	0.1925	0.128
0253511012	2012	12	17	352	0.13767	0.27333	0.192	0.12833
0253511012	2012	12	18	353	0.13925	0.27225	0.191	0.12725
0253511012	2012	12	19	354	0.13667	0.27233	0.19067	0.127
0253511012	2012	12	20	355	0.1375	0.27025	0.1905	0.1265
0253511012	2012	12	21	356	0.136	0.2695	0.1905	0.12725
0253511012	2012	12	22	357	0.136	0.269	0.19	0.12567
0253511012	2012	12	23	358	0.135	0.269	0.18967	0.12567
0253511012	2012	12	24	359	0.13575	0.26925	0.18925	0.12575
0253511012	2012	12	25	360	-9999	-9999	-9999	-9999
0253511012	2012	12	26	361	-9999	-9999	-9999	-9999
0253511012	2012	12	27	362	-9999	-9999	-9999	-9999
0253511012	2012	12	28	363	-9999	-9999	-9999	-9999
0253511012	2012	12	29	364	-9999	-9999	-9999	-9999
0253511012	2012	12	30	365	-9999	-9999	-9999	-9999
0253511012	2012	12	31	366	-9999	-9999	-9999	-9999
