stationID	Y	M	D	DOY	depth_10	depth_20	depth_51	depth_102
0253821012	2010	1	1	1	-9999	-9999	-9999	-9999
0253821012	2010	1	2	2	-9999	-9999	-9999	-9999
0253821012	2010	1	3	3	-9999	-9999	-9999	-9999
0253821012	2010	1	4	4	-9999	-9999	-9999	-9999
0253821012	2010	1	5	5	-9999	-9999	-9999	-9999
0253821012	2010	1	6	6	-9999	-9999	-9999	-9999
0253821012	2010	1	7	7	-9999	-9999	-9999	-9999
0253821012	2010	1	8	8	-9999	-9999	-9999	-9999
0253821012	2010	1	9	9	-9999	-9999	-9999	-9999
0253821012	2010	1	10	10	-9999	-9999	-9999	-9999
0253821012	2010	1	11	11	-9999	-9999	-9999	-9999
0253821012	2010	1	12	12	-9999	-9999	-9999	-9999
0253821012	2010	1	13	13	-9999	-9999	-9999	-9999
0253821012	2010	1	14	14	-9999	-9999	-9999	-9999
0253821012	2010	1	15	15	-9999	-9999	-9999	-9999
0253821012	2010	1	16	16	-9999	-9999	-9999	-9999
0253821012	2010	1	17	17	-9999	-9999	-9999	-9999
0253821012	2010	1	18	18	-9999	-9999	-9999	-9999
0253821012	2010	1	19	19	-9999	-9999	-9999	-9999
0253821012	2010	1	20	20	-9999	-9999	-9999	-9999
0253821012	2010	1	21	21	-9999	-9999	-9999	-9999
0253821012	2010	1	22	22	-9999	-9999	-9999	-9999
0253821012	2010	1	23	23	-9999	-9999	-9999	-9999
0253821012	2010	1	24	24	-9999	-9999	-9999	-9999
0253821012	2010	1	25	25	-9999	-9999	-9999	-9999
0253821012	2010	1	26	26	-9999	-9999	-9999	-9999
0253821012	2010	1	27	27	-9999	-9999	-9999	-9999
0253821012	2010	1	28	28	-9999	-9999	-9999	-9999
0253821012	2010	1	29	29	-9999	-9999	-9999	-9999
0253821012	2010	1	30	30	-9999	-9999	-9999	-9999
0253821012	2010	1	31	31	-9999	-9999	-9999	-9999
0253821012	2010	2	1	32	-9999	-9999	-9999	-9999
0253821012	2010	2	2	33	-9999	-9999	-9999	-9999
0253821012	2010	2	3	34	-9999	-9999	-9999	-9999
0253821012	2010	2	4	35	-9999	-9999	-9999	-9999
0253821012	2010	2	5	36	-9999	-9999	-9999	-9999
0253821012	2010	2	6	37	-9999	-9999	-9999	-9999
0253821012	2010	2	7	38	-9999	-9999	-9999	-9999
0253821012	2010	2	8	39	-9999	-9999	-9999	-9999
0253821012	2010	2	9	40	-9999	-9999	-9999	-9999
0253821012	2010	2	10	41	-9999	-9999	-9999	-9999
0253821012	2010	2	11	42	-9999	-9999	-9999	-9999
0253821012	2010	2	12	43	-9999	-9999	-9999	-9999
0253821012	2010	2	13	44	-9999	-9999	-9999	-9999
0253821012	2010	2	14	45	-9999	-9999	-9999	-9999
0253821012	2010	2	15	46	-9999	-9999	-9999	-9999
0253821012	2010	2	16	47	-9999	-9999	-9999	-9999
0253821012	2010	2	17	48	-9999	-9999	-9999	-9999
0253821012	2010	2	18	49	-9999	-9999	-9999	-9999
0253821012	2010	2	19	50	-9999	-9999	-9999	-9999
0253821012	2010	2	20	51	-9999	-9999	-9999	-9999
0253821012	2010	2	21	52	-9999	-9999	-9999	-9999
0253821012	2010	2	22	53	-9999	-9999	-9999	-9999
0253821012	2010	2	23	54	-9999	-9999	-9999	-9999
0253821012	2010	2	24	55	-9999	-9999	-9999	-9999
0253821012	2010	2	25	56	-9999	-9999	-9999	-9999
0253821012	2010	2	26	57	-9999	-9999	-9999	-9999
0253821012	2010	2	27	58	-9999	-9999	-9999	-9999
0253821012	2010	2	28	59	-9999	-9999	-9999	-9999
0253821012	2010	3	1	60	-9999	-9999	-9999	-9999
0253821012	2010	3	2	61	-9999	-9999	-9999	-9999
0253821012	2010	3	3	62	-9999	-9999	-9999	-9999
0253821012	2010	3	4	63	-9999	-9999	-9999	-9999
0253821012	2010	3	5	64	-9999	-9999	-9999	-9999
0253821012	2010	3	6	65	-9999	-9999	-9999	-9999
0253821012	2010	3	7	66	-9999	-9999	-9999	-9999
0253821012	2010	3	8	67	-9999	-9999	-9999	-9999
0253821012	2010	3	9	68	-9999	-9999	-9999	-9999
0253821012	2010	3	10	69	-9999	-9999	-9999	-9999
0253821012	2010	3	11	70	-9999	-9999	-9999	-9999
0253821012	2010	3	12	71	-9999	-9999	-9999	-9999
0253821012	2010	3	13	72	-9999	-9999	-9999	-9999
0253821012	2010	3	14	73	-9999	-9999	-9999	-9999
0253821012	2010	3	15	74	-9999	-9999	-9999	-9999
0253821012	2010	3	16	75	-9999	-9999	-9999	-9999
0253821012	2010	3	17	76	-9999	-9999	-9999	-9999
0253821012	2010	3	18	77	-9999	-9999	-9999	-9999
0253821012	2010	3	19	78	-9999	-9999	-9999	-9999
0253821012	2010	3	20	79	-9999	-9999	-9999	-9999
0253821012	2010	3	21	80	-9999	-9999	-9999	-9999
0253821012	2010	3	22	81	-9999	-9999	-9999	-9999
0253821012	2010	3	23	82	-9999	-9999	-9999	-9999
0253821012	2010	3	24	83	-9999	-9999	-9999	-9999
0253821012	2010	3	25	84	-9999	-9999	-9999	-9999
0253821012	2010	3	26	85	-9999	-9999	-9999	-9999
0253821012	2010	3	27	86	-9999	-9999	-9999	-9999
0253821012	2010	3	28	87	-9999	-9999	-9999	-9999
0253821012	2010	3	29	88	-9999	-9999	-9999	-9999
0253821012	2010	3	30	89	-9999	-9999	-9999	-9999
0253821012	2010	3	31	90	-9999	-9999	-9999	-9999
0253821012	2010	4	1	91	-9999	-9999	-9999	-9999
0253821012	2010	4	2	92	-9999	-9999	-9999	-9999
0253821012	2010	4	3	93	-9999	-9999	-9999	-9999
0253821012	2010	4	4	94	-9999	-9999	-9999	-9999
0253821012	2010	4	5	95	-9999	-9999	-9999	-9999
0253821012	2010	4	6	96	-9999	-9999	-9999	-9999
0253821012	2010	4	7	97	-9999	-9999	-9999	-9999
0253821012	2010	4	8	98	-9999	-9999	-9999	-9999
0253821012	2010	4	9	99	-9999	-9999	-9999	-9999
0253821012	2010	4	10	100	-9999	-9999	-9999	-9999
0253821012	2010	4	11	101	-9999	-9999	-9999	-9999
0253821012	2010	4	12	102	-9999	-9999	-9999	-9999
0253821012	2010	4	13	103	-9999	-9999	-9999	-9999
0253821012	2010	4	14	104	-9999	-9999	-9999	-9999
0253821012	2010	4	15	105	-9999	-9999	-9999	-9999
0253821012	2010	4	16	106	-9999	-9999	-9999	-9999
0253821012	2010	4	17	107	-9999	-9999	-9999	-9999
0253821012	2010	4	18	108	-9999	-9999	-9999	-9999
0253821012	2010	4	19	109	-9999	-9999	-9999	-9999
0253821012	2010	4	20	110	-9999	-9999	-9999	-9999
0253821012	2010	4	21	111	-9999	-9999	-9999	-9999
0253821012	2010	4	22	112	-9999	-9999	-9999	-9999
0253821012	2010	4	23	113	-9999	-9999	-9999	-9999
0253821012	2010	4	24	114	-9999	-9999	-9999	-9999
0253821012	2010	4	25	115	-9999	-9999	-9999	-9999
0253821012	2010	4	26	116	-9999	-9999	-9999	-9999
0253821012	2010	4	27	117	-9999	-9999	-9999	-9999
0253821012	2010	4	28	118	-9999	-9999	-9999	-9999
0253821012	2010	4	29	119	-9999	-9999	-9999	-9999
0253821012	2010	4	30	120	-9999	-9999	-9999	-9999
0253821012	2010	5	1	121	-9999	-9999	-9999	-9999
0253821012	2010	5	2	122	-9999	-9999	-9999	-9999
0253821012	2010	5	3	123	-9999	-9999	-9999	-9999
0253821012	2010	5	4	124	-9999	-9999	-9999	-9999
0253821012	2010	5	5	125	-9999	-9999	-9999	-9999
0253821012	2010	5	6	126	-9999	-9999	-9999	-9999
0253821012	2010	5	7	127	-9999	-9999	-9999	-9999
0253821012	2010	5	8	128	-9999	-9999	-9999	-9999
0253821012	2010	5	9	129	-9999	-9999	-9999	-9999
0253821012	2010	5	10	130	-9999	-9999	-9999	-9999
0253821012	2010	5	11	131	-9999	-9999	-9999	-9999
0253821012	2010	5	12	132	-9999	-9999	-9999	-9999
0253821012	2010	5	13	133	-9999	-9999	-9999	-9999
0253821012	2010	5	14	134	-9999	-9999	-9999	-9999
0253821012	2010	5	15	135	-9999	-9999	-9999	-9999
0253821012	2010	5	16	136	-9999	-9999	-9999	-9999
0253821012	2010	5	17	137	-9999	-9999	-9999	-9999
0253821012	2010	5	18	138	-9999	-9999	-9999	-9999
0253821012	2010	5	19	139	-9999	-9999	-9999	-9999
0253821012	2010	5	20	140	-9999	-9999	-9999	-9999
0253821012	2010	5	21	141	-9999	-9999	-9999	-9999
0253821012	2010	5	22	142	-9999	-9999	-9999	-9999
0253821012	2010	5	23	143	-9999	-9999	-9999	-9999
0253821012	2010	5	24	144	-9999	-9999	-9999	-9999
0253821012	2010	5	25	145	-9999	-9999	-9999	-9999
0253821012	2010	5	26	146	-9999	-9999	-9999	-9999
0253821012	2010	5	27	147	-9999	-9999	-9999	-9999
0253821012	2010	5	28	148	-9999	-9999	-9999	-9999
0253821012	2010	5	29	149	-9999	-9999	-9999	-9999
0253821012	2010	5	30	150	-9999	-9999	-9999	-9999
0253821012	2010	5	31	151	-9999	-9999	-9999	-9999
0253821012	2010	6	1	152	-9999	-9999	-9999	-9999
0253821012	2010	6	2	153	-9999	-9999	-9999	-9999
0253821012	2010	6	3	154	-9999	-9999	-9999	-9999
0253821012	2010	6	4	155	-9999	-9999	-9999	-9999
0253821012	2010	6	5	156	-9999	-9999	-9999	-9999
0253821012	2010	6	6	157	-9999	-9999	-9999	-9999
0253821012	2010	6	7	158	-9999	-9999	-9999	-9999
0253821012	2010	6	8	159	-9999	-9999	-9999	-9999
0253821012	2010	6	9	160	-9999	-9999	-9999	-9999
0253821012	2010	6	10	161	-9999	-9999	-9999	-9999
0253821012	2010	6	11	162	-9999	-9999	-9999	-9999
0253821012	2010	6	12	163	-9999	-9999	-9999	-9999
0253821012	2010	6	13	164	-9999	-9999	-9999	-9999
0253821012	2010	6	14	165	-9999	-9999	-9999	-9999
0253821012	2010	6	15	166	-9999	-9999	-9999	-9999
0253821012	2010	6	16	167	-9999	-9999	-9999	-9999
0253821012	2010	6	17	168	-9999	-9999	-9999	-9999
0253821012	2010	6	18	169	-9999	-9999	-9999	-9999
0253821012	2010	6	19	170	-9999	-9999	-9999	-9999
0253821012	2010	6	20	171	-9999	-9999	-9999	-9999
0253821012	2010	6	21	172	-9999	-9999	-9999	-9999
0253821012	2010	6	22	173	-9999	-9999	-9999	-9999
0253821012	2010	6	23	174	-9999	-9999	-9999	-9999
0253821012	2010	6	24	175	-9999	-9999	-9999	-9999
0253821012	2010	6	25	176	-9999	-9999	-9999	-9999
0253821012	2010	6	26	177	-9999	-9999	-9999	-9999
0253821012	2010	6	27	178	-9999	-9999	-9999	-9999
0253821012	2010	6	28	179	-9999	-9999	-9999	-9999
0253821012	2010	6	29	180	-9999	-9999	-9999	-9999
0253821012	2010	6	30	181	-9999	-9999	-9999	-9999
0253821012	2010	7	1	182	-9999	-9999	-9999	-9999
0253821012	2010	7	2	183	-9999	-9999	-9999	-9999
0253821012	2010	7	3	184	-9999	-9999	-9999	-9999
0253821012	2010	7	4	185	-9999	-9999	-9999	-9999
0253821012	2010	7	5	186	-9999	-9999	-9999	-9999
0253821012	2010	7	6	187	-9999	-9999	-9999	-9999
0253821012	2010	7	7	188	-9999	-9999	-9999	-9999
0253821012	2010	7	8	189	-9999	-9999	-9999	-9999
0253821012	2010	7	9	190	-9999	-9999	-9999	-9999
0253821012	2010	7	10	191	-9999	-9999	-9999	-9999
0253821012	2010	7	11	192	-9999	-9999	-9999	-9999
0253821012	2010	7	12	193	-9999	-9999	-9999	-9999
0253821012	2010	7	13	194	-9999	-9999	-9999	-9999
0253821012	2010	7	14	195	-9999	-9999	-9999	-9999
0253821012	2010	7	15	196	-9999	-9999	-9999	-9999
0253821012	2010	7	16	197	-9999	-9999	-9999	-9999
0253821012	2010	7	17	198	-9999	-9999	-9999	-9999
0253821012	2010	7	18	199	-9999	-9999	-9999	-9999
0253821012	2010	7	19	200	-9999	-9999	-9999	-9999
0253821012	2010	7	20	201	-9999	-9999	-9999	-9999
0253821012	2010	7	21	202	-9999	-9999	-9999	-9999
0253821012	2010	7	22	203	-9999	-9999	-9999	-9999
0253821012	2010	7	23	204	-9999	-9999	-9999	-9999
0253821012	2010	7	24	205	-9999	-9999	-9999	-9999
0253821012	2010	7	25	206	-9999	-9999	-9999	-9999
0253821012	2010	7	26	207	-9999	-9999	-9999	-9999
0253821012	2010	7	27	208	-9999	-9999	-9999	-9999
0253821012	2010	7	28	209	-9999	-9999	-9999	-9999
0253821012	2010	7	29	210	-9999	-9999	-9999	-9999
0253821012	2010	7	30	211	-9999	-9999	-9999	-9999
0253821012	2010	7	31	212	-9999	-9999	-9999	-9999
0253821012	2010	8	1	213	-9999	-9999	-9999	-9999
0253821012	2010	8	2	214	-9999	-9999	-9999	-9999
0253821012	2010	8	3	215	-9999	-9999	-9999	-9999
0253821012	2010	8	4	216	-9999	-9999	-9999	-9999
0253821012	2010	8	5	217	-9999	-9999	-9999	-9999
0253821012	2010	8	6	218	-9999	-9999	-9999	-9999
0253821012	2010	8	7	219	-9999	-9999	-9999	-9999
0253821012	2010	8	8	220	-9999	-9999	-9999	-9999
0253821012	2010	8	9	221	-9999	-9999	-9999	-9999
0253821012	2010	8	10	222	-9999	-9999	-9999	-9999
0253821012	2010	8	11	223	-9999	-9999	-9999	-9999
0253821012	2010	8	12	224	-9999	-9999	-9999	-9999
0253821012	2010	8	13	225	-9999	-9999	-9999	-9999
0253821012	2010	8	14	226	-9999	-9999	-9999	-9999
0253821012	2010	8	15	227	-9999	-9999	-9999	-9999
0253821012	2010	8	16	228	-9999	-9999	-9999	-9999
0253821012	2010	8	17	229	-9999	-9999	-9999	-9999
0253821012	2010	8	18	230	0.051	0.04	0.115	0.271
0253821012	2010	8	19	231	0.0495	0.045	0.1195	0.2745
0253821012	2010	8	20	232	0.051	0.0445	0.121	0.2695
0253821012	2010	8	21	233	0.0465	0.0435	0.121	0.27
0253821012	2010	8	22	234	0.05	0.048	0.121	0.27
0253821012	2010	8	23	235	0.046	0.046	0.119	0.27
0253821012	2010	8	24	236	0.0485	0.044	0.12	0.272
0253821012	2010	8	25	237	0.048	0.0425	0.1195	0.272
0253821012	2010	8	26	238	0.046	0.0435	0.1175	0.2725
0253821012	2010	8	27	239	0.051	0.048	0.1165	0.274
0253821012	2010	8	28	240	0.0505	0.0455	0.1185	0.2745
0253821012	2010	8	29	241	0.0485	0.0445	0.1165	0.2725
0253821012	2010	8	30	242	0.073	0.0425	0.1205	0.273
0253821012	2010	8	31	243	0.089	0.039	0.1175	0.275
0253821012	2010	9	1	244	0.091	0.039	0.115	0.272
0253821012	2010	9	2	245	0.088	0.0395	0.113	0.272
0253821012	2010	9	3	246	0.0805	0.0385	0.1125	0.27
0253821012	2010	9	4	247	0.0775	0.0395	0.113	0.2685
0253821012	2010	9	5	248	0.073	0.04	0.1145	0.268
0253821012	2010	9	6	249	0.067	0.0395	0.115	0.269
0253821012	2010	9	7	250	0.0615	0.041	0.1165	0.27
0253821012	2010	9	8	251	0.0635	0.04	0.1195	0.269
0253821012	2010	9	9	252	0.0575	0.0405	0.118	0.269
0253821012	2010	9	10	253	0.055	0.0415	0.118	0.267
0253821012	2010	9	11	254	0.058	0.035	0.116	0.269
0253821012	2010	9	12	255	0.0545	0.033	0.115	0.2665
0253821012	2010	9	13	256	0.0505	0.0355	0.116	0.2695
0253821012	2010	9	14	257	0.048	0.0345	0.116	0.2685
0253821012	2010	9	15	258	0.047	0.036	0.116	0.2685
0253821012	2010	9	16	259	0.05	0.0335	0.117	0.2695
0253821012	2010	9	17	260	0.048	0.037	0.109	0.2685
0253821012	2010	9	18	261	0.0475	0.0365	0.116	0.267
0253821012	2010	9	19	262	0.051	0.0365	0.116	0.2695
0253821012	2010	9	20	263	0.0505	0.0345	0.113	0.269
0253821012	2010	9	21	264	0.0475	0.0315	0.116	0.2685
0253821012	2010	9	22	265	0.051	0.036	0.111	0.268
0253821012	2010	9	23	266	0.0455	0.032	0.109	0.269
0253821012	2010	9	24	267	0.0435	0.031	0.1105	0.268
0253821012	2010	9	25	268	0.039	0.033	0.113	0.2685
0253821012	2010	9	26	269	0.0405	0.035	0.113	0.2685
0253821012	2010	9	27	270	0.0405	0.031	0.113	0.2655
0253821012	2010	9	28	271	0.04	0.035	0.112	0.2665
0253821012	2010	9	29	272	0.0435	0.0345	0.113	0.266
0253821012	2010	9	30	273	0.037	0.035	0.112	0.2695
0253821012	2010	10	1	274	0.045	0.035	0.114	0.267
0253821012	2010	10	2	275	0.0425	0.0315	0.116	0.267
0253821012	2010	10	3	276	0.039	0.033	0.112	0.269
0253821012	2010	10	4	277	0.042	0.0285	0.112	0.264
0253821012	2010	10	5	278	0.043	0.033	0.1105	0.268
0253821012	2010	10	6	279	0.046	0.033	0.1105	0.2665
0253821012	2010	10	7	280	0.042	0.0305	0.1105	0.2675
0253821012	2010	10	8	281	0.0395	0.0305	0.112	0.266
0253821012	2010	10	9	282	0.0375	0.0275	0.11	0.265
0253821012	2010	10	10	283	0.039	0.0295	0.1095	0.2635
0253821012	2010	10	11	284	0.041	0.026	0.107	0.263
0253821012	2010	10	12	285	0.0395	0.0255	0.11	0.264
0253821012	2010	10	13	286	0.0365	0.0275	0.1075	0.2655
0253821012	2010	10	14	287	0.035	0.026	0.109	0.262
0253821012	2010	10	15	288	0.0335	0.0275	0.109	0.2625
0253821012	2010	10	16	289	0.0345	0.03	0.1085	0.263
0253821012	2010	10	17	290	0.034	0.027	0.108	0.262
0253821012	2010	10	18	291	0.0385	0.0275	0.109	0.264
0253821012	2010	10	19	292	0.0365	0.0255	0.107	0.263
0253821012	2010	10	20	293	0.039	0.0255	0.1055	0.2635
0253821012	2010	10	21	294	0.04	0.028	0.107	0.2605
0253821012	2010	10	22	295	0.034	0.0255	0.107	0.2615
0253821012	2010	10	23	296	0.0375	0.0255	0.11	0.259
0253821012	2010	10	24	297	0.0335	0.024	0.1085	0.259
0253821012	2010	10	25	298	0.2225	0.023	0.1085	0.2625
0253821012	2010	10	26	299	0.194	0.0245	0.1055	0.263
0253821012	2010	10	27	300	0.1815	0.0305	0.107	0.256
0253821012	2010	10	28	301	0.1685	0.0385	0.1055	0.257
0253821012	2010	10	29	302	0.167	0.0465	0.105	0.2585
0253821012	2010	10	30	303	0.1655	0.0455	0.1055	0.2555
0253821012	2010	10	31	304	0.1705	0.0495	0.107	0.2545
0253821012	2010	11	1	305	0.1675	0.0515	0.106	0.259
0253821012	2010	11	2	306	0.1685	0.0555	0.1025	0.2555
0253821012	2010	11	3	307	0.167	0.058	0.106	0.256
0253821012	2010	11	4	308	0.162	0.057	0.106	0.255
0253821012	2010	11	5	309	0.163	0.056	0.1005	0.255
0253821012	2010	11	6	310	0.16	0.0595	0.1015	0.2545
0253821012	2010	11	7	311	0.1615	0.066	0.1	0.255
0253821012	2010	11	8	312	0.1585	0.064	0.1025	0.254
0253821012	2010	11	9	313	0.153	0.0625	0.1015	0.255
0253821012	2010	11	10	314	0.156	0.063	0.1	0.254
0253821012	2010	11	11	315	0.153	0.0635	0.099	0.25
0253821012	2010	11	12	316	0.1525	0.0595	0.101	0.256
0253821012	2010	11	13	317	0.148	0.06	0.1025	0.254
0253821012	2010	11	14	318	0.1465	0.0615	0.102	0.2525
0253821012	2010	11	15	319	0.1425	0.063	0.101	0.2535
0253821012	2010	11	16	320	0.138	0.063	0.1015	0.252
0253821012	2010	11	17	321	0.1345	0.0605	0.1005	0.252
0253821012	2010	11	18	322	0.1305	0.0585	0.102	0.2505
0253821012	2010	11	19	323	0.1315	0.063	0.0985	0.251
0253821012	2010	11	20	324	0.1345	0.062	0.099	0.25
0253821012	2010	11	21	325	0.136	0.0645	0.1015	0.25
0253821012	2010	11	22	326	0.136	0.0645	0.101	0.25
0253821012	2010	11	23	327	0.132	0.066	0.102	0.252
0253821012	2010	11	24	328	0.133	0.067	0.0985	0.254
0253821012	2010	11	25	329	0.1315	0.0665	0.1015	0.2515
0253821012	2010	11	26	330	0.1255	0.06	0.1	0.2565
0253821012	2010	11	27	331	0.117	0.06	0.101	0.253
0253821012	2010	11	28	332	0.1155	0.0605	0.1	0.251
0253821012	2010	11	29	333	0.1135	0.063	0.097	0.249
0253821012	2010	11	30	334	0.119	0.059	0.0965	0.253
0253821012	2010	12	1	335	0.121	0.06	0.099	0.25
0253821012	2010	12	2	336	0.122	0.06	0.097	0.2495
0253821012	2010	12	3	337	0.124	0.061	0.102	0.252
0253821012	2010	12	4	338	0.1265	0.062	0.098	0.2545
0253821012	2010	12	5	339	0.1295	0.0605	0.101	0.2535
0253821012	2010	12	6	340	0.1295	0.0575	0.101	0.253
0253821012	2010	12	7	341	0.133	0.056	0.102	0.255
0253821012	2010	12	8	342	0.13	0.057	0.101	0.25
0253821012	2010	12	9	343	0.129	0.058	0.102	0.25
0253821012	2010	12	10	344	0.128	0.0585	0.102	0.25
0253821012	2010	12	11	345	0.133	0.056	0.1005	0.252
0253821012	2010	12	12	346	0.1305	0.059	0.1025	0.252
0253821012	2010	12	13	347	0.129	0.059	0.1005	0.25
0253821012	2010	12	14	348	0.133	0.058	0.0985	0.252
0253821012	2010	12	15	349	0.128	0.057	0.101	0.253
0253821012	2010	12	16	350	0.1285	0.055	0.1	0.254
0253821012	2010	12	17	351	0.131	0.058	0.101	0.254
0253821012	2010	12	18	352	0.1275	0.057	0.101	0.254
0253821012	2010	12	19	353	0.117	0.057	0.0995	0.252
0253821012	2010	12	20	354	0.11	0.057	0.101	0.253
0253821012	2010	12	21	355	0.108	0.057	0.102	0.251
0253821012	2010	12	22	356	0.11	0.058	0.1015	0.246
0253821012	2010	12	23	357	0.1075	0.058	0.101	0.246
0253821012	2010	12	24	358	0.11	0.058	0.1005	0.246
0253821012	2010	12	25	359	0.105	0.0585	0.101	0.248
0253821012	2010	12	26	360	0.0975	0.059	0.101	0.246
0253821012	2010	12	27	361	0.0845	0.054	0.101	0.2465
0253821012	2010	12	28	362	0.0815	0.055	0.099	0.2465
0253821012	2010	12	29	363	0.075	0.0565	0.099	0.247
0253821012	2010	12	30	364	0.078	0.054	0.102	0.25
0253821012	2010	12	31	365	0.0755	0.054	0.1015	0.246
0253821012	2011	1	1	1	0.0675	0.0545	0.101	0.246
0253821012	2011	1	2	2	0.063	0.055	0.099	0.2475
0253821012	2011	1	3	3	0.0585	0.055	0.0985	0.249
0253821012	2011	1	4	4	0.06	0.054	0.0995	0.2485
0253821012	2011	1	5	5	0.0565	0.054	0.099	0.246
0253821012	2011	1	6	6	0.054	0.052	0.0965	0.2445
0253821012	2011	1	7	7	0.055	0.051	0.103	0.245
0253821012	2011	1	8	8	0.0565	0.044	0.0995	0.2455
0253821012	2011	1	9	9	0.0605	0.048	0.1005	0.247
0253821012	2011	1	10	10	0.058	0.044	0.098	0.246
0253821012	2011	1	11	11	0.058	0.0425	0.098	0.2455
0253821012	2011	1	12	12	0.0505	0.0335	0.098	0.245
0253821012	2011	1	13	13	0.049	0.027	0.099	0.2475
0253821012	2011	1	14	14	0.053	0.029	0.099	0.245
0253821012	2011	1	15	15	0.053	0.029	0.1005	0.2455
0253821012	2011	1	16	16	0.054	0.0285	0.099	0.245
0253821012	2011	1	17	17	0.0565	0.028	0.1005	0.2465
0253821012	2011	1	18	18	0.058	0.03	0.103	0.247
0253821012	2011	1	19	19	0.054	0.031	0.098	0.245
0253821012	2011	1	20	20	0.0585	0.0315	0.1005	0.246
0253821012	2011	1	21	21	0.0565	0.033	0.097	0.245
0253821012	2011	1	22	22	0.058	0.0275	0.097	0.246
0253821012	2011	1	23	23	0.058	0.028	0.103	0.2455
0253821012	2011	1	24	24	0.054	0.0295	0.1015	0.247
0253821012	2011	1	25	25	0.054	0.029	0.102	0.2455
0253821012	2011	1	26	26	0.054	0.028	0.0995	0.244
0253821012	2011	1	27	27	0.054	0.023	0.1	0.248
0253821012	2011	1	28	28	0.054	0.023	0.099	0.246
0253821012	2011	1	29	29	0.0575	0.027	0.1005	0.245
0253821012	2011	1	30	30	0.057	0.029	0.103	0.246
0253821012	2011	1	31	31	0.055	0.026	0.101	0.2455
0253821012	2011	2	1	32	0.059	0.0275	0.1005	0.247
0253821012	2011	2	2	33	0.0545	0.025	0.0995	0.2455
0253821012	2011	2	3	34	0.0495	0.0235	0.103	0.2455
0253821012	2011	2	4	35	0.05	0.0195	0.103	0.244
0253821012	2011	2	5	36	0.0495	0.022	0.1005	0.2455
0253821012	2011	2	6	37	0.0455	0.021	0.1	0.247
0253821012	2011	2	7	38	0.049	0.022	0.099	0.244
0253821012	2011	2	8	39	0.049	0.022	0.098	0.244
0253821012	2011	2	9	40	0.049	0.022	0.098	0.2475
0253821012	2011	2	10	41	0.049	0.021	0.0975	0.2475
0253821012	2011	2	11	42	0.0495	0.022	0.098	0.244
0253821012	2011	2	12	43	0.05	0.023	0.1005	0.2455
0253821012	2011	2	13	44	0.0495	0.0255	0.098	0.2455
0253821012	2011	2	14	45	0.0525	0.024	0.099	0.2415
0253821012	2011	2	15	46	0.05	0.023	0.098	0.244
0253821012	2011	2	16	47	0.0525	0.0205	0.098	0.2425
0253821012	2011	2	17	48	0.0515	0.0205	0.098	0.2425
0253821012	2011	2	18	49	0.052	0.0205	0.1	0.241
0253821012	2011	2	19	50	0.054	-9999	0.098	0.246
0253821012	2011	2	20	51	0.049	0.022	0.1005	0.244
0253821012	2011	2	21	52	0.055	0.022	0.0975	0.2445
0253821012	2011	2	22	53	0.049	0.022	0.098	0.241
0253821012	2011	2	23	54	0.0525	0.022	0.0995	0.246
0253821012	2011	2	24	55	0.051	0.024	0.101	0.2435
0253821012	2011	2	25	56	0.05	0.023	0.098	0.241
0253821012	2011	2	26	57	0.049	0.024	0.101	0.241
0253821012	2011	2	27	58	0.049	0.023	0.099	0.241
0253821012	2011	2	28	59	0.049	0.024	0.098	0.242
0253821012	2011	3	1	60	0.0505	0.023	0.1	0.241
0253821012	2011	3	2	61	0.051	0.024	0.102	0.244
0253821012	2011	3	3	62	0.051	0.024	0.102	0.241
0253821012	2011	3	4	63	0.0525	0.022	0.1015	0.2415
0253821012	2011	3	5	64	0.055	0.023	0.102	0.2445
0253821012	2011	3	6	65	0.055	0.024	0.1015	0.2425
0253821012	2011	3	7	66	0.056	0.023	0.104	0.2445
0253821012	2011	3	8	67	0.055	0.024	0.102	0.2445
0253821012	2011	3	9	68	0.055	0.023	0.1005	0.242
0253821012	2011	3	10	69	0.0525	0.023	0.104	0.243
0253821012	2011	3	11	70	0.048	0.024	0.1025	0.242
0253821012	2011	3	12	71	0.054	0.024	0.103	0.242
0253821012	2011	3	13	72	0.052	0.024	0.104	0.2425
0253821012	2011	3	14	73	0.0505	0.021	0.104	0.2455
0253821012	2011	3	15	74	0.0535	0.022	0.104	0.242
0253821012	2011	3	16	75	0.051	0.0215	0.104	0.2385
0253821012	2011	3	17	76	0.051	0.021	0.104	0.242
0253821012	2011	3	18	77	0.052	0.021	0.1015	0.242
0253821012	2011	3	19	78	0.052	0.0245	0.098	0.243
0253821012	2011	3	20	79	0.0535	0.0245	0.1015	0.243
0253821012	2011	3	21	80	0.055	0.0245	0.1005	0.243
0253821012	2011	3	22	81	0.0535	0.0245	0.1005	0.2405
0253821012	2011	3	23	82	0.054	0.025	0.1015	0.241
0253821012	2011	3	24	83	0.052	0.0245	0.1015	0.239
0253821012	2011	3	25	84	0.052	0.028	0.098	0.24
0253821012	2011	3	26	85	0.055	0.028	0.1015	0.239
0253821012	2011	3	27	86	0.0535	0.028	0.1	0.2405
0253821012	2011	3	28	87	0.055	0.0185	0.1	0.239
0253821012	2011	3	29	88	0.05	0.0245	0.098	0.241
0253821012	2011	3	30	89	0.051	0.0225	0.098	0.2405
0253821012	2011	3	31	90	0.051	0.0215	0.098	0.244
0253821012	2011	4	1	91	0.056	0.0245	0.1015	0.244
0253821012	2011	4	2	92	0.0575	0.0245	0.0995	0.2415
0253821012	2011	4	3	93	0.0635	0.0225	0.097	0.24
0253821012	2011	4	4	94	0.07	0.0235	0.0995	0.241
0253821012	2011	4	5	95	0.068	0.0285	0.104	0.241
0253821012	2011	4	6	96	0.069	0.0315	0.104	0.2425
0253821012	2011	4	7	97	0.074	0.0295	0.1015	0.24
0253821012	2011	4	8	98	0.0775	0.027	0.104	0.243
0253821012	2011	4	9	99	0.077	0.027	0.1005	0.24
0253821012	2011	4	10	100	0.078	0.0335	0.104	0.2425
0253821012	2011	4	11	101	0.0755	0.034	0.0995	0.241
0253821012	2011	4	12	102	0.077	0.0325	0.101	0.2415
0253821012	2011	4	13	103	0.079	0.032	0.102	0.2435
0253821012	2011	4	14	104	0.0795	0.0365	0.096	0.24
0253821012	2011	4	15	105	0.084	0.0355	0.102	0.24
0253821012	2011	4	16	106	0.0835	0.033	0.102	0.242
0253821012	2011	4	17	107	0.084	0.033	0.1	0.24
0253821012	2011	4	18	108	0.084	0.0335	0.103	0.239
0253821012	2011	4	19	109	0.084	0.036	0.102	0.24
0253821012	2011	4	20	110	0.087	0.038	0.098	0.241
0253821012	2011	4	21	111	0.0865	0.036	0.0985	0.2395
0253821012	2011	4	22	112	0.091	0.0355	0.1005	0.2385
0253821012	2011	4	23	113	0.0905	0.044	0.0975	0.239
0253821012	2011	4	24	114	0.093	0.0395	0.1	0.241
0253821012	2011	4	25	115	0.092	0.045	0.099	0.241
0253821012	2011	4	26	116	0.091	0.047	0.101	0.241
0253821012	2011	4	27	117	0.093	0.0445	0.099	0.239
0253821012	2011	4	28	118	0.09	0.0455	0.098	0.2415
0253821012	2011	4	29	119	0.092	0.0505	0.101	0.241
0253821012	2011	4	30	120	0.092	0.053	0.096	0.2385
0253821012	2011	5	1	121	0.092	0.059	0.0975	0.239
0253821012	2011	5	2	122	0.091	0.062	0.1	0.241
0253821012	2011	5	3	123	0.091	0.06	0.0995	0.2435
0253821012	2011	5	4	124	0.09	0.062	0.103	0.242
0253821012	2011	5	5	125	0.0915	0.062	0.101	0.2405
0253821012	2011	5	6	126	0.0915	0.058	0.0965	0.2385
0253821012	2011	5	7	127	0.091	0.06	0.0975	0.2405
0253821012	2011	5	8	128	0.183	0.125	0.099	0.2435
0253821012	2011	5	9	129	0.2105	0.167	0.1015	0.239
0253821012	2011	5	10	130	0.2165	0.175	0.1775	0.239
0253821012	2011	5	11	131	0.2125	0.166	0.189	0.241
0253821012	2011	5	12	132	0.212	0.162	0.188	0.241
0253821012	2011	5	13	133	0.2195	0.1655	0.1925	0.2425
0253821012	2011	5	14	134	0.2355	0.1905	0.2375	0.243
0253821012	2011	5	15	135	0.2285	0.18	0.2345	0.2425
0253821012	2011	5	16	136	0.2265	0.1775	0.2345	0.24
0253821012	2011	5	17	137	0.232	0.186	0.2435	0.248
0253821012	2011	5	18	138	0.2305	0.182	0.243	0.264
0253821012	2011	5	19	139	0.2265	0.1795	0.2385	0.2985
0253821012	2011	5	20	140	0.2235	0.173	0.2335	0.3035
0253821012	2011	5	21	141	0.2215	0.1745	0.2345	0.3045
0253821012	2011	5	22	142	0.218	0.174	0.2345	0.3075
0253821012	2011	5	23	143	0.2185	0.175	0.234	0.3065
0253821012	2011	5	24	144	0.223	0.179	0.234	0.3105
0253821012	2011	5	25	145	0.228	0.1835	0.2395	0.3115
0253821012	2011	5	26	146	0.2345	0.19	0.2425	0.3165
0253821012	2011	5	27	147	0.236	0.19	0.25	0.324
0253821012	2011	5	28	148	0.2315	0.183	0.245	0.326
0253821012	2011	5	29	149	0.226	0.179	0.241	0.326
0253821012	2011	5	30	150	0.2255	0.178	0.2385	0.323
0253821012	2011	5	31	151	0.223	0.1755	0.2365	0.3225
0253821012	2011	6	1	152	0.222	0.1755	0.2345	0.3215
0253821012	2011	6	2	153	0.2265	0.194	0.2465	0.322
0253821012	2011	6	3	154	0.2265	0.194	0.2505	0.327
0253821012	2011	6	4	155	0.226	0.187	0.242	0.3255
0253821012	2011	6	5	156	0.2385	-9999	0.253	0.3255
0253821012	2011	6	6	157	0.248	-9999	-9999	0.341
0253821012	2011	6	7	158	0.249	-9999	-9999	-9999
0253821012	2011	6	8	159	-9999	-9999	-9999	-9999
0253821012	2011	6	9	160	-9999	-9999	-9999	-9999
0253821012	2011	6	10	161	-9999	-9999	-9999	-9999
0253821012	2011	6	11	162	-9999	-9999	-9999	-9999
0253821012	2011	6	12	163	-9999	-9999	-9999	-9999
0253821012	2011	6	13	164	-9999	-9999	-9999	-9999
0253821012	2011	6	14	165	-9999	-9999	-9999	-9999
0253821012	2011	6	15	166	-9999	-9999	-9999	-9999
0253821012	2011	6	16	167	-9999	-9999	-9999	-9999
0253821012	2011	6	17	168	0.247	-9999	-9999	-9999
0253821012	2011	6	18	169	0.244	-9999	-9999	-9999
0253821012	2011	6	19	170	0.2385	-9999	-9999	-9999
0253821012	2011	6	20	171	0.2485	-9999	-9999	-9999
0253821012	2011	6	21	172	0.2425	-9999	-9999	-9999
0253821012	2011	6	22	173	0.2355	-9999	-9999	-9999
0253821012	2011	6	23	174	0.234	0.201	-9999	-9999
0253821012	2011	6	24	175	0.2315	0.1975	-9999	-9999
0253821012	2011	6	25	176	0.237	0.1975	-9999	-9999
0253821012	2011	6	26	177	0.231	0.192	-9999	-9999
0253821012	2011	6	27	178	0.2255	0.188	-9999	-9999
0253821012	2011	6	28	179	0.222	0.187	-9999	-9999
0253821012	2011	6	29	180	0.22	0.1835	-9999	-9999
0253821012	2011	6	30	181	0.2135	0.177	-9999	-9999
0253821012	2011	7	1	182	0.209	0.1755	-9999	-9999
0253821012	2011	7	2	183	0.204	0.1725	-9999	-9999
0253821012	2011	7	3	184	0.197	0.1705	0.2745	-9999
0253821012	2011	7	4	185	0.193	0.17	0.272	0.3685
0253821012	2011	7	5	186	0.186	0.1665	0.2695	0.365
0253821012	2011	7	6	187	0.179	0.161	0.267	0.3595
0253821012	2011	7	7	188	0.177	0.1625	0.2645	0.3595
0253821012	2011	7	8	189	0.168	0.159	0.261	0.356
0253821012	2011	7	9	190	0.16	0.1545	0.26	0.3525
0253821012	2011	7	10	191	0.1545	0.154	0.2565	0.3485
0253821012	2011	7	11	192	0.15	0.151	0.258	0.348
0253821012	2011	7	12	193	0.142	0.151	0.2545	0.346
0253821012	2011	7	13	194	0.138	0.1445	0.252	0.343
0253821012	2011	7	14	195	0.1295	0.1455	0.2505	0.342
0253821012	2011	7	15	196	0.1235	0.1415	0.249	0.341
0253821012	2011	7	16	197	0.1155	0.141	0.251	0.3395
0253821012	2011	7	17	198	0.1135	0.1365	0.2465	0.3375
0253821012	2011	7	18	199	0.108	0.1355	0.246	0.336
0253821012	2011	7	19	200	0.101	0.135	0.247	0.335
0253821012	2011	7	20	201	0.096	0.131	0.2465	0.335
0253821012	2011	7	21	202	0.0895	0.128	0.2415	0.332
0253821012	2011	7	22	203	0.088	0.1255	0.2405	0.334
0253821012	2011	7	23	204	0.0855	0.1245	0.242	0.3315
0253821012	2011	7	24	205	0.0775	0.122	0.241	0.332
0253821012	2011	7	25	206	0.0795	0.122	0.239	0.3305
0253821012	2011	7	26	207	0.0765	0.1195	0.236	0.329
0253821012	2011	7	27	208	0.0755	0.1205	0.2325	0.3285
0253821012	2011	7	28	209	0.0765	0.1155	0.2345	0.3305
0253821012	2011	7	29	210	0.068	0.114	0.2355	0.328
0253821012	2011	7	30	211	0.062	0.1135	0.234	0.329
0253821012	2011	7	31	212	0.0615	0.109	0.234	0.326
0253821012	2011	8	1	213	0.064	0.1105	0.2335	0.3255
0253821012	2011	8	2	214	0.064	0.109	0.232	0.3245
0253821012	2011	8	3	215	0.0645	0.107	0.2295	0.325
0253821012	2011	8	4	216	0.064	0.1055	0.231	0.326
0253821012	2011	8	5	217	0.061	0.102	0.23	0.325
0253821012	2011	8	6	218	0.0615	0.1015	0.2295	0.324
0253821012	2011	8	7	219	0.058	0.1025	0.2295	0.3235
0253821012	2011	8	8	220	0.056	0.1	0.2255	0.322
0253821012	2011	8	9	221	0.0555	0.098	0.226	0.325
0253821012	2011	8	10	222	0.0505	0.0965	0.2235	0.321
0253821012	2011	8	11	223	0.056	0.096	0.2215	0.3215
0253821012	2011	8	12	224	0.0565	0.093	0.22	0.3215
0253821012	2011	8	13	225	0.056	0.0905	0.2215	0.321
0253821012	2011	8	14	226	0.0565	0.0915	0.2195	0.321
0253821012	2011	8	15	227	0.0565	0.09	0.2195	0.3185
0253821012	2011	8	16	228	0.0535	0.087	0.2195	0.321
0253821012	2011	8	17	229	0.051	0.0855	0.2205	0.319
0253821012	2011	8	18	230	0.0465	0.084	0.2185	0.321
0253821012	2011	8	19	231	0.0455	0.0835	0.2185	0.3185
0253821012	2011	8	20	232	0.0455	0.084	0.2195	0.321
0253821012	2011	8	21	233	0.0445	0.0835	0.2135	0.3155
0253821012	2011	8	22	234	0.046	0.0835	0.214	0.3155
0253821012	2011	8	23	235	0.0455	0.0785	0.215	0.317
0253821012	2011	8	24	236	0.048	0.0775	0.215	0.317
0253821012	2011	8	25	237	0.046	0.0785	0.215	0.3145
0253821012	2011	8	26	238	0.04	0.0755	0.213	0.314
0253821012	2011	8	27	239	0.031	0.077	0.213	0.314
0253821012	2011	8	28	240	0.0365	0.0785	0.214	0.316
0253821012	2011	8	29	241	0.18	0.074	0.214	0.315
0253821012	2011	8	30	242	0.17	0.078	0.2145	0.317
0253821012	2011	8	31	243	0.1565	0.0755	0.214	0.316
0253821012	2011	9	1	244	0.1465	0.078	0.2145	0.3185
0253821012	2011	9	2	245	0.1345	0.075	0.2145	0.317
0253821012	2011	9	3	246	0.1225	0.076	0.212	0.3175
0253821012	2011	9	4	247	0.1145	0.0745	0.214	0.3175
0253821012	2011	9	5	248	0.1065	0.0765	0.213	0.318
0253821012	2011	9	6	249	0.102	0.073	0.214	0.3125
0253821012	2011	9	7	250	0.1195	0.08	0.2135	0.3155
0253821012	2011	9	8	251	0.1195	0.078	0.213	0.3165
0253821012	2011	9	9	252	0.1125	0.078	0.214	0.313
0253821012	2011	9	10	253	0.109	0.0785	0.215	0.316
0253821012	2011	9	11	254	0.1035	0.0785	0.213	0.314
0253821012	2011	9	12	255	0.0965	0.078	0.213	0.314
0253821012	2011	9	13	256	0.0945	0.0785	0.213	0.314
0253821012	2011	9	14	257	0.0855	0.08	0.2125	0.312
0253821012	2011	9	15	258	0.1445	0.131	0.2125	0.314
0253821012	2011	9	16	259	0.148	0.1285	0.2105	0.3165
0253821012	2011	9	17	260	0.144	0.1265	0.2155	0.3145
0253821012	2011	9	18	261	0.139	0.123	0.215	0.315
0253821012	2011	9	19	262	0.132	0.1155	0.2165	0.315
0253821012	2011	9	20	263	0.129	0.1165	0.2175	0.318
0253821012	2011	9	21	264	0.1235	0.1135	0.2175	0.317
0253821012	2011	9	22	265	0.1165	0.1075	0.2155	0.314
0253821012	2011	9	23	266	0.111	0.108	0.213	0.315
0253821012	2011	9	24	267	0.107	0.1075	0.2135	0.316
0253821012	2011	9	25	268	0.0965	0.109	0.213	0.316
0253821012	2011	9	26	269	0.0905	0.1045	0.213	0.3135
0253821012	2011	9	27	270	0.082	0.1025	0.213	0.314
0253821012	2011	9	28	271	0.0825	0.1005	0.213	0.316
0253821012	2011	9	29	272	0.078	0.0995	0.213	0.315
0253821012	2011	9	30	273	0.07	0.096	0.212	0.3155
0253821012	2011	10	1	274	0.067	0.096	0.211	0.3135
0253821012	2011	10	2	275	0.068	0.093	0.2125	0.3155
0253821012	2011	10	3	276	0.061	0.091	0.211	0.315
0253821012	2011	10	4	277	0.0645	0.089	0.214	0.3145
0253821012	2011	10	5	278	0.0595	0.091	0.2115	0.3125
0253821012	2011	10	6	279	0.054	0.086	0.211	0.312
0253821012	2011	10	7	280	0.055	0.086	0.2125	0.3135
0253821012	2011	10	8	281	0.0545	0.083	0.2125	0.312
0253821012	2011	10	9	282	0.053	0.0845	0.21	0.3105
0253821012	2011	10	10	283	0.058	0.083	0.209	0.3145
0253821012	2011	10	11	284	0.0685	0.0835	0.21	0.311
0253821012	2011	10	12	285	0.0975	0.09	0.21	0.3095
0253821012	2011	10	13	286	0.121	0.1145	0.207	0.311
0253821012	2011	10	14	287	0.1535	0.137	0.207	0.3095
0253821012	2011	10	15	288	0.181	0.164	0.216	0.31
0253821012	2011	10	16	289	0.177	0.1525	0.222	0.311
0253821012	2011	10	17	290	0.172	0.15	0.2215	0.3155
0253821012	2011	10	18	291	0.175	0.146	0.222	0.317
0253821012	2011	10	19	292	0.1725	0.1465	0.219	0.319
0253821012	2011	10	20	293	0.1725	0.1445	0.2185	0.3205
0253821012	2011	10	21	294	0.169	0.143	0.2175	0.3195
0253821012	2011	10	22	295	0.17	0.142	0.218	0.3195
0253821012	2011	10	23	296	0.166	0.1405	0.219	0.3195
0253821012	2011	10	24	297	0.163	0.1385	0.2175	0.319
0253821012	2011	10	25	298	0.16	0.136	0.2175	0.321
0253821012	2011	10	26	299	0.155	0.1295	0.217	0.32
0253821012	2011	10	27	300	0.153	0.132	0.2165	0.3205
0253821012	2011	10	28	301	0.151	0.1285	0.22	0.32
0253821012	2011	10	29	302	0.149	0.1295	0.213	0.321
0253821012	2011	10	30	303	0.1485	0.128	0.2135	0.318
0253821012	2011	10	31	304	0.1475	0.1255	0.217	0.316
0253821012	2011	11	1	305	0.149	0.1275	0.2125	0.32
0253821012	2011	11	2	306	0.15	0.13	0.2155	0.317
0253821012	2011	11	3	307	0.149	0.1265	0.2135	0.3165
0253821012	2011	11	4	308	0.149	0.126	0.213	0.3145
0253821012	2011	11	5	309	0.1535	0.125	0.214	0.3125
0253821012	2011	11	6	310	0.1505	0.1245	0.211	0.313
0253821012	2011	11	7	311	0.151	0.124	0.211	0.3135
0253821012	2011	11	8	312	0.146	0.125	0.209	0.315
0253821012	2011	11	9	313	0.1445	0.124	0.2095	0.313
0253821012	2011	11	10	314	0.1385	0.1205	0.21	0.314
0253821012	2011	11	11	315	0.138	0.1225	0.207	0.314
0253821012	2011	11	12	316	0.135	0.117	0.21	0.3125
0253821012	2011	11	13	317	0.1325	0.1175	0.208	0.3135
0253821012	2011	11	14	318	0.129	0.117	0.2095	0.312
0253821012	2011	11	15	319	0.124	0.1165	0.2095	0.311
0253821012	2011	11	16	320	0.1035	0.114	0.2115	0.3115
0253821012	2011	11	17	321	0.0685	0.115	0.211	0.3105
0253821012	2011	11	18	322	0.0695	0.116	0.21	0.31
0253821012	2011	11	19	323	0.08	0.114	0.21	0.3105
0253821012	2011	11	20	324	0.0715	0.112	0.2095	0.3105
0253821012	2011	11	21	325	0.0675	0.113	0.2105	0.3085
0253821012	2011	11	22	326	0.0695	0.109	0.209	0.31
0253821012	2011	11	23	327	0.0685	0.1095	0.211	0.3105
0253821012	2011	11	24	328	0.0765	0.1105	0.204	0.3105
0253821012	2011	11	25	329	0.083	0.107	0.205	0.3105
0253821012	2011	11	26	330	0.0705	0.109	0.2065	0.309
0253821012	2011	11	27	331	0.055	0.1075	0.2055	0.3105
0253821012	2011	11	28	332	0.059	0.1065	0.2045	0.3105
0253821012	2011	11	29	333	0.0595	0.109	0.207	0.305
0253821012	2011	11	30	334	0.053	0.1085	0.207	0.306
0253821012	2011	12	1	335	0.057	0.1055	0.2025	0.3065
0253821012	2011	12	2	336	0.056	0.1065	0.206	0.307
0253821012	2011	12	3	337	0.0595	0.106	0.203	0.3075
0253821012	2011	12	4	338	0.057	0.105	0.205	0.308
0253821012	2011	12	5	339	0.0555	0.106	0.206	0.306
0253821012	2011	12	6	340	0.0575	0.1025	0.204	0.308
0253821012	2011	12	7	341	0.056	0.1	0.202	0.3065
0253821012	2011	12	8	342	0.0565	0.1005	0.202	0.3105
0253821012	2011	12	9	343	0.0565	0.0995	0.201	0.304
0253821012	2011	12	10	344	0.053	0.0985	0.202	0.304
0253821012	2011	12	11	345	0.052	0.0955	0.202	0.305
0253821012	2011	12	12	346	0.051	0.0965	0.2015	0.305
0253821012	2011	12	13	347	0.05	0.092	0.202	0.306
0253821012	2011	12	14	348	0.0505	0.0945	0.201	0.306
0253821012	2011	12	15	349	0.053	0.091	0.198	0.3055
0253821012	2011	12	16	350	0.0475	0.087	0.1985	0.305
0253821012	2011	12	17	351	0.0485	0.0835	0.1985	0.302
0253821012	2011	12	18	352	0.049	0.081	0.1995	0.303
0253821012	2011	12	19	353	0.0475	0.0785	0.201	0.303
0253821012	2011	12	20	354	0.043	0.0785	0.202	0.304
0253821012	2011	12	21	355	0.0415	0.0705	0.202	0.3035
0253821012	2011	12	22	356	0.042	0.066	0.203	0.305
0253821012	2011	12	23	357	0.037	0.064	0.201	0.305
0253821012	2011	12	24	358	0.036	0.0655	0.2025	0.3035
0253821012	2011	12	25	359	0.044	0.067	0.198	0.3045
0253821012	2011	12	26	360	0.043	0.0655	0.201	0.302
0253821012	2011	12	27	361	0.0425	0.063	0.199	0.304
0253821012	2011	12	28	362	0.041	0.068	0.1985	0.303
0253821012	2011	12	29	363	0.0435	0.069	0.1995	0.304
0253821012	2011	12	30	364	0.049	0.069	0.199	0.305
0253821012	2011	12	31	365	0.048	0.071	0.1995	0.3015
0253821012	2012	1	1	1	0.047	0.078	0.198	0.3035
0253821012	2012	1	2	2	0.0425	0.073	0.1985	0.3015
0253821012	2012	1	3	3	0.0425	0.0685	0.1985	0.305
0253821012	2012	1	4	4	0.045	0.0685	0.1985	0.305
0253821012	2012	1	5	5	0.045	0.0685	0.199	0.2995
0253821012	2012	1	6	6	0.0475	0.0695	0.198	0.3005
0253821012	2012	1	7	7	0.047	0.074	0.198	0.3005
0253821012	2012	1	8	8	0.045	0.0705	0.1955	0.302
0253821012	2012	1	9	9	0.04	0.07	0.195	0.306
0253821012	2012	1	10	10	0.039	0.0615	0.1955	0.299
0253821012	2012	1	11	11	0.039	0.0615	0.1975	0.3
0253821012	2012	1	12	12	0.0425	0.062	0.1975	0.302
0253821012	2012	1	13	13	0.044	0.057	0.1975	0.301
0253821012	2012	1	14	14	0.0465	0.051	0.199	0.302
0253821012	2012	1	15	15	0.043	0.05	0.199	0.298
0253821012	2012	1	16	16	0.039	0.0515	0.1995	0.3005
0253821012	2012	1	17	17	0.038	0.05	0.197	0.298
0253821012	2012	1	18	18	0.0355	0.044	0.195	0.299
0253821012	2012	1	19	19	0.0325	0.043	0.194	0.3005
0253821012	2012	1	20	20	0.038	0.0415	0.196	0.2975
0253821012	2012	1	21	21	0.036	0.0425	0.1945	0.298
0253821012	2012	1	22	22	0.043	0.043	0.194	0.299
0253821012	2012	1	23	23	0.0365	0.044	0.1945	0.2985
0253821012	2012	1	24	24	0.037	0.0435	0.193	0.3
0253821012	2012	1	25	25	0.04	0.043	0.1935	0.301
0253821012	2012	1	26	26	0.037	0.0445	0.193	0.3
0253821012	2012	1	27	27	0.038	0.0425	0.1935	0.295
0253821012	2012	1	28	28	0.0355	0.043	0.191	0.301
0253821012	2012	1	29	29	0.0355	0.0465	0.191	0.2955
0253821012	2012	1	30	30	0.0365	0.0465	0.193	0.296
0253821012	2012	1	31	31	0.034	0.046	0.1945	0.2955
0253821012	2012	2	1	32	0.0345	0.041	0.1945	0.2955
0253821012	2012	2	2	33	0.031	0.0405	0.191	0.2985
0253821012	2012	2	3	34	0.034	0.0415	0.193	0.2965
0253821012	2012	2	4	35	0.0365	0.043	0.1925	0.297
0253821012	2012	2	5	36	0.033	0.042	0.193	0.296
0253821012	2012	2	6	37	0.04	0.042	0.193	0.296
0253821012	2012	2	7	38	0.0365	0.042	0.191	0.297
0253821012	2012	2	8	39	0.0365	0.043	0.193	0.297
0253821012	2012	2	9	40	0.033	0.043	0.193	0.298
0253821012	2012	2	10	41	0.0365	0.0395	0.193	0.298
0253821012	2012	2	11	42	0.037	0.037	0.192	0.2935
0253821012	2012	2	12	43	0.0345	0.0375	0.1915	0.291
0253821012	2012	2	13	44	0.0365	0.036	0.191	0.2985
0253821012	2012	2	14	45	0.04	0.039	0.188	0.2955
0253821012	2012	2	15	46	0.0365	0.035	0.1895	0.292
0253821012	2012	2	16	47	0.0365	0.038	0.19	0.2925
0253821012	2012	2	17	48	0.036	0.0385	0.191	0.2925
0253821012	2012	2	18	49	0.036	0.0345	0.1915	0.293
0253821012	2012	2	19	50	0.036	0.034	0.189	0.293
0253821012	2012	2	20	51	0.036	0.034	0.186	0.2915
0253821012	2012	2	21	52	0.036	0.0355	0.1885	0.2915
0253821012	2012	2	22	53	0.036	0.037	0.186	0.2915
0253821012	2012	2	23	54	0.0355	0.034	0.187	0.2935
0253821012	2012	2	24	55	0.0395	0.033	0.187	0.2935
0253821012	2012	2	25	56	0.0395	0.0325	0.187	0.289
0253821012	2012	2	26	57	0.0365	0.0335	0.1845	0.2945
0253821012	2012	2	27	58	0.0365	0.0335	0.184	0.2945
0253821012	2012	2	28	59	0.033	0.034	0.183	0.291
0253821012	2012	2	29	60	0.033	0.034	0.181	0.2915
0253821012	2012	3	1	61	0.0355	0.034	0.1835	0.292
0253821012	2012	3	2	62	0.033	0.033	0.186	0.293
0253821012	2012	3	3	63	0.034	0.0345	0.1835	0.2925
0253821012	2012	3	4	64	0.031	0.033	0.184	0.292
0253821012	2012	3	5	65	0.034	0.0295	0.1825	0.291
0253821012	2012	3	6	66	0.0355	0.032	0.1815	0.288
0253821012	2012	3	7	67	0.0355	0.032	0.181	0.291
0253821012	2012	3	8	68	0.0395	0.033	0.183	0.2915
0253821012	2012	3	9	69	0.04	0.034	0.1815	0.291
0253821012	2012	3	10	70	0.04	0.034	0.1815	0.29
0253821012	2012	3	11	71	0.037	0.033	0.18	0.291
0253821012	2012	3	12	72	0.0415	0.037	0.181	0.289
0253821012	2012	3	13	73	0.041	0.041	0.18	0.286
0253821012	2012	3	14	74	0.043	0.0405	0.179	0.287
0253821012	2012	3	15	75	0.0435	0.04	0.181	0.2915
0253821012	2012	3	16	76	0.051	0.041	0.181	0.2885
0253821012	2012	3	17	77	0.054	0.0435	0.1775	0.2895
0253821012	2012	3	18	78	0.07	0.0405	0.1795	0.289
0253821012	2012	3	19	79	0.0915	0.042	0.176	0.2895
0253821012	2012	3	20	80	0.1	0.047	0.176	0.292
0253821012	2012	3	21	81	0.1	0.048	0.174	0.288
0253821012	2012	3	22	82	0.1	0.0445	0.175	0.289
0253821012	2012	3	23	83	0.1025	0.051	0.175	0.2895
0253821012	2012	3	24	84	0.122	0.0485	0.176	0.2885
0253821012	2012	3	25	85	0.1755	0.052	0.176	0.2875
0253821012	2012	3	26	86	0.2205	0.0595	0.175	0.287
0253821012	2012	3	27	87	0.2155	0.1035	0.174	0.287
0253821012	2012	3	28	88	0.21	0.12	0.1785	0.288
0253821012	2012	3	29	89	0.21	0.1245	0.1805	0.288
0253821012	2012	3	30	90	0.2125	0.1285	0.1775	0.287
0253821012	2012	3	31	91	0.237	0.1675	0.18	0.2895
0253821012	2012	4	1	92	0.2425	0.196	0.2035	0.2875
0253821012	2012	4	2	93	0.2385	0.194	0.2165	0.287
0253821012	2012	4	3	94	0.225	0.1815	0.221	0.2905
0253821012	2012	4	4	95	0.2195	0.175	0.221	0.2875
0253821012	2012	4	5	96	0.222	0.174	0.22	0.2915
0253821012	2012	4	6	97	0.2245	0.1805	0.2255	0.292
0253821012	2012	4	7	98	0.2205	0.1755	0.2245	0.293
0253821012	2012	4	8	99	0.2165	0.1735	0.2245	0.292
0253821012	2012	4	9	100	0.2185	0.173	0.225	0.2935
0253821012	2012	4	10	101	0.23	0.1855	0.2265	0.298
0253821012	2012	4	11	102	0.2415	0.1995	0.2435	0.302
0253821012	2012	4	12	103	0.2405	-9999	0.2555	0.336
0253821012	2012	4	13	104	0.231	0.1855	0.244	0.338
0253821012	2012	4	14	105	0.2275	0.182	0.2385	0.3355
0253821012	2012	4	15	106	0.2205	0.176	0.2395	0.3335
0253821012	2012	4	16	107	0.2165	0.1725	0.235	0.332
0253821012	2012	4	17	108	0.213	0.1695	0.2315	0.332
0253821012	2012	4	18	109	0.2115	0.165	0.231	0.3305
0253821012	2012	4	19	110	0.224	0.1705	0.231	0.331
0253821012	2012	4	20	111	0.2275	0.1745	0.234	0.3285
0253821012	2012	4	21	112	0.2335	0.201	0.245	0.3315
0253821012	2012	4	22	113	0.232	-9999	0.255	0.347
0253821012	2012	4	23	114	0.233	0.195	0.2535	0.3485
0253821012	2012	4	24	115	0.239	0.1925	0.2495	0.3435
0253821012	2012	4	25	116	-9999	-9999	-9999	-9999
0253821012	2012	4	26	117	-9999	-9999	-9999	-9999
0253821012	2012	4	27	118	0.2245	0.1835	0.244	0.338
0253821012	2012	4	28	119	0.2155	0.178	0.2405	0.34
0253821012	2012	4	29	120	0.212	0.1735	0.238	0.3365
0253821012	2012	4	30	121	0.214	0.173	0.2375	0.3345
0253821012	2012	5	1	122	0.2195	0.1755	0.235	0.333
0253821012	2012	5	2	123	0.2135	0.1735	0.2385	0.334
0253821012	2012	5	3	124	0.207	0.173	0.2355	0.3345
0253821012	2012	5	4	125	0.2045	0.1715	0.2355	0.3355
0253821012	2012	5	5	126	0.201	0.1655	0.232	0.332
0253821012	2012	5	6	127	0.193	0.162	0.2345	0.3305
0253821012	2012	5	7	128	0.187	0.16	0.231	0.332
0253821012	2012	5	8	129	0.192	0.158	0.2315	0.33
0253821012	2012	5	9	130	0.1905	0.157	0.229	0.329
0253821012	2012	5	10	131	0.1845	0.158	0.227	0.328
0253821012	2012	5	11	132	0.18	0.155	0.229	0.329
0253821012	2012	5	12	133	0.178	0.1505	0.227	0.326
0253821012	2012	5	13	134	0.173	0.1505	0.2245	0.327
0253821012	2012	5	14	135	0.1705	0.1475	0.2225	0.326
0253821012	2012	5	15	136	0.167	0.1465	0.2215	0.3235
0253821012	2012	5	16	137	0.1635	0.146	0.2205	0.3245
0253821012	2012	5	17	138	0.1565	0.1415	0.22	0.3245
0253821012	2012	5	18	139	0.1545	0.1425	0.2205	0.323
0253821012	2012	5	19	140	0.186	0.1465	0.2215	0.322
0253821012	2012	5	20	141	0.204	0.1565	0.2205	0.3235
0253821012	2012	5	21	142	0.1955	0.155	0.221	0.3225
0253821012	2012	5	22	143	0.19	0.15	0.222	0.321
0253821012	2012	5	23	144	0.178	0.1485	0.2205	0.3235
0253821012	2012	5	24	145	0.1705	0.142	0.2215	0.3235
0253821012	2012	5	25	146	0.1695	0.1415	0.219	0.3215
0253821012	2012	5	26	147	0.1715	0.143	0.221	0.321
0253821012	2012	5	27	148	0.2015	0.1505	0.2205	0.321
0253821012	2012	5	28	149	0.2065	0.1625	0.221	0.321
0253821012	2012	5	29	150	0.21	0.162	0.2295	0.323
0253821012	2012	5	30	151	0.202	0.1575	0.2305	0.322
0253821012	2012	5	31	152	0.195	0.157	0.2295	0.322
0253821012	2012	6	1	153	0.1915	0.155	0.228	0.3215
0253821012	2012	6	2	154	0.183	0.1515	0.227	0.324
0253821012	2012	6	3	155	0.179	0.15	0.2265	0.325
0253821012	2012	6	4	156	0.171	0.1455	0.2275	0.323
0253821012	2012	6	5	157	0.1635	0.144	0.2255	0.323
0253821012	2012	6	6	158	0.156	0.139	0.222	0.3245
0253821012	2012	6	7	159	0.15	0.137	0.222	0.3225
0253821012	2012	6	8	160	0.147	0.1335	0.2195	0.3215
0253821012	2012	6	9	161	0.138	0.133	0.219	0.324
0253821012	2012	6	10	162	0.1305	0.1315	0.2195	0.322
0253821012	2012	6	11	163	0.126	0.127	0.2185	0.3235
0253821012	2012	6	12	164	0.1245	0.1255	0.219	0.321
0253821012	2012	6	13	165	0.118	0.1245	0.217	0.321
0253821012	2012	6	14	166	0.11	0.123	0.217	0.321
0253821012	2012	6	15	167	0.1055	0.1215	0.217	0.321
0253821012	2012	6	16	168	0.1005	0.118	0.216	0.322
0253821012	2012	6	17	169	0.0935	0.1165	0.218	0.324
0253821012	2012	6	18	170	0.0905	0.114	0.218	0.3215
0253821012	2012	6	19	171	0.087	0.1125	0.2175	0.324
0253821012	2012	6	20	172	0.0775	0.1105	0.2155	0.317
0253821012	2012	6	21	173	0.076	0.108	0.2115	0.319
0253821012	2012	6	22	174	0.07	0.11	0.212	0.319
0253821012	2012	6	23	175	0.0685	0.107	0.211	0.32
0253821012	2012	6	24	176	0.067	0.1045	0.215	0.3195
0253821012	2012	6	25	177	0.0635	0.1025	0.211	0.3185
0253821012	2012	6	26	178	0.0625	0.102	0.209	0.319
0253821012	2012	6	27	179	0.0595	0.097	0.209	0.3185
0253821012	2012	6	28	180	0.062	0.0975	0.212	0.319
0253821012	2012	6	29	181	0.0595	0.094	0.213	0.319
0253821012	2012	6	30	182	0.052	0.0925	0.211	0.32
0253821012	2012	7	1	183	0.051	0.091	0.212	0.322
0253821012	2012	7	2	184	0.048	0.0895	0.214	0.322
0253821012	2012	7	3	185	0.0555	0.0865	0.214	0.318
0253821012	2012	7	4	186	0.0485	0.088	0.213	0.314
0253821012	2012	7	5	187	0.0455	0.0845	0.212	0.316
0253821012	2012	7	6	188	0.046	0.0865	0.211	0.316
0253821012	2012	7	7	189	0.044	0.082	0.2105	0.3185
0253821012	2012	7	8	190	0.0445	0.082	0.21	0.316
0253821012	2012	7	9	191	0.044	0.078	0.2085	0.316
0253821012	2012	7	10	192	0.0435	0.08	0.208	0.316
0253821012	2012	7	11	193	0.0435	0.0755	0.21	0.3155
0253821012	2012	7	12	194	0.04	0.078	0.209	0.315
0253821012	2012	7	13	195	0.0425	0.0755	0.209	0.314
0253821012	2012	7	14	196	0.046	0.075	0.209	0.315
0253821012	2012	7	15	197	0.043	0.0735	0.209	0.314
0253821012	2012	7	16	198	0.0445	0.073	0.209	0.313
0253821012	2012	7	17	199	0.043	0.0685	0.2075	0.313
0253821012	2012	7	18	200	0.04	0.067	0.2095	0.313
0253821012	2012	7	19	201	0.041	0.067	0.207	0.315
0253821012	2012	7	20	202	0.0445	0.068	0.207	0.31
0253821012	2012	7	21	203	0.0445	0.0655	0.207	0.3115
0253821012	2012	7	22	204	0.042	0.065	0.207	0.31
0253821012	2012	7	23	205	0.0425	0.063	0.207	0.3115
0253821012	2012	7	24	206	0.042	0.066	0.2065	0.312
0253821012	2012	7	25	207	0.033	0.063	0.2065	0.312
0253821012	2012	7	26	208	0.0405	0.0605	0.2045	0.31
0253821012	2012	7	27	209	0.0405	0.061	0.2025	0.312
0253821012	2012	7	28	210	0.038	0.0565	0.2025	0.311
0253821012	2012	7	29	211	0.0405	0.0565	0.203	0.311
0253821012	2012	7	30	212	0.037	0.0515	0.203	0.307
0253821012	2012	7	31	213	0.035	0.0555	0.2035	0.31
0253821012	2012	8	1	214	0.039	0.053	0.2025	0.309
0253821012	2012	8	2	215	0.0385	0.0545	0.2005	0.3105
0253821012	2012	8	3	216	0.0415	0.0535	0.2	0.308
0253821012	2012	8	4	217	0.039	0.051	0.2015	0.3115
0253821012	2012	8	5	218	0.032	0.05	0.198	0.3095
0253821012	2012	8	6	219	0.036	0.0525	0.1945	0.306
0253821012	2012	8	7	220	0.037	0.0505	0.196	0.307
0253821012	2012	8	8	221	0.0355	0.0475	0.199	0.3095
0253821012	2012	8	9	222	0.0375	0.05	0.201	0.3055
0253821012	2012	8	10	223	0.032	0.0485	0.201	0.308
0253821012	2012	8	11	224	0.036	0.0485	0.197	0.3075
0253821012	2012	8	12	225	0.0315	0.0505	0.1995	0.306
0253821012	2012	8	13	226	0.03	0.0465	0.195	0.307
0253821012	2012	8	14	227	0.0335	0.0485	0.1975	0.305
0253821012	2012	8	15	228	0.035	0.0485	0.196	0.3075
0253821012	2012	8	16	229	0.029	0.048	0.197	0.3055
0253821012	2012	8	17	230	0.0285	0.05	0.194	0.3055
0253821012	2012	8	18	231	0.024	0.045	0.1965	0.3025
0253821012	2012	8	19	232	0.028	0.047	0.1935	0.3025
0253821012	2012	8	20	233	0.03	0.047	0.19	0.302
0253821012	2012	8	21	234	0.0275	0.0445	0.1905	0.3
0253821012	2012	8	22	235	0.03	0.0445	0.1915	0.3015
0253821012	2012	8	23	236	0.0305	0.0475	0.1915	0.299
0253821012	2012	8	24	237	0.0265	0.0395	0.192	0.302
0253821012	2012	8	25	238	0.028	0.0395	0.192	0.304
0253821012	2012	8	26	239	0.0275	0.0375	0.195	0.302
0253821012	2012	8	27	240	0.027	0.037	0.189	0.3
0253821012	2012	8	28	241	0.0265	0.037	0.189	0.299
0253821012	2012	8	29	242	0.0255	0.037	0.19	0.3
0253821012	2012	8	30	243	0.029	0.0405	0.188	0.301
0253821012	2012	8	31	244	0.028	0.0405	0.1895	0.3055
0253821012	2012	9	1	245	0.027	0.036	0.186	0.298
0253821012	2012	9	2	246	0.026	0.035	0.187	0.298
0253821012	2012	9	3	247	0.023	0.0325	0.1865	0.296
0253821012	2012	9	4	248	0.0265	0.0345	0.1815	0.298
0253821012	2012	9	5	249	0.02	0.03	0.1835	0.2985
0253821012	2012	9	6	250	0.025	0.0285	0.183	0.292
0253821012	2012	9	7	251	0.02	0.032	0.1805	0.294
0253821012	2012	9	8	252	0.016	0.031	0.1815	0.296
0253821012	2012	9	9	253	0.0175	0.033	0.182	0.2955
0253821012	2012	9	10	254	0.0225	0.031	0.1785	0.294
0253821012	2012	9	11	255	0.022	0.03	0.182	0.295
0253821012	2012	9	12	256	0.018	0.0275	0.1775	0.289
0253821012	2012	9	13	257	0.014	0.029	0.1765	0.2965
0253821012	2012	9	14	258	0.0165	0.023	0.1745	0.29
0253821012	2012	9	15	259	0.016	0.0285	0.1745	0.2905
0253821012	2012	9	16	260	0.0165	0.028	0.1745	0.29
0253821012	2012	9	17	261	0.0205	0.024	0.172	0.2895
0253821012	2012	9	18	262	0.0205	0.024	0.1725	0.2895
0253821012	2012	9	19	263	0.022	0.027	0.172	0.288
0253821012	2012	9	20	264	0.022	0.025	0.175	0.29
0253821012	2012	9	21	265	0.016	0.023	0.172	0.2895
0253821012	2012	9	22	266	0.018	0.0275	0.1715	0.2885
0253821012	2012	9	23	267	0.016	0.021	0.1735	0.287
0253821012	2012	9	24	268	0.0165	0.027	0.1705	0.2865
0253821012	2012	9	25	269	0.018	0.0235	0.167	0.289
0253821012	2012	9	26	270	0.0175	0.027	0.1675	0.287
0253821012	2012	9	27	271	0.022	0.0265	0.1655	0.284
0253821012	2012	9	28	272	0.018	0.0235	0.166	0.282
0253821012	2012	9	29	273	0.017	0.024	0.1645	0.2815
0253821012	2012	9	30	274	0.017	0.025	0.1655	0.285
0253821012	2012	10	1	275	0.018	0.0225	0.167	0.2855
0253821012	2012	10	2	276	0.017	0.027	0.1675	0.283
0253821012	2012	10	3	277	0.022	0.025	0.1645	0.284
0253821012	2012	10	4	278	0.013	0.0235	0.165	0.2865
0253821012	2012	10	5	279	-9999	0.0225	0.163	0.281
0253821012	2012	10	6	280	0.014	0.0205	0.164	0.2835
0253821012	2012	10	7	281	0.0155	0.0235	0.1645	0.279
0253821012	2012	10	8	282	0.014	0.02	0.1605	0.2785
0253821012	2012	10	9	283	0.0115	0.0225	0.1585	0.278
0253821012	2012	10	10	284	0.014	0.0225	0.159	0.277
0253821012	2012	10	11	285	0.017	0.0195	0.1575	0.279
0253821012	2012	10	12	286	0.022	0.024	0.158	0.2765
0253821012	2012	10	13	287	0.0225	0.022	0.1595	0.2775
0253821012	2012	10	14	288	0.02	0.021	0.157	0.278
0253821012	2012	10	15	289	0.0195	0.024	0.158	0.2795
0253821012	2012	10	16	290	0.018	0.022	0.161	0.278
0253821012	2012	10	17	291	0.0185	0.0225	0.1615	0.278
0253821012	2012	10	18	292	0.0145	0.02	0.158	0.2745
0253821012	2012	10	19	293	0.02	0.0215	0.1565	0.2765
0253821012	2012	10	20	294	0.021	0.019	0.155	0.2705
0253821012	2012	10	21	295	0.0225	0.0245	0.155	0.274
0253821012	2012	10	22	296	0.022	0.024	0.157	0.274
0253821012	2012	10	23	297	0.021	0.0195	0.1565	0.275
0253821012	2012	10	24	298	0.022	0.0215	0.157	0.2735
0253821012	2012	10	25	299	0.0145	0.0255	0.158	0.2735
0253821012	2012	10	26	300	0.0235	0.019	0.159	0.273
0253821012	2012	10	27	301	0.0245	0.021	0.152	0.2705
0253821012	2012	10	28	302	0.024	0.0255	0.1535	0.272
0253821012	2012	10	29	303	0.027	0.026	0.153	0.2735
0253821012	2012	10	30	304	0.034	0.035	0.153	0.2715
0253821012	2012	10	31	305	0.0595	0.0295	0.151	0.2705
0253821012	2012	11	1	306	0.0665	0.0315	0.1535	0.272
0253821012	2012	11	2	307	0.0705	0.039	0.154	0.269
0253821012	2012	11	3	308	0.072	0.0365	0.154	0.27
0253821012	2012	11	4	309	0.0725	0.0385	0.156	0.2675
0253821012	2012	11	5	310	0.07	0.042	0.154	0.2695
0253821012	2012	11	6	311	0.0735	0.043	0.1535	0.267
0253821012	2012	11	7	312	0.071	0.0465	0.1535	0.268
0253821012	2012	11	8	313	0.0715	0.045	0.153	0.2665
0253821012	2012	11	9	314	0.07	0.053	0.153	0.269
0253821012	2012	11	10	315	0.0695	0.05	0.153	0.2675
0253821012	2012	11	11	316	0.0645	0.052	0.154	0.2675
0253821012	2012	11	12	317	0.066	0.055	0.1535	0.2675
0253821012	2012	11	13	318	0.067	0.054	0.153	0.2685
0253821012	2012	11	14	319	0.0665	0.054	0.1545	0.268
0253821012	2012	11	15	320	0.061	0.051	0.1515	0.271
0253821012	2012	11	16	321	0.0505	0.051	0.1505	0.267
0253821012	2012	11	17	322	0.0545	0.0525	0.1525	0.2685
0253821012	2012	11	18	323	0.0585	0.054	0.148	0.2655
0253821012	2012	11	19	324	0.058	0.057	0.152	0.2645
0253821012	2012	11	20	325	0.0595	0.058	0.1485	0.266
0253821012	2012	11	21	326	0.0595	0.056	0.1485	0.268
0253821012	2012	11	22	327	0.0575	0.0575	0.151	0.264
0253821012	2012	11	23	328	0.0415	0.058	0.152	0.2665
0253821012	2012	11	24	329	0.037	0.059	0.148	0.2695
0253821012	2012	11	25	330	0.047	0.059	0.15	0.264
0253821012	2012	11	26	331	0.0345	0.058	0.152	0.266
0253821012	2012	11	27	332	0.025	0.055	0.153	0.2675
0253821012	2012	11	28	333	0.024	0.0525	0.1535	0.269
0253821012	2012	11	29	334	0.0275	0.0525	0.152	0.2675
0253821012	2012	11	30	335	0.0305	0.0545	0.152	0.2675
0253821012	2012	12	1	336	0.0315	0.055	0.1485	0.269
0253821012	2012	12	2	337	0.0335	0.055	0.1505	0.268
0253821012	2012	12	3	338	0.039	0.0545	0.1505	0.2645
0253821012	2012	12	4	339	0.029	0.0545	0.1505	0.261
0253821012	2012	12	5	340	0.032	0.055	0.15	0.264
0253821012	2012	12	6	341	0.033	0.0565	0.1515	0.261
0253821012	2012	12	7	342	0.022	0.055	0.1495	0.2675
0253821012	2012	12	8	343	0.0205	0.0335	0.1495	0.264
0253821012	2012	12	9	344	0.0125	0.021	0.15	0.268
0253821012	2012	12	10	345	0.01	0.0105	0.1495	0.265
0253821012	2012	12	11	346	0.008	0.0155	0.1475	0.262
0253821012	2012	12	12	347	0.0115	0.0135	0.15	0.266
0253821012	2012	12	13	348	0.0115	0.014	0.1505	0.2625
0253821012	2012	12	14	349	0.0125	0.012	0.1475	0.261
0253821012	2012	12	15	350	0.009	0.0135	0.1475	0.265
0253821012	2012	12	16	351	0.008	0.012	0.144	0.2635
0253821012	2012	12	17	352	0.0115	0.0065	0.1455	0.261
0253821012	2012	12	18	353	0.0115	0.011	0.1485	0.258
0253821012	2012	12	19	354	0.009	0.008	0.149	0.26
0253821012	2012	12	20	355	0.006	0.005	0.1505	0.2615
0253821012	2012	12	21	356	0.0055	0.0015	0.147	0.2615
0253821012	2012	12	22	357	0.0105	0.005	0.1435	0.2635
0253821012	2012	12	23	358	0.009	0.006	0.1345	0.265
0253821012	2012	12	24	359	0.0075	0.0015	0.1225	0.262
0253821012	2012	12	25	360	-9999	-9999	-9999	-9999
0253821012	2012	12	26	361	-9999	-9999	-9999	-9999
0253821012	2012	12	27	362	-9999	-9999	-9999	-9999
0253821012	2012	12	28	363	-9999	-9999	-9999	-9999
0253821012	2012	12	29	364	-9999	-9999	-9999	-9999
0253821012	2012	12	30	365	-9999	-9999	-9999	-9999
0253821012	2012	12	31	366	-9999	-9999	-9999	-9999
