stationID	Y	M	D	DOY	depth_10	depth_20	depth_51	depth_102
0253701012	2010	1	1	1	-9999	-9999	-9999	-9999
0253701012	2010	1	2	2	-9999	-9999	-9999	-9999
0253701012	2010	1	3	3	-9999	-9999	-9999	-9999
0253701012	2010	1	4	4	-9999	-9999	-9999	-9999
0253701012	2010	1	5	5	-9999	-9999	-9999	-9999
0253701012	2010	1	6	6	-9999	-9999	-9999	-9999
0253701012	2010	1	7	7	-9999	-9999	-9999	-9999
0253701012	2010	1	8	8	-9999	-9999	-9999	-9999
0253701012	2010	1	9	9	-9999	-9999	-9999	-9999
0253701012	2010	1	10	10	-9999	-9999	-9999	-9999
0253701012	2010	1	11	11	-9999	-9999	-9999	-9999
0253701012	2010	1	12	12	-9999	-9999	-9999	-9999
0253701012	2010	1	13	13	-9999	-9999	-9999	-9999
0253701012	2010	1	14	14	-9999	-9999	-9999	-9999
0253701012	2010	1	15	15	-9999	-9999	-9999	-9999
0253701012	2010	1	16	16	-9999	-9999	-9999	-9999
0253701012	2010	1	17	17	-9999	-9999	-9999	-9999
0253701012	2010	1	18	18	-9999	-9999	-9999	-9999
0253701012	2010	1	19	19	-9999	-9999	-9999	-9999
0253701012	2010	1	20	20	-9999	-9999	-9999	-9999
0253701012	2010	1	21	21	-9999	-9999	-9999	-9999
0253701012	2010	1	22	22	-9999	-9999	-9999	-9999
0253701012	2010	1	23	23	-9999	-9999	-9999	-9999
0253701012	2010	1	24	24	-9999	-9999	-9999	-9999
0253701012	2010	1	25	25	-9999	-9999	-9999	-9999
0253701012	2010	1	26	26	-9999	-9999	-9999	-9999
0253701012	2010	1	27	27	-9999	-9999	-9999	-9999
0253701012	2010	1	28	28	-9999	-9999	-9999	-9999
0253701012	2010	1	29	29	-9999	-9999	-9999	-9999
0253701012	2010	1	30	30	-9999	-9999	-9999	-9999
0253701012	2010	1	31	31	-9999	-9999	-9999	-9999
0253701012	2010	2	1	32	-9999	-9999	-9999	-9999
0253701012	2010	2	2	33	-9999	-9999	-9999	-9999
0253701012	2010	2	3	34	-9999	-9999	-9999	-9999
0253701012	2010	2	4	35	-9999	-9999	-9999	-9999
0253701012	2010	2	5	36	-9999	-9999	-9999	-9999
0253701012	2010	2	6	37	-9999	-9999	-9999	-9999
0253701012	2010	2	7	38	-9999	-9999	-9999	-9999
0253701012	2010	2	8	39	-9999	-9999	-9999	-9999
0253701012	2010	2	9	40	-9999	-9999	-9999	-9999
0253701012	2010	2	10	41	-9999	-9999	-9999	-9999
0253701012	2010	2	11	42	-9999	-9999	-9999	-9999
0253701012	2010	2	12	43	-9999	-9999	-9999	-9999
0253701012	2010	2	13	44	-9999	-9999	-9999	-9999
0253701012	2010	2	14	45	-9999	-9999	-9999	-9999
0253701012	2010	2	15	46	-9999	-9999	-9999	-9999
0253701012	2010	2	16	47	-9999	-9999	-9999	-9999
0253701012	2010	2	17	48	-9999	-9999	-9999	-9999
0253701012	2010	2	18	49	-9999	-9999	-9999	-9999
0253701012	2010	2	19	50	-9999	-9999	-9999	-9999
0253701012	2010	2	20	51	-9999	-9999	-9999	-9999
0253701012	2010	2	21	52	-9999	-9999	-9999	-9999
0253701012	2010	2	22	53	-9999	-9999	-9999	-9999
0253701012	2010	2	23	54	-9999	-9999	-9999	-9999
0253701012	2010	2	24	55	-9999	-9999	-9999	-9999
0253701012	2010	2	25	56	-9999	-9999	-9999	-9999
0253701012	2010	2	26	57	-9999	-9999	-9999	-9999
0253701012	2010	2	27	58	-9999	-9999	-9999	-9999
0253701012	2010	2	28	59	-9999	-9999	-9999	-9999
0253701012	2010	3	1	60	-9999	-9999	-9999	-9999
0253701012	2010	3	2	61	-9999	-9999	-9999	-9999
0253701012	2010	3	3	62	-9999	-9999	-9999	-9999
0253701012	2010	3	4	63	-9999	-9999	-9999	-9999
0253701012	2010	3	5	64	-9999	-9999	-9999	-9999
0253701012	2010	3	6	65	-9999	-9999	-9999	-9999
0253701012	2010	3	7	66	-9999	-9999	-9999	-9999
0253701012	2010	3	8	67	-9999	-9999	-9999	-9999
0253701012	2010	3	9	68	-9999	-9999	-9999	-9999
0253701012	2010	3	10	69	-9999	-9999	-9999	-9999
0253701012	2010	3	11	70	-9999	-9999	-9999	-9999
0253701012	2010	3	12	71	-9999	-9999	-9999	-9999
0253701012	2010	3	13	72	-9999	-9999	-9999	-9999
0253701012	2010	3	14	73	-9999	-9999	-9999	-9999
0253701012	2010	3	15	74	-9999	-9999	-9999	-9999
0253701012	2010	3	16	75	-9999	-9999	-9999	-9999
0253701012	2010	3	17	76	-9999	-9999	-9999	-9999
0253701012	2010	3	18	77	-9999	-9999	-9999	-9999
0253701012	2010	3	19	78	-9999	-9999	-9999	-9999
0253701012	2010	3	20	79	-9999	-9999	-9999	-9999
0253701012	2010	3	21	80	-9999	-9999	-9999	-9999
0253701012	2010	3	22	81	-9999	-9999	-9999	-9999
0253701012	2010	3	23	82	-9999	-9999	-9999	-9999
0253701012	2010	3	24	83	-9999	-9999	-9999	-9999
0253701012	2010	3	25	84	-9999	-9999	-9999	-9999
0253701012	2010	3	26	85	-9999	-9999	-9999	-9999
0253701012	2010	3	27	86	-9999	-9999	-9999	-9999
0253701012	2010	3	28	87	-9999	-9999	-9999	-9999
0253701012	2010	3	29	88	-9999	-9999	-9999	-9999
0253701012	2010	3	30	89	-9999	-9999	-9999	-9999
0253701012	2010	3	31	90	-9999	-9999	-9999	-9999
0253701012	2010	4	1	91	-9999	-9999	-9999	-9999
0253701012	2010	4	2	92	-9999	-9999	-9999	-9999
0253701012	2010	4	3	93	-9999	-9999	-9999	-9999
0253701012	2010	4	4	94	-9999	-9999	-9999	-9999
0253701012	2010	4	5	95	-9999	-9999	-9999	-9999
0253701012	2010	4	6	96	-9999	-9999	-9999	-9999
0253701012	2010	4	7	97	-9999	-9999	-9999	-9999
0253701012	2010	4	8	98	-9999	-9999	-9999	-9999
0253701012	2010	4	9	99	-9999	-9999	-9999	-9999
0253701012	2010	4	10	100	-9999	-9999	-9999	-9999
0253701012	2010	4	11	101	-9999	-9999	-9999	-9999
0253701012	2010	4	12	102	-9999	-9999	-9999	-9999
0253701012	2010	4	13	103	-9999	-9999	-9999	-9999
0253701012	2010	4	14	104	-9999	-9999	-9999	-9999
0253701012	2010	4	15	105	-9999	-9999	-9999	-9999
0253701012	2010	4	16	106	-9999	-9999	-9999	-9999
0253701012	2010	4	17	107	-9999	-9999	-9999	-9999
0253701012	2010	4	18	108	-9999	-9999	-9999	-9999
0253701012	2010	4	19	109	-9999	-9999	-9999	-9999
0253701012	2010	4	20	110	-9999	-9999	-9999	-9999
0253701012	2010	4	21	111	-9999	-9999	-9999	-9999
0253701012	2010	4	22	112	-9999	-9999	-9999	-9999
0253701012	2010	4	23	113	-9999	-9999	-9999	-9999
0253701012	2010	4	24	114	-9999	-9999	-9999	-9999
0253701012	2010	4	25	115	-9999	-9999	-9999	-9999
0253701012	2010	4	26	116	-9999	-9999	-9999	-9999
0253701012	2010	4	27	117	-9999	-9999	-9999	-9999
0253701012	2010	4	28	118	-9999	-9999	-9999	-9999
0253701012	2010	4	29	119	-9999	-9999	-9999	-9999
0253701012	2010	4	30	120	-9999	-9999	-9999	-9999
0253701012	2010	5	1	121	-9999	-9999	-9999	-9999
0253701012	2010	5	2	122	-9999	-9999	-9999	-9999
0253701012	2010	5	3	123	-9999	-9999	-9999	-9999
0253701012	2010	5	4	124	-9999	-9999	-9999	-9999
0253701012	2010	5	5	125	-9999	-9999	-9999	-9999
0253701012	2010	5	6	126	-9999	-9999	-9999	-9999
0253701012	2010	5	7	127	-9999	-9999	-9999	-9999
0253701012	2010	5	8	128	-9999	-9999	-9999	-9999
0253701012	2010	5	9	129	-9999	-9999	-9999	-9999
0253701012	2010	5	10	130	-9999	-9999	-9999	-9999
0253701012	2010	5	11	131	-9999	-9999	-9999	-9999
0253701012	2010	5	12	132	-9999	-9999	-9999	-9999
0253701012	2010	5	13	133	-9999	-9999	-9999	-9999
0253701012	2010	5	14	134	-9999	-9999	-9999	-9999
0253701012	2010	5	15	135	-9999	-9999	-9999	-9999
0253701012	2010	5	16	136	-9999	-9999	-9999	-9999
0253701012	2010	5	17	137	-9999	-9999	-9999	-9999
0253701012	2010	5	18	138	-9999	-9999	-9999	-9999
0253701012	2010	5	19	139	-9999	-9999	-9999	-9999
0253701012	2010	5	20	140	-9999	-9999	-9999	-9999
0253701012	2010	5	21	141	-9999	-9999	-9999	-9999
0253701012	2010	5	22	142	-9999	-9999	-9999	-9999
0253701012	2010	5	23	143	-9999	-9999	-9999	-9999
0253701012	2010	5	24	144	-9999	-9999	-9999	-9999
0253701012	2010	5	25	145	-9999	-9999	-9999	-9999
0253701012	2010	5	26	146	-9999	-9999	-9999	-9999
0253701012	2010	5	27	147	-9999	-9999	-9999	-9999
0253701012	2010	5	28	148	-9999	-9999	-9999	-9999
0253701012	2010	5	29	149	-9999	-9999	-9999	-9999
0253701012	2010	5	30	150	-9999	-9999	-9999	-9999
0253701012	2010	5	31	151	-9999	-9999	-9999	-9999
0253701012	2010	6	1	152	-9999	-9999	-9999	-9999
0253701012	2010	6	2	153	-9999	-9999	-9999	-9999
0253701012	2010	6	3	154	-9999	-9999	-9999	-9999
0253701012	2010	6	4	155	-9999	-9999	-9999	-9999
0253701012	2010	6	5	156	-9999	-9999	-9999	-9999
0253701012	2010	6	6	157	-9999	-9999	-9999	-9999
0253701012	2010	6	7	158	-9999	-9999	-9999	-9999
0253701012	2010	6	8	159	-9999	-9999	-9999	-9999
0253701012	2010	6	9	160	-9999	-9999	-9999	-9999
0253701012	2010	6	10	161	-9999	-9999	-9999	-9999
0253701012	2010	6	11	162	-9999	-9999	-9999	-9999
0253701012	2010	6	12	163	-9999	-9999	-9999	-9999
0253701012	2010	6	13	164	-9999	-9999	-9999	-9999
0253701012	2010	6	14	165	-9999	-9999	-9999	-9999
0253701012	2010	6	15	166	-9999	-9999	-9999	-9999
0253701012	2010	6	16	167	-9999	-9999	-9999	-9999
0253701012	2010	6	17	168	-9999	-9999	-9999	-9999
0253701012	2010	6	18	169	-9999	-9999	-9999	-9999
0253701012	2010	6	19	170	-9999	-9999	-9999	-9999
0253701012	2010	6	20	171	-9999	-9999	-9999	-9999
0253701012	2010	6	21	172	-9999	-9999	-9999	-9999
0253701012	2010	6	22	173	-9999	-9999	-9999	-9999
0253701012	2010	6	23	174	-9999	-9999	-9999	-9999
0253701012	2010	6	24	175	-9999	-9999	-9999	-9999
0253701012	2010	6	25	176	-9999	-9999	-9999	-9999
0253701012	2010	6	26	177	-9999	-9999	-9999	-9999
0253701012	2010	6	27	178	-9999	-9999	-9999	-9999
0253701012	2010	6	28	179	-9999	-9999	-9999	-9999
0253701012	2010	6	29	180	-9999	-9999	-9999	-9999
0253701012	2010	6	30	181	-9999	-9999	-9999	-9999
0253701012	2010	7	1	182	-9999	-9999	-9999	-9999
0253701012	2010	7	2	183	-9999	-9999	-9999	-9999
0253701012	2010	7	3	184	-9999	-9999	-9999	-9999
0253701012	2010	7	4	185	-9999	-9999	-9999	-9999
0253701012	2010	7	5	186	-9999	-9999	-9999	-9999
0253701012	2010	7	6	187	-9999	-9999	-9999	-9999
0253701012	2010	7	7	188	-9999	-9999	-9999	-9999
0253701012	2010	7	8	189	-9999	-9999	-9999	-9999
0253701012	2010	7	9	190	-9999	-9999	-9999	-9999
0253701012	2010	7	10	191	-9999	-9999	-9999	-9999
0253701012	2010	7	11	192	-9999	-9999	-9999	-9999
0253701012	2010	7	12	193	-9999	-9999	-9999	-9999
0253701012	2010	7	13	194	-9999	-9999	-9999	-9999
0253701012	2010	7	14	195	-9999	-9999	-9999	-9999
0253701012	2010	7	15	196	-9999	-9999	-9999	-9999
0253701012	2010	7	16	197	-9999	-9999	-9999	-9999
0253701012	2010	7	17	198	-9999	-9999	-9999	-9999
0253701012	2010	7	18	199	-9999	-9999	-9999	-9999
0253701012	2010	7	19	200	-9999	-9999	-9999	-9999
0253701012	2010	7	20	201	-9999	-9999	-9999	-9999
0253701012	2010	7	21	202	-9999	-9999	-9999	-9999
0253701012	2010	7	22	203	-9999	-9999	-9999	-9999
0253701012	2010	7	23	204	-9999	-9999	-9999	-9999
0253701012	2010	7	24	205	-9999	-9999	-9999	-9999
0253701012	2010	7	25	206	-9999	-9999	-9999	-9999
0253701012	2010	7	26	207	-9999	-9999	-9999	-9999
0253701012	2010	7	27	208	-9999	-9999	-9999	-9999
0253701012	2010	7	28	209	-9999	-9999	-9999	-9999
0253701012	2010	7	29	210	-9999	-9999	-9999	-9999
0253701012	2010	7	30	211	-9999	-9999	-9999	-9999
0253701012	2010	7	31	212	-9999	-9999	-9999	-9999
0253701012	2010	8	1	213	-9999	-9999	-9999	-9999
0253701012	2010	8	2	214	-9999	-9999	-9999	-9999
0253701012	2010	8	3	215	-9999	-9999	-9999	-9999
0253701012	2010	8	4	216	-9999	0.078	0.083	0.078
0253701012	2010	8	5	217	0.054	0.0695	0.0855	-9999
0253701012	2010	8	6	218	0.0505	0.076	0.0765	0.084
0253701012	2010	8	7	219	0.0525	0.0705	0.0855	0.088
0253701012	2010	8	8	220	0.054	0.0765	0.086	0.0855
0253701012	2010	8	9	221	0.051	0.0775	0.084	0.0865
0253701012	2010	8	10	222	0.054	0.0835	0.0925	0.09
0253701012	2010	8	11	223	0.054	0.0825	0.0835	0.0905
0253701012	2010	8	12	224	0.0525	0.0725	0.0755	0.092
0253701012	2010	8	13	225	0.0555	0.0795	0.0775	0.0925
0253701012	2010	8	14	226	0.056	0.086	0.08	0.093
0253701012	2010	8	15	227	0.0575	0.081	0.083	0.0915
0253701012	2010	8	16	228	0.0615	0.0905	0.085	0.0925
0253701012	2010	8	17	229	0.06	0.0845	0.0835	0.095
0253701012	2010	8	18	230	0.066	0.0805	0.0835	0.0935
0253701012	2010	8	19	231	0.0675	0.094	0.079	0.0945
0253701012	2010	8	20	232	0.0675	0.086	0.093	0.0935
0253701012	2010	8	21	233	0.067	0.089	0.089	0.095
0253701012	2010	8	22	234	0.0745	0.09	0.0845	0.092
0253701012	2010	8	23	235	0.0685	0.0915	0.092	0.0925
0253701012	2010	8	24	236	0.067	0.0895	0.09	0.095
0253701012	2010	8	25	237	0.0665	0.093	0.089	0.0965
0253701012	2010	8	26	238	0.067	0.085	0.0865	0.094
0253701012	2010	8	27	239	0.072	0.095	0.089	0.094
0253701012	2010	8	28	240	0.0665	0.093	0.0865	0.095
0253701012	2010	8	29	241	0.068	0.094	0.088	0.0985
0253701012	2010	8	30	242	0.0685	0.0915	0.088	0.0985
0253701012	2010	8	31	243	0.068	0.0925	0.0855	0.099
0253701012	2010	9	1	244	0.066	0.091	0.0845	0.0965
0253701012	2010	9	2	245	0.068	0.0875	0.081	0.0985
0253701012	2010	9	3	246	0.065	0.0835	0.08	0.097
0253701012	2010	9	4	247	0.0665	0.087	0.0785	0.0985
0253701012	2010	9	5	248	0.0625	0.09	0.0825	0.0965
0253701012	2010	9	6	249	0.069	0.085	0.0785	0.099
0253701012	2010	9	7	250	0.06	0.0815	0.0835	0.1005
0253701012	2010	9	8	251	0.0645	0.088	0.0785	0.0975
0253701012	2010	9	9	252	0.068	0.0865	0.0745	0.096
0253701012	2010	9	10	253	0.0645	0.083	0.0785	0.0985
0253701012	2010	9	11	254	0.063	0.0855	0.077	0.098
0253701012	2010	9	12	255	0.0675	0.0845	0.076	0.099
0253701012	2010	9	13	256	0.0625	0.087	0.0815	0.096
0253701012	2010	9	14	257	0.068	0.089	0.0815	0.096
0253701012	2010	9	15	258	0.067	0.088	0.075	0.0965
0253701012	2010	9	16	259	0.0625	0.084	0.0795	0.099
0253701012	2010	9	17	260	0.07	0.0875	0.0775	0.0985
0253701012	2010	9	18	261	0.0685	0.0875	0.075	0.097
0253701012	2010	9	19	262	0.0695	0.0885	0.0855	0.0965
0253701012	2010	9	20	263	0.064	0.09	0.083	0.095
0253701012	2010	9	21	264	0.0695	0.092	0.08	0.1
0253701012	2010	9	22	265	0.063	0.086	0.0775	0.0945
0253701012	2010	9	23	266	0.068	0.086	0.0795	0.099
0253701012	2010	9	24	267	0.066	0.0845	0.0785	0.0955
0253701012	2010	9	25	268	0.066	0.0835	0.0755	0.0975
0253701012	2010	9	26	269	0.063	0.085	0.078	0.0995
0253701012	2010	9	27	270	0.0715	0.089	0.0755	0.096
0253701012	2010	9	28	271	0.0695	0.0875	0.079	0.0975
0253701012	2010	9	29	272	0.0675	0.091	0.0835	0.095
0253701012	2010	9	30	273	0.0685	0.0935	0.0825	0.0965
0253701012	2010	10	1	274	0.068	0.085	0.081	0.096
0253701012	2010	10	2	275	0.0625	0.085	0.0725	0.098
0253701012	2010	10	3	276	0.065	0.087	0.0795	0.099
0253701012	2010	10	4	277	0.063	0.0895	0.0795	0.099
0253701012	2010	10	5	278	0.0615	0.0885	0.0805	0.098
0253701012	2010	10	6	279	0.063	0.0875	0.076	0.097
0253701012	2010	10	7	280	0.065	0.0845	0.0765	0.099
0253701012	2010	10	8	281	0.063	0.087	0.08	0.099
0253701012	2010	10	9	282	0.0615	0.083	0.0815	0.0975
0253701012	2010	10	10	283	0.205	0.1825	0.0785	-9999
0253701012	2010	10	11	284	0.1855	0.1745	0.078	-9999
0253701012	2010	10	12	285	0.1885	0.1705	0.075	0.241
0253701012	2010	10	13	286	0.18	0.1675	0.073	0.2325
0253701012	2010	10	14	287	0.1755	0.166	0.0675	0.2265
0253701012	2010	10	15	288	0.171	0.1645	0.0745	0.223
0253701012	2010	10	16	289	0.168	0.1595	0.074	0.2225
0253701012	2010	10	17	290	0.1635	0.159	0.07	0.2165
0253701012	2010	10	18	291	0.161	0.1585	0.0705	0.217
0253701012	2010	10	19	292	0.155	0.153	0.0715	0.2135
0253701012	2010	10	20	293	0.155	0.153	0.0735	0.215
0253701012	2010	10	21	294	0.152	0.1515	0.0705	0.2125
0253701012	2010	10	22	295	0.154	0.1525	0.0735	0.21
0253701012	2010	10	23	296	0.149	0.1525	0.0735	0.2115
0253701012	2010	10	24	297	0.148	0.1495	0.0765	0.2105
0253701012	2010	10	25	298	0.1475	0.1485	0.07	0.208
0253701012	2010	10	26	299	0.147	0.148	0.072	0.208
0253701012	2010	10	27	300	0.148	0.1465	0.074	0.208
0253701012	2010	10	28	301	0.146	0.145	0.076	0.207
0253701012	2010	10	29	302	0.141	0.1425	0.0735	0.207
0253701012	2010	10	30	303	0.142	0.1435	0.0685	0.2075
0253701012	2010	10	31	304	0.142	0.1435	0.0715	0.2055
0253701012	2010	11	1	305	0.1435	0.142	0.073	0.2065
0253701012	2010	11	2	306	0.1435	0.143	0.075	0.204
0253701012	2010	11	3	307	0.145	0.146	0.0725	0.204
0253701012	2010	11	4	308	0.1435	0.1445	0.0725	0.2025
0253701012	2010	11	5	309	0.143	0.144	0.0755	0.205
0253701012	2010	11	6	310	0.145	0.144	0.074	0.202
0253701012	2010	11	7	311	0.1435	0.1465	0.076	0.202
0253701012	2010	11	8	312	0.1445	0.1435	0.0775	0.1995
0253701012	2010	11	9	313	0.1395	0.1445	0.079	0.2005
0253701012	2010	11	10	314	0.142	0.143	0.0785	0.201
0253701012	2010	11	11	315	0.14	0.141	0.078	0.1995
0253701012	2010	11	12	316	0.14	0.14	0.0805	0.2
0253701012	2010	11	13	317	0.1335	0.1395	0.077	0.1975
0253701012	2010	11	14	318	0.1285	0.139	0.0755	0.198
0253701012	2010	11	15	319	0.129	0.139	0.08	0.199
0253701012	2010	11	16	320	0.1255	0.138	0.0845	0.197
0253701012	2010	11	17	321	0.124	0.1345	0.0795	0.196
0253701012	2010	11	18	322	0.1245	0.1315	0.078	0.1965
0253701012	2010	11	19	323	0.126	0.134	0.0795	0.195
0253701012	2010	11	20	324	0.1245	0.1315	0.079	0.196
0253701012	2010	11	21	325	0.123	0.13	0.077	0.197
0253701012	2010	11	22	326	0.121	0.13	0.0785	0.1945
0253701012	2010	11	23	327	0.1185	0.129	0.0785	0.196
0253701012	2010	11	24	328	0.1165	0.129	0.0805	0.195
0253701012	2010	11	25	329	0.1135	0.128	0.084	0.195
0253701012	2010	11	26	330	0.1095	0.13	0.083	0.193
0253701012	2010	11	27	331	0.1045	0.127	0.0805	0.1935
0253701012	2010	11	28	332	0.104	0.125	0.08	0.193
0253701012	2010	11	29	333	0.097	0.121	0.0805	0.191
0253701012	2010	11	30	334	0.1	0.117	0.0825	0.1925
0253701012	2010	12	1	335	0.099	0.122	0.084	0.193
0253701012	2010	12	2	336	0.0995	0.116	0.086	0.191
0253701012	2010	12	3	337	0.101	0.1145	0.0835	0.1895
0253701012	2010	12	4	338	0.1005	0.118	0.084	0.1905
0253701012	2010	12	5	339	0.102	0.1155	0.0855	0.1895
0253701012	2010	12	6	340	0.1005	0.117	0.085	0.1885
0253701012	2010	12	7	341	0.099	0.1205	0.086	0.191
0253701012	2010	12	8	342	0.098	0.116	0.0855	0.191
0253701012	2010	12	9	343	0.101	0.1165	0.0855	0.189
0253701012	2010	12	10	344	0.1015	0.12	0.087	0.188
0253701012	2010	12	11	345	0.101	0.117	0.087	0.19
0253701012	2010	12	12	346	0.101	0.1175	0.0855	0.189
0253701012	2010	12	13	347	0.101	0.1135	0.086	0.188
0253701012	2010	12	14	348	0.101	0.117	0.086	0.1885
0253701012	2010	12	15	349	0.102	0.117	0.087	0.1875
0253701012	2010	12	16	350	0.105	0.1155	0.0895	0.188
0253701012	2010	12	17	351	0.1035	0.1175	0.088	0.1875
0253701012	2010	12	18	352	0.102	0.1175	0.0855	0.187
0253701012	2010	12	19	353	0.091	0.1175	0.0845	0.1865
0253701012	2010	12	20	354	0.0785	0.115	0.087	0.188
0253701012	2010	12	21	355	0.0725	0.1135	0.087	0.1855
0253701012	2010	12	22	356	0.064	0.111	0.087	0.185
0253701012	2010	12	23	357	0.059	0.1055	0.0885	0.187
0253701012	2010	12	24	358	0.0585	0.1025	0.087	0.185
0253701012	2010	12	25	359	0.0565	0.097	0.088	0.186
0253701012	2010	12	26	360	0.054	0.0955	0.0865	0.185
0253701012	2010	12	27	361	0.0565	0.0925	0.085	0.186
0253701012	2010	12	28	362	0.0535	0.0905	0.0885	0.1845
0253701012	2010	12	29	363	0.052	0.0875	0.0875	0.185
0253701012	2010	12	30	364	0.0485	0.082	0.0875	0.184
0253701012	2010	12	31	365	0.047	0.0735	0.0875	0.1845
0253701012	2011	1	1	1	0.045	0.0665	0.088	0.184
0253701012	2011	1	2	2	0.0415	0.059	0.0855	0.1845
0253701012	2011	1	3	3	-9999	0.0575	0.0885	0.1825
0253701012	2011	1	4	4	0.0405	0.0595	0.087	0.1825
0253701012	2011	1	5	5	0.041	0.0535	0.088	0.1835
0253701012	2011	1	6	6	0.043	0.052	0.0885	0.184
0253701012	2011	1	7	7	0.043	0.057	0.0865	0.182
0253701012	2011	1	8	8	0.044	0.056	0.086	0.181
0253701012	2011	1	9	9	0.0445	0.0605	0.088	0.184
0253701012	2011	1	10	10	0.044	0.06	0.0875	0.1815
0253701012	2011	1	11	11	0.043	0.0545	0.0885	0.181
0253701012	2011	1	12	12	0.043	0.055	0.089	0.181
0253701012	2011	1	13	13	0.0415	0.053	0.0875	0.1805
0253701012	2011	1	14	14	0.043	0.053	0.0895	0.181
0253701012	2011	1	15	15	0.042	0.054	0.089	0.181
0253701012	2011	1	16	16	0.0455	0.056	0.0885	0.181
0253701012	2011	1	17	17	0.0435	0.057	0.088	0.182
0253701012	2011	1	18	18	0.046	0.058	0.0885	0.18
0253701012	2011	1	19	19	0.0465	0.0545	0.0865	0.1795
0253701012	2011	1	20	20	0.047	0.0585	0.0905	0.1785
0253701012	2011	1	21	21	0.0485	0.0575	0.087	0.1805
0253701012	2011	1	22	22	0.0465	0.0595	0.0875	0.181
0253701012	2011	1	23	23	0.047	0.058	0.0895	0.181
0253701012	2011	1	24	24	0.0465	0.058	0.088	0.1805
0253701012	2011	1	25	25	0.046	0.0585	0.0875	0.18
0253701012	2011	1	26	26	0.044	0.06	0.0855	0.1785
0253701012	2011	1	27	27	0.0455	0.0605	0.087	0.179
0253701012	2011	1	28	28	0.047	0.0615	0.088	0.1805
0253701012	2011	1	29	29	0.048	0.0625	0.084	0.1775
0253701012	2011	1	30	30	0.049	0.065	0.087	0.178
0253701012	2011	1	31	31	0.0515	0.065	0.0885	0.1775
0253701012	2011	2	1	32	0.05	0.064	0.085	0.1775
0253701012	2011	2	2	33	0.0485	0.064	0.086	0.177
0253701012	2011	2	3	34	0.0465	0.062	0.089	0.1785
0253701012	2011	2	4	35	0.0445	0.0575	0.087	0.178
0253701012	2011	2	5	36	0.0435	0.0585	0.0875	0.176
0253701012	2011	2	6	37	0.048	0.0595	0.0885	0.178
0253701012	2011	2	7	38	0.0475	0.06	0.086	0.176
0253701012	2011	2	8	39	0.0445	0.0595	0.086	0.1765
0253701012	2011	2	9	40	0.0485	0.0605	0.0865	0.176
0253701012	2011	2	10	41	0.045	0.0575	0.088	0.1765
0253701012	2011	2	11	42	0.0465	0.057	0.088	0.177
0253701012	2011	2	12	43	0.0445	0.059	0.087	0.1755
0253701012	2011	2	13	44	0.0455	0.06	0.087	0.175
0253701012	2011	2	14	45	0.0455	0.06	0.0855	0.176
0253701012	2011	2	15	46	0.0485	0.0595	0.0845	0.1755
0253701012	2011	2	16	47	0.045	0.0615	0.0855	0.175
0253701012	2011	2	17	48	0.048	0.059	0.085	0.1745
0253701012	2011	2	18	49	0.0485	0.061	0.0845	0.1755
0253701012	2011	2	19	50	0.0485	0.058	0.086	0.1765
0253701012	2011	2	20	51	0.046	0.0595	0.0855	0.175
0253701012	2011	2	21	52	0.0485	0.059	0.0825	0.1745
0253701012	2011	2	22	53	0.045	0.0585	0.086	0.173
0253701012	2011	2	23	54	0.0475	0.057	0.086	0.1745
0253701012	2011	2	24	55	0.0455	0.0575	0.088	0.174
0253701012	2011	2	25	56	0.0455	0.056	0.085	0.1755
0253701012	2011	2	26	57	0.042	0.0545	0.0885	0.1745
0253701012	2011	2	27	58	0.0425	0.055	0.087	0.174
0253701012	2011	2	28	59	0.0445	0.0575	0.0835	0.1735
0253701012	2011	3	1	60	0.043	0.0525	0.0845	0.1745
0253701012	2011	3	2	61	0.044	0.0545	0.0875	0.1735
0253701012	2011	3	3	62	0.045	0.0535	0.0845	0.1735
0253701012	2011	3	4	63	0.0465	0.053	0.0835	0.1725
0253701012	2011	3	5	64	0.0435	0.0555	0.087	0.1725
0253701012	2011	3	6	65	0.0445	0.0565	0.0865	0.1725
0253701012	2011	3	7	66	0.046	0.056	0.0835	0.173
0253701012	2011	3	8	67	0.048	0.0545	0.0845	0.172
0253701012	2011	3	9	68	0.043	0.056	0.0855	0.173
0253701012	2011	3	10	69	0.0465	0.0555	0.0835	0.1735
0253701012	2011	3	11	70	0.044	0.054	0.0855	0.171
0253701012	2011	3	12	71	0.0485	0.0555	0.081	0.172
0253701012	2011	3	13	72	0.0485	0.056	0.0835	0.172
0253701012	2011	3	14	73	0.0465	0.0565	0.081	0.1725
0253701012	2011	3	15	74	0.048	0.059	0.0825	0.1715
0253701012	2011	3	16	75	0.051	0.0585	0.0825	0.1705
0253701012	2011	3	17	76	0.0505	0.059	0.0865	0.1695
0253701012	2011	3	18	77	0.051	0.061	0.0845	0.171
0253701012	2011	3	19	78	0.052	0.063	0.0825	0.171
0253701012	2011	3	20	79	0.0525	0.0655	0.0855	0.171
0253701012	2011	3	21	80	0.0525	0.065	0.0815	0.171
0253701012	2011	3	22	81	0.0525	0.0665	0.0795	0.171
0253701012	2011	3	23	82	0.054	0.0665	0.0845	0.1705
0253701012	2011	3	24	83	0.0555	0.067	0.081	0.1715
0253701012	2011	3	25	84	0.052	0.0645	0.085	0.1715
0253701012	2011	3	26	85	0.053	0.068	0.083	0.1695
0253701012	2011	3	27	86	0.05	0.067	0.085	0.17
0253701012	2011	3	28	87	0.051	0.065	0.0865	0.1705
0253701012	2011	3	29	88	0.0545	0.0675	0.0855	0.1695
0253701012	2011	3	30	89	0.0485	0.0645	0.0875	0.1695
0253701012	2011	3	31	90	0.052	0.0675	0.0855	0.1705
0253701012	2011	4	1	91	0.0565	0.0645	0.081	0.17
0253701012	2011	4	2	92	0.0535	0.067	0.0845	0.169
0253701012	2011	4	3	93	0.0545	0.066	0.083	0.1695
0253701012	2011	4	4	94	0.056	0.0685	0.0815	0.1695
0253701012	2011	4	5	95	0.053	0.071	0.083	0.1695
0253701012	2011	4	6	96	0.0545	0.0705	0.0835	0.17
0253701012	2011	4	7	97	0.0585	0.0705	0.0825	0.169
0253701012	2011	4	8	98	0.0565	0.073	0.0885	0.17
0253701012	2011	4	9	99	0.0585	0.073	0.0825	0.1685
0253701012	2011	4	10	100	0.0585	0.074	0.0805	0.1695
0253701012	2011	4	11	101	0.058	0.0775	0.0825	0.168
0253701012	2011	4	12	102	0.06	0.075	0.0805	0.169
0253701012	2011	4	13	103	0.0615	0.077	0.083	0.167
0253701012	2011	4	14	104	0.059	0.08	0.086	0.1685
0253701012	2011	4	15	105	0.0595	0.0805	0.0855	0.169
0253701012	2011	4	16	106	0.064	0.082	0.083	0.1685
0253701012	2011	4	17	107	0.0625	0.0835	0.083	0.168
0253701012	2011	4	18	108	0.0635	0.085	0.088	0.1695
0253701012	2011	4	19	109	0.064	0.087	0.0845	0.17
0253701012	2011	4	20	110	0.0655	0.089	0.0875	0.1705
0253701012	2011	4	21	111	0.068	0.0905	0.0855	0.1695
0253701012	2011	4	22	112	0.069	0.0935	0.0825	0.168
0253701012	2011	4	23	113	0.07	0.0955	0.083	0.168
0253701012	2011	4	24	114	0.0645	0.095	0.086	0.169
0253701012	2011	4	25	115	0.069	0.0965	0.0815	0.1705
0253701012	2011	4	26	116	0.069	0.101	0.086	0.167
0253701012	2011	4	27	117	0.07	0.1	0.084	0.169
0253701012	2011	4	28	118	0.0705	0.1005	0.0845	0.1675
0253701012	2011	4	29	119	0.075	0.103	0.084	0.1695
0253701012	2011	4	30	120	0.074	0.1045	0.0865	0.1685
0253701012	2011	5	1	121	0.073	0.103	0.0825	0.168
0253701012	2011	5	2	122	0.075	0.107	0.0845	0.169
0253701012	2011	5	3	123	0.075	0.1055	0.0895	0.1685
0253701012	2011	5	4	124	0.0765	0.105	0.087	0.168
0253701012	2011	5	5	125	0.08	0.106	0.0885	0.1685
0253701012	2011	5	6	126	0.081	0.106	0.086	0.168
0253701012	2011	5	7	127	0.0835	0.1085	0.0895	0.169
0253701012	2011	5	8	128	0.095	0.1085	0.0875	0.168
0253701012	2011	5	9	129	0.16	0.115	0.0875	0.1755
0253701012	2011	5	10	130	0.189	0.1475	0.1075	0.188
0253701012	2011	5	11	131	0.1875	0.1615	0.147	0.1905
0253701012	2011	5	12	132	0.188	0.164	0.1455	0.1875
0253701012	2011	5	13	133	0.1885	0.167	0.15	0.186
0253701012	2011	5	14	134	0.203	0.176	0.1585	0.1885
0253701012	2011	5	15	135	0.199	0.182	0.1625	0.1865
0253701012	2011	5	16	136	0.205	0.189	0.1715	0.1885
0253701012	2011	5	17	137	0.2135	0.202	0.1845	-9999
0253701012	2011	5	18	138	0.2045	0.202	0.1835	0.211
0253701012	2011	5	19	139	0.205	0.2	0.1795	0.2045
0253701012	2011	5	20	140	0.2045	0.1995	0.1745	0.199
0253701012	2011	5	21	141	0.1995	0.197	0.172	0.197
0253701012	2011	5	22	142	0.1985	0.1975	0.1745	0.197
0253701012	2011	5	23	143	0.2075	0.201	0.1785	0.1975
0253701012	2011	5	24	144	0.2135	0.207	0.186	0.2
0253701012	2011	5	25	145	0.215	0.2155	0.2035	0.2375
0253701012	2011	5	26	146	0.2125	0.2175	0.198	-9999
0253701012	2011	5	27	147	0.2135	0.218	0.2	-9999
0253701012	2011	5	28	148	0.2165	0.2185	0.1945	0.2475
0253701012	2011	5	29	149	0.21	0.214	0.194	0.2275
0253701012	2011	5	30	150	0.2085	0.214	0.193	0.224
0253701012	2011	5	31	151	0.208	0.212	0.189	0.222
0253701012	2011	6	1	152	0.211	0.214	0.1905	0.2195
0253701012	2011	6	2	153	0.2175	0.224	0.2065	-9999
0253701012	2011	6	3	154	0.223	0.227	0.21	-9999
0253701012	2011	6	4	155	0.22	0.224	0.2075	0.2525
0253701012	2011	6	5	156	0.2265	0.2295	0.2145	-9999
0253701012	2011	6	6	157	0.2285	0.2285	0.2025	-9999
0253701012	2011	6	7	158	0.23	0.2445	-9999	-9999
0253701012	2011	6	8	159	0.221	0.245	-9999	-9999
0253701012	2011	6	9	160	0.232	0.254	-9999	-9999
0253701012	2011	6	10	161	0.227	0.2455	0.221	-9999
0253701012	2011	6	11	162	0.2225	0.2455	-9999	-9999
0253701012	2011	6	12	163	0.23	0.249	-9999	-9999
0253701012	2011	6	13	164	0.2285	0.2505	-9999	-9999
0253701012	2011	6	14	165	0.2345	-9999	-9999	-9999
0253701012	2011	6	15	166	0.234	-9999	-9999	-9999
0253701012	2011	6	16	167	0.234	-9999	-9999	-9999
0253701012	2011	6	17	168	0.2325	-9999	-9999	-9999
0253701012	2011	6	18	169	0.237	-9999	-9999	-9999
0253701012	2011	6	19	170	-9999	-9999	-9999	-9999
0253701012	2011	6	20	171	0.237	-9999	-9999	-9999
0253701012	2011	6	21	172	0.2265	-9999	0.22	-9999
0253701012	2011	6	22	173	0.218	0.2605	0.217	0.253
0253701012	2011	6	23	174	0.215	0.254	0.2145	0.2395
0253701012	2011	6	24	175	0.2125	0.248	0.214	0.2335
0253701012	2011	6	25	176	0.209	0.2435	0.208	0.231
0253701012	2011	6	26	177	0.206	0.237	0.207	0.228
0253701012	2011	6	27	178	0.206	0.2375	0.2085	0.2265
0253701012	2011	6	28	179	0.204	0.237	0.2025	0.2215
0253701012	2011	6	29	180	0.2065	0.237	0.204	0.221
0253701012	2011	6	30	181	0.205	0.2325	0.202	0.2205
0253701012	2011	7	1	182	0.2	0.229	0.203	0.217
0253701012	2011	7	2	183	0.196	0.226	0.2	0.2185
0253701012	2011	7	3	184	0.1975	0.224	0.2	0.218
0253701012	2011	7	4	185	0.197	0.2265	0.198	0.2195
0253701012	2011	7	5	186	0.1875	0.2215	0.198	0.218
0253701012	2011	7	6	187	0.1905	0.222	0.193	0.217
0253701012	2011	7	7	188	0.1905	0.2165	0.191	0.215
0253701012	2011	7	8	189	0.1885	0.218	0.1935	0.2155
0253701012	2011	7	9	190	0.1875	0.2165	0.187	0.2145
0253701012	2011	7	10	191	0.191	0.2125	0.1915	0.214
0253701012	2011	7	11	192	0.1855	0.216	0.19	0.214
0253701012	2011	7	12	193	0.189	0.213	0.189	0.2135
0253701012	2011	7	13	194	0.1875	0.211	0.187	0.2135
0253701012	2011	7	14	195	0.187	0.2105	0.1825	0.21
0253701012	2011	7	15	196	0.186	0.2105	0.185	0.2115
0253701012	2011	7	16	197	0.186	0.211	0.189	0.2115
0253701012	2011	7	17	198	0.18	0.21	0.184	0.21
0253701012	2011	7	18	199	0.1825	0.212	0.1835	0.212
0253701012	2011	7	19	200	0.1815	0.21	0.186	0.2115
0253701012	2011	7	20	201	0.179	0.2055	0.1845	0.21
0253701012	2011	7	21	202	0.172	0.2035	0.1835	0.213
0253701012	2011	7	22	203	0.169	0.2	0.182	0.209
0253701012	2011	7	23	204	0.167	0.2025	0.182	0.21
0253701012	2011	7	24	205	0.166	0.1995	0.1805	0.2095
0253701012	2011	7	25	206	0.1665	0.199	0.18	0.2095
0253701012	2011	7	26	207	0.163	0.195	0.181	0.2045
0253701012	2011	7	27	208	0.1595	0.194	0.179	0.208
0253701012	2011	7	28	209	0.1575	0.1925	0.1765	0.207
0253701012	2011	7	29	210	0.1535	0.1925	0.1775	0.208
0253701012	2011	7	30	211	0.1535	0.19	0.1785	0.2085
0253701012	2011	7	31	212	0.149	0.1935	0.1765	0.2075
0253701012	2011	8	1	213	0.149	0.1965	0.175	0.2045
0253701012	2011	8	2	214	0.155	0.1955	0.1735	0.205
0253701012	2011	8	3	215	0.1505	0.1965	0.172	0.2075
0253701012	2011	8	4	216	0.147	0.193	0.171	0.204
0253701012	2011	8	5	217	0.147	0.1915	0.17	0.2045
0253701012	2011	8	6	218	0.1455	0.187	0.1705	0.204
0253701012	2011	8	7	219	0.1445	0.191	0.1665	0.2035
0253701012	2011	8	8	220	0.14	0.1895	0.168	0.2025
0253701012	2011	8	9	221	0.145	0.1865	0.1695	0.2035
0253701012	2011	8	10	222	0.149	0.187	0.1655	0.2035
0253701012	2011	8	11	223	0.144	0.1855	0.1695	0.2005
0253701012	2011	8	12	224	0.1435	0.187	0.169	0.202
0253701012	2011	8	13	225	0.1385	0.1845	0.168	0.199
0253701012	2011	8	14	226	0.1375	0.186	0.166	0.202
0253701012	2011	8	15	227	0.135	0.1845	0.166	0.198
0253701012	2011	8	16	228	0.133	0.185	0.167	0.2015
0253701012	2011	8	17	229	0.13	0.184	0.166	0.1995
0253701012	2011	8	18	230	0.131	0.1825	0.164	0.1995
0253701012	2011	8	19	231	0.129	0.1835	0.164	0.1995
0253701012	2011	8	20	232	0.128	0.1825	0.1615	0.2
0253701012	2011	8	21	233	0.1235	0.178	0.1635	0.1975
0253701012	2011	8	22	234	0.124	0.179	0.1625	0.196
0253701012	2011	8	23	235	0.122	0.181	0.1635	0.1995
0253701012	2011	8	24	236	0.1205	0.18	0.1635	0.197
0253701012	2011	8	25	237	0.12	0.176	0.1635	0.1995
0253701012	2011	8	26	238	0.1175	0.174	0.1635	0.1945
0253701012	2011	8	27	239	0.117	0.173	0.161	0.196
0253701012	2011	8	28	240	0.119	0.1745	0.16	0.1985
0253701012	2011	8	29	241	0.117	0.1735	0.161	0.197
0253701012	2011	8	30	242	0.1135	0.1705	0.1595	0.1965
0253701012	2011	8	31	243	0.1125	0.1715	0.1605	0.195
0253701012	2011	9	1	244	0.1115	0.1695	0.1595	0.195
0253701012	2011	9	2	245	0.109	0.1705	0.1585	0.196
0253701012	2011	9	3	246	0.106	0.168	0.1565	0.194
0253701012	2011	9	4	247	0.1005	0.1635	0.1565	0.1945
0253701012	2011	9	5	248	0.103	0.1625	0.155	0.1945
0253701012	2011	9	6	249	0.1035	0.163	0.155	0.193
0253701012	2011	9	7	250	0.1005	0.1595	0.156	0.192
0253701012	2011	9	8	251	0.1	0.1575	0.152	0.193
0253701012	2011	9	9	252	0.0995	0.154	0.154	0.1915
0253701012	2011	9	10	253	0.098	0.154	0.1515	0.191
0253701012	2011	9	11	254	0.096	0.149	0.1495	0.1915
0253701012	2011	9	12	255	0.096	0.1495	0.1515	0.1925
0253701012	2011	9	13	256	0.093	0.147	0.1515	0.189
0253701012	2011	9	14	257	0.0915	0.1485	0.1515	0.1895
0253701012	2011	9	15	258	0.0915	0.1455	0.15	0.1895
0253701012	2011	9	16	259	0.0945	0.1425	0.1485	0.1875
0253701012	2011	9	17	260	0.0935	0.1415	0.1475	0.188
0253701012	2011	9	18	261	0.091	0.1395	0.1465	0.1875
0253701012	2011	9	19	262	0.0925	0.138	0.1455	0.187
0253701012	2011	9	20	263	0.0935	0.1395	0.147	0.187
0253701012	2011	9	21	264	0.085	0.1355	0.145	0.1845
0253701012	2011	9	22	265	0.0855	0.138	0.141	0.1845
0253701012	2011	9	23	266	0.0905	0.136	0.147	0.184
0253701012	2011	9	24	267	0.093	0.138	0.1455	0.184
0253701012	2011	9	25	268	0.091	0.136	0.143	0.183
0253701012	2011	9	26	269	0.0895	0.1395	0.147	0.183
0253701012	2011	9	27	270	0.0885	0.137	0.1435	0.184
0253701012	2011	9	28	271	0.0865	0.1385	0.143	0.1845
0253701012	2011	9	29	272	0.086	0.136	0.147	0.183
0253701012	2011	9	30	273	0.085	0.134	0.144	0.1825
0253701012	2011	10	1	274	0.085	0.136	0.1445	0.182
0253701012	2011	10	2	275	0.085	0.133	0.1455	0.183
0253701012	2011	10	3	276	0.084	0.131	0.144	0.182
0253701012	2011	10	4	277	0.0825	0.133	0.141	0.1805
0253701012	2011	10	5	278	0.078	0.129	0.1425	0.1795
0253701012	2011	10	6	279	0.0795	0.128	0.1425	0.1805
0253701012	2011	10	7	280	0.099	0.132	0.1435	0.1975
0253701012	2011	10	8	281	0.11	0.13	0.1415	0.212
0253701012	2011	10	9	282	0.1155	0.133	0.1415	0.211
0253701012	2011	10	10	283	0.1195	0.133	0.1415	0.209
0253701012	2011	10	11	284	0.1255	0.134	0.142	0.211
0253701012	2011	10	12	285	0.1235	0.1365	0.1475	0.2175
0253701012	2011	10	13	286	0.1305	0.1355	0.1485	0.2155
0253701012	2011	10	14	287	0.1335	0.1415	0.151	0.215
0253701012	2011	10	15	288	0.15	0.1405	0.1525	0.213
0253701012	2011	10	16	289	0.167	0.165	0.1555	0.2315
0253701012	2011	10	17	290	0.1715	0.17	0.1585	0.243
0253701012	2011	10	18	291	0.173	0.175	0.1585	0.2245
0253701012	2011	10	19	292	0.173	0.176	0.1665	0.217
0253701012	2011	10	20	293	0.172	0.1765	0.167	0.215
0253701012	2011	10	21	294	0.182	0.187	0.172	0.214
0253701012	2011	10	22	295	0.186	0.1925	0.173	0.2115
0253701012	2011	10	23	296	0.1905	0.2005	0.176	0.214
0253701012	2011	10	24	297	0.1915	0.201	0.1825	0.2115
0253701012	2011	10	25	298	0.1895	0.201	0.1835	0.2145
0253701012	2011	10	26	299	0.1895	0.202	0.184	0.21
0253701012	2011	10	27	300	0.187	0.1985	0.1775	0.2085
0253701012	2011	10	28	301	0.1845	0.201	0.182	0.2105
0253701012	2011	10	29	302	0.1855	0.197	0.18	0.2075
0253701012	2011	10	30	303	0.184	0.1985	0.1775	0.207
0253701012	2011	10	31	304	0.178	0.1985	0.179	0.206
0253701012	2011	11	1	305	0.183	0.197	0.1775	0.2065
0253701012	2011	11	2	306	0.186	0.1965	0.176	0.2025
0253701012	2011	11	3	307	0.1845	0.202	0.1775	0.201
0253701012	2011	11	4	308	0.1835	0.198	0.1785	0.2035
0253701012	2011	11	5	309	0.1865	0.197	0.1765	0.201
0253701012	2011	11	6	310	0.185	0.201	0.1765	0.201
0253701012	2011	11	7	311	0.1845	0.2005	0.178	0.198
0253701012	2011	11	8	312	0.1835	0.197	0.1775	0.199
0253701012	2011	11	9	313	0.181	0.201	0.176	0.203
0253701012	2011	11	10	314	0.1805	0.198	0.1755	0.201
0253701012	2011	11	11	315	0.1815	0.197	0.1775	0.198
0253701012	2011	11	12	316	0.1785	0.1945	0.1765	0.199
0253701012	2011	11	13	317	0.1805	0.197	0.1735	0.1985
0253701012	2011	11	14	318	0.177	0.195	0.171	0.195
0253701012	2011	11	15	319	0.1785	0.1955	0.174	0.1995
0253701012	2011	11	16	320	0.177	0.194	0.1705	0.1995
0253701012	2011	11	17	321	0.175	0.1935	0.1715	0.2
0253701012	2011	11	18	322	0.1745	0.1955	0.171	0.1965
0253701012	2011	11	19	323	0.1745	0.194	0.171	0.195
0253701012	2011	11	20	324	0.174	0.193	0.17	0.195
0253701012	2011	11	21	325	0.1745	0.1895	0.1695	0.1945
0253701012	2011	11	22	326	0.171	0.193	0.168	0.194
0253701012	2011	11	23	327	0.1735	0.189	0.1705	0.1965
0253701012	2011	11	24	328	0.173	0.1915	0.17	0.1925
0253701012	2011	11	25	329	0.1765	0.189	0.169	0.196
0253701012	2011	11	26	330	0.1735	0.1915	0.167	0.195
0253701012	2011	11	27	331	0.1735	0.189	0.1655	0.1965
0253701012	2011	11	28	332	0.175	0.19	0.168	0.1955
0253701012	2011	11	29	333	0.173	0.1955	0.17	0.192
0253701012	2011	11	30	334	0.1705	0.1925	0.168	0.1935
0253701012	2011	12	1	335	0.174	0.193	0.168	0.1955
0253701012	2011	12	2	336	0.174	0.1915	0.1655	0.1945
0253701012	2011	12	3	337	0.174	0.1915	0.166	0.1945
0253701012	2011	12	4	338	0.172	0.1905	0.1635	0.1925
0253701012	2011	12	5	339	0.173	0.1895	0.1655	0.193
0253701012	2011	12	6	340	0.172	0.194	0.167	0.194
0253701012	2011	12	7	341	0.17	0.1915	0.1655	0.19
0253701012	2011	12	8	342	0.172	0.1885	0.165	0.19
0253701012	2011	12	9	343	0.171	0.1895	0.163	0.191
0253701012	2011	12	10	344	0.1695	0.188	0.167	0.1885
0253701012	2011	12	11	345	0.171	0.1905	0.1635	0.191
0253701012	2011	12	12	346	0.171	0.1895	0.1645	0.1925
0253701012	2011	12	13	347	0.1675	0.188	0.164	0.19
0253701012	2011	12	14	348	0.169	0.1875	0.1615	0.189
0253701012	2011	12	15	349	0.166	0.1865	0.164	0.1905
0253701012	2011	12	16	350	0.164	0.186	0.1655	0.1885
0253701012	2011	12	17	351	0.1665	0.185	0.1625	0.19
0253701012	2011	12	18	352	0.1615	0.189	0.1655	0.191
0253701012	2011	12	19	353	0.164	0.1875	0.1645	0.1895
0253701012	2011	12	20	354	0.163	0.189	0.165	0.192
0253701012	2011	12	21	355	0.165	0.183	0.1585	0.1885
0253701012	2011	12	22	356	0.1635	0.1855	0.162	0.189
0253701012	2011	12	23	357	0.1625	0.1855	0.163	0.1895
0253701012	2011	12	24	358	0.1615	0.186	0.1615	0.1925
0253701012	2011	12	25	359	0.164	0.184	0.161	0.1915
0253701012	2011	12	26	360	0.1615	0.186	0.1615	0.19
0253701012	2011	12	27	361	0.162	0.1845	0.163	0.1885
0253701012	2011	12	28	362	0.1625	0.183	0.162	0.1875
0253701012	2011	12	29	363	0.162	0.1855	0.1605	0.1875
0253701012	2011	12	30	364	0.1615	0.185	0.1605	0.1875
0253701012	2011	12	31	365	0.1645	0.182	0.1615	0.1855
0253701012	2012	1	1	1	0.1615	0.181	0.157	0.188
0253701012	2012	1	2	2	0.1645	0.1825	0.159	0.189
0253701012	2012	1	3	3	0.163	0.182	0.158	0.185
0253701012	2012	1	4	4	0.1625	0.183	0.1605	0.1885
0253701012	2012	1	5	5	0.163	0.1845	0.1595	0.184
0253701012	2012	1	6	6	0.1625	0.1825	0.157	0.188
0253701012	2012	1	7	7	0.164	0.181	0.159	0.189
0253701012	2012	1	8	8	0.162	0.185	0.1605	0.187
0253701012	2012	1	9	9	0.16	0.1825	0.159	0.1865
0253701012	2012	1	10	10	0.1595	0.1815	0.154	0.187
0253701012	2012	1	11	11	0.163	0.1805	0.1585	0.188
0253701012	2012	1	12	12	0.162	0.182	0.1585	0.186
0253701012	2012	1	13	13	0.159	0.182	0.158	0.187
0253701012	2012	1	14	14	0.16	0.1815	0.158	0.1855
0253701012	2012	1	15	15	0.159	0.179	0.157	0.188
0253701012	2012	1	16	16	0.158	0.1785	0.156	0.1875
0253701012	2012	1	17	17	0.1575	0.1775	0.156	0.188
0253701012	2012	1	18	18	0.1585	0.1775	0.159	0.1855
0253701012	2012	1	19	19	0.1555	0.182	0.156	0.1855
0253701012	2012	1	20	20	0.156	0.1815	0.159	0.184
0253701012	2012	1	21	21	0.1515	0.1795	0.154	0.183
0253701012	2012	1	22	22	0.1505	0.181	0.156	0.183
0253701012	2012	1	23	23	0.155	0.1785	0.1595	0.184
0253701012	2012	1	24	24	0.1535	0.1765	0.1545	0.184
0253701012	2012	1	25	25	0.1525	0.177	0.156	0.1845
0253701012	2012	1	26	26	0.1525	0.179	0.1525	0.185
0253701012	2012	1	27	27	0.153	0.175	0.154	0.184
0253701012	2012	1	28	28	0.155	0.1765	0.1565	0.1825
0253701012	2012	1	29	29	0.1535	0.178	0.155	0.184
0253701012	2012	1	30	30	0.1535	0.176	0.1565	0.184
0253701012	2012	1	31	31	0.1515	0.1775	0.1525	0.1845
0253701012	2012	2	1	32	0.1535	0.1765	0.155	0.185
0253701012	2012	2	2	33	0.1515	0.1775	0.1515	0.184
0253701012	2012	2	3	34	0.15	0.1765	0.1515	0.1845
0253701012	2012	2	4	35	0.154	0.176	0.1545	0.1855
0253701012	2012	2	5	36	0.1515	0.174	0.154	0.184
0253701012	2012	2	6	37	0.15	0.1745	0.1515	0.1835
0253701012	2012	2	7	38	0.151	0.1755	0.154	0.186
0253701012	2012	2	8	39	0.151	0.174	0.153	0.184
0253701012	2012	2	9	40	0.1495	0.175	0.152	0.181
0253701012	2012	2	10	41	0.1505	0.1725	0.152	0.183
0253701012	2012	2	11	42	0.15	0.173	0.157	0.1825
0253701012	2012	2	12	43	0.1465	0.175	0.1525	0.186
0253701012	2012	2	13	44	0.1455	0.173	0.1505	0.186
0253701012	2012	2	14	45	0.1455	0.173	0.151	0.185
0253701012	2012	2	15	46	0.1455	0.1715	0.1525	0.1825
0253701012	2012	2	16	47	0.146	0.172	0.1525	0.1825
0253701012	2012	2	17	48	0.147	0.1715	0.151	0.182
0253701012	2012	2	18	49	0.1435	0.17	0.1505	0.1815
0253701012	2012	2	19	50	0.147	0.175	0.1515	0.1835
0253701012	2012	2	20	51	0.148	0.1725	0.1535	0.181
0253701012	2012	2	21	52	0.145	0.171	0.1495	0.1845
0253701012	2012	2	22	53	0.1455	0.1705	0.152	0.184
0253701012	2012	2	23	54	0.1455	0.169	0.152	0.1835
0253701012	2012	2	24	55	0.1455	0.169	0.149	0.1835
0253701012	2012	2	25	56	0.147	0.168	0.1495	0.183
0253701012	2012	2	26	57	0.149	0.1675	0.1515	0.1795
0253701012	2012	2	27	58	0.145	0.17	0.151	0.184
0253701012	2012	2	28	59	0.145	0.169	0.1485	0.182
0253701012	2012	2	29	60	0.1445	0.169	0.1515	0.183
0253701012	2012	3	1	61	0.1475	0.167	0.15	0.1795
0253701012	2012	3	2	62	0.144	0.171	0.1505	0.181
0253701012	2012	3	3	63	0.148	0.168	0.152	0.1825
0253701012	2012	3	4	64	0.1435	0.17	0.1485	0.182
0253701012	2012	3	5	65	0.1435	0.1675	0.1525	0.1795
0253701012	2012	3	6	66	0.143	0.1685	0.146	0.181
0253701012	2012	3	7	67	0.146	0.1675	0.153	0.18
0253701012	2012	3	8	68	0.145	0.168	0.1525	0.1805
0253701012	2012	3	9	69	0.146	0.168	0.1525	0.183
0253701012	2012	3	10	70	0.144	0.1685	0.1505	0.181
0253701012	2012	3	11	71	0.146	0.1655	0.1475	0.1795
0253701012	2012	3	12	72	0.1465	0.168	0.1515	0.1815
0253701012	2012	3	13	73	0.142	0.172	0.1515	0.182
0253701012	2012	3	14	74	0.1455	0.171	0.1495	0.181
0253701012	2012	3	15	75	0.149	0.1695	0.1515	0.185
0253701012	2012	3	16	76	0.15	0.17	0.1545	0.181
0253701012	2012	3	17	77	0.1475	0.175	0.158	0.188
0253701012	2012	3	18	78	0.153	0.178	0.1625	0.2095
0253701012	2012	3	19	79	0.1565	0.177	0.161	0.206
0253701012	2012	3	20	80	0.1615	0.1805	0.164	0.2025
0253701012	2012	3	21	81	0.1635	0.182	0.1645	0.198
0253701012	2012	3	22	82	0.166	0.183	0.1665	0.1995
0253701012	2012	3	23	83	0.1735	0.1855	0.1675	0.1965
0253701012	2012	3	24	84	0.1855	0.1935	0.165	0.2075
0253701012	2012	3	25	85	0.192	0.2035	0.168	0.2235
0253701012	2012	3	26	86	0.2075	0.2195	0.177	0.2375
0253701012	2012	3	27	87	0.2145	0.232	0.1915	0.2405
0253701012	2012	3	28	88	0.209	0.231	0.1885	0.2265
0253701012	2012	3	29	89	0.216	0.234	0.1955	0.23
0253701012	2012	3	30	90	0.2175	0.2335	0.2025	0.2315
0253701012	2012	3	31	91	0.2225	0.244	0.206	0.247
0253701012	2012	4	1	92	0.2225	0.245	0.209	0.254
0253701012	2012	4	2	93	0.2245	0.2435	0.209	0.247
0253701012	2012	4	3	94	0.216	0.2365	0.203	0.2315
0253701012	2012	4	4	95	0.215	0.2375	0.2025	0.2235
0253701012	2012	4	5	96	0.2255	0.2425	0.209	0.2175
0253701012	2012	4	6	97	0.224	0.243	0.207	0.229
0253701012	2012	4	7	98	0.2165	0.2415	0.2025	0.2275
0253701012	2012	4	8	99	0.212	0.2365	0.1995	0.2235
0253701012	2012	4	9	100	0.2145	0.235	0.202	0.219
0253701012	2012	4	10	101	0.217	0.2395	0.202	0.2175
0253701012	2012	4	11	102	0.2265	0.2425	0.209	0.231
0253701012	2012	4	12	103	-9999	-9999	0.2155	0.257
0253701012	2012	4	13	104	0.223	0.248	0.21	0.247
0253701012	2012	4	14	105	0.213	0.242	0.2055	0.2335
0253701012	2012	4	15	106	0.207	0.2375	0.1985	0.224
0253701012	2012	4	16	107	0.212	0.234	0.202	0.223
0253701012	2012	4	17	108	0.2055	0.2305	0.1995	0.2165
0253701012	2012	4	18	109	0.202	0.2305	0.1965	0.2135
0253701012	2012	4	19	110	0.2055	0.2265	0.198	0.211
0253701012	2012	4	20	111	0.2025	0.229	0.1965	0.2105
0253701012	2012	4	21	112	0.211	0.2345	0.2025	0.209
0253701012	2012	4	22	113	0.2165	0.2395	0.207	0.208
0253701012	2012	4	23	114	0.228	0.2445	0.2115	0.228
0253701012	2012	4	24	115	-9999	-9999	-9999	-9999
0253701012	2012	4	25	116	-9999	-9999	0.2165	-9999
0253701012	2012	4	26	117	0.2255	0.2495	0.205	0.256
0253701012	2012	4	27	118	0.218	0.242	0.2085	0.236
0253701012	2012	4	28	119	0.208	0.2395	0.2045	0.224
0253701012	2012	4	29	120	0.2065	0.234	0.2	0.221
0253701012	2012	4	30	121	0.2045	0.225	0.1985	0.2155
0253701012	2012	5	1	122	0.2145	0.233	0.198	0.2145
0253701012	2012	5	2	123	0.208	0.2365	0.198	0.2125
0253701012	2012	5	3	124	0.206	0.234	0.197	0.21
0253701012	2012	5	4	125	0.2045	0.232	0.197	0.2075
0253701012	2012	5	5	126	0.205	0.23	0.194	0.2085
0253701012	2012	5	6	127	0.2025	0.226	0.1965	0.209
0253701012	2012	5	7	128	0.201	0.228	0.194	0.2075
0253701012	2012	5	8	129	0.2045	0.231	0.1925	0.2075
0253701012	2012	5	9	130	0.207	0.232	0.194	0.2075
0253701012	2012	5	10	131	0.2035	0.233	0.1955	0.206
0253701012	2012	5	11	132	0.2005	0.2295	0.193	0.205
0253701012	2012	5	12	133	0.198	0.225	0.191	0.205
0253701012	2012	5	13	134	0.201	0.224	0.1905	0.2025
0253701012	2012	5	14	135	0.1965	0.223	0.1875	0.202
0253701012	2012	5	15	136	0.1955	0.224	0.192	0.2025
0253701012	2012	5	16	137	0.1945	0.225	0.1935	0.204
0253701012	2012	5	17	138	0.1915	0.2235	0.1865	0.201
0253701012	2012	5	18	139	0.192	0.2215	0.187	0.203
0253701012	2012	5	19	140	0.197	0.221	0.188	0.2045
0253701012	2012	5	20	141	0.2195	0.2325	0.191	0.205
0253701012	2012	5	21	142	0.2195	0.242	0.2015	0.2105
0253701012	2012	5	22	143	0.215	0.2415	0.2035	0.211
0253701012	2012	5	23	144	0.2065	0.2365	0.204	0.214
0253701012	2012	5	24	145	0.209	0.2335	0.1985	0.2115
0253701012	2012	5	25	146	0.208	0.2395	0.2015	0.2115
0253701012	2012	5	26	147	0.21	0.2335	0.2	0.213
0253701012	2012	5	27	148	0.218	0.243	0.208	-9999
0253701012	2012	5	28	149	0.2235	0.2445	0.2075	-9999
0253701012	2012	5	29	150	0.223	0.2465	0.21	0.242
0253701012	2012	5	30	151	0.2275	0.2515	0.2105	0.2475
0253701012	2012	5	31	152	0.224	0.2475	0.2095	0.246
0253701012	2012	6	1	153	0.222	0.246	0.2095	0.238
0253701012	2012	6	2	154	0.2175	0.2455	0.205	0.228
0253701012	2012	6	3	155	0.213	0.246	0.209	0.226
0253701012	2012	6	4	156	0.216	0.2435	0.207	0.2225
0253701012	2012	6	5	157	0.209	0.2395	0.2045	0.217
0253701012	2012	6	6	158	0.2055	0.2425	0.2015	0.216
0253701012	2012	6	7	159	0.1985	0.236	0.2	0.2145
0253701012	2012	6	8	160	0.201	0.2325	0.198	0.215
0253701012	2012	6	9	161	0.197	0.236	0.1935	0.2115
0253701012	2012	6	10	162	0.1905	0.228	0.1965	0.2145
0253701012	2012	6	11	163	0.1885	0.227	0.1905	0.2135
0253701012	2012	6	12	164	0.192	0.229	0.1885	0.2075
0253701012	2012	6	13	165	0.1935	0.2255	0.187	0.208
0253701012	2012	6	14	166	0.193	0.228	0.1855	0.21
0253701012	2012	6	15	167	0.188	0.226	0.1865	0.2085
0253701012	2012	6	16	168	0.184	0.2245	0.1865	0.206
0253701012	2012	6	17	169	0.184	0.224	0.1845	0.2055
0253701012	2012	6	18	170	0.1875	0.2225	0.1855	0.205
0253701012	2012	6	19	171	0.1825	0.2205	0.185	0.2035
0253701012	2012	6	20	172	0.1775	0.2175	0.181	0.2035
0253701012	2012	6	21	173	0.1775	0.213	0.1775	0.2035
0253701012	2012	6	22	174	0.1795	0.2155	0.181	0.202
0253701012	2012	6	23	175	0.177	0.213	0.1785	0.2005
0253701012	2012	6	24	176	0.1785	0.2155	0.1815	0.2035
0253701012	2012	6	25	177	0.177	0.2145	0.179	0.2015
0253701012	2012	6	26	178	0.176	0.216	0.18	0.203
0253701012	2012	6	27	179	0.1715	0.213	0.18	0.2015
0253701012	2012	6	28	180	0.1645	0.21	0.178	0.205
0253701012	2012	6	29	181	0.164	0.2085	0.1765	0.203
0253701012	2012	6	30	182	0.162	0.2075	0.1755	0.2035
0253701012	2012	7	1	183	0.1585	0.2055	0.1755	0.201
0253701012	2012	7	2	184	0.1555	0.2005	0.1755	0.2015
0253701012	2012	7	3	185	0.1515	0.198	0.1725	0.1995
0253701012	2012	7	4	186	0.1495	0.1995	0.176	0.205
0253701012	2012	7	5	187	0.147	0.1965	0.171	0.203
0253701012	2012	7	6	188	0.1505	0.194	0.173	0.201
0253701012	2012	7	7	189	0.1435	0.194	0.172	0.1985
0253701012	2012	7	8	190	0.142	0.1925	0.171	0.2
0253701012	2012	7	9	191	0.1415	0.1915	0.1725	0.1985
0253701012	2012	7	10	192	0.138	0.1905	0.17	0.199
0253701012	2012	7	11	193	0.1365	0.1875	0.1675	0.1985
0253701012	2012	7	12	194	0.1315	0.1875	0.167	0.197
0253701012	2012	7	13	195	0.131	0.188	0.1655	0.199
0253701012	2012	7	14	196	0.127	0.183	0.167	0.1995
0253701012	2012	7	15	197	0.1235	0.182	0.166	0.1975
0253701012	2012	7	16	198	0.122	0.1825	0.165	0.1975
0253701012	2012	7	17	199	0.1485	0.201	0.167	0.2165
0253701012	2012	7	18	200	0.1455	0.2	0.168	0.215
0253701012	2012	7	19	201	0.1395	0.1955	0.1695	0.213
0253701012	2012	7	20	202	0.1345	0.196	0.1705	0.2105
0253701012	2012	7	21	203	0.1285	0.193	0.17	0.21
0253701012	2012	7	22	204	0.1265	0.1885	0.1685	0.207
0253701012	2012	7	23	205	0.119	0.189	0.17	0.207
0253701012	2012	7	24	206	0.1175	0.1855	0.1675	0.205
0253701012	2012	7	25	207	0.114	0.181	0.169	0.2065
0253701012	2012	7	26	208	0.1095	0.178	0.167	0.205
0253701012	2012	7	27	209	0.1085	0.178	0.166	0.203
0253701012	2012	7	28	210	0.104	0.174	0.1665	0.202
0253701012	2012	7	29	211	0.1025	0.173	0.164	0.202
0253701012	2012	7	30	212	0.1	0.167	0.1645	0.201
0253701012	2012	7	31	213	0.096	0.1625	0.1655	0.2
0253701012	2012	8	1	214	0.093	0.161	0.1635	0.1975
0253701012	2012	8	2	215	0.091	0.1555	0.163	0.197
0253701012	2012	8	3	216	0.0875	0.1515	0.1615	0.199
0253701012	2012	8	4	217	0.0815	0.148	0.1605	0.1985
0253701012	2012	8	5	218	0.08	0.1435	0.16	0.198
0253701012	2012	8	6	219	0.082	0.141	0.1585	0.198
0253701012	2012	8	7	220	0.0785	0.14	0.1595	0.197
0253701012	2012	8	8	221	0.0805	0.134	0.159	0.197
0253701012	2012	8	9	222	0.076	0.1305	0.1595	0.198
0253701012	2012	8	10	223	0.073	0.127	0.1575	0.195
0253701012	2012	8	11	224	0.135	0.127	0.158	0.197
0253701012	2012	8	12	225	0.119	0.1285	0.1575	0.2015
0253701012	2012	8	13	226	0.1115	0.13	0.1555	0.204
0253701012	2012	8	14	227	0.1005	0.1285	0.1595	0.204
0253701012	2012	8	15	228	0.0935	0.13	0.1575	0.2015
0253701012	2012	8	16	229	0.085	0.1315	0.1575	0.201
0253701012	2012	8	17	230	0.082	0.1315	0.1575	0.2005
0253701012	2012	8	18	231	0.0815	0.129	0.1575	0.2005
0253701012	2012	8	19	232	0.0785	0.128	0.1565	0.1995
0253701012	2012	8	20	233	0.076	0.1255	0.157	0.199
0253701012	2012	8	21	234	0.072	0.1225	0.1545	0.198
0253701012	2012	8	22	235	0.073	0.1225	0.156	0.198
0253701012	2012	8	23	236	0.073	0.1215	0.156	0.1965
0253701012	2012	8	24	237	0.0705	0.121	0.156	0.196
0253701012	2012	8	25	238	0.0675	0.119	0.156	0.1985
0253701012	2012	8	26	239	0.066	0.1155	0.1555	0.1965
0253701012	2012	8	27	240	0.067	0.118	0.1565	0.1965
0253701012	2012	8	28	241	0.067	0.1165	0.154	0.1955
0253701012	2012	8	29	242	0.0665	0.117	0.152	0.195
0253701012	2012	8	30	243	0.0635	0.113	0.153	0.1955
0253701012	2012	8	31	244	0.0635	0.1125	0.151	0.196
0253701012	2012	9	1	245	0.0615	0.108	0.1505	0.1935
0253701012	2012	9	2	246	0.063	0.111	0.1505	0.1965
0253701012	2012	9	3	247	0.062	0.1075	0.148	0.1935
0253701012	2012	9	4	248	0.059	0.105	0.1475	0.193
0253701012	2012	9	5	249	0.057	0.104	0.1445	0.1915
0253701012	2012	9	6	250	0.057	0.102	0.143	0.1905
0253701012	2012	9	7	251	0.054	0.1005	0.1425	0.191
0253701012	2012	9	8	252	0.0525	0.0985	0.144	0.191
0253701012	2012	9	9	253	0.0565	0.1	0.1395	0.189
0253701012	2012	9	10	254	0.055	0.101	0.137	0.1895
0253701012	2012	9	11	255	0.055	0.098	0.1385	0.1875
0253701012	2012	9	12	256	0.0535	0.096	0.1355	0.1875
0253701012	2012	9	13	257	0.0515	0.0915	0.134	0.188
0253701012	2012	9	14	258	0.0535	0.0945	0.135	0.188
0253701012	2012	9	15	259	0.05	0.0935	0.133	0.1855
0253701012	2012	9	16	260	0.055	0.094	0.1305	0.1865
0253701012	2012	9	17	261	0.0505	0.091	0.1295	0.185
0253701012	2012	9	18	262	0.049	0.091	0.1275	0.1835
0253701012	2012	9	19	263	0.051	0.0895	0.1275	0.184
0253701012	2012	9	20	264	0.048	0.0885	0.127	0.184
0253701012	2012	9	21	265	0.0475	0.0915	0.1245	0.1835
0253701012	2012	9	22	266	0.05	0.0905	0.125	0.183
0253701012	2012	9	23	267	0.0495	0.09	0.1235	0.181
0253701012	2012	9	24	268	0.0475	0.0925	0.125	0.178
0253701012	2012	9	25	269	0.0485	0.0895	0.124	0.1805
0253701012	2012	9	26	270	0.045	0.087	0.123	0.179
0253701012	2012	9	27	271	0.048	0.0845	0.119	0.1775
0253701012	2012	9	28	272	0.0475	0.085	0.1205	0.179
0253701012	2012	9	29	273	0.0475	0.0855	0.1185	0.179
0253701012	2012	9	30	274	0.0475	0.0875	0.1205	0.176
0253701012	2012	10	1	275	0.045	0.085	0.121	0.1755
0253701012	2012	10	2	276	0.047	0.0845	0.1165	0.1755
0253701012	2012	10	3	277	0.0475	0.0835	0.115	0.175
0253701012	2012	10	4	278	0.04	0.083	0.1145	0.1745
0253701012	2012	10	5	279	0.0405	0.0825	0.1145	0.172
0253701012	2012	10	6	280	0.041	0.079	0.111	0.172
0253701012	2012	10	7	281	0.0405	0.08	0.113	0.1695
0253701012	2012	10	8	282	0.041	0.0815	0.112	0.1695
0253701012	2012	10	9	283	0.04	0.079	0.111	0.1695
0253701012	2012	10	10	284	0.039	0.08	0.1095	0.169
0253701012	2012	10	11	285	0.0515	0.089	0.1075	0.166
0253701012	2012	10	12	286	0.1145	0.099	0.108	0.168
0253701012	2012	10	13	287	0.1115	0.1045	0.1105	0.1685
0253701012	2012	10	14	288	0.107	0.1055	0.113	0.17
0253701012	2012	10	15	289	0.101	0.108	0.1145	0.1695
0253701012	2012	10	16	290	0.1	0.1085	0.112	0.17
0253701012	2012	10	17	291	0.094	0.1085	0.111	0.171
0253701012	2012	10	18	292	0.095	0.1055	0.112	0.1695
0253701012	2012	10	19	293	0.0925	0.107	0.114	0.1715
0253701012	2012	10	20	294	0.0945	0.1085	0.1135	0.171
0253701012	2012	10	21	295	0.0925	0.1095	0.1135	0.1705
0253701012	2012	10	22	296	0.0935	0.1095	0.1155	0.1695
0253701012	2012	10	23	297	0.0955	0.111	0.1155	0.17
0253701012	2012	10	24	298	0.106	0.1105	0.114	0.1695
0253701012	2012	10	25	299	0.103	0.1105	0.116	0.1685
0253701012	2012	10	26	300	0.1015	0.113	0.116	0.169
0253701012	2012	10	27	301	0.102	0.1145	0.1145	0.1685
0253701012	2012	10	28	302	0.096	0.118	0.112	0.1685
0253701012	2012	10	29	303	0.0965	0.1165	0.113	0.1685
0253701012	2012	10	30	304	0.094	0.118	0.1155	0.168
0253701012	2012	10	31	305	0.0975	0.118	0.116	0.1675
0253701012	2012	11	1	306	0.107	0.123	0.1165	0.1675
0253701012	2012	11	2	307	0.11	0.1225	0.1145	0.1665
0253701012	2012	11	3	308	0.1065	0.123	0.1155	0.1685
0253701012	2012	11	4	309	0.107	0.123	0.114	0.167
0253701012	2012	11	5	310	0.105	0.125	0.115	0.1655
0253701012	2012	11	6	311	0.1065	0.126	0.1155	0.1675
0253701012	2012	11	7	312	0.1055	0.126	0.116	0.1665
0253701012	2012	11	8	313	0.106	0.128	0.1135	0.166
0253701012	2012	11	9	314	0.104	0.1285	0.1165	0.167
0253701012	2012	11	10	315	0.102	0.1285	0.1165	0.167
0253701012	2012	11	11	316	0.1015	0.128	0.115	0.166
0253701012	2012	11	12	317	0.103	0.128	0.116	0.163
0253701012	2012	11	13	318	0.102	0.129	0.115	0.163
0253701012	2012	11	14	319	0.1005	0.1285	0.1145	0.164
0253701012	2012	11	15	320	0.099	0.128	0.1165	0.1635
0253701012	2012	11	16	321	0.0965	0.1285	0.1155	0.165
0253701012	2012	11	17	322	0.096	0.1305	0.117	0.1645
0253701012	2012	11	18	323	0.0935	0.129	0.1155	0.163
0253701012	2012	11	19	324	0.0945	0.129	0.1145	0.1635
0253701012	2012	11	20	325	0.0935	0.129	0.114	0.163
0253701012	2012	11	21	326	0.0925	0.127	0.116	0.1635
0253701012	2012	11	22	327	0.092	0.1305	0.116	0.1635
0253701012	2012	11	23	328	0.094	0.1265	0.1155	0.1615
0253701012	2012	11	24	329	0.092	0.129	0.116	0.1635
0253701012	2012	11	25	330	0.0925	0.128	0.1155	0.1645
0253701012	2012	11	26	331	0.092	0.129	0.1175	0.1635
0253701012	2012	11	27	332	0.09075	0.12825	0.11625	0.1625
0253701012	2012	11	28	333	0.08975	0.12825	0.11575	0.1625
0253701012	2012	11	29	334	0.0885	0.128	0.1155	0.1625
0253701012	2012	11	30	335	0.0905	0.1275	0.1145	0.1635
0253701012	2012	12	1	336	0.09	0.1285	0.1135	0.1645
0253701012	2012	12	2	337	0.0905	0.1275	0.117	0.1615
0253701012	2012	12	3	338	0.088	0.1265	0.1165	0.1625
0253701012	2012	12	4	339	0.0885	0.128	0.1155	0.163
0253701012	2012	12	5	340	0.087	0.1275	0.1165	0.1615
0253701012	2012	12	6	341	0.088	0.1265	0.1165	0.1625
0253701012	2012	12	7	342	0.087	0.13	0.1135	0.1615
0253701012	2012	12	8	343	0.087	0.1295	0.116	0.1615
0253701012	2012	12	9	344	0.0865	0.127	0.1135	0.163
0253701012	2012	12	10	345	0.0865	0.1265	0.1145	0.161
0253701012	2012	12	11	346	0.085	0.127	0.1155	0.162
0253701012	2012	12	12	347	0.0775	0.125	0.1155	0.162
0253701012	2012	12	13	348	0.075	0.125	0.115	0.162
0253701012	2012	12	14	349	0.075	0.124	0.116	0.1625
0253701012	2012	12	15	350	0.0725	0.1255	0.115	0.1605
0253701012	2012	12	16	351	0.067	0.1255	0.116	0.1605
0253701012	2012	12	17	352	0.065	0.1235	0.1155	0.161
0253701012	2012	12	18	353	0.062	0.1235	0.115	0.16
0253701012	2012	12	19	354	0.0565	0.12	0.115	0.1605
0253701012	2012	12	20	355	0.049	0.12	0.1145	0.161
0253701012	2012	12	21	356	0.047	0.116	0.115	0.161
0253701012	2012	12	22	357	0.0475	0.111	0.1145	0.1605
0253701012	2012	12	23	358	0.0495	0.106	0.1135	0.1615
0253701012	2012	12	24	359	0.048	0.105	0.1145	0.1605
0253701012	2012	12	25	360	-9999	-9999	-9999	-9999
0253701012	2012	12	26	361	-9999	-9999	-9999	-9999
0253701012	2012	12	27	362	-9999	-9999	-9999	-9999
0253701012	2012	12	28	363	-9999	-9999	-9999	-9999
0253701012	2012	12	29	364	-9999	-9999	-9999	-9999
0253701012	2012	12	30	365	-9999	-9999	-9999	-9999
0253701012	2012	12	31	366	-9999	-9999	-9999	-9999
