stationID	Y	M	D	DOY	depth_5	depth_20	depth_51
0253371112	2011	1	1	1	-9999	-9999	-9999
0253371112	2011	1	2	2	-9999	-9999	-9999
0253371112	2011	1	3	3	-9999	-9999	-9999
0253371112	2011	1	4	4	-9999	-9999	-9999
0253371112	2011	1	5	5	-9999	-9999	-9999
0253371112	2011	1	6	6	-9999	-9999	-9999
0253371112	2011	1	7	7	-9999	-9999	-9999
0253371112	2011	1	8	8	-9999	-9999	-9999
0253371112	2011	1	9	9	-9999	-9999	-9999
0253371112	2011	1	10	10	-9999	-9999	-9999
0253371112	2011	1	11	11	-9999	-9999	-9999
0253371112	2011	1	12	12	-9999	-9999	-9999
0253371112	2011	1	13	13	-9999	-9999	-9999
0253371112	2011	1	14	14	-9999	-9999	-9999
0253371112	2011	1	15	15	-9999	-9999	-9999
0253371112	2011	1	16	16	-9999	-9999	-9999
0253371112	2011	1	17	17	-9999	-9999	-9999
0253371112	2011	1	18	18	-9999	-9999	-9999
0253371112	2011	1	19	19	-9999	-9999	-9999
0253371112	2011	1	20	20	-9999	-9999	-9999
0253371112	2011	1	21	21	-9999	-9999	-9999
0253371112	2011	1	22	22	-9999	-9999	-9999
0253371112	2011	1	23	23	-9999	-9999	-9999
0253371112	2011	1	24	24	-9999	-9999	-9999
0253371112	2011	1	25	25	-9999	-9999	-9999
0253371112	2011	1	26	26	-9999	-9999	-9999
0253371112	2011	1	27	27	-9999	-9999	-9999
0253371112	2011	1	28	28	-9999	-9999	-9999
0253371112	2011	1	29	29	-9999	-9999	-9999
0253371112	2011	1	30	30	-9999	-9999	-9999
0253371112	2011	1	31	31	-9999	-9999	-9999
0253371112	2011	2	1	32	-9999	-9999	-9999
0253371112	2011	2	2	33	-9999	-9999	-9999
0253371112	2011	2	3	34	-9999	-9999	-9999
0253371112	2011	2	4	35	-9999	-9999	-9999
0253371112	2011	2	5	36	-9999	-9999	-9999
0253371112	2011	2	6	37	-9999	-9999	-9999
0253371112	2011	2	7	38	-9999	-9999	-9999
0253371112	2011	2	8	39	-9999	-9999	-9999
0253371112	2011	2	9	40	-9999	-9999	-9999
0253371112	2011	2	10	41	-9999	-9999	-9999
0253371112	2011	2	11	42	-9999	-9999	-9999
0253371112	2011	2	12	43	-9999	-9999	-9999
0253371112	2011	2	13	44	-9999	-9999	-9999
0253371112	2011	2	14	45	-9999	-9999	-9999
0253371112	2011	2	15	46	-9999	-9999	-9999
0253371112	2011	2	16	47	-9999	-9999	-9999
0253371112	2011	2	17	48	-9999	-9999	-9999
0253371112	2011	2	18	49	-9999	-9999	-9999
0253371112	2011	2	19	50	-9999	-9999	-9999
0253371112	2011	2	20	51	-9999	-9999	-9999
0253371112	2011	2	21	52	-9999	-9999	-9999
0253371112	2011	2	22	53	-9999	-9999	-9999
0253371112	2011	2	23	54	-9999	-9999	-9999
0253371112	2011	2	24	55	-9999	-9999	-9999
0253371112	2011	2	25	56	-9999	-9999	-9999
0253371112	2011	2	26	57	-9999	-9999	-9999
0253371112	2011	2	27	58	-9999	-9999	-9999
0253371112	2011	2	28	59	-9999	-9999	-9999
0253371112	2011	3	1	60	-9999	-9999	-9999
0253371112	2011	3	2	61	-9999	-9999	-9999
0253371112	2011	3	3	62	-9999	-9999	-9999
0253371112	2011	3	4	63	-9999	-9999	-9999
0253371112	2011	3	5	64	-9999	-9999	-9999
0253371112	2011	3	6	65	-9999	-9999	-9999
0253371112	2011	3	7	66	-9999	-9999	-9999
0253371112	2011	3	8	67	-9999	-9999	-9999
0253371112	2011	3	9	68	-9999	-9999	-9999
0253371112	2011	3	10	69	-9999	-9999	-9999
0253371112	2011	3	11	70	-9999	-9999	-9999
0253371112	2011	3	12	71	-9999	-9999	-9999
0253371112	2011	3	13	72	-9999	-9999	-9999
0253371112	2011	3	14	73	-9999	-9999	-9999
0253371112	2011	3	15	74	-9999	-9999	-9999
0253371112	2011	3	16	75	-9999	-9999	-9999
0253371112	2011	3	17	76	-9999	-9999	-9999
0253371112	2011	3	18	77	-9999	-9999	-9999
0253371112	2011	3	19	78	-9999	-9999	-9999
0253371112	2011	3	20	79	-9999	-9999	-9999
0253371112	2011	3	21	80	-9999	-9999	-9999
0253371112	2011	3	22	81	-9999	-9999	-9999
0253371112	2011	3	23	82	-9999	-9999	-9999
0253371112	2011	3	24	83	-9999	-9999	-9999
0253371112	2011	3	25	84	-9999	-9999	-9999
0253371112	2011	3	26	85	-9999	-9999	-9999
0253371112	2011	3	27	86	-9999	-9999	-9999
0253371112	2011	3	28	87	-9999	-9999	-9999
0253371112	2011	3	29	88	-9999	-9999	-9999
0253371112	2011	3	30	89	-9999	-9999	-9999
0253371112	2011	3	31	90	-9999	-9999	-9999
0253371112	2011	4	1	91	-9999	-9999	-9999
0253371112	2011	4	2	92	-9999	-9999	-9999
0253371112	2011	4	3	93	-9999	-9999	-9999
0253371112	2011	4	4	94	-9999	-9999	-9999
0253371112	2011	4	5	95	-9999	-9999	-9999
0253371112	2011	4	6	96	-9999	-9999	-9999
0253371112	2011	4	7	97	-9999	-9999	-9999
0253371112	2011	4	8	98	-9999	-9999	-9999
0253371112	2011	4	9	99	-9999	-9999	-9999
0253371112	2011	4	10	100	-9999	-9999	-9999
0253371112	2011	4	11	101	-9999	-9999	-9999
0253371112	2011	4	12	102	-9999	-9999	-9999
0253371112	2011	4	13	103	-9999	-9999	-9999
0253371112	2011	4	14	104	-9999	-9999	-9999
0253371112	2011	4	15	105	-9999	-9999	-9999
0253371112	2011	4	16	106	-9999	-9999	-9999
0253371112	2011	4	17	107	-9999	-9999	-9999
0253371112	2011	4	18	108	-9999	-9999	-9999
0253371112	2011	4	19	109	-9999	-9999	-9999
0253371112	2011	4	20	110	-9999	-9999	-9999
0253371112	2011	4	21	111	-9999	-9999	-9999
0253371112	2011	4	22	112	-9999	-9999	-9999
0253371112	2011	4	23	113	-9999	-9999	-9999
0253371112	2011	4	24	114	-9999	-9999	-9999
0253371112	2011	4	25	115	-9999	-9999	-9999
0253371112	2011	4	26	116	-9999	-9999	-9999
0253371112	2011	4	27	117	-9999	-9999	-9999
0253371112	2011	4	28	118	-9999	-9999	-9999
0253371112	2011	4	29	119	-9999	-9999	-9999
0253371112	2011	4	30	120	-9999	-9999	-9999
0253371112	2011	5	1	121	-9999	-9999	-9999
0253371112	2011	5	2	122	-9999	-9999	-9999
0253371112	2011	5	3	123	-9999	-9999	-9999
0253371112	2011	5	4	124	-9999	-9999	-9999
0253371112	2011	5	5	125	-9999	-9999	-9999
0253371112	2011	5	6	126	-9999	-9999	-9999
0253371112	2011	5	7	127	-9999	-9999	-9999
0253371112	2011	5	8	128	-9999	-9999	-9999
0253371112	2011	5	9	129	-9999	-9999	-9999
0253371112	2011	5	10	130	-9999	-9999	-9999
0253371112	2011	5	11	131	-9999	-9999	-9999
0253371112	2011	5	12	132	-9999	-9999	-9999
0253371112	2011	5	13	133	-9999	-9999	-9999
0253371112	2011	5	14	134	-9999	-9999	-9999
0253371112	2011	5	15	135	-9999	-9999	-9999
0253371112	2011	5	16	136	-9999	-9999	-9999
0253371112	2011	5	17	137	-9999	-9999	-9999
0253371112	2011	5	18	138	-9999	-9999	-9999
0253371112	2011	5	19	139	-9999	-9999	-9999
0253371112	2011	5	20	140	-9999	-9999	-9999
0253371112	2011	5	21	141	-9999	-9999	-9999
0253371112	2011	5	22	142	-9999	-9999	-9999
0253371112	2011	5	23	143	-9999	-9999	-9999
0253371112	2011	5	24	144	-9999	-9999	-9999
0253371112	2011	5	25	145	-9999	-9999	-9999
0253371112	2011	5	26	146	-9999	-9999	-9999
0253371112	2011	5	27	147	-9999	-9999	-9999
0253371112	2011	5	28	148	-9999	-9999	-9999
0253371112	2011	5	29	149	-9999	-9999	-9999
0253371112	2011	5	30	150	-9999	-9999	-9999
0253371112	2011	5	31	151	-9999	-9999	-9999
0253371112	2011	6	1	152	-9999	-9999	-9999
0253371112	2011	6	2	153	-9999	-9999	-9999
0253371112	2011	6	3	154	-9999	-9999	-9999
0253371112	2011	6	4	155	-9999	-9999	-9999
0253371112	2011	6	5	156	-9999	-9999	-9999
0253371112	2011	6	6	157	-9999	-9999	-9999
0253371112	2011	6	7	158	-9999	-9999	-9999
0253371112	2011	6	8	159	-9999	-9999	-9999
0253371112	2011	6	9	160	-9999	-9999	-9999
0253371112	2011	6	10	161	-9999	-9999	-9999
0253371112	2011	6	11	162	-9999	-9999	-9999
0253371112	2011	6	12	163	-9999	-9999	-9999
0253371112	2011	6	13	164	-9999	-9999	-9999
0253371112	2011	6	14	165	-9999	-9999	-9999
0253371112	2011	6	15	166	-9999	-9999	-9999
0253371112	2011	6	16	167	-9999	-9999	-9999
0253371112	2011	6	17	168	-9999	-9999	-9999
0253371112	2011	6	18	169	-9999	-9999	-9999
0253371112	2011	6	19	170	-9999	-9999	-9999
0253371112	2011	6	20	171	-9999	-9999	-9999
0253371112	2011	6	21	172	-9999	-9999	-9999
0253371112	2011	6	22	173	-9999	-9999	-9999
0253371112	2011	6	23	174	-9999	-9999	-9999
0253371112	2011	6	24	175	-9999	-9999	-9999
0253371112	2011	6	25	176	-9999	-9999	-9999
0253371112	2011	6	26	177	-9999	-9999	-9999
0253371112	2011	6	27	178	-9999	-9999	-9999
0253371112	2011	6	28	179	-9999	-9999	-9999
0253371112	2011	6	29	180	-9999	-9999	-9999
0253371112	2011	6	30	181	-9999	-9999	-9999
0253371112	2011	7	1	182	-9999	-9999	-9999
0253371112	2011	7	2	183	-9999	-9999	-9999
0253371112	2011	7	3	184	-9999	-9999	-9999
0253371112	2011	7	4	185	-9999	-9999	-9999
0253371112	2011	7	5	186	-9999	-9999	-9999
0253371112	2011	7	6	187	-9999	-9999	-9999
0253371112	2011	7	7	188	-9999	-9999	-9999
0253371112	2011	7	8	189	-9999	-9999	-9999
0253371112	2011	7	9	190	-9999	-9999	-9999
0253371112	2011	7	10	191	-9999	-9999	-9999
0253371112	2011	7	11	192	-9999	-9999	-9999
0253371112	2011	7	12	193	-9999	-9999	-9999
0253371112	2011	7	13	194	-9999	-9999	-9999
0253371112	2011	7	14	195	-9999	-9999	-9999
0253371112	2011	7	15	196	-9999	-9999	-9999
0253371112	2011	7	16	197	-9999	-9999	-9999
0253371112	2011	7	17	198	-9999	-9999	-9999
0253371112	2011	7	18	199	-9999	-9999	-9999
0253371112	2011	7	19	200	-9999	-9999	-9999
0253371112	2011	7	20	201	-9999	-9999	-9999
0253371112	2011	7	21	202	-9999	-9999	-9999
0253371112	2011	7	22	203	-9999	-9999	-9999
0253371112	2011	7	23	204	-9999	-9999	-9999
0253371112	2011	7	24	205	-9999	-9999	-9999
0253371112	2011	7	25	206	-9999	-9999	-9999
0253371112	2011	7	26	207	-9999	-9999	-9999
0253371112	2011	7	27	208	-9999	-9999	-9999
0253371112	2011	7	28	209	-9999	-9999	-9999
0253371112	2011	7	29	210	-9999	-9999	-9999
0253371112	2011	7	30	211	-9999	-9999	-9999
0253371112	2011	7	31	212	-9999	-9999	-9999
0253371112	2011	8	1	213	-9999	-9999	-9999
0253371112	2011	8	2	214	-9999	-9999	-9999
0253371112	2011	8	3	215	-9999	-9999	-9999
0253371112	2011	8	4	216	-9999	-9999	-9999
0253371112	2011	8	5	217	-9999	-9999	-9999
0253371112	2011	8	6	218	-9999	-9999	-9999
0253371112	2011	8	7	219	-9999	-9999	-9999
0253371112	2011	8	8	220	-9999	-9999	-9999
0253371112	2011	8	9	221	-9999	-9999	-9999
0253371112	2011	8	10	222	-9999	-9999	-9999
0253371112	2011	8	11	223	-9999	-9999	-9999
0253371112	2011	8	12	224	-9999	-9999	-9999
0253371112	2011	8	13	225	-9999	-9999	-9999
0253371112	2011	8	14	226	-9999	-9999	-9999
0253371112	2011	8	15	227	-9999	-9999	-9999
0253371112	2011	8	16	228	-9999	-9999	-9999
0253371112	2011	8	17	229	-9999	-9999	-9999
0253371112	2011	8	18	230	-9999	-9999	-9999
0253371112	2011	8	19	231	-9999	-9999	-9999
0253371112	2011	8	20	232	-9999	-9999	-9999
0253371112	2011	8	21	233	-9999	-9999	-9999
0253371112	2011	8	22	234	-9999	-9999	-9999
0253371112	2011	8	23	235	-9999	0.2585	0.3645
0253371112	2011	8	24	236	-9999	0.2452916667	0.355875
0253371112	2011	8	25	237	-9999	0.2361666667	0.3485833333
0253371112	2011	8	26	238	-9999	0.2315	0.3435416667
0253371112	2011	8	27	239	-9999	0.2284166667	0.340125
0253371112	2011	8	28	240	0.02292307692	0.2255416667	0.3360416667
0253371112	2011	8	29	241	0.02718181818	0.2292083333	0.3339166667
0253371112	2011	8	30	242	-9999	0.2295416667	0.3339583333
0253371112	2011	8	31	243	-9999	0.226875	0.3338333333
0253371112	2011	9	1	244	0.02346153846	0.2247916667	0.332875
0253371112	2011	9	2	245	-9999	0.2245416667	0.331625
0253371112	2011	9	3	246	-9999	0.2227916667	0.33075
0253371112	2011	9	4	247	-9999	0.2223333333	0.33
0253371112	2011	9	5	248	-9999	0.2200416667	0.3294583333
0253371112	2011	9	6	249	-9999	0.2178333333	0.3284583333
0253371112	2011	9	7	250	-9999	0.2155416667	0.32575
0253371112	2011	9	8	251	-9999	0.2155833333	0.3254583333
0253371112	2011	9	9	252	-9999	0.2149166667	0.324625
0253371112	2011	9	10	253	-9999	0.2115	0.3227916667
0253371112	2011	9	11	254	-9999	0.2102916667	0.3206666667
0253371112	2011	9	12	255	0.07	0.2620416667	0.33875
0253371112	2011	9	13	256	0.05	0.2456666667	0.335
0253371112	2011	9	14	257	0.2084615385	0.238375	0.329
0253371112	2011	9	15	258	0.1444545455	0.2568333333	0.3359583333
0253371112	2011	9	16	259	0.08315384615	0.25	0.3349583333
0253371112	2011	9	17	260	0.09909090909	0.2497083333	0.3347083333
0253371112	2011	9	18	261	0.07206666667	0.2496666667	0.333625
0253371112	2011	9	19	262	0.09622222222	0.2456666667	0.3345416667
0253371112	2011	9	20	263	0.1626	0.242625	0.3323333333
0253371112	2011	9	21	264	0.0987	0.239625	0.3312916667
0253371112	2011	9	22	265	0.042375	0.2360416667	0.3313333333
0253371112	2011	9	23	266	0.03942857143	0.234125	0.330625
0253371112	2011	9	24	267	0.03475	0.23225	0.3287916667
0253371112	2011	9	25	268	0.02555555556	0.231125	0.3299583333
0253371112	2011	9	26	269	0.01257142857	0.228125	0.32825
0253371112	2011	9	27	270	0.002875	0.227	0.3271666667
0253371112	2011	9	28	271	0.02775	0.2236666667	0.3242083333
0253371112	2011	9	29	272	0.002615384615	0.2235	0.324875
0253371112	2011	9	30	273	0.0006	0.222375	0.3239583333
0253371112	2011	10	1	274	-9999	0.2207083333	0.3250416667
0253371112	2011	10	2	275	0.05083333333	0.2197916667	0.3218333333
0253371112	2011	10	3	276	0.0908	0.21675	0.3210833333
0253371112	2011	10	4	277	0.1495	0.2150833333	0.3197083333
0253371112	2011	10	5	278	-9999	0.212875	0.318375
0253371112	2011	10	6	279	-9999	0.2102916667	0.3151666667
0253371112	2011	10	7	280	-9999	0.207875	0.3145
0253371112	2011	10	8	281	-9999	0.2070416667	0.31275
0253371112	2011	10	9	282	-9999	0.2069583333	0.3102916667
0253371112	2011	10	10	283	0.0125	0.20825	0.3097916667
0253371112	2011	10	11	284	0.03972727273	0.2299166667	0.3099583333
0253371112	2011	10	12	285	0.098	0.2682083333	0.33475
0253371112	2011	10	13	286	0.08946153846	0.264375	0.3367916667
0253371112	2011	10	14	287	0.0825	0.2685416667	0.3482916667
0253371112	2011	10	15	288	0.11075	0.2618333333	0.34575
0253371112	2011	10	16	289	0.08525	0.2516666667	0.3375
0253371112	2011	10	17	290	0.08330769231	0.2458333333	0.333625
0253371112	2011	10	18	291	0.1246	0.2422083333	0.3324583333
0253371112	2011	10	19	292	0.1569583333	0.2373333333	0.3315
0253371112	2011	10	20	293	0.1530416667	0.2351666667	0.3297083333
0253371112	2011	10	21	294	0.1505	0.233375	0.3274583333
0253371112	2011	10	22	295	0.1494583333	0.231125	0.3259583333
0253371112	2011	10	23	296	0.1464166667	0.2303333333	0.325
0253371112	2011	10	24	297	0.1462916667	0.2281666667	0.3255416667
0253371112	2011	10	25	298	0.1443333333	0.2275416667	0.325
0253371112	2011	10	26	299	0.14425	0.2269583333	0.3243333333
0253371112	2011	10	27	300	0.153125	0.22575	0.3242916667
0253371112	2011	10	28	301	0.153375	0.2244166667	0.323375
0253371112	2011	10	29	302	0.1457916667	0.2229583333	0.321625
0253371112	2011	10	30	303	0.1497916667	0.2225416667	0.3199583333
0253371112	2011	10	31	304	0.1656666667	0.221375	0.3194166667
0253371112	2011	11	1	305	0.1636666667	0.22075	0.3179166667
0253371112	2011	11	2	306	0.1595	0.2203333333	0.318375
0253371112	2011	11	3	307	0.14025	0.21975	0.3175416667
0253371112	2011	11	4	308	0.08520833333	0.218625	0.3168333333
0253371112	2011	11	5	309	0.05517391304	0.2183478261	0.3169130435
0253371112	2011	11	6	310	0.04995833333	0.2169583333	0.3159166667
0253371112	2011	11	7	311	0.05125	0.215625	0.3156666667
0253371112	2011	11	8	312	0.05491666667	0.2153333333	0.31525
0253371112	2011	11	9	313	0.058125	0.213875	0.3140416667
0253371112	2011	11	10	314	0.05766666667	0.2127083333	0.3135
0253371112	2011	11	11	315	0.05825	0.2122916667	0.3129166667
0253371112	2011	11	12	316	0.06154166667	0.212125	0.3125416667
0253371112	2011	11	13	317	0.064125	0.21125	0.3118333333
0253371112	2011	11	14	318	0.06508333333	0.2109583333	0.3117916667
0253371112	2011	11	15	319	0.06308333333	0.210625	0.31075
0253371112	2011	11	16	320	0.061125	0.2096666667	0.3108333333
0253371112	2011	11	17	321	0.05734782609	0.2085652174	0.3102173913
0253371112	2011	11	18	322	0.05604166667	0.2084166667	0.3097916667
0253371112	2011	11	19	323	0.05683333333	0.208	0.3093333333
0253371112	2011	11	20	324	0.05758333333	0.2072083333	0.308875
0253371112	2011	11	21	325	0.05941666667	0.2069583333	0.308375
0253371112	2011	11	22	326	0.06333333333	0.205625	0.3080833333
0253371112	2011	11	23	327	0.06295833333	0.2059166667	0.30775
0253371112	2011	11	24	328	0.0635	0.20525	0.307625
0253371112	2011	11	25	329	0.06317391304	0.2045217391	0.307
0253371112	2011	11	26	330	0.06070833333	0.204375	0.3068333333
0253371112	2011	11	27	331	0.060375	0.2039583333	0.306125
0253371112	2011	11	28	332	0.061	0.2029583333	0.3060833333
0253371112	2011	11	29	333	0.06233333333	0.2034583333	0.3062083333
0253371112	2011	11	30	334	0.05945833333	0.2020416667	0.305375
0253371112	2011	12	1	335	0.05841666667	0.2026666667	0.3047916667
0253371112	2011	12	2	336	0.0585	0.2015416667	0.3055
0253371112	2011	12	3	337	0.06116666667	0.201375	0.305125
0253371112	2011	12	4	338	0.061875	0.2008333333	0.30525
0253371112	2011	12	5	339	0.06204166667	0.2002916667	0.30475
0253371112	2011	12	6	340	0.06291666667	0.200375	0.3040416667
0253371112	2011	12	7	341	0.06183333333	0.1999583333	0.3038333333
0253371112	2011	12	8	342	0.06191666667	0.1987916667	0.3026666667
0253371112	2011	12	9	343	0.06254166667	0.1991666667	0.303
0253371112	2011	12	10	344	0.06158333333	0.1978333333	0.3019583333
0253371112	2011	12	11	345	0.06075	0.1977916667	0.3010416667
0253371112	2011	12	12	346	0.05991666667	0.1975416667	0.3004583333
0253371112	2011	12	13	347	0.0605	0.1973333333	0.30075
0253371112	2011	12	14	348	0.0615	0.1966666667	0.3008333333
0253371112	2011	12	15	349	0.06195833333	0.1965833333	0.3005
0253371112	2011	12	16	350	0.06104166667	0.1954583333	0.3002916667
0253371112	2011	12	17	351	0.06033333333	0.19475	0.29975
0253371112	2011	12	18	352	0.05979166667	0.1947083333	0.2989583333
0253371112	2011	12	19	353	0.06195833333	0.1943333333	0.2992083333
0253371112	2011	12	20	354	0.06408333333	0.194125	0.2984166667
0253371112	2011	12	21	355	0.06216666667	0.193375	0.299
0253371112	2011	12	22	356	0.061625	0.1938333333	0.2985833333
0253371112	2011	12	23	357	0.05970833333	0.19325	0.2982916667
0253371112	2011	12	24	358	0.05945833333	0.193125	0.2980416667
0253371112	2011	12	25	359	0.05875	0.1915416667	0.2971666667
0253371112	2011	12	26	360	0.05834782609	0.1909130435	0.297
0253371112	2011	12	27	361	0.058375	0.1909583333	0.2955833333
0253371112	2011	12	28	362	0.05820833333	0.18975	0.295375
0253371112	2011	12	29	363	0.058625	0.189875	0.294875
0253371112	2011	12	30	364	0.05995833333	0.1891666667	0.2942916667
0253371112	2011	12	31	365	0.06108333333	0.18875	0.293625
0253371112	2012	1	1	1	0.05979166667	0.18875	0.294625
0253371112	2012	1	2	2	0.05956521739	0.1883043478	0.2925217391
0253371112	2012	1	3	3	0.05970833333	0.1880416667	0.292
0253371112	2012	1	4	4	0.05970833333	0.1867083333	0.2926666667
0253371112	2012	1	5	5	0.059375	0.1874166667	0.291875
0253371112	2012	1	6	6	0.059125	0.1864166667	0.2915
0253371112	2012	1	7	7	0.05866666667	0.1859583333	0.2911666667
0253371112	2012	1	8	8	0.05808333333	0.1855833333	0.2917083333
0253371112	2012	1	9	9	0.05825	0.1853333333	0.2916666667
0253371112	2012	1	10	10	0.05791666667	0.183875	0.2909583333
0253371112	2012	1	11	11	0.05875	0.1829166667	0.2894166667
0253371112	2012	1	12	12	0.05804166667	0.1835416667	0.29
0253371112	2012	1	13	13	0.05679166667	0.1825833333	0.2884166667
0253371112	2012	1	14	14	0.05604166667	0.1821666667	0.288125
0253371112	2012	1	15	15	0.05616666667	0.1815	0.288
0253371112	2012	1	16	16	0.05554166667	0.180625	0.2872083333
0253371112	2012	1	17	17	0.05575	0.17975	0.2863333333
0253371112	2012	1	18	18	0.055625	0.1795833333	0.285
0253371112	2012	1	19	19	0.054875	0.178375	0.28425
0253371112	2012	1	20	20	0.05520833333	0.1780416667	0.2859583333
0253371112	2012	1	21	21	0.05583333333	0.1772083333	0.284125
0253371112	2012	1	22	22	0.05683333333	0.1767916667	0.28425
0253371112	2012	1	23	23	0.05895833333	0.1755	0.283375
0253371112	2012	1	24	24	0.05820833333	0.175625	0.2821666667
0253371112	2012	1	25	25	0.058125	0.17525	0.2823333333
0253371112	2012	1	26	26	0.05958333333	0.1745416667	0.2830833333
0253371112	2012	1	27	27	0.05895833333	0.173875	0.2802916667
0253371112	2012	1	28	28	0.05929166667	0.1744166667	0.2807916667
0253371112	2012	1	29	29	0.06083333333	0.1740416667	0.281
0253371112	2012	1	30	30	0.06108333333	0.1742083333	0.2809583333
0253371112	2012	1	31	31	0.06016666667	0.1730833333	0.28025
0253371112	2012	2	1	32	0.05933333333	0.1726666667	0.2797083333
0253371112	2012	2	2	33	0.05983333333	0.1730833333	0.27875
0253371112	2012	2	3	34	0.06120833333	0.1735416667	0.2810416667
0253371112	2012	2	4	35	0.058875	0.1734583333	0.2785
0253371112	2012	2	5	36	0.059375	0.1737083333	0.277
0253371112	2012	2	6	37	0.06079166667	0.172375	0.2777083333
0253371112	2012	2	7	38	0.05991666667	0.1729583333	0.277
0253371112	2012	2	8	39	0.0595	0.1725416667	0.2765
0253371112	2012	2	9	40	0.05995833333	0.1718333333	0.2754583333
0253371112	2012	2	10	41	0.06125	0.1724583333	0.277
0253371112	2012	2	11	42	0.061	0.1719166667	0.276
0253371112	2012	2	12	43	0.064	0.1717083333	0.2777083333
0253371112	2012	2	13	44	0.06283333333	0.1714166667	0.2757083333
0253371112	2012	2	14	45	0.0615	0.171125	0.2742916667
0253371112	2012	2	15	46	0.06341666667	0.17125	0.2760833333
0253371112	2012	2	16	47	0.06370833333	0.172125	0.2754583333
0253371112	2012	2	17	48	0.06408333333	0.171875	0.2747083333
0253371112	2012	2	18	49	0.066625	0.172	0.2755416667
0253371112	2012	2	19	50	0.06429166667	0.1715	0.2745
0253371112	2012	2	20	51	0.063625	0.171625	0.2753333333
0253371112	2012	2	21	52	0.06533333333	0.1717083333	0.2737916667
0253371112	2012	2	22	53	0.064625	0.17225	0.2739166667
0253371112	2012	2	23	54	0.06616666667	0.1707083333	0.271625
0253371112	2012	2	24	55	0.06616666667	0.1719583333	0.2735833333
0253371112	2012	2	25	56	0.06575	0.171625	0.275875
0253371112	2012	2	26	57	0.06791666667	0.1715416667	0.2742916667
0253371112	2012	2	27	58	0.066375	0.17225	0.2729583333
0253371112	2012	2	28	59	0.067625	0.1717916667	0.271125
0253371112	2012	2	29	60	0.06516666667	0.1719583333	0.2735
0253371112	2012	3	1	61	0.06545833333	0.17175	0.273375
0253371112	2012	3	2	62	0.066625	0.171875	0.2739583333
0253371112	2012	3	3	63	0.06554166667	0.1725833333	0.2757916667
0253371112	2012	3	4	64	0.06704166667	0.171875	0.2728333333
0253371112	2012	3	5	65	0.06695833333	0.1715833333	0.2731666667
0253371112	2012	3	6	66	0.06629166667	0.17225	0.2734583333
0253371112	2012	3	7	67	0.06429166667	0.1719583333	0.2742916667
0253371112	2012	3	8	68	0.06570833333	0.1720833333	0.2745
0253371112	2012	3	9	69	0.06866666667	0.1712916667	0.2733333333
0253371112	2012	3	10	70	0.06879166667	0.1715	0.272125
0253371112	2012	3	11	71	0.067875	0.1720416667	0.271875
0253371112	2012	3	12	72	0.066125	0.1714583333	0.2741666667
0253371112	2012	3	13	73	0.06854166667	0.171625	0.2727916667
0253371112	2012	3	14	74	0.07129166667	0.1710833333	0.2725416667
0253371112	2012	3	15	75	0.06904166667	0.1716666667	0.2738333333
0253371112	2012	3	16	76	0.07283333333	0.1713333333	0.2715
0253371112	2012	3	17	77	0.07345833333	0.1719166667	0.272125
0253371112	2012	3	18	78	0.07529166667	0.1716666667	0.2739583333
0253371112	2012	3	19	79	0.07683333333	0.1722083333	0.2725416667
0253371112	2012	3	20	80	0.07854166667	0.172	0.2730416667
0253371112	2012	3	21	81	0.078625	0.17225	0.2732083333
0253371112	2012	3	22	82	0.08008333333	0.172625	0.2721666667
0253371112	2012	3	23	83	0.08354166667	0.1722083333	0.2725833333
0253371112	2012	3	24	84	0.08495833333	0.171875	0.2729166667
0253371112	2012	3	25	85	0.08479166667	0.1725833333	0.2727916667
0253371112	2012	3	26	86	0.085625	0.1722083333	0.2742916667
0253371112	2012	3	27	87	0.08641666667	0.1721666667	0.2727083333
0253371112	2012	3	28	88	0.09033333333	0.1724583333	0.273
0253371112	2012	3	29	89	0.09025	0.1728333333	0.2725416667
0253371112	2012	3	30	90	0.094875	0.1724583333	0.2716666667
0253371112	2012	3	31	91	0.09616666667	0.1730416667	0.2709166667
0253371112	2012	4	1	92	0.098375	0.1738333333	0.2715
0253371112	2012	4	2	93	0.09647826087	0.1738695652	0.2761304348
0253371112	2012	4	3	94	0.096875	0.17375	0.2760416667
0253371112	2012	4	4	95	0.09904166667	0.1735833333	0.2744583333
0253371112	2012	4	5	96	0.1012916667	0.1735416667	0.2750416667
0253371112	2012	4	6	97	0.1022916667	0.1744583333	0.2737083333
0253371112	2012	4	7	98	0.1046666667	0.17475	0.2723333333
0253371112	2012	4	8	99	0.10525	0.1742916667	0.2745416667
0253371112	2012	4	9	100	0.104625	0.17525	0.2749166667
0253371112	2012	4	10	101	0.1071666667	0.1747916667	0.2727916667
0253371112	2012	4	11	102	0.1086666667	0.1755416667	0.274
0253371112	2012	4	12	103	0.1103043478	0.1755652174	0.2759130435
0253371112	2012	4	13	104	0.1134166667	0.17525	0.2759583333
0253371112	2012	4	14	105	0.1160416667	0.175125	0.275
0253371112	2012	4	15	106	0.1171666667	0.176625	0.2745833333
0253371112	2012	4	16	107	0.1189166667	0.177125	0.2734166667
0253371112	2012	4	17	108	0.1207826087	0.1771304348	0.2725217391
0253371112	2012	4	18	109	0.1235882353	0.1771764706	0.2747647059
0253371112	2012	4	19	110	0.1250833333	0.1788333333	0.27325
0253371112	2012	4	20	111	0.1302916667	0.1802083333	0.2754583333
0253371112	2012	4	21	112	0.1412916667	0.1821666667	0.2756666667
0253371112	2012	4	22	113	0.2055416667	0.210875	0.283
0253371112	2012	4	23	114	0.22325	0.242125	0.3449583333
0253371112	2012	4	24	115	-9999	0.272	-9999
0253371112	2012	4	25	116	-9999	-9999	-9999
0253371112	2012	4	26	117	0.2199166667	0.2891666667	-9999
0253371112	2012	4	27	118	0.2174166667	0.276375	-9999
0253371112	2012	4	28	119	0.222	-9999	-9999
0253371112	2012	4	29	120	-9999	-9999	-9999
0253371112	2012	4	30	121	-9999	-9999	-9999
0253371112	2012	5	1	122	-9999	-9999	-9999
0253371112	2012	5	2	123	-9999	-9999	-9999
0253371112	2012	5	3	124	-9999	-9999	-9999
0253371112	2012	5	4	125	-9999	-9999	-9999
0253371112	2012	5	5	126	-9999	-9999	-9999
0253371112	2012	5	6	127	-9999	-9999	-9999
0253371112	2012	5	7	128	-9999	-9999	-9999
0253371112	2012	5	8	129	-9999	-9999	-9999
0253371112	2012	5	9	130	0.2195416667	0.2886666667	-9999
0253371112	2012	5	10	131	0.217125	0.2884583333	0.387125
0253371112	2012	5	11	132	0.2165833333	-9999	-9999
0253371112	2012	5	12	133	0.2149583333	-9999	-9999
0253371112	2012	5	13	134	0.2119583333	0.2885416667	-9999
0253371112	2012	5	14	135	0.20725	0.27825	-9999
0253371112	2012	5	15	136	0.201625	0.2707083333	0.3600416667
0253371112	2012	5	16	137	0.1952083333	0.2641666667	0.35225
0253371112	2012	5	17	138	0.1886666667	0.2575416667	0.3435
0253371112	2012	5	18	139	0.1804166667	0.2535416667	0.339
0253371112	2012	5	19	140	0.1882083333	0.2498333333	0.33575
0253371112	2012	5	20	141	0.180875	0.2481666667	0.3337083333
0253371112	2012	5	21	142	0.176	0.2444583333	0.3326666667
0253371112	2012	5	22	143	0.168125	0.2440416667	0.3320416667
0253371112	2012	5	23	144	0.1605833333	0.2419166667	0.3315
0253371112	2012	5	24	145	0.15225	0.2409166667	0.329875
0253371112	2012	5	25	146	0.1461666667	0.237375	0.3290833333
0253371112	2012	5	26	147	0.1395833333	0.235375	0.328
0253371112	2012	5	27	148	0.138625	0.2319583333	0.3257916667
0253371112	2012	5	28	149	0.1373636364	0.2306363636	0.3235
0253371112	2012	5	29	150	0.1354166667	0.2304583333	0.3236666667
0253371112	2012	5	30	151	0.1335833333	0.2304166667	0.3225416667
0253371112	2012	5	31	152	0.1309166667	0.22825	0.32275
0253371112	2012	6	1	153	0.12825	0.2280833333	0.3232083333
0253371112	2012	6	2	154	0.1259166667	0.2274583333	0.3232916667
0253371112	2012	6	3	155	0.1224583333	0.228	0.3225
0253371112	2012	6	4	156	0.118875	0.226625	0.32275
0253371112	2012	6	5	157	0.11575	0.226625	0.3229166667
0253371112	2012	6	6	158	0.1115416667	0.2235416667	0.3207916667
0253371112	2012	6	7	159	0.1097083333	0.2220416667	0.3202083333
0253371112	2012	6	8	160	0.10825	0.22175	0.319625
0253371112	2012	6	9	161	0.1065	0.2212916667	0.3192083333
0253371112	2012	6	10	162	0.1025833333	0.2203333333	0.3197916667
0253371112	2012	6	11	163	0.09966666667	0.2175	0.317125
0253371112	2012	6	12	164	0.09820833333	0.2180416667	0.317875
0253371112	2012	6	13	165	0.09520833333	0.215875	0.31675
0253371112	2012	6	14	166	0.09233333333	0.2151666667	0.316375
0253371112	2012	6	15	167	0.08891666667	0.2157083333	0.3165833333
0253371112	2012	6	16	168	0.08558333333	0.2120416667	0.3149583333
0253371112	2012	6	17	169	0.08204166667	0.2126666667	0.3155416667
0253371112	2012	6	18	170	0.07883333333	0.212	0.3151666667
0253371112	2012	6	19	171	0.07486956522	0.2102608696	0.3135652174
0253371112	2012	6	20	172	0.07025	0.2108333333	0.3145
0253371112	2012	6	21	173	0.066875	0.2081666667	0.3128333333
0253371112	2012	6	22	174	0.063	0.2069583333	0.31275
0253371112	2012	6	23	175	0.057375	0.2080416667	0.3120833333
0253371112	2012	6	24	176	0.05316666667	0.2052916667	0.3114166667
0253371112	2012	6	25	177	0.04979166667	0.2040833333	0.311
0253371112	2012	6	26	178	0.04570833333	0.2039166667	0.3113333333
0253371112	2012	6	27	179	0.04104166667	0.20225	0.309125
0253371112	2012	6	28	180	0.0385	0.2004166667	0.3095
0253371112	2012	6	29	181	0.036	0.19925	0.3095
0253371112	2012	6	30	182	0.03358333333	0.198125	0.3084166667
0253371112	2012	7	1	183	0.02939130435	0.1966956522	0.3078695652
0253371112	2012	7	2	184	0.02854166667	0.1949583333	0.3074166667
0253371112	2012	7	3	185	0.025375	0.1931666667	0.3055
0253371112	2012	7	4	186	0.02233333333	0.1925833333	0.3051666667
0253371112	2012	7	5	187	0.02066666667	0.1907916667	0.3035833333
0253371112	2012	7	6	188	0.02129166667	0.1865416667	0.301375
0253371112	2012	7	7	189	0.02166666667	0.1861666667	0.3010833333
0253371112	2012	7	8	190	0.02266666667	0.1850416667	0.2995416667
0253371112	2012	7	9	191	0.022375	0.183875	0.2981666667
0253371112	2012	7	10	192	0.02033333333	0.182	0.2971666667
0253371112	2012	7	11	193	-9999	0.1822083333	0.2977083333
0253371112	2012	7	12	194	0.07591666667	0.196375	0.2962083333
0253371112	2012	7	13	195	0.115125	0.191375	0.294125
0253371112	2012	7	14	196	0.1325	0.1898333333	0.2934166667
0253371112	2012	7	15	197	0.1475833333	0.188	0.2902916667
0253371112	2012	7	16	198	0.15375	0.1895	0.2900833333
0253371112	2012	7	17	199	0.149625	0.1897916667	0.2884166667
0253371112	2012	7	18	200	0.1314583333	0.186625	0.2902916667
0253371112	2012	7	19	201	0.1172083333	0.1887083333	0.2902083333
0253371112	2012	7	20	202	0.1100416667	0.1882083333	0.290875
0253371112	2012	7	21	203	0.10275	0.189	0.2897083333
0253371112	2012	7	22	204	0.1231363636	0.1883181818	0.2915454545
0253371112	2012	7	23	205	0.1317391304	0.1890869565	0.2904782609
0253371112	2012	7	24	206	0.1317916667	0.189375	0.291375
0253371112	2012	7	25	207	0.1394166667	0.187125	0.2903333333
0253371112	2012	7	26	208	0.1275833333	0.1882916667	0.2902083333
0253371112	2012	7	27	209	0.1180416667	0.1897916667	0.2919583333
0253371112	2012	7	28	210	0.10725	0.1885416667	0.2914166667
0253371112	2012	7	29	211	0.09695833333	0.1904583333	0.292375
0253371112	2012	7	30	212	0.125375	0.189125	0.2911666667
0253371112	2012	7	31	213	0.1615833333	0.2222083333	0.289375
0253371112	2012	8	1	214	0.157	0.22525	0.2898333333
0253371112	2012	8	2	215	0.157625	0.2244583333	0.2902083333
0253371112	2012	8	3	216	0.1413333333	0.2230833333	0.290125
0253371112	2012	8	4	217	0.1279166667	0.2197916667	0.292125
0253371112	2012	8	5	218	0.1348333333	0.21625	0.2924166667
0253371112	2012	8	6	219	0.128875	0.2149583333	0.2916666667
0253371112	2012	8	7	220	0.1220416667	0.2133333333	0.2914583333
0253371112	2012	8	8	221	0.1356666667	0.2130833333	0.29275
0253371112	2012	8	9	222	0.158	0.2169166667	0.2925
0253371112	2012	8	10	223	0.1495833333	0.2203333333	0.2918333333
0253371112	2012	8	11	224	0.1347083333	0.2192916667	0.2913333333
0253371112	2012	8	12	225	0.1221666667	0.2182916667	0.2939166667
0253371112	2012	8	13	226	0.1135833333	0.216125	0.2944583333
0253371112	2012	8	14	227	0.1306666667	0.2155	0.2950416667
0253371112	2012	8	15	228	0.135	0.2151666667	0.2934583333
0253371112	2012	8	16	229	0.122875	0.2153333333	0.293875
0253371112	2012	8	17	230	0.1130833333	0.2155833333	0.2949583333
0253371112	2012	8	18	231	0.1303333333	0.213875	0.295
0253371112	2012	8	19	232	0.1351666667	0.2173333333	0.294
0253371112	2012	8	20	233	0.141625	0.2197916667	0.2939166667
0253371112	2012	8	21	234	0.1377083333	0.2237916667	0.2957916667
0253371112	2012	8	22	235	0.1535	0.22775	0.295625
0253371112	2012	8	23	236	0.1693333333	0.2350833333	0.3
0253371112	2012	8	24	237	0.1714583333	0.235375	0.3035833333
0253371112	2012	8	25	238	0.1547083333	0.2325416667	0.3069166667
0253371112	2012	8	26	239	0.1497083333	0.22825	0.3077083333
0253371112	2012	8	27	240	0.1394583333	0.2285833333	0.3094583333
0253371112	2012	8	28	241	0.1294166667	0.2277916667	0.3101666667
0253371112	2012	8	29	242	0.1202083333	0.2245	0.310375
0253371112	2012	8	30	243	0.11125	0.2233333333	0.3107083333
0253371112	2012	8	31	244	0.1019166667	0.2220416667	0.310625
0253371112	2012	9	1	245	0.09675	0.222	0.3115833333
0253371112	2012	9	2	246	0.09454166667	0.219625	0.3094583333
0253371112	2012	9	3	247	0.09	0.21725	0.30925
0253371112	2012	9	4	248	0.08433333333	0.2169583333	0.3089583333
0253371112	2012	9	5	249	0.07816666667	0.2145	0.308
0253371112	2012	9	6	250	0.0745	0.2143333333	0.3089583333
0253371112	2012	9	7	251	0.07466666667	0.2125	0.3071666667
0253371112	2012	9	8	252	0.07204166667	0.2129166667	0.30775
0253371112	2012	9	9	253	0.06708333333	0.2115833333	0.3062083333
0253371112	2012	9	10	254	0.06329166667	0.2074166667	0.30475
0253371112	2012	9	11	255	0.07879166667	0.231875	0.3159166667
0253371112	2012	9	12	256	0.1484705882	0.2405294118	0.3301764706
0253371112	2012	9	13	257	0.1323333333	0.2329166667	0.3236666667
0253371112	2012	9	14	258	0.1195416667	0.2275833333	0.3207083333
0253371112	2012	9	15	259	0.1094166667	0.2247083333	0.3199166667
0253371112	2012	9	16	260	0.10175	0.2226666667	0.3175416667
0253371112	2012	9	17	261	0.09470833333	0.2224583333	0.3177083333
0253371112	2012	9	18	262	0.08729411765	0.2190588235	0.3162352941
0253371112	2012	9	19	263	0.08117647059	0.2187647059	0.3149411765
0253371112	2012	9	20	264	0.07791666667	0.21775	0.314875
0253371112	2012	9	21	265	0.07294117647	0.2151764706	0.3134705882
0253371112	2012	9	22	266	0.06883333333	0.2132083333	0.312
0253371112	2012	9	23	267	0.06276470588	0.2116470588	0.3111764706
0253371112	2012	9	24	268	0.05923529412	0.211	0.3096470588
0253371112	2012	9	25	269	0.1067647059	0.2078235294	0.3081176471
0253371112	2012	9	26	270	0.1175882353	0.2054705882	0.3068823529
0253371112	2012	9	27	271	0.1092916667	0.2037916667	0.3050416667
0253371112	2012	9	28	272	0.1024583333	0.2016666667	0.3035833333
0253371112	2012	9	29	273	0.09445833333	0.2016666667	0.3032083333
0253371112	2012	9	30	274	0.088375	0.2015	0.302125
0253371112	2012	10	1	275	0.08333333333	0.2017083333	0.302125
0253371112	2012	10	2	276	0.07891666667	0.2008333333	0.3017083333
0253371112	2012	10	3	277	0.07429166667	0.1981666667	0.3023333333
0253371112	2012	10	4	278	0.070375	0.1992083333	0.3012083333
0253371112	2012	10	5	279	0.06570588235	0.1975294118	0.3001764706
0253371112	2012	10	6	280	0.06316666667	0.1969166667	0.2990833333
0253371112	2012	10	7	281	0.05975	0.1935833333	0.298875
0253371112	2012	10	8	282	0.05795833333	0.1930833333	0.2965
0253371112	2012	10	9	283	0.05604166667	0.190375	0.2955416667
0253371112	2012	10	10	284	0.05429166667	0.189375	0.2948333333
0253371112	2012	10	11	285	0.0515	0.1888333333	0.2937083333
0253371112	2012	10	12	286	0.05866666667	0.186875	0.2914583333
0253371112	2012	10	13	287	0.119125	0.1850833333	0.2892916667
0253371112	2012	10	14	288	0.1565	0.1890833333	0.2880833333
0253371112	2012	10	15	289	0.1760833333	0.240625	0.3161666667
0253371112	2012	10	16	290	0.1769583333	0.2522083333	0.3340833333
0253371112	2012	10	17	291	0.1750833333	0.2472916667	0.3296666667
0253371112	2012	10	18	292	0.1530833333	0.235	0.32375
0253371112	2012	10	19	293	0.1470416667	0.2282916667	0.3185
0253371112	2012	10	20	294	0.141625	0.225125	0.3154166667
0253371112	2012	10	21	295	0.1358333333	0.2223333333	0.3137916667
0253371112	2012	10	22	296	0.1377083333	0.22075	0.3129166667
0253371112	2012	10	23	297	0.1372916667	0.22025	0.3115
0253371112	2012	10	24	298	0.1292083333	0.2182916667	0.3107916667
0253371112	2012	10	25	299	0.09983333333	0.21625	0.30925
0253371112	2012	10	26	300	0.07683333333	0.2149166667	0.3070833333
0253371112	2012	10	27	301	0.08141666667	0.2126666667	0.30675
0253371112	2012	10	28	302	0.117125	0.2120833333	0.3053333333
0253371112	2012	10	29	303	0.115125	0.2104583333	0.304
0253371112	2012	10	30	304	0.1143333333	0.2106666667	0.3043333333
0253371112	2012	10	31	305	0.113625	0.2096666667	0.3039583333
0253371112	2012	11	1	306	0.1111666667	0.209125	0.3030416667
0253371112	2012	11	2	307	0.1094166667	0.2089166667	0.30375
0253371112	2012	11	3	308	0.1044782609	0.2070869565	0.301826087
0253371112	2012	11	4	309	0.1041666667	0.2074166667	0.3014583333
0253371112	2012	11	5	310	0.1053333333	0.206875	0.30075
0253371112	2012	11	6	311	0.1063333333	0.205875	0.301125
0253371112	2012	11	7	312	0.1053333333	0.205	0.3005
0253371112	2012	11	8	313	0.103125	0.204375	0.3001666667
0253371112	2012	11	9	314	0.1029583333	0.2039583333	0.3002083333
0253371112	2012	11	10	315	0.103625	0.204	0.3002916667
0253371112	2012	11	11	316	0.1055416667	0.20225	0.29825
0253371112	2012	11	12	317	0.1088333333	0.2018333333	0.2991666667
0253371112	2012	11	13	318	0.111875	0.2010833333	0.2978333333
0253371112	2012	11	14	319	0.114375	0.2015416667	0.2972916667
0253371112	2012	11	15	320	0.1140416667	0.2002083333	0.2967916667
0253371112	2012	11	16	321	0.1144444444	0.1991666667	0.2972777778
0253371112	2012	11	17	322	0.1187916667	0.199875	0.2960416667
0253371112	2012	11	18	323	0.127	0.1990833333	0.296875
0253371112	2012	11	19	324	0.1321666667	0.1992916667	0.2947916667
0253371112	2012	11	20	325	0.1319583333	0.1999583333	0.2943333333
0253371112	2012	11	21	326	0.1297916667	0.1983333333	0.2957916667
0253371112	2012	11	22	327	0.129	0.199	0.294125
0253371112	2012	11	23	328	0.1283333333	0.2000416667	0.294625
0253371112	2012	11	24	329	0.1262916667	0.1990416667	0.2940416667
0253371112	2012	11	25	330	0.1232083333	0.1985	0.2935833333
0253371112	2012	11	26	331	0.1215416667	0.1996666667	0.2934583333
0253371112	2012	11	27	332	0.11775	0.2	0.2936666667
0253371112	2012	11	28	333	0.1140833333	0.1984166667	0.2929166667
0253371112	2012	11	29	334	0.1124583333	0.1984583333	0.2929166667
0253371112	2012	11	30	335	0.113	0.19875	0.2919583333
0253371112	2012	12	1	336	0.114125	0.198375	0.29325
0253371112	2012	12	2	337	0.114	0.19825	0.2912916667
0253371112	2012	12	3	338	0.1129411765	0.1974117647	0.2920588235
0253371112	2012	12	4	339	0.1152941176	0.1988823529	0.2922941176
0253371112	2012	12	5	340	0.1138823529	0.1977647059	0.2913529412
0253371112	2012	12	6	341	0.1147916667	0.19725	0.2909166667
0253371112	2012	12	7	342	0.1149166667	0.1970833333	0.2922083333
0253371112	2012	12	8	343	0.1138333333	0.1970416667	0.2907083333
0253371112	2012	12	9	344	0.1087083333	0.1965833333	0.2919166667
0253371112	2012	12	10	345	0.1014583333	0.196875	0.2929166667
0253371112	2012	12	11	346	0.096375	0.1965	0.2905416667
0253371112	2012	12	12	347	0.08279166667	0.1957916667	0.290875
0253371112	2012	12	13	348	0.07241176471	0.1944117647	0.2912941176
0253371112	2012	12	14	349	0.07066666667	0.1950833333	0.2899583333
0253371112	2012	12	15	350	0.07475	0.194875	0.2894166667
0253371112	2012	12	16	351	0.07925	0.193625	0.2904583333
0253371112	2012	12	17	352	0.08654166667	0.1939583333	0.290125
0253371112	2012	12	18	353	-9999	-9999	-9999
0253371112	2012	12	19	354	-9999	-9999	-9999
0253371112	2012	12	20	355	-9999	-9999	-9999
0253371112	2012	12	21	356	-9999	-9999	-9999
0253371112	2012	12	22	357	-9999	-9999	-9999
0253371112	2012	12	23	358	-9999	-9999	-9999
0253371112	2012	12	24	359	-9999	-9999	-9999
0253371112	2012	12	25	360	-9999	-9999	-9999
0253371112	2012	12	26	361	-9999	-9999	-9999
0253371112	2012	12	27	362	-9999	-9999	-9999
0253371112	2012	12	28	363	-9999	-9999	-9999
0253371112	2012	12	29	364	-9999	-9999	-9999
0253371112	2012	12	30	365	-9999	-9999	-9999
0253371112	2012	12	31	366	-9999	-9999	-9999
