stationID	Y	M	D	DOY	depth_4	depth_10
0280690813	2008	1	1	1	-9999	
0280690813	2008	1	2	2	-9999	
0280690813	2008	1	3	3	-9999	
0280690813	2008	1	4	4	-9999	
0280690813	2008	1	5	5	-9999	
0280690813	2008	1	6	6	-9999	
0280690813	2008	1	7	7	-9999	
0280690813	2008	1	8	8	-9999	
0280690813	2008	1	9	9	-9999	
0280690813	2008	1	10	10	-9999	
0280690813	2008	1	11	11	-9999	
0280690813	2008	1	12	12	-9999	
0280690813	2008	1	13	13	-9999	
0280690813	2008	1	14	14	-9999	
0280690813	2008	1	15	15	-9999	
0280690813	2008	1	16	16	-9999	
0280690813	2008	1	17	17	-9999	
0280690813	2008	1	18	18	-9999	
0280690813	2008	1	19	19	-9999	
0280690813	2008	1	20	20	-9999	
0280690813	2008	1	21	21	-9999	
0280690813	2008	1	22	22	-9999	
0280690813	2008	1	23	23	-9999	
0280690813	2008	1	24	24	-9999	
0280690813	2008	1	25	25	-9999	
0280690813	2008	1	26	26	-9999	
0280690813	2008	1	27	27	-9999	
0280690813	2008	1	28	28	-9999	
0280690813	2008	1	29	29	-9999	
0280690813	2008	1	30	30	-9999	
0280690813	2008	1	31	31	-9999	
0280690813	2008	2	1	32	-9999	
0280690813	2008	2	2	33	-9999	
0280690813	2008	2	3	34	-9999	
0280690813	2008	2	4	35	-9999	
0280690813	2008	2	5	36	-9999	
0280690813	2008	2	6	37	-9999	
0280690813	2008	2	7	38	-9999	
0280690813	2008	2	8	39	-9999	
0280690813	2008	2	9	40	-9999	
0280690813	2008	2	10	41	-9999	
0280690813	2008	2	11	42	-9999	
0280690813	2008	2	12	43	-9999	
0280690813	2008	2	13	44	-9999	
0280690813	2008	2	14	45	-9999	
0280690813	2008	2	15	46	-9999	
0280690813	2008	2	16	47	-9999	
0280690813	2008	2	17	48	-9999	
0280690813	2008	2	18	49	-9999	
0280690813	2008	2	19	50	-9999	
0280690813	2008	2	20	51	-9999	
0280690813	2008	2	21	52	-9999	
0280690813	2008	2	22	53	-9999	
0280690813	2008	2	23	54	-9999	
0280690813	2008	2	24	55	-9999	
0280690813	2008	2	25	56	-9999	
0280690813	2008	2	26	57	-9999	
0280690813	2008	2	27	58	-9999	
0280690813	2008	2	28	59	-9999	
0280690813	2008	2	29	60	-9999	
0280690813	2008	3	1	61	-9999	
0280690813	2008	3	2	62	-9999	
0280690813	2008	3	3	63	-9999	
0280690813	2008	3	4	64	-9999	
0280690813	2008	3	5	65	-9999	
0280690813	2008	3	6	66	-9999	
0280690813	2008	3	7	67	-9999	
0280690813	2008	3	8	68	-9999	
0280690813	2008	3	9	69	-9999	
0280690813	2008	3	10	70	-9999	
0280690813	2008	3	11	71	-9999	
0280690813	2008	3	12	72	-9999	
0280690813	2008	3	13	73	-9999	
0280690813	2008	3	14	74	-9999	
0280690813	2008	3	15	75	-9999	
0280690813	2008	3	16	76	-9999	
0280690813	2008	3	17	77	-9999	
0280690813	2008	3	18	78	-9999	
0280690813	2008	3	19	79	-9999	
0280690813	2008	3	20	80	-9999	0.333
0280690813	2008	3	21	81	-9999	0.333
0280690813	2008	3	22	82	-9999	0.333
0280690813	2008	3	23	83	-9999	0.333
0280690813	2008	3	24	84	-9999	0.333
0280690813	2008	3	25	85	-9999	0.333
0280690813	2008	3	26	86	-9999	0.333
0280690813	2008	3	27	87	0.296	0.333
0280690813	2008	3	28	88	0.296	0.333
0280690813	2008	3	29	89	0.296	0.333
0280690813	2008	3	30	90	0.296	0.333
0280690813	2008	3	31	91	0.296	0.34
0280690813	2008	4	1	92	0.296	0.34
0280690813	2008	4	2	93	0.296	0.3
0280690813	2008	4	3	94	0.296	0.292
0280690813	2008	4	4	95	0.296	0.346
0280690813	2008	4	5	96	0.296	0.305
0280690813	2008	4	6	97	0.294	0.297
0280690813	2008	4	7	98	0.289	0.29
0280690813	2008	4	8	99	0.283	0.284
0280690813	2008	4	9	100	0.278	0.278
0280690813	2008	4	10	101	0.278	0.3
0280690813	2008	4	11	102	0.314	0.344
0280690813	2008	4	12	103	0.297	0.328
0280690813	2008	4	13	104	0.298	0.304
0280690813	2008	4	14	105	0.292	0.295
0280690813	2008	4	15	106	0.287	0.29
0280690813	2008	4	16	107	0.28	0.285
0280690813	2008	4	17	108	0.272	0.28
0280690813	2008	4	18	109	0.265	0.276
0280690813	2008	4	19	110	0.258	0.271
0280690813	2008	4	20	111	0.25	0.266
0280690813	2008	4	21	112	0.242	0.26
0280690813	2008	4	22	113	0.236	0.254
0280690813	2008	4	23	114	0.229	0.249
0280690813	2008	4	24	115	0.218	0.244
0280690813	2008	4	25	116	0.209	0.238
0280690813	2008	4	26	117	0.207	0.235
0280690813	2008	4	27	118	0.199	0.231
0280690813	2008	4	28	119	0.192	0.227
0280690813	2008	4	29	120	0.187	0.222
0280690813	2008	4	30	121	0.183	0.22
0280690813	2008	5	1	122	0.18	0.218
0280690813	2008	5	2	123	0.239	0.297
0280690813	2008	5	3	124	0.25	0.313
0280690813	2008	5	4	125	0.237	0.278
0280690813	2008	5	5	126	0.229	0.269
0280690813	2008	5	6	127	0.221	0.262
0280690813	2008	5	7	128	0.213	0.255
0280690813	2008	5	8	129	0.211	0.25
0280690813	2008	5	9	130	0.208	0.246
0280690813	2008	5	10	131	0.203	0.242
0280690813	2008	5	11	132	0.217	0.309
0280690813	2008	5	12	133	0.214	0.312
0280690813	2008	5	13	134	0.22	0.273
0280690813	2008	5	14	135	0.246	0.319
0280690813	2008	5	15	136	0.236	0.282
0280690813	2008	5	16	137	0.232	0.276
0280690813	2008	5	17	138	0.226	0.27
0280690813	2008	5	18	139	0.216	0.262
0280690813	2008	5	19	140	0.207	0.255
0280690813	2008	5	20	141	0.2	0.248
0280690813	2008	5	21	142	0.193	0.242
0280690813	2008	5	22	143	0.188	0.235
0280690813	2008	5	23	144	0.187	0.231
0280690813	2008	5	24	145	0.187	0.226
0280690813	2008	5	25	146	0.181	0.221
0280690813	2008	5	26	147	0.178	0.214
0280690813	2008	5	27	148	0.174	0.206
0280690813	2008	5	28	149	0.169	0.199
0280690813	2008	5	29	150	0.167	0.193
0280690813	2008	5	30	151	0.175	0.238
0280690813	2008	5	31	152	0.174	0.237
0280690813	2008	6	1	153	0.172	0.202
0280690813	2008	6	2	154	0.17	0.196
0280690813	2008	6	3	155	0.174	0.192
0280690813	2008	6	4	156	0.171	0.192
0280690813	2008	6	5	157	0.177	0.193
0280690813	2008	6	6	158	0.185	0.193
0280690813	2008	6	7	159	0.186	0.191
0280690813	2008	6	8	160	0.189	0.191
0280690813	2008	6	9	161	0.185	0.19
0280690813	2008	6	10	162	0.185	0.189
0280690813	2008	6	11	163	0.184	0.189
0280690813	2008	6	12	164	0.18	0.188
0280690813	2008	6	13	165	0.173	0.186
0280690813	2008	6	14	166	0.194	0.22
0280690813	2008	6	15	167	0.173	0.192
0280690813	2008	6	16	168	0.167	0.185
0280690813	2008	6	17	169	0.161	0.179
0280690813	2008	6	18	170	0.158	0.175
0280690813	2008	6	19	171	0.158	0.173
0280690813	2008	6	20	172	0.16	0.172
0280690813	2008	6	21	173	0.159	0.169
0280690813	2008	6	22	174	0.16	0.168
0280690813	2008	6	23	175	0.166	0.169
0280690813	2008	6	24	176	0.163	0.169
0280690813	2008	6	25	177	0.183	0.202
0280690813	2008	6	26	178	0.173	0.184
0280690813	2008	6	27	179	0.179	0.207
0280690813	2008	6	28	180	0.187	0.215
0280690813	2008	6	29	181	0.183	0.192
0280690813	2008	6	30	182	0.181	0.186
0280690813	2008	7	1	183	0.181	0.183
0280690813	2008	7	2	184	0.179	0.221
0280690813	2008	7	3	185	0.181	0.219
0280690813	2008	7	4	186	0.182	0.193
0280690813	2008	7	5	187	0.179	0.189
0280690813	2008	7	6	188	0.174	0.186
0280690813	2008	7	7	189	0.169	0.182
0280690813	2008	7	8	190	0.164	0.178
0280690813	2008	7	9	191	0.166	0.176
0280690813	2008	7	10	192	0.162	0.172
0280690813	2008	7	11	193	0.16	0.169
0280690813	2008	7	12	194	0.165	0.192
0280690813	2008	7	13	195	0.164	0.173
0280690813	2008	7	14	196	0.163	0.17
0280690813	2008	7	15	197	0.161	0.168
0280690813	2008	7	16	198	0.171	0.166
0280690813	2008	7	17	199	0.179	0.168
0280690813	2008	7	18	200	0.175	0.168
0280690813	2008	7	19	201	0.172	0.167
0280690813	2008	7	20	202	0.19	0.2
0280690813	2008	7	21	203	0.188	0.185
0280690813	2008	7	22	204	0.188	0.182
0280690813	2008	7	23	205	0.183	0.179
0280690813	2008	7	24	206	0.179	0.175
0280690813	2008	7	25	207	0.175	0.175
0280690813	2008	7	26	208	0.168	0.17
0280690813	2008	7	27	209	0.161	0.167
0280690813	2008	7	28	210	0.159	0.163
0280690813	2008	7	29	211	0.156	0.16
0280690813	2008	7	30	212	0.169	0.185
0280690813	2008	7	31	213	0.165	0.167
0280690813	2008	8	1	214	0.187	0.187
0280690813	2008	8	2	215	0.188	0.182
0280690813	2008	8	3	216	0.176	0.171
0280690813	2008	8	4	217	0.172	0.168
0280690813	2008	8	5	218	0.17	0.167
0280690813	2008	8	6	219	0.167	0.167
0280690813	2008	8	7	220	0.16	0.163
0280690813	2008	8	8	221	0.157	0.16
0280690813	2008	8	9	222	0.193	0.184
0280690813	2008	8	10	223	0.19	0.185
0280690813	2008	8	11	224	0.178	0.169
0280690813	2008	8	12	225	0.177	0.168
0280690813	2008	8	13	226	0.191	0.201
0280690813	2008	8	14	227	0.181	0.188
0280690813	2008	8	15	228	0.124	0.1375
0280690813	2008	8	16	229	0.067	0.087
0280690813	2008	8	17	230	0.067	0.087
0280690813	2008	8	18	231	0.068	0.087
0280690813	2008	8	19	232	0.067	0.087
0280690813	2008	8	20	233	0.066	0.087
0280690813	2008	8	21	234	0.065	0.086
0280690813	2008	8	22	235	0.141	0.196
0280690813	2008	8	23	236	0.217	0.306
0280690813	2008	8	24	237	0.217	0.306
0280690813	2008	8	25	238	0.217	0.306
0280690813	2008	8	26	239	0.183	0.277
0280690813	2008	8	27	240	0.165	0.263
0280690813	2008	8	28	241	0.156	0.253
0280690813	2008	8	29	242	0.153	0.245
0280690813	2008	8	30	243	0.148	0.24
0280690813	2008	8	31	244	0.143	0.235
0280690813	2008	9	1	245	0.14	0.232
0280690813	2008	9	2	246	0.233	0.229
0280690813	2008	9	3	247	0.326	0.385
0280690813	2008	9	4	248	0.326	0.345
0280690813	2008	9	5	249	0.244	0.305
0280690813	2008	9	6	250	0.223	0.286
0280690813	2008	9	7	251	0.355	0.374
0280690813	2008	9	8	252	0.304	0.382
0280690813	2008	9	9	253	0.253	0.3505
0280690813	2008	9	10	254	0.253	0.319
0280690813	2008	9	11	255	0.234	0.304
0280690813	2008	9	12	256	0.34	0.39
0280690813	2008	9	13	257	0.329	0.377
0280690813	2008	9	14	258	0.318	0.377
0280690813	2008	9	15	259	0.318	0.374
0280690813	2008	9	16	260	0.277	0.326
0280690813	2008	9	17	261	0.256	0.314
0280690813	2008	9	18	262	0.242	0.309
0280690813	2008	9	19	263	0.233	0.305
0280690813	2008	9	20	264	0.227	0.301
0280690813	2008	9	21	265	0.223	0.298
0280690813	2008	9	22	266	0.217	0.295
0280690813	2008	9	23	267	0.212	0.292
0280690813	2008	9	24	268	0.208	0.289
0280690813	2008	9	25	269	0.204	0.287
0280690813	2008	9	26	270	0.2	0.285
0280690813	2008	9	27	271	0.196	0.283
0280690813	2008	9	28	272	0.191	0.281
0280690813	2008	9	29	273	0.189	0.279
0280690813	2008	9	30	274	0.202	0.277
0280690813	2008	10	1	275	0.19	0.275
0280690813	2008	10	2	276	0.193	0.273
0280690813	2008	10	3	277	0.19	0.27
0280690813	2008	10	4	278	0.181	0.268
0280690813	2008	10	5	279	0.178	0.266
0280690813	2008	10	6	280	0.177	0.265
0280690813	2008	10	7	281	0.174	0.264
0280690813	2008	10	8	282	0.307	0.291
0280690813	2008	10	9	283	0.256	0.318
0280690813	2008	10	10	284	0.224	0.301
0280690813	2008	10	11	285	0.212	0.292
0280690813	2008	10	12	286	0.206	0.287
0280690813	2008	10	13	287	0.202	0.283
0280690813	2008	10	14	288	0.198	0.281
0280690813	2008	10	15	289	0.205	0.279
0280690813	2008	10	16	290	0.298	0.2915
0280690813	2008	10	17	291	0.234	0.304
0280690813	2008	10	18	292	0.221	0.295
0280690813	2008	10	19	293	0.212	0.29
0280690813	2008	10	20	294	0.211	0.286
0280690813	2008	10	21	295	0.211	0.283
0280690813	2008	10	22	296	0.201	0.281
0280690813	2008	10	23	297	0.198	0.278
0280690813	2008	10	24	298	0.201	0.276
0280690813	2008	10	25	299	0.201	0.274
0280690813	2008	10	26	300	0.207	0.273
0280690813	2008	10	27	301	0.218	0.272
0280690813	2008	10	28	302	0.212	0.271
0280690813	2008	10	29	303	0.206	0.27
0280690813	2008	10	30	304	0.198	0.268
0280690813	2008	10	31	305	0.195	0.266
0280690813	2008	11	1	306	0.194	0.266
0280690813	2008	11	2	307	0.192	0.265
0280690813	2008	11	3	308	0.321	0.2855
0280690813	2008	11	4	309	0.252	0.306
0280690813	2008	11	5	310	0.234	0.298
0280690813	2008	11	6	311	0.225	0.292
0280690813	2008	11	7	312	0.29	0.3
0280690813	2008	11	8	313	0.258	0.308
0280690813	2008	11	9	314	0.243	0.297
0280690813	2008	11	10	315	0.236	0.291
0280690813	2008	11	11	316	0.226	0.287
0280690813	2008	11	12	317	0.236	0.283
0280690813	2008	11	13	318	0.2715	0.387
0280690813	2008	11	14	319	0.307	0.382
0280690813	2008	11	15	320	0.307	0.374
0280690813	2008	11	16	321	0.307	0.371
0280690813	2008	11	17	322	0.299	0.311
0280690813	2008	11	18	323	0.268	0.305
0280690813	2008	11	19	324	0.233	0.301
0280690813	2008	11	20	325	0.237	0.297
0280690813	2008	11	21	326	0.219	0.294
0280690813	2008	11	22	327	0.202	0.292
0280690813	2008	11	23	328	0.195	0.29
0280690813	2008	11	24	329	0.195	0.288
0280690813	2008	11	25	330	0.204	0.286
0280690813	2008	11	26	331	0.205	0.285
0280690813	2008	11	27	332	0.219	0.283
0280690813	2008	11	28	333	0.237	0.283
0280690813	2008	11	29	334	0.249	0.283
0280690813	2008	11	30	335	0.239	0.282
0280690813	2008	12	1	336	0.271	0.307
0280690813	2008	12	2	337	0.263	0.304
0280690813	2008	12	3	338	0.3085	0.382
0280690813	2008	12	4	339	0.354	0.354
0280690813	2008	12	5	340	0.23	0.308
0280690813	2008	12	6	341	0.197	0.302
0280690813	2008	12	7	342	0.188	0.298
0280690813	2008	12	8	343	0.183	0.294
0280690813	2008	12	9	344	0.287	0.3045
0280690813	2008	12	10	345	0.282	0.315
0280690813	2008	12	11	346	0.228	0.315
0280690813	2008	12	12	347	0.205	0.307
0280690813	2008	12	13	348	0.192	0.301
0280690813	2008	12	14	349	0.207	0.381
0280690813	2008	12	15	350	0.212	0.3495
0280690813	2008	12	16	351	0.217	0.318
0280690813	2008	12	17	352	0.187	0.308
0280690813	2008	12	18	353	0.182	0.303
0280690813	2008	12	19	354	0.18	0.299
0280690813	2008	12	20	355	0.18	0.296
0280690813	2008	12	21	356	0.182	0.294
0280690813	2008	12	22	357	0.183	0.292
0280690813	2008	12	23	358	0.185	0.29
0280690813	2008	12	24	359	0.219	0.392
0280690813	2008	12	25	360	0.227	0.3585
0280690813	2008	12	26	361	0.223	0.325
0280690813	2008	12	27	362	0.272	0.378
0280690813	2008	12	28	363	0.321	0.378
0280690813	2008	12	29	364	0.321	0.364
0280690813	2008	12	30	365	0.259	0.325
0280690813	2008	12	31	366	0.214	0.312
0280690813	2009	1	1	1	0.201	0.306
0280690813	2009	1	2	2	0.191	0.302
0280690813	2009	1	3	3	0.184	0.3
0280690813	2009	1	4	4	0.178	0.297
0280690813	2009	1	5	5	0.176	0.295
0280690813	2009	1	6	6	0.165	0.294
0280690813	2009	1	7	7	0.153	0.292
0280690813	2009	1	8	8	0.151	0.291
0280690813	2009	1	9	9	0.151	0.289
0280690813	2009	1	10	10	0.15	0.288
0280690813	2009	1	11	11	0.151	0.287
0280690813	2009	1	12	12	0.151	0.286
0280690813	2009	1	13	13	0.153	0.285
0280690813	2009	1	14	14	0.152	0.284
0280690813	2009	1	15	15	0.152	0.284
0280690813	2009	1	16	16	0.15	0.283
0280690813	2009	1	17	17	0.146	0.282
0280690813	2009	1	18	18	0.144	0.281
0280690813	2009	1	19	19	0.145	0.281
0280690813	2009	1	20	20	0.146	0.28
0280690813	2009	1	21	21	0.147	0.279
0280690813	2009	1	22	22	0.149	0.279
0280690813	2009	1	23	23	0.151	0.278
0280690813	2009	1	24	24	0.152	0.278
0280690813	2009	1	25	25	0.152	0.277
0280690813	2009	1	26	26	0.151	0.277
0280690813	2009	1	27	27	0.149	0.276
0280690813	2009	1	28	28	0.149	0.276
0280690813	2009	1	29	29	0.15	0.276
0280690813	2009	1	30	30	0.151	0.275
0280690813	2009	1	31	31	0.152	0.275
0280690813	2009	2	1	32	0.154	0.275
0280690813	2009	2	2	33	0.155	0.274
0280690813	2009	2	3	34	0.155	0.274
0280690813	2009	2	4	35	0.155	0.274
0280690813	2009	2	5	36	0.153	0.273
0280690813	2009	2	6	37	0.15	0.273
0280690813	2009	2	7	38	0.189	0.3085
0280690813	2009	2	8	39	0.356	0.344
0280690813	2009	2	9	40	0.327	0.344
0280690813	2009	2	10	41	0.36	0.346
0280690813	2009	2	11	42	0.3095	0.349
0280690813	2009	2	12	43	0.259	0.352
0280690813	2009	2	13	44	0.259	0.32
0280690813	2009	2	14	45	0.249	0.31
0280690813	2009	2	15	46	0.243	0.306
0280690813	2009	2	16	47	0.284	0.304
0280690813	2009	2	17	48	0.264	0.306
0280690813	2009	2	18	49	0.2765	0.3145
0280690813	2009	2	19	50	0.289	0.323
0280690813	2009	2	20	51	0.199	0.312
0280690813	2009	2	21	52	0.18	0.307
0280690813	2009	2	22	53	0.169	0.304
0280690813	2009	2	23	54	0.166	0.301
0280690813	2009	2	24	55	0.16	0.299
0280690813	2009	2	25	56	0.178	0.3205
0280690813	2009	2	26	57	0.366	0.342
0280690813	2009	2	27	58	0.2965	0.342
0280690813	2009	2	28	59	0.227	0.323
0280690813	2009	3	1	60	0.194	0.316
0280690813	2009	3	2	61	0.167	0.31
0280690813	2009	3	3	62	0.128	0.306
0280690813	2009	3	4	63	0.117	0.303
0280690813	2009	3	5	64	0.1605	0.301
0280690813	2009	3	6	65	0.204	0.329
0280690813	2009	3	7	66	0.3	0.358
0280690813	2009	3	8	67	0.32	0.359
0280690813	2009	3	9	68	0.314	0.348
0280690813	2009	3	10	69	0.353	0.35
0280690813	2009	3	11	70	0.292	0.35
0280690813	2009	3	12	71	0.231	0.324
0280690813	2009	3	13	72	0.232	0.315
0280690813	2009	3	14	73	0.23	0.311
0280690813	2009	3	15	74	0.219	0.309
0280690813	2009	3	16	75	0.207	0.307
0280690813	2009	3	17	76	0.2	0.305
0280690813	2009	3	18	77	0.196	0.304
0280690813	2009	3	19	78	0.191	0.303
0280690813	2009	3	20	79	0.184	0.301
0280690813	2009	3	21	80	0.178	0.299
0280690813	2009	3	22	81	0.177	0.298
0280690813	2009	3	23	82	0.174	0.297
0280690813	2009	3	24	83	0.172	0.295
0280690813	2009	3	25	84	0.322	0.3045
0280690813	2009	3	26	85	0.245	0.314
0280690813	2009	3	27	86	0.22	0.311
0280690813	2009	3	28	87	0.21	0.308
0280690813	2009	3	29	88	0.338	0.383
0280690813	2009	3	30	89	0.295	0.332
0280690813	2009	3	31	90	0.237	0.318
0280690813	2009	4	1	91	0.273	0.323
0280690813	2009	4	2	92	0.267	0.316
0280690813	2009	4	3	93	0.348	0.3195
0280690813	2009	4	4	94	0.288	0.323
0280690813	2009	4	5	95	0.307	0.33
0280690813	2009	4	6	96	0.352	0.384
0280690813	2009	4	7	97	0.354	0.385
0280690813	2009	4	8	98	0.352	0.387
0280690813	2009	4	9	99	0.317	0.357
0280690813	2009	4	10	100	0.296	0.327
0280690813	2009	4	11	101	0.289	0.323
0280690813	2009	4	12	102	0.28	0.319
0280690813	2009	4	13	103	0.276	0.316
0280690813	2009	4	14	104	0.344	0.378
0280690813	2009	4	15	105	0.345	0.378
0280690813	2009	4	16	106	0.296	0.346
0280690813	2009	4	17	107	0.287	0.339
0280690813	2009	4	18	108	0.281	0.324
0280690813	2009	4	19	109	0.274	0.32
0280690813	2009	4	20	110	0.351	0.368
0280690813	2009	4	21	111	0.341	0.365
0280690813	2009	4	22	112	0.327	0.355
0280690813	2009	4	23	113	0.3	0.351
0280690813	2009	4	24	114	0.291	0.334
0280690813	2009	4	25	115	0.346	0.347
0280690813	2009	4	26	116	0.336	0.348
0280690813	2009	4	27	117	0.312	0.339
0280690813	2009	4	28	118	0.341	0.351
0280690813	2009	4	29	119	0.304	0.342
0280690813	2009	4	30	120	0.345	0.351
0280690813	2009	5	1	121	0.32	0.347
0280690813	2009	5	2	122	0.3	0.338
0280690813	2009	5	3	123	0.289	0.334
0280690813	2009	5	4	124	0.279	0.325
0280690813	2009	5	5	125	0.269	0.323
0280690813	2009	5	6	126	0.262	0.321
0280690813	2009	5	7	127	0.348	0.364
0280690813	2009	5	8	128	0.299	0.348
0280690813	2009	5	9	129	0.322	0.376
0280690813	2009	5	10	130	0.29	0.345
0280690813	2009	5	11	131	0.278	0.327
0280690813	2009	5	12	132	0.268	0.322
0280690813	2009	5	13	133	0.259	0.32
0280690813	2009	5	14	134	0.342	0.373
0280690813	2009	5	15	135	0.283	0.33
0280690813	2009	5	16	136	0.338	0.352
0280690813	2009	5	17	137	0.294	0.335
0280690813	2009	5	18	138	0.278	0.326
0280690813	2009	5	19	139	0.268	0.323
0280690813	2009	5	20	140	0.259	0.321
0280690813	2009	5	21	141	0.251	0.319
0280690813	2009	5	22	142	0.244	0.316
0280690813	2009	5	23	143	0.237	0.313
0280690813	2009	5	24	144	0.233	0.31
0280690813	2009	5	25	145	0.228	0.306
0280690813	2009	5	26	146	0.223	0.302
0280690813	2009	5	27	147	0.222	0.299
0280690813	2009	5	28	148	0.324	0.334
0280690813	2009	5	29	149	0.311	0.369
0280690813	2009	5	30	150	0.291	0.353
0280690813	2009	5	31	151	0.277	0.317
0280690813	2009	6	1	152	0.316	0.335
0280690813	2009	6	2	153	0.286	0.318
0280690813	2009	6	3	154	0.278	0.311
0280690813	2009	6	4	155	0.273	0.307
0280690813	2009	6	5	156	0.27	0.303
0280690813	2009	6	6	157	0.269	0.299
0280690813	2009	6	7	158	0.266	0.296
0280690813	2009	6	8	159	0.348	0.3085
0280690813	2009	6	9	160	0.32	0.321
0280690813	2009	6	10	161	0.297	0.309
0280690813	2009	6	11	162	0.293	0.303
0280690813	2009	6	12	163	0.291	0.3
0280690813	2009	6	13	164	0.288	0.296
0280690813	2009	6	14	165	0.286	0.293
0280690813	2009	6	15	166	0.285	0.29
0280690813	2009	6	16	167	0.283	0.287
0280690813	2009	6	17	168	0.296	0.3045
0280690813	2009	6	18	169	0.309	0.322
0280690813	2009	6	19	170	0.354	0.366
0280690813	2009	6	20	171	0.35	0.348
0280690813	2009	6	21	172	0.306	0.321
0280690813	2009	6	22	173	0.298	0.312
0280690813	2009	6	23	174	0.293	0.308
0280690813	2009	6	24	175	0.29	0.304
0280690813	2009	6	25	176	0.303	0.3125
0280690813	2009	6	26	177	0.316	0.321
0280690813	2009	6	27	178	0.298	0.321
0280690813	2009	6	28	179	0.292	0.312
0280690813	2009	6	29	180	0.287	0.306
0280690813	2009	6	30	181	0.283	0.301
0280690813	2009	7	1	182	0.321	0.298
0280690813	2009	7	2	183	0.334	0.3065
0280690813	2009	7	3	184	0.299	0.315
0280690813	2009	7	4	185	0.292	0.306
0280690813	2009	7	5	186	0.288	0.301
0280690813	2009	7	6	187	0.286	0.297
0280690813	2009	7	7	188	0.283	0.295
0280690813	2009	7	8	189	0.28	0.293
0280690813	2009	7	9	190	0.279	0.291
0280690813	2009	7	10	191	0.277	0.29
0280690813	2009	7	11	192	0.325	0.326
0280690813	2009	7	12	193	0.29	0.299
0280690813	2009	7	13	194	0.284	0.295
0280690813	2009	7	14	195	0.282	0.292
0280690813	2009	7	15	196	0.28	0.291
0280690813	2009	7	16	197	0.278	0.29
0280690813	2009	7	17	198	0.277	0.29
0280690813	2009	7	18	199	0.275	0.29
0280690813	2009	7	19	200	0.272	0.289
0280690813	2009	7	20	201	0.271	0.289
0280690813	2009	7	21	202	0.269	0.289
0280690813	2009	7	22	203	0.35	0.3045
0280690813	2009	7	23	204	0.317	0.32
0280690813	2009	7	24	205	0.305	0.315
0280690813	2009	7	25	206	0.296	0.311
0280690813	2009	7	26	207	0.293	0.307
0280690813	2009	7	27	208	0.29	0.305
0280690813	2009	7	28	209	0.288	0.304
0280690813	2009	7	29	210	0.288	0.303
0280690813	2009	7	30	211	0.286	0.302
0280690813	2009	7	31	212	0.285	0.301
0280690813	2009	8	1	213	0.283	0.3
0280690813	2009	8	2	214	0.28	0.299
0280690813	2009	8	3	215	0.277	0.299
0280690813	2009	8	4	216	0.273	0.298
0280690813	2009	8	5	217	0.271	0.298
0280690813	2009	8	6	218	0.267	0.298
0280690813	2009	8	7	219	0.263	0.297
0280690813	2009	8	8	220	0.356	0.3355
0280690813	2009	8	9	221	0.345	0.374
0280690813	2009	8	10	222	0.328	0.356
0280690813	2009	8	11	223	0.299	0.324
0280690813	2009	8	12	224	0.287	0.32
0280690813	2009	8	13	225	0.278	0.317
0280690813	2009	8	14	226	0.274	0.313
0280690813	2009	8	15	227	0.27	0.311
0280690813	2009	8	16	228	0.264	0.31
0280690813	2009	8	17	229	0.258	0.309
0280690813	2009	8	18	230	0.255	0.308
0280690813	2009	8	19	231	0.248	0.307
0280690813	2009	8	20	232	0.241	0.307
0280690813	2009	8	21	233	0.24	0.306
0280690813	2009	8	22	234	0.236	0.305
0280690813	2009	8	23	235	0.234	0.304
0280690813	2009	8	24	236	0.233	0.302
0280690813	2009	8	25	237	0.229	0.302
0280690813	2009	8	26	238	0.263	0.305
0280690813	2009	8	27	239	0.245	0.305
0280690813	2009	8	28	240	0.335	0.318
0280690813	2009	8	29	241	0.3	0.331
0280690813	2009	8	30	242	0.277	0.318
0280690813	2009	8	31	243	0.269	0.313
0280690813	2009	9	1	244	0.26	0.31
0280690813	2009	9	2	245	0.252	0.308
0280690813	2009	9	3	246	0.245	0.307
0280690813	2009	9	4	247	0.246	0.306
0280690813	2009	9	5	248	0.247	0.305
0280690813	2009	9	6	249	0.247	0.304
0280690813	2009	9	7	250	0.246	0.303
0280690813	2009	9	8	251	0.335	0.3135
0280690813	2009	9	9	252	0.288	0.324
0280690813	2009	9	10	253	0.281	0.316
0280690813	2009	9	11	254	0.277	0.314
0280690813	2009	9	12	255	0.275	0.312
0280690813	2009	9	13	256	0.272	0.31
0280690813	2009	9	14	257	0.271	0.309
0280690813	2009	9	15	258	0.27	0.308
0280690813	2009	9	16	259	0.267	0.307
0280690813	2009	9	17	260	0.264	0.306
0280690813	2009	9	18	261	0.261	0.304
0280690813	2009	9	19	262	0.258	0.303
0280690813	2009	9	20	263	0.255	0.302
0280690813	2009	9	21	264	0.348	0.3105
0280690813	2009	9	22	265	0.291	0.319
0280690813	2009	9	23	266	0.285	0.317
0280690813	2009	9	24	267	0.282	0.314
0280690813	2009	9	25	268	0.277	0.31
0280690813	2009	9	26	269	0.273	0.308
0280690813	2009	9	27	270	0.271	0.306
0280690813	2009	9	28	271	0.337	0.3165
0280690813	2009	9	29	272	0.306	0.327
0280690813	2009	9	30	273	0.294	0.321
0280690813	2009	10	1	274	0.287	0.316
0280690813	2009	10	2	275	0.345	0.32
0280690813	2009	10	3	276	0.303	0.324
0280690813	2009	10	4	277	0.301	0.318
0280690813	2009	10	5	278	0.297	0.315
0280690813	2009	10	6	279	0.336	0.323
0280690813	2009	10	7	280	0.308	0.322
0280690813	2009	10	8	281	0.296	0.313
0280690813	2009	10	9	282	0.34	0.3205
0280690813	2009	10	10	283	0.311	0.328
0280690813	2009	10	11	284	0.299	0.32
0280690813	2009	10	12	285	0.292	0.314
0280690813	2009	10	13	286	0.289	0.311
0280690813	2009	10	14	287	0.285	0.308
0280690813	2009	10	15	288	0.282	0.306
0280690813	2009	10	16	289	0.279	0.304
0280690813	2009	10	17	290	0.277	0.303
0280690813	2009	10	18	291	0.275	0.302
0280690813	2009	10	19	292	0.273	0.301
0280690813	2009	10	20	293	0.272	0.3
0280690813	2009	10	21	294	0.318	0.302
0280690813	2009	10	22	295	0.29	0.302
0280690813	2009	10	23	296	0.34	0.313
0280690813	2009	10	24	297	0.317	0.324
0280690813	2009	10	25	298	0.302	0.317
0280690813	2009	10	26	299	0.295	0.315
0280690813	2009	10	27	300	0.292	0.311
0280690813	2009	10	28	301	0.302	0.308
0280690813	2009	10	29	302	0.299	0.307
0280690813	2009	10	30	303	0.342	0.328
0280690813	2009	10	31	304	0.337	0.349
0280690813	2009	11	1	305	0.305	0.321
0280690813	2009	11	2	306	0.3	0.315
0280690813	2009	11	3	307	0.296	0.311
0280690813	2009	11	4	308	0.293	0.308
0280690813	2009	11	5	309	0.291	0.306
0280690813	2009	11	6	310	0.289	0.304
0280690813	2009	11	7	311	0.287	0.303
0280690813	2009	11	8	312	0.285	0.302
0280690813	2009	11	9	313	0.283	0.302
0280690813	2009	11	10	314	0.282	0.301
0280690813	2009	11	11	315	0.279	0.301
0280690813	2009	11	12	316	0.278	0.3
0280690813	2009	11	13	317	0.276	0.299
0280690813	2009	11	14	318	0.273	0.298
0280690813	2009	11	15	319	0.273	0.297
0280690813	2009	11	16	320	0.271	0.297
0280690813	2009	11	17	321	0.269	0.297
0280690813	2009	11	18	322	0.271	0.296
0280690813	2009	11	19	323	0.304	0.296
0280690813	2009	11	20	324	0.298	0.296
0280690813	2009	11	21	325	0.293	0.296
0280690813	2009	11	22	326	0.289	0.296
0280690813	2009	11	23	327	0.286	0.295
0280690813	2009	11	24	328	0.284	0.295
0280690813	2009	11	25	329	0.309	0.296
0280690813	2009	11	26	330	0.31	0.296
0280690813	2009	11	27	331	0.312	0.297
0280690813	2009	11	28	332	0.301	0.297
0280690813	2009	11	29	333	0.322	0.301
0280690813	2009	11	30	334	0.318	0.301
0280690813	2009	12	1	335	0.301	0.299
0280690813	2009	12	2	336	0.345	0.318
0280690813	2009	12	3	337	0.341	0.337
0280690813	2009	12	4	338	0.305	0.313
0280690813	2009	12	5	339	0.297	0.312
0280690813	2009	12	6	340	0.293	0.308
0280690813	2009	12	7	341	0.29	0.305
0280690813	2009	12	8	342	0.289	0.303
0280690813	2009	12	9	343	0.347	0.309
0280690813	2009	12	10	344	0.304	0.315
0280690813	2009	12	11	345	0.302	0.313
0280690813	2009	12	12	346	0.3	0.31
0280690813	2009	12	13	347	0.344	0.375
0280690813	2009	12	14	348	0.342	0.366
0280690813	2009	12	15	349	0.341	0.358
0280690813	2009	12	16	350	0.31	0.32
0280690813	2009	12	17	351	0.299	0.317
0280690813	2009	12	18	352	0.295	0.312
0280690813	2009	12	19	353	0.292	0.309
0280690813	2009	12	20	354	0.292	0.307
0280690813	2009	12	21	355	0.291	0.305
0280690813	2009	12	22	356	0.29	0.304
0280690813	2009	12	23	357	0.29	0.302
0280690813	2009	12	24	358	0.288	0.303
0280690813	2009	12	25	359	0.349	0.336
0280690813	2009	12	26	360	0.332	0.369
0280690813	2009	12	27	361	0.305	0.315
0280690813	2009	12	28	362	0.301	0.311
0280690813	2009	12	29	363	0.294	0.309
0280690813	2009	12	30	364	0.292	0.307
0280690813	2009	12	31	365	0.289	0.306
0280690813	2010	1	1	1	0.287	0.304
0280690813	2010	1	2	2	0.285	0.303
0280690813	2010	1	3	3	0.276	0.302
0280690813	2010	1	4	4	0.26	0.301
0280690813	2010	1	5	5	0.253	0.3
0280690813	2010	1	6	6	0.25	0.299
0280690813	2010	1	7	7	0.249	0.299
0280690813	2010	1	8	8	0.25	0.298
0280690813	2010	1	9	9	0.25	0.297
0280690813	2010	1	10	10	0.25	0.297
0280690813	2010	1	11	11	0.249	0.296
0280690813	2010	1	12	12	0.25	0.296
0280690813	2010	1	13	13	0.252	0.295
0280690813	2010	1	14	14	0.254	0.295
0280690813	2010	1	15	15	0.257	0.335
0280690813	2010	1	16	16	0.262	0.326
0280690813	2010	1	17	17	0.267	0.32
0280690813	2010	1	18	18	0.269	0.308
0280690813	2010	1	19	19	0.27	0.304
0280690813	2010	1	20	20	0.27	0.301
0280690813	2010	1	21	21	0.27	0.3
0280690813	2010	1	22	22	0.267	0.298
0280690813	2010	1	23	23	0.267	0.297
0280690813	2010	1	24	24	0.33	0.3095
0280690813	2010	1	25	25	0.333	0.322
0280690813	2010	1	26	26	0.301	0.322
0280690813	2010	1	27	27	0.299	0.312
0280690813	2010	1	28	28	0.289	0.31
0280690813	2010	1	29	29	0.276	0.308
0280690813	2010	1	30	30	0.262	0.307
0280690813	2010	1	31	31	0.249	0.305
0280690813	2010	2	1	32	0.238	0.304
0280690813	2010	2	2	33	0.23	0.302
0280690813	2010	2	3	34	0.224	0.301
0280690813	2010	2	4	35	0.224	0.301
0280690813	2010	2	5	36	0.223	0.299
0280690813	2010	2	6	37	0.222	0.299
0280690813	2010	2	7	38	0.219	0.298
0280690813	2010	2	8	39	0.215	0.297
0280690813	2010	2	9	40	0.21	0.296
0280690813	2010	2	10	41	0.207	0.296
0280690813	2010	2	11	42	0.208	0.295
0280690813	2010	2	12	43	0.208	0.295
0280690813	2010	2	13	44	0.209	0.294
0280690813	2010	2	14	45	0.21	0.294
0280690813	2010	2	15	46	0.211	0.293
0280690813	2010	2	16	47	0.212	0.292
0280690813	2010	2	17	48	0.214	0.292
0280690813	2010	2	18	49	0.216	0.291
0280690813	2010	2	19	50	0.219	0.291
0280690813	2010	2	20	51	0.221	0.29
0280690813	2010	2	21	52	0.223	0.29
0280690813	2010	2	22	53	0.226	0.29
0280690813	2010	2	23	54	0.229	0.289
0280690813	2010	2	24	55	0.232	0.289
0280690813	2010	2	25	56	0.234	0.289
0280690813	2010	2	26	57	0.235	0.289
0280690813	2010	2	27	58	0.237	0.289
0280690813	2010	2	28	59	0.239	0.311
0280690813	2010	3	1	60	0.242	0.311
0280690813	2010	3	2	61	0.245	0.305
0280690813	2010	3	3	62	0.247	0.301
0280690813	2010	3	4	63	0.249	0.297
0280690813	2010	3	5	64	0.25	0.296
0280690813	2010	3	6	65	0.252	0.309
0280690813	2010	3	7	66	0.262	0.374
0280690813	2010	3	8	67	0.277	0.346
0280690813	2010	3	9	68	0.297	0.33
0280690813	2010	3	10	69	0.351	0.332
0280690813	2010	3	11	70	0.349	0.332
0280690813	2010	3	12	71	0.349	0.335
0280690813	2010	3	13	72	0.3345	0.342
0280690813	2010	3	14	73	0.32	0.331
0280690813	2010	3	15	74	0.299	0.321
0280690813	2010	3	16	75	0.288	0.316
0280690813	2010	3	17	76	0.281	0.314
0280690813	2010	3	18	77	0.276	0.312
0280690813	2010	3	19	78	0.272	0.31
0280690813	2010	3	20	79	0.271	0.308
0280690813	2010	3	21	80	0.265	0.306
0280690813	2010	3	22	81	0.263	0.305
0280690813	2010	3	23	82	0.263	0.303
0280690813	2010	3	24	83	0.261	0.302
0280690813	2010	3	25	84	0.26	0.301
0280690813	2010	3	26	85	0.258	0.301
0280690813	2010	3	27	86	0.256	0.3
0280690813	2010	3	28	87	0.298	0.305
0280690813	2010	3	29	88	0.297	0.305
0280690813	2010	3	30	89	0.284	0.301
0280690813	2010	3	31	90	0.279	0.3
0280690813	2010	4	1	91	0.275	0.3
0280690813	2010	4	2	92	0.269	0.3
0280690813	2010	4	3	93	0.263	0.3
0280690813	2010	4	4	94	0.26	0.3
0280690813	2010	4	5	95	0.256	0.299
0280690813	2010	4	6	96	0.352	0.351
0280690813	2010	4	7	97	0.332	0.322
0280690813	2010	4	8	98	0.318	0.322
0280690813	2010	4	9	99	0.302	0.32
0280690813	2010	4	10	100	0.292	0.316
0280690813	2010	4	11	101	0.287	0.312
0280690813	2010	4	12	102	0.28	0.311
0280690813	2010	4	13	103	0.273	0.309
0280690813	2010	4	14	104	0.269	0.307
0280690813	2010	4	15	105	0.262	0.306
0280690813	2010	4	16	106	0.255	0.304
0280690813	2010	4	17	107	0.248	0.303
0280690813	2010	4	18	108	0.243	0.301
0280690813	2010	4	19	109	0.239	0.3
0280690813	2010	4	20	110	0.234	0.298
0280690813	2010	4	21	111	0.229	0.297
0280690813	2010	4	22	112	0.223	0.295
0280690813	2010	4	23	113	0.217	0.293
0280690813	2010	4	24	114	0.212	0.291
0280690813	2010	4	25	115	0.314	0.316
0280690813	2010	4	26	116	0.288	0.306
0280690813	2010	4	27	117	0.267	0.298
0280690813	2010	4	28	118	0.251	0.294
0280690813	2010	4	29	119	0.241	0.292
0280690813	2010	4	30	120	0.234	0.29
0280690813	2010	5	1	121	0.272	0.319
0280690813	2010	5	2	122	0.35	0.323
0280690813	2010	5	3	123	0.313	0.327
0280690813	2010	5	4	124	0.295	0.318
0280690813	2010	5	5	125	0.276	0.312
0280690813	2010	5	6	126	0.263	0.307
0280690813	2010	5	7	127	0.344	0.317
0280690813	2010	5	8	128	0.315	0.327
0280690813	2010	5	9	129	0.298	0.323
0280690813	2010	5	10	130	0.283	0.315
0280690813	2010	5	11	131	0.348	0.321
0280690813	2010	5	12	132	0.315	0.327
0280690813	2010	5	13	133	0.347	0.342
0280690813	2010	5	14	134	0.316	0.338
0280690813	2010	5	15	135	0.301	0.325
0280690813	2010	5	16	136	0.29	0.318
0280690813	2010	5	17	137	0.277	0.315
0280690813	2010	5	18	138	0.269	0.312
0280690813	2010	5	19	139	0.266	0.309
0280690813	2010	5	20	140	0.259	0.307
0280690813	2010	5	21	141	0.248	0.305
0280690813	2010	5	22	142	0.242	0.303
0280690813	2010	5	23	143	0.237	0.301
0280690813	2010	5	24	144	0.228	0.299
0280690813	2010	5	25	145	0.216	0.295
0280690813	2010	5	26	146	0.205	0.291
0280690813	2010	5	27	147	0.194	0.287
0280690813	2010	5	28	148	0.181	0.281
0280690813	2010	5	29	149	0.169	0.274
0280690813	2010	5	30	150	0.159	0.266
0280690813	2010	5	31	151	0.169	0.254
0280690813	2010	6	1	152	0.168	0.247
0280690813	2010	6	2	153	0.176	0.244
0280690813	2010	6	3	154	0.171	0.244
0280690813	2010	6	4	155	0.16	0.244
0280690813	2010	6	5	156	0.167	0.243
0280690813	2010	6	6	157	0.327	0.292
0280690813	2010	6	7	158	0.295	0.268
0280690813	2010	6	8	159	0.275	0.264
0280690813	2010	6	9	160	0.275	0.262
0280690813	2010	6	10	161	0.266	0.26
0280690813	2010	6	11	162	0.249	0.259
0280690813	2010	6	12	163	0.24	0.259
0280690813	2010	6	13	164	0.232	0.258
0280690813	2010	6	14	165	0.226	0.258
0280690813	2010	6	15	166	0.223	0.258
0280690813	2010	6	16	167	0.215	0.257
0280690813	2010	6	17	168	0.208	0.256
0280690813	2010	6	18	169	0.199	0.255
0280690813	2010	6	19	170	0.189	0.254
0280690813	2010	6	20	171	0.181	0.253
0280690813	2010	6	21	172	0.172	0.251
0280690813	2010	6	22	173	0.202	0.248
0280690813	2010	6	23	174	0.175	0.248
0280690813	2010	6	24	175	0.17	0.247
0280690813	2010	6	25	176	0.166	0.245
0280690813	2010	6	26	177	0.159	0.242
0280690813	2010	6	27	178	0.219	0.268
0280690813	2010	6	28	179	0.194	0.261
0280690813	2010	6	29	180	0.177	0.251
0280690813	2010	6	30	181	0.164	0.245
0280690813	2010	7	1	182	0.155	0.239
0280690813	2010	7	2	183	0.149	0.233
0280690813	2010	7	3	184	0.145	0.228
0280690813	2010	7	4	185	0.142	0.221
0280690813	2010	7	5	186	0.139	0.213
0280690813	2010	7	6	187	0.137	0.205
0280690813	2010	7	7	188	0.135	0.197
0280690813	2010	7	8	189	0.151	0.19
0280690813	2010	7	9	190	0.14	0.187
0280690813	2010	7	10	191	0.137	0.187
0280690813	2010	7	11	192	0.179	0.183
0280690813	2010	7	12	193	0.148	0.184
0280690813	2010	7	13	194	0.142	0.183
0280690813	2010	7	14	195	0.2285	0.2665
0280690813	2010	7	15	196	0.315	0.35
0280690813	2010	7	16	197	0.299	0.308
0280690813	2010	7	17	198	0.271	0.28
0280690813	2010	7	18	199	0.252	0.272
0280690813	2010	7	19	200	0.241	0.267
0280690813	2010	7	20	201	0.232	0.263
0280690813	2010	7	21	202	0.227	0.26
0280690813	2010	7	22	203	0.218	0.256
0280690813	2010	7	23	204	0.213	0.254
0280690813	2010	7	24	205	0.209	0.252
0280690813	2010	7	25	206	0.209	0.251
0280690813	2010	7	26	207	0.204	0.249
0280690813	2010	7	27	208	0.198	0.247
0280690813	2010	7	28	209	0.192	0.244
0280690813	2010	7	29	210	0.188	0.242
0280690813	2010	7	30	211	0.182	0.24
0280690813	2010	7	31	212	0.203	0.238
0280690813	2010	8	1	213	0.193	0.237
0280690813	2010	8	2	214	0.186	0.236
0280690813	2010	8	3	215	0.182	0.235
0280690813	2010	8	4	216	0.178	0.233
0280690813	2010	8	5	217	0.174	0.231
0280690813	2010	8	6	218	0.168	0.229
0280690813	2010	8	7	219	0.163	0.226
0280690813	2010	8	8	220	0.159	0.223
0280690813	2010	8	9	221	0.156	0.22
0280690813	2010	8	10	222	0.155	0.218
0280690813	2010	8	11	223	0.154	0.215
0280690813	2010	8	12	224	0.152	0.213
0280690813	2010	8	13	225	0.151	0.211
0280690813	2010	8	14	226	0.149	0.208
0280690813	2010	8	15	227	0.148	0.205
0280690813	2010	8	16	228	0.146	0.202
0280690813	2010	8	17	229	0.143	0.199
0280690813	2010	8	18	230	0.14	0.195
0280690813	2010	8	19	231	0.191	0.234
0280690813	2010	8	20	232	0.159	0.23
0280690813	2010	8	21	233	0.15	0.222
0280690813	2010	8	22	234	0.148	0.216
0280690813	2010	8	23	235	0.146	0.21
0280690813	2010	8	24	236	0.144	0.205
0280690813	2010	8	25	237	0.143	0.201
0280690813	2010	8	26	238	0.141	0.197
0280690813	2010	8	27	239	0.138	0.193
0280690813	2010	8	28	240	0.136	0.189
0280690813	2010	8	29	241	0.135	0.186
0280690813	2010	8	30	242	0.134	0.184
0280690813	2010	8	31	243	0.134	0.182
0280690813	2010	9	1	244	0.133	0.181
0280690813	2010	9	2	245	0.138	0.181
0280690813	2010	9	3	246	0.134	0.181
0280690813	2010	9	4	247	0.133	0.18
0280690813	2010	9	5	248	0.13	0.179
0280690813	2010	9	6	249	0.13	0.176
0280690813	2010	9	7	250	0.13	0.176
0280690813	2010	9	8	251	0.129	0.175
0280690813	2010	9	9	252	0.128	0.173
0280690813	2010	9	10	253	0.128	0.172
0280690813	2010	9	11	254	0.162	0.195
0280690813	2010	9	12	255	0.142	0.197
0280690813	2010	9	13	256	0.139	0.196
0280690813	2010	9	14	257	0.137	0.193
0280690813	2010	9	15	258	0.1895	0.189
0280690813	2010	9	16	259	0.242	0.29
0280690813	2010	9	17	260	0.237	0.272
0280690813	2010	9	18	261	0.227	0.252
0280690813	2010	9	19	262	0.22	0.242
0280690813	2010	9	20	263	0.202	0.235
0280690813	2010	9	21	264	0.191	0.229
0280690813	2010	9	22	265	0.184	0.225
0280690813	2010	9	23	266	0.183	0.222
0280690813	2010	9	24	267	0.179	0.219
0280690813	2010	9	25	268	0.174	0.216
0280690813	2010	9	26	269	0.168	0.212
0280690813	2010	9	27	270	0.165	0.209
0280690813	2010	9	28	271	0.289	0.299
0280690813	2010	9	29	272	0.279	0.286
0280690813	2010	9	30	273	0.261	0.267
0280690813	2010	10	1	274	0.25	0.257
0280690813	2010	10	2	275	0.325	0.301
0280690813	2010	10	3	276	0.285	0.289
0280690813	2010	10	4	277	0.27	0.274
0280690813	2010	10	5	278	0.261	0.265
0280690813	2010	10	6	279	0.252	0.259
0280690813	2010	10	7	280	0.244	0.255
0280690813	2010	10	8	281	0.236	0.251
0280690813	2010	10	9	282	0.228	0.248
0280690813	2010	10	10	283	0.222	0.245
0280690813	2010	10	11	284	0.217	0.243
0280690813	2010	10	12	285	0.212	0.241
0280690813	2010	10	13	286	0.211	0.239
0280690813	2010	10	14	287	0.248	0.237
0280690813	2010	10	15	288	0.243	0.236
0280690813	2010	10	16	289	0.231	0.235
0280690813	2010	10	17	290	0.223	0.233
0280690813	2010	10	18	291	0.216	0.232
0280690813	2010	10	19	292	0.213	0.231
0280690813	2010	10	20	293	0.228	0.23
0280690813	2010	10	21	294	0.238	0.229
0280690813	2010	10	22	295	0.238	0.227
0280690813	2010	10	23	296	0.233	0.226
0280690813	2010	10	24	297	0.231	0.226
0280690813	2010	10	25	298	0.226	0.226
0280690813	2010	10	26	299	0.258	0.227
0280690813	2010	10	27	300	0.257	0.227
0280690813	2010	10	28	301	0.246	0.227
0280690813	2010	10	29	302	0.238	0.226
0280690813	2010	10	30	303	0.232	0.225
0280690813	2010	10	31	304	0.227	0.224
0280690813	2010	11	1	305	0.222	0.223
0280690813	2010	11	2	306	0.218	0.222
0280690813	2010	11	3	307	0.215	0.221
0280690813	2010	11	4	308	0.215	0.22
0280690813	2010	11	5	309	0.215	0.22
0280690813	2010	11	6	310	0.213	0.22
0280690813	2010	11	7	311	0.211	0.219
0280690813	2010	11	8	312	0.209	0.219
0280690813	2010	11	9	313	0.207	0.218
0280690813	2010	11	10	314	0.205	0.218
0280690813	2010	11	11	315	0.205	0.217
0280690813	2010	11	12	316	0.204	0.217
0280690813	2010	11	13	317	0.203	0.217
0280690813	2010	11	14	318	0.203	0.217
0280690813	2010	11	15	319	0.202	0.217
0280690813	2010	11	16	320	0.227	0.217
0280690813	2010	11	17	321	0.276	0.218
0280690813	2010	11	18	322	0.265	0.218
0280690813	2010	11	19	323	0.26	0.218
0280690813	2010	11	20	324	0.256	0.218
0280690813	2010	11	21	325	0.251	0.218
0280690813	2010	11	22	326	0.286	0.219
0280690813	2010	11	23	327	0.287	0.221
0280690813	2010	11	24	328	0.269	0.221
0280690813	2010	11	25	329	0.308	0.253
0280690813	2010	11	26	330	0.297	0.255
0280690813	2010	11	27	331	0.273	0.254
0280690813	2010	11	28	332	0.269	0.251
0280690813	2010	11	29	333	0.266	0.249
0280690813	2010	11	30	334	0.319	0.294
0280690813	2010	12	1	335	0.294	0.289
0280690813	2010	12	2	336	0.281	0.287
0280690813	2010	12	3	337	0.273	0.282
0280690813	2010	12	4	338	0.27	0.28
0280690813	2010	12	5	339	0.268	0.277
0280690813	2010	12	6	340	0.264	0.275
0280690813	2010	12	7	341	0.26	0.274
0280690813	2010	12	8	342	0.256	0.272
0280690813	2010	12	9	343	0.253	0.271
0280690813	2010	12	10	344	0.249	0.27
0280690813	2010	12	11	345	0.249	0.269
0280690813	2010	12	12	346	0.288	0.273
0280690813	2010	12	13	347	0.2805	0.2735
0280690813	2010	12	14	348	0.273	0.274
0280690813	2010	12	15	349	0.273	0.274
0280690813	2010	12	16	350	0.273	0.274
0280690813	2010	12	17	351	0.273	0.274
0280690813	2010	12	18	352	0.272	0.274
0280690813	2010	12	19	353	0.271	0.273
0280690813	2010	12	20	354	0.27	0.2725
0280690813	2010	12	21	355	0.269	0.272
0280690813	2010	12	22	356	0.27	0.272
0280690813	2010	12	23	357	0.271	0.272
0280690813	2010	12	24	358	0.271	0.271
0280690813	2010	12	25	359	0.271	0.271
0280690813	2010	12	26	360	0.271	0.271
0280690813	2010	12	27	361	0.27	0.271
0280690813	2010	12	28	362	0.27	0.271
0280690813	2010	12	29	363	0.269	0.27
0280690813	2010	12	30	364	0.291	0.291
0280690813	2010	12	31	365	0.328	0.356
0280690813	2011	1	1	1	0.328	0.344
0280690813	2011	1	2	2	0.291	0.295
0280690813	2011	1	3	3	0.273	0.289
0280690813	2011	1	4	4	0.267	0.287
0280690813	2011	1	5	5	0.263	0.285
0280690813	2011	1	6	6	0.259	0.283
0280690813	2011	1	7	7	0.255	0.282
0280690813	2011	1	8	8	0.25	0.2805
0280690813	2011	1	9	9	0.245	0.279
0280690813	2011	1	10	10	0.235	0.278
0280690813	2011	1	11	11	0.228	0.277
0280690813	2011	1	12	12	0.225	0.277
0280690813	2011	1	13	13	0.225	0.276
0280690813	2011	1	14	14	0.227	0.275
0280690813	2011	1	15	15	0.229	0.275
0280690813	2011	1	16	16	0.23	0.274
0280690813	2011	1	17	17	0.23	0.273
0280690813	2011	1	18	18	0.244	0.298
0280690813	2011	1	19	19	0.247	0.291
0280690813	2011	1	20	20	0.248	0.284
0280690813	2011	1	21	21	0.248	0.282
0280690813	2011	1	22	22	0.246	0.28
0280690813	2011	1	23	23	0.241	0.279
0280690813	2011	1	24	24	0.236	0.278
0280690813	2011	1	25	25	0.235	0.275
0280690813	2011	1	26	26	0.237	0.274
0280690813	2011	1	27	27	0.24	0.274
0280690813	2011	1	28	28	0.242	0.273
0280690813	2011	1	29	29	0.243	0.273
0280690813	2011	1	30	30	0.243	0.273
0280690813	2011	1	31	31	0.2425	0.272
0280690813	2011	2	1	32	0.242	0.271
0280690813	2011	2	2	33	0.242	0.2705
0280690813	2011	2	3	34	0.242	0.27
0280690813	2011	2	4	35	0.242	0.269
0280690813	2011	2	5	36	0.242	0.269
0280690813	2011	2	6	37	0.243	0.269
0280690813	2011	2	7	38	0.244	0.27
0280690813	2011	2	8	39	0.245	0.269
0280690813	2011	2	9	40	0.246	0.269
0280690813	2011	2	10	41	0.246	0.269
0280690813	2011	2	11	42	0.245	0.268
0280690813	2011	2	12	43	0.244	0.268
0280690813	2011	2	13	44	0.249	0.268
0280690813	2011	2	14	45	0.262	0.268
0280690813	2011	2	15	46	0.267	0.268
0280690813	2011	2	16	47	0.296	0.269
0280690813	2011	2	17	48	0.342	0.356
0280690813	2011	2	18	49	0.342	0.358
0280690813	2011	2	19	50	0.287	0.296
0280690813	2011	2	20	51	0.267	0.29
0280690813	2011	2	21	52	0.261	0.289
0280690813	2011	2	22	53	0.26	0.287
0280690813	2011	2	23	54	0.258	0.286
0280690813	2011	2	24	55	0.256	0.285
0280690813	2011	2	25	56	0.257	0.284
0280690813	2011	2	26	57	0.257	0.283
0280690813	2011	2	27	58	0.277	0.282
0280690813	2011	2	28	59	0.31	0.359
0280690813	2011	3	1	60	0.295	0.294
0280690813	2011	3	2	61	0.28	0.292
0280690813	2011	3	3	62	0.271	0.291
0280690813	2011	3	4	63	0.287	0.3
0280690813	2011	3	5	64	0.333	0.323
0280690813	2011	3	6	65	0.293	0.3
0280690813	2011	3	7	66	0.286	0.298
0280690813	2011	3	8	67	0.292	0.297
0280690813	2011	3	9	68	0.331	0.353
0280690813	2011	3	10	69	0.321	0.349
0280690813	2011	3	11	70	0.295	0.346
0280690813	2011	3	12	71	0.325	0.343
0280690813	2011	3	13	72	0.299	0.331
0280690813	2011	3	14	73	0.339	0.328
0280690813	2011	3	15	74	0.307	0.318
0280690813	2011	3	16	75	0.31	0.313
0280690813	2011	3	17	76	0.297	0.306
0280690813	2011	3	18	77	0.282	0.305
0280690813	2011	3	19	78	0.274	0.304
0280690813	2011	3	20	79	0.343	0.359
0280690813	2011	3	21	80	0.343	0.36
0280690813	2011	3	22	81	0.288	0.321
0280690813	2011	3	23	82	0.298	0.357
0280690813	2011	3	24	83	0.297	0.354
0280690813	2011	3	25	84	0.295	0.353
0280690813	2011	3	26	85	0.293	0.351
0280690813	2011	3	27	86	0.303	0.34
0280690813	2011	3	28	87	0.296	0.332
0280690813	2011	3	29	88	0.288	0.31
0280690813	2011	3	30	89	0.282	0.308
0280690813	2011	3	31	90	0.276	0.304
0280690813	2011	4	1	91	0.275	0.302
0280690813	2011	4	2	92	0.272	0.301
0280690813	2011	4	3	93	0.303	0.359
0280690813	2011	4	4	94	0.303	0.312
0280690813	2011	4	5	95	0.288	0.31
0280690813	2011	4	6	96	0.346	0.32
0280690813	2011	4	7	97	0.298	0.31
0280690813	2011	4	8	98	0.285	0.309
0280690813	2011	4	9	99	0.277	0.306
0280690813	2011	4	10	100	0.274	0.304
0280690813	2011	4	11	101	0.324	0.322
0280690813	2011	4	12	102	0.289	0.313
0280690813	2011	4	13	103	0.275	0.307
0280690813	2011	4	14	104	0.27	0.305
0280690813	2011	4	15	105	0.266	0.302
0280690813	2011	4	16	106	0.308	0.305
0280690813	2011	4	17	107	0.296	0.304
0280690813	2011	4	18	108	0.294	0.318
0280690813	2011	4	19	109	0.289	0.311
0280690813	2011	4	20	110	0.316	0.358
0280690813	2011	4	21	111	0.294	0.312
0280690813	2011	4	22	112	0.282	0.308
0280690813	2011	4	23	113	0.331	0.365
0280690813	2011	4	24	114	0.289	0.314
0280690813	2011	4	25	115	0.289	0.31
0280690813	2011	4	26	116	0.29	0.308
0280690813	2011	4	27	117	0.323	0.321
0280690813	2011	4	28	118	0.335	0.359
0280690813	2011	4	29	119	0.303	0.322
0280690813	2011	4	30	120	0.292	0.316
0280690813	2011	5	1	121	0.293	0.312
0280690813	2011	5	2	122	0.29	0.311
0280690813	2011	5	3	123	0.282	0.309
0280690813	2011	5	4	124	0.277	0.307
0280690813	2011	5	5	125	0.272	0.304
0280690813	2011	5	6	126	0.264	0.303
0280690813	2011	5	7	127	0.263	0.302
0280690813	2011	5	8	128	0.258	0.301
0280690813	2011	5	9	129	0.251	0.299
0280690813	2011	5	10	130	0.244	0.298
0280690813	2011	5	11	131	0.24	0.297
0280690813	2011	5	12	132	0.233	0.296
0280690813	2011	5	13	133	0.352	0.374
0280690813	2011	5	14	134	0.353	0.375
0280690813	2011	5	15	135	0.352	0.336
0280690813	2011	5	16	136	0.311	0.324
0280690813	2011	5	17	137	0.298	0.321
0280690813	2011	5	18	138	0.355	0.337
0280690813	2011	5	19	139	0.327	0.332
0280690813	2011	5	20	140	0.313	0.323
0280690813	2011	5	21	141	0.293	0.32
0280690813	2011	5	22	142	0.348	0.347
0280690813	2011	5	23	143	0.339	0.334
0280690813	2011	5	24	144	0.3	0.324
0280690813	2011	5	25	145	0.34	0.34
0280690813	2011	5	26	146	0.339	0.335
0280690813	2011	5	27	147	0.324	0.33
0280690813	2011	5	28	148	0.318	0.326
0280690813	2011	5	29	149	0.361	0.329
0280690813	2011	5	30	150	0.321	0.328
0280690813	2011	5	31	151	0.3	0.324
0280690813	2011	6	1	152	0.282	0.32
0280690813	2011	6	2	153	0.267	0.316
0280690813	2011	6	3	154	0.257	0.313
0280690813	2011	6	4	155	0.251	0.311
0280690813	2011	6	5	156	0.243	0.309
0280690813	2011	6	6	157	0.235	0.307
0280690813	2011	6	7	158	0.229	0.305
0280690813	2011	6	8	159	0.224	0.303
0280690813	2011	6	9	160	0.217	0.301
0280690813	2011	6	10	161	0.212	0.298
0280690813	2011	6	11	162	0.209	0.296
0280690813	2011	6	12	163	0.207	0.293
0280690813	2011	6	13	164	0.204	0.291
0280690813	2011	6	14	165	0.2	0.288
0280690813	2011	6	15	166	0.195	0.285
0280690813	2011	6	16	167	0.191	0.282
0280690813	2011	6	17	168	0.19	0.28
0280690813	2011	6	18	169	0.187	0.277
0280690813	2011	6	19	170	0.182	0.274
0280690813	2011	6	20	171	0.217	0.271
0280690813	2011	6	21	172	0.206	0.268
0280690813	2011	6	22	173	0.334	0.301
0280690813	2011	6	23	174	0.307	0.29
0280690813	2011	6	24	175	0.307	0.283
0280690813	2011	6	25	176	0.299	0.279
0280690813	2011	6	26	177	0.277	0.277
0280690813	2011	6	27	178	0.26	0.274
0280690813	2011	6	28	179	0.248	0.272
0280690813	2011	6	29	180	0.236	0.27
0280690813	2011	6	30	181	0.224	0.268
0280690813	2011	7	1	182	0.213	0.265
0280690813	2011	7	2	183	0.313	0.283
0280690813	2011	7	3	184	0.278	0.278
0280690813	2011	7	4	185	0.243	0.272
0280690813	2011	7	5	186	0.222	0.267
0280690813	2011	7	6	187	0.205	0.261
0280690813	2011	7	7	188	0.194	0.255
0280690813	2011	7	8	189	0.184	0.25
0280690813	2011	7	9	190	0.175	0.244
0280690813	2011	7	10	191	0.167	0.238
0280690813	2011	7	11	192	0.163	0.232
0280690813	2011	7	12	193	0.162	0.229
0280690813	2011	7	13	194	0.158	0.225
0280690813	2011	7	14	195	0.154	0.22
0280690813	2011	7	15	196	0.278	0.238
0280690813	2011	7	16	197	0.265	0.24
0280690813	2011	7	17	198	0.225	0.239
0280690813	2011	7	18	199	0.206	0.235
0280690813	2011	7	19	200	0.2	0.231
0280690813	2011	7	20	201	0.309	0.271
0280690813	2011	7	21	202	0.267	0.261
0280690813	2011	7	22	203	0.319	0.349
0280690813	2011	7	23	204	0.284	0.282
0280690813	2011	7	24	205	0.282	0.272
0280690813	2011	7	25	206	0.262	0.267
0280690813	2011	7	26	207	0.351	0.364
0280690813	2011	7	27	208	0.311	0.302
0280690813	2011	7	28	209	0.338	0.364
0280690813	2011	7	29	210	0.323	0.339
0280690813	2011	7	30	211	0.293	0.318
0280690813	2011	7	31	212	0.276	0.309
0280690813	2011	8	1	213	0.258	0.305
0280690813	2011	8	2	214	0.282	0.303
0280690813	2011	8	3	215	0.278	0.302
0280690813	2011	8	4	216	0.259	0.3
0280690813	2011	8	5	217	0.246	0.299
0280690813	2011	8	6	218	0.318	0.329
0280690813	2011	8	7	219	0.316	0.336
0280690813	2011	8	8	220	0.302	0.321
0280690813	2011	8	9	221	0.311	0.366
0280690813	2011	8	10	222	0.29	0.319
0280690813	2011	8	11	223	0.275	0.312
0280690813	2011	8	12	224	0.261	0.309
0280690813	2011	8	13	225	0.251	0.306
0280690813	2011	8	14	226	0.25	0.304
0280690813	2011	8	15	227	0.246	0.303
0280690813	2011	8	16	228	0.239	0.301
0280690813	2011	8	17	229	0.23	0.299
0280690813	2011	8	18	230	0.222	0.297
0280690813	2011	8	19	231	0.215	0.295
0280690813	2011	8	20	232	0.296	0.298
0280690813	2011	8	21	233	0.282	0.298
0280690813	2011	8	22	234	0.26	0.296
0280690813	2011	8	23	235	0.243	0.294
0280690813	2011	8	24	236	0.289	0.295
0280690813	2011	8	25	237	0.289	0.293
0280690813	2011	8	26	238	0.267	0.291
0280690813	2011	8	27	239	0.251	0.29
0280690813	2011	8	28	240	0.238	0.288
0280690813	2011	8	29	241	0.228	0.287
0280690813	2011	8	30	242	0.22	0.285
0280690813	2011	8	31	243	0.213	0.283
0280690813	2011	9	1	244	0.209	0.282
0280690813	2011	9	2	245	0.204	0.281
0280690813	2011	9	3	246	0.2	0.28
0280690813	2011	9	4	247	0.196	0.279
0280690813	2011	9	5	248	0.194	0.278
0280690813	2011	9	6	249	0.191	0.276
0280690813	2011	9	7	250	0.229	0.275
0280690813	2011	9	8	251	0.259	0.276
0280690813	2011	9	9	252	0.258	0.275
0280690813	2011	9	10	253	0.31	0.299
0280690813	2011	9	11	254	0.274	0.298
0280690813	2011	9	12	255	0.264	0.295
0280690813	2011	9	13	256	0.254	0.294
0280690813	2011	9	14	257	0.276	0.292
0280690813	2011	9	15	258	0.276	0.291
0280690813	2011	9	16	259	0.262	0.29
0280690813	2011	9	17	260	0.252	0.288
0280690813	2011	9	18	261	0.244	0.287
0280690813	2011	9	19	262	0.307	0.293
0280690813	2011	9	20	263	0.285	0.294
0280690813	2011	9	21	264	0.272	0.294
0280690813	2011	9	22	265	0.266	0.293
0280690813	2011	9	23	266	0.302	0.309
0280690813	2011	9	24	267	0.285	0.307
0280690813	2011	9	25	268	0.275	0.304
0280690813	2011	9	26	269	0.352	0.371
0280690813	2011	9	27	270	0.286	0.311
0280690813	2011	9	28	271	0.306	0.308
0280690813	2011	9	29	272	0.305	0.307
0280690813	2011	9	30	273	0.302	0.308
0280690813	2011	10	1	274	0.299	0.311
0280690813	2011	10	2	275	0.288	0.31
0280690813	2011	10	3	276	0.28	0.307
0280690813	2011	10	4	277	0.274	0.305
0280690813	2011	10	5	278	0.268	0.303
0280690813	2011	10	6	279	0.263	0.301
0280690813	2011	10	7	280	0.258	0.3
0280690813	2011	10	8	281	0.254	0.299
0280690813	2011	10	9	282	0.25	0.298
0280690813	2011	10	10	283	0.246	0.297
0280690813	2011	10	11	284	0.243	0.296
0280690813	2011	10	12	285	0.242	0.295
0280690813	2011	10	13	286	0.253	0.294
0280690813	2011	10	14	287	0.264	0.293
0280690813	2011	10	15	288	0.29	0.293
0280690813	2011	10	16	289	0.279	0.291
0280690813	2011	10	17	290	0.27	0.29
0280690813	2011	10	18	291	0.26	0.289
0280690813	2011	10	19	292	0.321	0.333
0280690813	2011	10	20	293	0.322	0.36
0280690813	2011	10	21	294	0.295	0.317
0280690813	2011	10	22	295	0.283	0.306
0280690813	2011	10	23	296	0.278	0.303
0280690813	2011	10	24	297	0.312	0.301
0280690813	2011	10	25	298	0.287	0.299
0280690813	2011	10	26	299	0.286	0.298
0280690813	2011	10	27	300	0.293	0.297
0280690813	2011	10	28	301	0.293	0.296
0280690813	2011	10	29	302	0.288	0.295
0280690813	2011	10	30	303	0.284	0.294
0280690813	2011	10	31	304	0.281	0.293
0280690813	2011	11	1	305	0.278	0.293
0280690813	2011	11	2	306	0.275	0.292
0280690813	2011	11	3	307	0.27	0.291
0280690813	2011	11	4	308	0.267	0.291
0280690813	2011	11	5	309	0.264	0.29
0280690813	2011	11	6	310	0.259	0.289
0280690813	2011	11	7	311	0.257	0.288
0280690813	2011	11	8	312	0.255	0.288
0280690813	2011	11	9	313	0.288	0.29
0280690813	2011	11	10	314	0.286	0.29
0280690813	2011	11	11	315	0.278	0.289
0280690813	2011	11	12	316	0.273	0.288
0280690813	2011	11	13	317	0.269	0.287
0280690813	2011	11	14	318	0.3	0.301
0280690813	2011	11	15	319	0.287	0.299
0280690813	2011	11	16	320	0.282	0.297
0280690813	2011	11	17	321	0.277	0.295
0280690813	2011	11	18	322	0.273	0.293
0280690813	2011	11	19	323	0.269	0.291
0280690813	2011	11	20	324	0.266	0.29
0280690813	2011	11	21	325	0.262	0.29
0280690813	2011	11	22	326	0.308	0.307
0280690813	2011	11	23	327	0.301	0.308
0280690813	2011	11	24	328	0.284	0.3
0280690813	2011	11	25	329	0.281	0.298
0280690813	2011	11	26	330	0.277	0.296
0280690813	2011	11	27	331	0.309	0.31
0280690813	2011	11	28	332	0.319	0.312
0280690813	2011	11	29	333	0.347	0.361
0280690813	2011	11	30	334	0.32	0.313
0280690813	2011	12	1	335	0.3	0.308
0280690813	2011	12	2	336	0.302	0.306
0280690813	2011	12	3	337	0.298	0.301
0280690813	2011	12	4	338	0.322	0.309
0280690813	2011	12	5	339	0.316	0.317
0280690813	2011	12	6	340	0.306	0.309
0280690813	2011	12	7	341	0.299	0.306
0280690813	2011	12	8	342	0.297	0.304
0280690813	2011	12	9	343	0.292	0.299
0280690813	2011	12	10	344	0.29	0.297
0280690813	2011	12	11	345	0.284	0.294
0280690813	2011	12	12	346	0.28	0.292
0280690813	2011	12	13	347	0.279	0.291
0280690813	2011	12	14	348	0.341	0.313
0280690813	2011	12	15	349	0.318	0.309
0280690813	2011	12	16	350	0.312	0.305
0280690813	2011	12	17	351	0.297	0.301
0280690813	2011	12	18	352	0.294	0.298
0280690813	2011	12	19	353	0.292	0.296
0280690813	2011	12	20	354	0.29	0.295
0280690813	2011	12	21	355	0.314	0.304
0280690813	2011	12	22	356	0.31	0.304
0280690813	2011	12	23	357	0.309	0.302
0280690813	2011	12	24	358	0.297	0.301
0280690813	2011	12	25	359	0.295	0.299
0280690813	2011	12	26	360	0.292	0.297
0280690813	2011	12	27	361	0.31	0.296
0280690813	2011	12	28	362	0.311	0.296
0280690813	2011	12	29	363	0.292	0.295
0280690813	2011	12	30	364	0.348	0.337
0280690813	2011	12	31	365	0.321	0.315
0280690813	2012	1	1	1	0.31	0.308
0280690813	2012	1	2	2	0.299	0.304
0280690813	2012	1	3	3	0.291	0.3
0280690813	2012	1	4	4	0.285	0.297
0280690813	2012	1	5	5	0.281	0.295
0280690813	2012	1	6	6	0.292	0.293
0280690813	2012	1	7	7	0.294	0.293
0280690813	2012	1	8	8	0.29	0.292
0280690813	2012	1	9	9	0.286	0.291
0280690813	2012	1	10	10	0.285	0.29
0280690813	2012	1	11	11	0.283	0.29
0280690813	2012	1	12	12	0.305	0.291
0280690813	2012	1	13	13	0.305	0.292
0280690813	2012	1	14	14	0.293	0.292
0280690813	2012	1	15	15	0.284	0.291
0280690813	2012	1	16	16	0.278	0.29
0280690813	2012	1	17	17	0.344	0.332
0280690813	2012	1	18	18	0.305	0.306
0280690813	2012	1	19	19	0.283	0.304
0280690813	2012	1	20	20	0.275	0.298
0280690813	2012	1	21	21	0.264	0.296
0280690813	2012	1	22	22	0.26	0.294
0280690813	2012	1	23	23	0.347	0.358
0280690813	2012	1	24	24	0.315	0.308
0280690813	2012	1	25	25	0.289	0.303
0280690813	2012	1	26	26	0.297	0.317
0280690813	2012	1	27	27	0.301	0.347
0280690813	2012	1	28	28	0.299	0.306
0280690813	2012	1	29	29	0.294	0.304
0280690813	2012	1	30	30	0.278	0.301
0280690813	2012	1	31	31	0.29	0.319
0280690813	2012	2	1	32	0.306	0.31
0280690813	2012	2	2	33	0.305	0.306
0280690813	2012	2	3	34	0.3	0.304
0280690813	2012	2	4	35	0.289	0.3
0280690813	2012	2	5	36	0.285	0.298
0280690813	2012	2	6	37	0.282	0.296
0280690813	2012	2	7	38	0.279	0.295
0280690813	2012	2	8	39	0.277	0.293
0280690813	2012	2	9	40	0.273	0.292
0280690813	2012	2	10	41	0.27	0.291
0280690813	2012	2	11	42	0.266	0.29
0280690813	2012	2	12	43	0.262	0.289
0280690813	2012	2	13	44	0.256	0.289
0280690813	2012	2	14	45	0.254	0.288
0280690813	2012	2	15	46	0.272	0.306
0280690813	2012	2	16	47	0.324	0.33
0280690813	2012	2	17	48	0.309	0.309
0280690813	2012	2	18	49	0.305	0.305
0280690813	2012	2	19	50	0.296	0.303
0280690813	2012	2	20	51	0.279	0.301
0280690813	2012	2	21	52	0.292	0.3
0280690813	2012	2	22	53	0.298	0.301
0280690813	2012	2	23	54	0.302	0.298
0280690813	2012	2	24	55	0.325	0.313
0280690813	2012	2	25	56	0.304	0.309
0280690813	2012	2	26	57	0.305	0.307
0280690813	2012	2	27	58	0.336	0.309
0280690813	2012	2	28	59	0.316	0.307
0280690813	2012	2	29	60	0.345	0.339
0280690813	2012	3	1	61	0.323	0.308
0280690813	2012	3	2	62	0.34	0.324
0280690813	2012	3	3	63	0.303	0.306
0280690813	2012	3	4	64	0.288	0.304
0280690813	2012	3	5	65	0.282	0.302
0280690813	2012	3	6	66	0.28	0.299
0280690813	2012	3	7	67	0.279	0.297
0280690813	2012	3	8	68	0.278	0.297
0280690813	2012	3	9	69	0.275	0.296
0280690813	2012	3	10	70	0.273	0.294
0280690813	2012	3	11	71	0.272	0.293
0280690813	2012	3	12	72	0.325	0.308
0280690813	2012	3	13	73	0.315	0.315
0280690813	2012	3	14	74	0.296	0.306
0280690813	2012	3	15	75	0.29	0.304
0280690813	2012	3	16	76	0.286	0.303
0280690813	2012	3	17	77	0.284	0.301
0280690813	2012	3	18	78	0.282	0.3
0280690813	2012	3	19	79	0.281	0.3
0280690813	2012	3	20	80	0.277	0.299
0280690813	2012	3	21	81	0.271	0.298
0280690813	2012	3	22	82	0.267	0.298
0280690813	2012	3	23	83	0.262	0.297
0280690813	2012	3	24	84	0.254	0.297
0280690813	2012	3	25	85	0.254	0.296
0280690813	2012	3	26	86	0.247	0.295
0280690813	2012	3	27	87	0.239	0.293
0280690813	2012	3	28	88	0.236	0.291
0280690813	2012	3	29	89	0.23	0.29
0280690813	2012	3	30	90	0.265	0.298
0280690813	2012	3	31	91	0.263	0.297
0280690813	2012	4	1	92	0.255	0.294
0280690813	2012	4	2	93	0.252	0.292
0280690813	2012	4	3	94	0.245	0.291
0280690813	2012	4	4	95	0.241	0.29
0280690813	2012	4	5	96	0.236	0.289
0280690813	2012	4	6	97	0.232	0.288
0280690813	2012	4	7	98	0.228	0.287
0280690813	2012	4	8	99	0.223	0.287
0280690813	2012	4	9	100	0.212	0.286
0280690813	2012	4	10	101	0.206	0.285
0280690813	2012	4	11	102	0.2	0.284
0280690813	2012	4	12	103	0.196	0.283
0280690813	2012	4	13	104	0.193	0.282
0280690813	2012	4	14	105	0.19	0.281
0280690813	2012	4	15	106	0.269	0.291
0280690813	2012	4	16	107	0.264	0.291
0280690813	2012	4	17	108	0.247	0.29
0280690813	2012	4	18	109	0.233	0.288
0280690813	2012	4	19	110	0.225	0.287
0280690813	2012	4	20	111	0.223	0.286
0280690813	2012	4	21	112	0.225	0.286
0280690813	2012	4	22	113	0.221	0.285
0280690813	2012	4	23	114	0.215	0.283
0280690813	2012	4	24	115	0.208	0.282
0280690813	2012	4	25	116	0.201	0.281
0280690813	2012	4	26	117	0.195	0.28
0280690813	2012	4	27	118	0.191	0.28
0280690813	2012	4	28	119	0.185	0.278
0280690813	2012	4	29	120	0.181	0.277
0280690813	2012	4	30	121	0.209	0.277
0280690813	2012	5	1	122	0.211	0.276
0280690813	2012	5	2	123	0.208	0.276
0280690813	2012	5	3	124	0.304	0.297
0280690813	2012	5	4	125	0.343	0.352
0280690813	2012	5	5	126	0.291	0.305
0280690813	2012	5	6	127	0.278	0.302
0280690813	2012	5	7	128	0.321	0.31
0280690813	2012	5	8	129	0.3	0.309
0280690813	2012	5	9	130	0.287	0.308
0280690813	2012	5	10	131	0.276	0.305
0280690813	2012	5	11	132	0.265	0.303
0280690813	2012	5	12	133	0.249	0.3
0280690813	2012	5	13	134	0.245	0.299
0280690813	2012	5	14	135	0.24	0.297
0280690813	2012	5	15	136	0.231	0.296
0280690813	2012	5	16	137	0.218	0.294
0280690813	2012	5	17	138	0.209	0.293
0280690813	2012	5	18	139	0.2	0.29
0280690813	2012	5	19	140	0.19	0.288
0280690813	2012	5	20	141	0.179	0.285
0280690813	2012	5	21	142	0.169	0.283
0280690813	2012	5	22	143	0.163	0.281
0280690813	2012	5	23	144	0.16	0.279
0280690813	2012	5	24	145	0.159	0.277
0280690813	2012	5	25	146	0.158	0.275
0280690813	2012	5	26	147	0.156	0.272
0280690813	2012	5	27	148	0.155	0.271
0280690813	2012	5	28	149	0.155	0.269
0280690813	2012	5	29	150	0.153	0.267
0280690813	2012	5	30	151	0.15	0.264
0280690813	2012	5	31	152	0.148	0.261
0280690813	2012	6	1	153	0.162	0.259
0280690813	2012	6	2	154	0.157	0.258
0280690813	2012	6	3	155	0.157	0.257
0280690813	2012	6	4	156	0.156	0.256
0280690813	2012	6	5	157	0.154	0.255
0280690813	2012	6	6	158	0.153	0.254
0280690813	2012	6	7	159	0.15	0.252
0280690813	2012	6	8	160	0.148	0.25
0280690813	2012	6	9	161	0.146	0.248
0280690813	2012	6	10	162	0.144	0.245
0280690813	2012	6	11	163	0.141	0.242
0280690813	2012	6	12	164	0.146	0.24
0280690813	2012	6	13	165	0.143	0.238
0280690813	2012	6	14	166	0.141	0.237
0280690813	2012	6	15	167	0.14	0.234
0280690813	2012	6	16	168	0.138	0.231
0280690813	2012	6	17	169	0.138	0.228
0280690813	2012	6	18	170	0.14	0.228
0280690813	2012	6	19	171	0.14	0.227
0280690813	2012	6	20	172	0.14	0.225
0280690813	2012	6	21	173	0.15	0.223
0280690813	2012	6	22	174	0.144	0.221
0280690813	2012	6	23	175	0.143	0.22
0280690813	2012	6	24	176	0.14	0.218
0280690813	2012	6	25	177	0.138	0.217
0280690813	2012	6	26	178	0.135	0.214
0280690813	2012	6	27	179	0.134	0.212
0280690813	2012	6	28	180	0.132	0.209
0280690813	2012	6	29	181	0.131	0.207
0280690813	2012	6	30	182	0.129	0.205
0280690813	2012	7	1	183	0.128	0.202
0280690813	2012	7	2	184	0.2265	0.2
0280690813	2012	7	3	185	0.325	0.351
0280690813	2012	7	4	186	0.276	0.301
0280690813	2012	7	5	187	0.306	0.289
0280690813	2012	7	6	188	0.275	0.285
0280690813	2012	7	7	189	0.256	0.282
0280690813	2012	7	8	190	0.241	0.28
0280690813	2012	7	9	191	0.228	0.277
0280690813	2012	7	10	192	0.216	0.274
0280690813	2012	7	11	193	0.205	0.272
0280690813	2012	7	12	194	0.194	0.27
0280690813	2012	7	13	195	0.184	0.267
0280690813	2012	7	14	196	0.174	0.265
0280690813	2012	7	15	197	0.167	0.263
0280690813	2012	7	16	198	0.161	0.261
0280690813	2012	7	17	199	0.156	0.258
0280690813	2012	7	18	200	0.166	0.257
0280690813	2012	7	19	201	0.175	0.257
0280690813	2012	7	20	202	0.169	0.256
0280690813	2012	7	21	203	0.161	0.254
0280690813	2012	7	22	204	0.157	0.253
0280690813	2012	7	23	205	0.153	0.251
0280690813	2012	7	24	206	0.149	0.25
0280690813	2012	7	25	207	0.145	0.247
0280690813	2012	7	26	208	0.245	0.246
0280690813	2012	7	27	209	0.261	0.247
0280690813	2012	7	28	210	0.258	0.248
0280690813	2012	7	29	211	0.231	0.247
0280690813	2012	7	30	212	0.212	0.246
0280690813	2012	7	31	213	0.198	0.246
0280690813	2012	8	1	214	0.186	0.245
0280690813	2012	8	2	215	0.175	0.244
0280690813	2012	8	3	216	0.166	0.243
0280690813	2012	8	4	217	0.157	0.242
0280690813	2012	8	5	218	0.153	0.241
0280690813	2012	8	6	219	0.151	0.241
0280690813	2012	8	7	220	0.146	0.238
0280690813	2012	8	8	221	0.141	0.236
0280690813	2012	8	9	222	0.235	0.236
0280690813	2012	8	10	223	0.346	0.254
0280690813	2012	8	11	224	0.314	0.256
0280690813	2012	8	12	225	0.291	0.256
0280690813	2012	8	13	226	0.271	0.256
0280690813	2012	8	14	227	0.282	0.256
0280690813	2012	8	15	228	0.271	0.256
0280690813	2012	8	16	229	0.254	0.256
0280690813	2012	8	17	230	0.24	0.256
0280690813	2012	8	18	231	0.231	0.256
0280690813	2012	8	19	232	0.221	0.255
0280690813	2012	8	20	233	0.213	0.255
0280690813	2012	8	21	234	0.204	0.254
0280690813	2012	8	22	235	0.197	0.253
0280690813	2012	8	23	236	0.191	0.253
0280690813	2012	8	24	237	0.186	0.252
0280690813	2012	8	25	238	0.182	0.251
0280690813	2012	8	26	239	0.179	0.251
0280690813	2012	8	27	240	0.178	0.25
0280690813	2012	8	28	241	0.177	0.25
0280690813	2012	8	29	242	0.176	0.248
0280690813	2012	8	30	243	0.175	0.247
0280690813	2012	8	31	244	0.176	0.246
0280690813	2012	9	1	245	0.175	0.244
0280690813	2012	9	2	246	0.175	0.243
0280690813	2012	9	3	247	0.174	0.241
0280690813	2012	9	4	248	0.186	0.241
0280690813	2012	9	5	249	0.187	0.241
0280690813	2012	9	6	250	0.187	0.241
0280690813	2012	9	7	251	0.187	0.241
0280690813	2012	9	8	252	0.204	0.241
0280690813	2012	9	9	253	0.199	0.24
0280690813	2012	9	10	254	0.194	0.239
0280690813	2012	9	11	255	0.191	0.238
0280690813	2012	9	12	256	0.19	0.237
0280690813	2012	9	13	257	0.19	0.236
0280690813	2012	9	14	258	0.206	0.235
0280690813	2012	9	15	259	0.201	0.235
0280690813	2012	9	16	260	0.197	0.235
0280690813	2012	9	17	261	0.197	0.234
0280690813	2012	9	18	262	0.196	0.233
0280690813	2012	9	19	263	0.192	0.233
0280690813	2012	9	20	264	0.191	0.231
0280690813	2012	9	21	265	0.19	0.23
0280690813	2012	9	22	266	0.19	0.229
0280690813	2012	9	23	267	0.188	0.228
0280690813	2012	9	24	268	0.186	0.226
0280690813	2012	9	25	269	0.186	0.225
0280690813	2012	9	26	270	0.185	0.224
0280690813	2012	9	27	271	0.183	0.223
0280690813	2012	9	28	272	0.183	0.222
0280690813	2012	9	29	273	0.181	0.221
0280690813	2012	9	30	274	0.181	0.22
0280690813	2012	10	1	275	0.178	0.219
0280690813	2012	10	2	276	0.179	0.218
0280690813	2012	10	3	277	0.2	0.22
0280690813	2012	10	4	278	0.186	0.22
0280690813	2012	10	5	279	0.192	0.22
0280690813	2012	10	6	280	0.192	0.22
0280690813	2012	10	7	281	0.191	0.219
0280690813	2012	10	8	282	0.188	0.217
0280690813	2012	10	9	283	0.186	0.216
0280690813	2012	10	10	284	0.188	0.215
0280690813	2012	10	11	285	0.187	0.214
0280690813	2012	10	12	286	0.188	0.213
0280690813	2012	10	13	287	0.23	0.212
0280690813	2012	10	14	288	0.248	0.213
0280690813	2012	10	15	289	0.245	0.214
0280690813	2012	10	16	290	0.234	0.214
0280690813	2012	10	17	291	0.248	0.214
0280690813	2012	10	18	292	0.277	0.214
0280690813	2012	10	19	293	0.268	0.214
0280690813	2012	10	20	294	0.281	0.214
0280690813	2012	10	21	295	0.273	0.214
0280690813	2012	10	22	296	0.265	0.214
0280690813	2012	10	23	297	0.298	0.215
0280690813	2012	10	24	298	0.279	0.217
0280690813	2012	10	25	299	0.274	0.218
0280690813	2012	10	26	300	0.267	0.218
0280690813	2012	10	27	301	0.261	0.218
0280690813	2012	10	28	302	0.255	0.217
0280690813	2012	10	29	303	0.248	0.216
0280690813	2012	10	30	304	0.286	0.217
0280690813	2012	10	31	305	0.28	0.216
0280690813	2012	11	1	306	0.277	0.215
0280690813	2012	11	2	307	0.271	0.215
0280690813	2012	11	3	308	0.265	0.214
0280690813	2012	11	4	309	0.261	0.214
0280690813	2012	11	5	310	0.257	0.213
0280690813	2012	11	6	311	0.254	0.213
0280690813	2012	11	7	312	0.251	0.213
0280690813	2012	11	8	313	0.248	0.213
0280690813	2012	11	9	314	0.246	0.213
0280690813	2012	11	10	315	0.246	0.213
0280690813	2012	11	11	316	0.245	0.214
0280690813	2012	11	12	317	0.292	0.215
0280690813	2012	11	13	318	0.277	0.215
0280690813	2012	11	14	319	0.268	0.214
0280690813	2012	11	15	320	0.264	0.214
0280690813	2012	11	16	321	0.261	0.214
0280690813	2012	11	17	322	0.259	0.213
0280690813	2012	11	18	323	0.256	0.214
0280690813	2012	11	19	324	0.255	0.214
0280690813	2012	11	20	325	0.254	0.215
0280690813	2012	11	21	326	0.253	0.215
0280690813	2012	11	22	327	0.263	0.215
0280690813	2012	11	23	328	0.288	0.216
0280690813	2012	11	24	329	0.268	0.216
0280690813	2012	11	25	330	0.261	0.215
0280690813	2012	11	26	331	0.258	0.214
0280690813	2012	11	27	332	0.255	0.214
0280690813	2012	11	28	333	0.251	0.213
0280690813	2012	11	29	334	0.25	0.213
0280690813	2012	11	30	335	0.248	0.213
0280690813	2012	12	1	336	0.249	0.213
0280690813	2012	12	2	337	0.266	0.214
0280690813	2012	12	3	338	0.277	0.215
0280690813	2012	12	4	339	0.308	0.217
0280690813	2012	12	5	340	0.282	0.217
0280690813	2012	12	6	341	0.27	0.217
0280690813	2012	12	7	342	0.268	0.217
0280690813	2012	12	8	343	0.285	0.217
0280690813	2012	12	9	344	0.281	0.217
0280690813	2012	12	10	345	0.286	0.217
0280690813	2012	12	11	346	0.28	0.217
0280690813	2012	12	12	347	0.272	0.217
0280690813	2012	12	13	348	0.269	0.217
0280690813	2012	12	14	349	0.267	0.217
0280690813	2012	12	15	350	0.274	0.218
0280690813	2012	12	16	351	0.294	0.219
0280690813	2012	12	17	352	0.286	0.22
0280690813	2012	12	18	353	0.281	0.22
0280690813	2012	12	19	354	0.276	0.22
0280690813	2012	12	20	355	0.32	0.239
0280690813	2012	12	21	356	0.306	0.249
0280690813	2012	12	22	357	0.287	0.25
0280690813	2012	12	23	358	0.282	0.251
0280690813	2012	12	24	359	0.28	0.252
0280690813	2012	12	25	360	0.28	0.252
0280690813	2012	12	26	361	0.278	0.252
0280690813	2012	12	27	362	0.279	0.252
0280690813	2012	12	28	363	0.28	0.252
0280690813	2012	12	29	364	0.284	0.252
0280690813	2012	12	30	365	0.288	0.252
0280690813	2012	12	31	366	0.288	0.252
0280690813	2013	1	1	1	0.287	0.2525
0280690813	2013	1	2	2	0.286	0.253
0280690813	2013	1	3	3	0.285	0.253
0280690813	2013	1	4	4	0.285	0.253
0280690813	2013	1	5	5	0.285	0.253
0280690813	2013	1	6	6	0.29	0.253
0280690813	2013	1	7	7	0.293	0.253
0280690813	2013	1	8	8	0.293	0.254
0280690813	2013	1	9	9	0.293	0.273
0280690813	2013	1	10	10	0.295	0.275
0280690813	2013	1	11	11	0.311	0.307
0280690813	2013	1	12	12	0.312	0.306
0280690813	2013	1	13	13	0.313	0.304
0280690813	2013	1	14	14	0.307	0.301
0280690813	2013	1	15	15	0.286	0.294
0280690813	2013	1	16	16	0.276	0.291
0280690813	2013	1	17	17	0.27	0.288
0280690813	2013	1	18	18	0.263	0.285
0280690813	2013	1	19	19	0.248	0.284
0280690813	2013	1	20	20	0.248	0.282
0280690813	2013	1	21	21	0.235	0.28
0280690813	2013	1	22	22	0.213	0.28
0280690813	2013	1	23	23	0.181	0.279
0280690813	2013	1	24	24	0.149	0.276
0280690813	2013	1	25	25	0.13	0.275
0280690813	2013	1	26	26	0.124	0.274
0280690813	2013	1	27	27	0.123	0.272
0280690813	2013	1	28	28	0.142	0.271
0280690813	2013	1	29	29	0.175	0.293
0280690813	2013	1	30	30	0.175	0.293
0280690813	2013	1	31	31	-9999	
0280690813	2013	2	1	32	-9999	
0280690813	2013	2	2	33	-9999	
0280690813	2013	2	3	34	-9999	
0280690813	2013	2	4	35	-9999	
0280690813	2013	2	5	36	-9999	
0280690813	2013	2	6	37	-9999	
0280690813	2013	2	7	38	-9999	
0280690813	2013	2	8	39	-9999	
0280690813	2013	2	9	40	-9999	
0280690813	2013	2	10	41	-9999	
0280690813	2013	2	11	42	-9999	
0280690813	2013	2	12	43	-9999	
0280690813	2013	2	13	44	-9999	
0280690813	2013	2	14	45	-9999	
0280690813	2013	2	15	46	-9999	
0280690813	2013	2	16	47	-9999	
0280690813	2013	2	17	48	-9999	
0280690813	2013	2	18	49	-9999	
0280690813	2013	2	19	50	-9999	
0280690813	2013	2	20	51	-9999	
0280690813	2013	2	21	52	-9999	
0280690813	2013	2	22	53	-9999	
0280690813	2013	2	23	54	-9999	
0280690813	2013	2	24	55	-9999	
0280690813	2013	2	25	56	-9999	
0280690813	2013	2	26	57	-9999	
0280690813	2013	2	27	58	-9999	
0280690813	2013	2	28	59	-9999	
0280690813	2013	3	1	60	-9999	
0280690813	2013	3	2	61	-9999	
0280690813	2013	3	3	62	-9999	
0280690813	2013	3	4	63	-9999	
0280690813	2013	3	5	64	-9999	
0280690813	2013	3	6	65	-9999	
0280690813	2013	3	7	66	-9999	
0280690813	2013	3	8	67	-9999	
0280690813	2013	3	9	68	-9999	
0280690813	2013	3	10	69	-9999	
0280690813	2013	3	11	70	-9999	
0280690813	2013	3	12	71	-9999	
0280690813	2013	3	13	72	-9999	
0280690813	2013	3	14	73	-9999	
0280690813	2013	3	15	74	-9999	
0280690813	2013	3	16	75	-9999	
0280690813	2013	3	17	76	-9999	
0280690813	2013	3	18	77	-9999	
0280690813	2013	3	19	78	-9999	
0280690813	2013	3	20	79	-9999	
0280690813	2013	3	21	80	-9999	
0280690813	2013	3	22	81	-9999	
0280690813	2013	3	23	82	-9999	
0280690813	2013	3	24	83	-9999	
0280690813	2013	3	25	84	-9999	
0280690813	2013	3	26	85	-9999	
0280690813	2013	3	27	86	-9999	
0280690813	2013	3	28	87	-9999	
0280690813	2013	3	29	88	-9999	
0280690813	2013	3	30	89	-9999	
0280690813	2013	3	31	90	-9999	
0280690813	2013	4	1	91	-9999	
0280690813	2013	4	2	92	-9999	
0280690813	2013	4	3	93	-9999	
0280690813	2013	4	4	94	-9999	
0280690813	2013	4	5	95	-9999	
0280690813	2013	4	6	96	-9999	
0280690813	2013	4	7	97	-9999	
0280690813	2013	4	8	98	-9999	
0280690813	2013	4	9	99	-9999	
0280690813	2013	4	10	100	-9999	
0280690813	2013	4	11	101	-9999	
0280690813	2013	4	12	102	-9999	
0280690813	2013	4	13	103	-9999	
0280690813	2013	4	14	104	-9999	
0280690813	2013	4	15	105	-9999	
0280690813	2013	4	16	106	-9999	
0280690813	2013	4	17	107	-9999	
0280690813	2013	4	18	108	-9999	
0280690813	2013	4	19	109	-9999	
0280690813	2013	4	20	110	-9999	
0280690813	2013	4	21	111	-9999	
0280690813	2013	4	22	112	-9999	
0280690813	2013	4	23	113	-9999	
0280690813	2013	4	24	114	-9999	
0280690813	2013	4	25	115	-9999	
0280690813	2013	4	26	116	-9999	
0280690813	2013	4	27	117	-9999	
0280690813	2013	4	28	118	-9999	
0280690813	2013	4	29	119	-9999	
0280690813	2013	4	30	120	-9999	
0280690813	2013	5	1	121	-9999	
0280690813	2013	5	2	122	-9999	
0280690813	2013	5	3	123	-9999	
0280690813	2013	5	4	124	-9999	
0280690813	2013	5	5	125	-9999	
0280690813	2013	5	6	126	-9999	
0280690813	2013	5	7	127	-9999	
0280690813	2013	5	8	128	-9999	
0280690813	2013	5	9	129	-9999	
0280690813	2013	5	10	130	-9999	
0280690813	2013	5	11	131	-9999	
0280690813	2013	5	12	132	-9999	
0280690813	2013	5	13	133	-9999	
0280690813	2013	5	14	134	-9999	
0280690813	2013	5	15	135	-9999	
0280690813	2013	5	16	136	-9999	
0280690813	2013	5	17	137	-9999	
0280690813	2013	5	18	138	-9999	
0280690813	2013	5	19	139	-9999	
0280690813	2013	5	20	140	-9999	
0280690813	2013	5	21	141	-9999	
0280690813	2013	5	22	142	-9999	
0280690813	2013	5	23	143	-9999	
0280690813	2013	5	24	144	-9999	
0280690813	2013	5	25	145	-9999	
0280690813	2013	5	26	146	-9999	
0280690813	2013	5	27	147	-9999	
0280690813	2013	5	28	148	-9999	
0280690813	2013	5	29	149	-9999	
0280690813	2013	5	30	150	-9999	
0280690813	2013	5	31	151	-9999	
0280690813	2013	6	1	152	-9999	
0280690813	2013	6	2	153	-9999	
0280690813	2013	6	3	154	-9999	
0280690813	2013	6	4	155	-9999	
0280690813	2013	6	5	156	-9999	
0280690813	2013	6	6	157	-9999	
0280690813	2013	6	7	158	-9999	
0280690813	2013	6	8	159	-9999	
0280690813	2013	6	9	160	-9999	
0280690813	2013	6	10	161	-9999	
0280690813	2013	6	11	162	-9999	
0280690813	2013	6	12	163	-9999	
0280690813	2013	6	13	164	-9999	
0280690813	2013	6	14	165	-9999	
0280690813	2013	6	15	166	-9999	
0280690813	2013	6	16	167	-9999	
0280690813	2013	6	17	168	-9999	
0280690813	2013	6	18	169	-9999	
0280690813	2013	6	19	170	-9999	
0280690813	2013	6	20	171	-9999	
0280690813	2013	6	21	172	-9999	
0280690813	2013	6	22	173	-9999	
0280690813	2013	6	23	174	-9999	
0280690813	2013	6	24	175	-9999	
0280690813	2013	6	25	176	-9999	
0280690813	2013	6	26	177	-9999	
0280690813	2013	6	27	178	-9999	
0280690813	2013	6	28	179	-9999	
0280690813	2013	6	29	180	-9999	
0280690813	2013	6	30	181	-9999	
0280690813	2013	7	1	182	-9999	
0280690813	2013	7	2	183	-9999	
0280690813	2013	7	3	184	-9999	
0280690813	2013	7	4	185	-9999	
0280690813	2013	7	5	186	-9999	
0280690813	2013	7	6	187	-9999	
0280690813	2013	7	7	188	-9999	
0280690813	2013	7	8	189	-9999	
0280690813	2013	7	9	190	-9999	
0280690813	2013	7	10	191	-9999	
0280690813	2013	7	11	192	-9999	
0280690813	2013	7	12	193	-9999	
0280690813	2013	7	13	194	-9999	
0280690813	2013	7	14	195	-9999	
0280690813	2013	7	15	196	-9999	
0280690813	2013	7	16	197	-9999	
0280690813	2013	7	17	198	-9999	
0280690813	2013	7	18	199	-9999	
0280690813	2013	7	19	200	-9999	
0280690813	2013	7	20	201	-9999	
0280690813	2013	7	21	202	-9999	
0280690813	2013	7	22	203	-9999	
0280690813	2013	7	23	204	-9999	
0280690813	2013	7	24	205	-9999	
0280690813	2013	7	25	206	-9999	
0280690813	2013	7	26	207	-9999	
0280690813	2013	7	27	208	-9999	
0280690813	2013	7	28	209	-9999	
0280690813	2013	7	29	210	-9999	
0280690813	2013	7	30	211	-9999	
0280690813	2013	7	31	212	-9999	
0280690813	2013	8	1	213	-9999	
0280690813	2013	8	2	214	-9999	
0280690813	2013	8	3	215	-9999	
0280690813	2013	8	4	216	-9999	
0280690813	2013	8	5	217	-9999	
0280690813	2013	8	6	218	-9999	
0280690813	2013	8	7	219	-9999	
0280690813	2013	8	8	220	-9999	
0280690813	2013	8	9	221	-9999	
0280690813	2013	8	10	222	-9999	
0280690813	2013	8	11	223	-9999	
0280690813	2013	8	12	224	-9999	
0280690813	2013	8	13	225	-9999	
0280690813	2013	8	14	226	-9999	
0280690813	2013	8	15	227	-9999	
0280690813	2013	8	16	228	-9999	
0280690813	2013	8	17	229	-9999	
0280690813	2013	8	18	230	-9999	
0280690813	2013	8	19	231	-9999	
0280690813	2013	8	20	232	-9999	
0280690813	2013	8	21	233	-9999	
0280690813	2013	8	22	234	-9999	
0280690813	2013	8	23	235	-9999	
0280690813	2013	8	24	236	-9999	
0280690813	2013	8	25	237	-9999	
0280690813	2013	8	26	238	-9999	
0280690813	2013	8	27	239	-9999	
0280690813	2013	8	28	240	-9999	
0280690813	2013	8	29	241	-9999	
0280690813	2013	8	30	242	-9999	
0280690813	2013	8	31	243	-9999	
0280690813	2013	9	1	244	-9999	
0280690813	2013	9	2	245	-9999	
0280690813	2013	9	3	246	-9999	
0280690813	2013	9	4	247	-9999	
0280690813	2013	9	5	248	-9999	
0280690813	2013	9	6	249	-9999	
0280690813	2013	9	7	250	-9999	
0280690813	2013	9	8	251	-9999	
0280690813	2013	9	9	252	-9999	
0280690813	2013	9	10	253	-9999	
0280690813	2013	9	11	254	-9999	
0280690813	2013	9	12	255	-9999	
0280690813	2013	9	13	256	-9999	
0280690813	2013	9	14	257	-9999	
0280690813	2013	9	15	258	-9999	
0280690813	2013	9	16	259	-9999	
0280690813	2013	9	17	260	-9999	
0280690813	2013	9	18	261	-9999	
0280690813	2013	9	19	262	-9999	
0280690813	2013	9	20	263	-9999	
0280690813	2013	9	21	264	-9999	
0280690813	2013	9	22	265	-9999	
0280690813	2013	9	23	266	-9999	
0280690813	2013	9	24	267	-9999	
0280690813	2013	9	25	268	-9999	
0280690813	2013	9	26	269	-9999	
0280690813	2013	9	27	270	-9999	
0280690813	2013	9	28	271	-9999	
0280690813	2013	9	29	272	-9999	
0280690813	2013	9	30	273	-9999	
0280690813	2013	10	1	274	-9999	
0280690813	2013	10	2	275	-9999	
0280690813	2013	10	3	276	-9999	
0280690813	2013	10	4	277	-9999	
0280690813	2013	10	5	278	-9999	
0280690813	2013	10	6	279	-9999	
0280690813	2013	10	7	280	-9999	
0280690813	2013	10	8	281	-9999	
0280690813	2013	10	9	282	-9999	
0280690813	2013	10	10	283	-9999	
0280690813	2013	10	11	284	-9999	
0280690813	2013	10	12	285	-9999	
0280690813	2013	10	13	286	-9999	
0280690813	2013	10	14	287	-9999	
0280690813	2013	10	15	288	-9999	
0280690813	2013	10	16	289	-9999	
0280690813	2013	10	17	290	-9999	
0280690813	2013	10	18	291	-9999	
0280690813	2013	10	19	292	-9999	
0280690813	2013	10	20	293	-9999	
0280690813	2013	10	21	294	-9999	
0280690813	2013	10	22	295	-9999	
0280690813	2013	10	23	296	-9999	
0280690813	2013	10	24	297	-9999	
0280690813	2013	10	25	298	-9999	
0280690813	2013	10	26	299	-9999	
0280690813	2013	10	27	300	-9999	
0280690813	2013	10	28	301	-9999	
0280690813	2013	10	29	302	-9999	
0280690813	2013	10	30	303	-9999	
0280690813	2013	10	31	304	-9999	
0280690813	2013	11	1	305	-9999	
0280690813	2013	11	2	306	-9999	
0280690813	2013	11	3	307	-9999	
0280690813	2013	11	4	308	-9999	
0280690813	2013	11	5	309	-9999	
0280690813	2013	11	6	310	-9999	
0280690813	2013	11	7	311	-9999	
0280690813	2013	11	8	312	-9999	
0280690813	2013	11	9	313	-9999	
0280690813	2013	11	10	314	-9999	
0280690813	2013	11	11	315	-9999	
0280690813	2013	11	12	316	-9999	
0280690813	2013	11	13	317	-9999	
0280690813	2013	11	14	318	-9999	
0280690813	2013	11	15	319	-9999	
0280690813	2013	11	16	320	-9999	
0280690813	2013	11	17	321	-9999	
0280690813	2013	11	18	322	-9999	
0280690813	2013	11	19	323	-9999	
0280690813	2013	11	20	324	-9999	
0280690813	2013	11	21	325	-9999	
0280690813	2013	11	22	326	-9999	
0280690813	2013	11	23	327	-9999	
0280690813	2013	11	24	328	-9999	
0280690813	2013	11	25	329	-9999	
0280690813	2013	11	26	330	-9999	
0280690813	2013	11	27	331	-9999	
0280690813	2013	11	28	332	-9999	
0280690813	2013	11	29	333	-9999	
0280690813	2013	11	30	334	-9999	
0280690813	2013	12	1	335	-9999	
0280690813	2013	12	2	336	-9999	
0280690813	2013	12	3	337	-9999	
0280690813	2013	12	4	338	-9999	
0280690813	2013	12	5	339	-9999	
0280690813	2013	12	6	340	-9999	
0280690813	2013	12	7	341	-9999	
0280690813	2013	12	8	342	-9999	
0280690813	2013	12	9	343	-9999	
0280690813	2013	12	10	344	-9999	
0280690813	2013	12	11	345	-9999	
0280690813	2013	12	12	346	-9999	
0280690813	2013	12	13	347	-9999	
0280690813	2013	12	14	348	-9999	
0280690813	2013	12	15	349	-9999	
0280690813	2013	12	16	350	-9999	
0280690813	2013	12	17	351	-9999	
0280690813	2013	12	18	352	-9999	
0280690813	2013	12	19	353	-9999	
0280690813	2013	12	20	354	-9999	
0280690813	2013	12	21	355	-9999	
0280690813	2013	12	22	356	-9999	
0280690813	2013	12	23	357	-9999	
0280690813	2013	12	24	358	-9999	
0280690813	2013	12	25	359	-9999	
0280690813	2013	12	26	360	-9999	
0280690813	2013	12	27	361	-9999	
0280690813	2013	12	28	362	-9999	
0280690813	2013	12	29	363	-9999	
0280690813	2013	12	30	364	-9999	
0280690813	2013	12	31	365	-9999	
