stationID	Y	M	D	DOY	depth_4	depth_10
0280190712	2007	1	1	1	-9999	
0280190712	2007	1	2	2	-9999	
0280190712	2007	1	3	3	-9999	
0280190712	2007	1	4	4	-9999	
0280190712	2007	1	5	5	-9999	
0280190712	2007	1	6	6	-9999	
0280190712	2007	1	7	7	-9999	
0280190712	2007	1	8	8	-9999	
0280190712	2007	1	9	9	-9999	
0280190712	2007	1	10	10	-9999	
0280190712	2007	1	11	11	-9999	
0280190712	2007	1	12	12	-9999	
0280190712	2007	1	13	13	-9999	
0280190712	2007	1	14	14	-9999	
0280190712	2007	1	15	15	-9999	
0280190712	2007	1	16	16	-9999	
0280190712	2007	1	17	17	-9999	
0280190712	2007	1	18	18	-9999	
0280190712	2007	1	19	19	-9999	
0280190712	2007	1	20	20	-9999	
0280190712	2007	1	21	21	-9999	
0280190712	2007	1	22	22	-9999	
0280190712	2007	1	23	23	-9999	
0280190712	2007	1	24	24	-9999	
0280190712	2007	1	25	25	-9999	
0280190712	2007	1	26	26	-9999	
0280190712	2007	1	27	27	-9999	
0280190712	2007	1	28	28	-9999	
0280190712	2007	1	29	29	-9999	
0280190712	2007	1	30	30	-9999	
0280190712	2007	1	31	31	-9999	
0280190712	2007	2	1	32	-9999	
0280190712	2007	2	2	33	-9999	
0280190712	2007	2	3	34	-9999	
0280190712	2007	2	4	35	-9999	
0280190712	2007	2	5	36	-9999	
0280190712	2007	2	6	37	-9999	
0280190712	2007	2	7	38	-9999	
0280190712	2007	2	8	39	-9999	
0280190712	2007	2	9	40	-9999	
0280190712	2007	2	10	41	-9999	
0280190712	2007	2	11	42	-9999	
0280190712	2007	2	12	43	-9999	
0280190712	2007	2	13	44	-9999	
0280190712	2007	2	14	45	-9999	
0280190712	2007	2	15	46	-9999	
0280190712	2007	2	16	47	-9999	
0280190712	2007	2	17	48	-9999	
0280190712	2007	2	18	49	-9999	
0280190712	2007	2	19	50	-9999	
0280190712	2007	2	20	51	-9999	
0280190712	2007	2	21	52	-9999	
0280190712	2007	2	22	53	-9999	
0280190712	2007	2	23	54	-9999	
0280190712	2007	2	24	55	-9999	
0280190712	2007	2	25	56	-9999	
0280190712	2007	2	26	57	-9999	
0280190712	2007	2	27	58	-9999	
0280190712	2007	2	28	59	-9999	
0280190712	2007	3	1	60	-9999	
0280190712	2007	3	2	61	-9999	
0280190712	2007	3	3	62	-9999	
0280190712	2007	3	4	63	-9999	
0280190712	2007	3	5	64	-9999	
0280190712	2007	3	6	65	-9999	
0280190712	2007	3	7	66	-9999	
0280190712	2007	3	8	67	-9999	
0280190712	2007	3	9	68	-9999	
0280190712	2007	3	10	69	-9999	
0280190712	2007	3	11	70	-9999	
0280190712	2007	3	12	71	-9999	
0280190712	2007	3	13	72	-9999	
0280190712	2007	3	14	73	-9999	
0280190712	2007	3	15	74	-9999	
0280190712	2007	3	16	75	-9999	
0280190712	2007	3	17	76	-9999	
0280190712	2007	3	18	77	-9999	
0280190712	2007	3	19	78	-9999	
0280190712	2007	3	20	79	-9999	
0280190712	2007	3	21	80	-9999	
0280190712	2007	3	22	81	-9999	
0280190712	2007	3	23	82	-9999	
0280190712	2007	3	24	83	-9999	
0280190712	2007	3	25	84	-9999	
0280190712	2007	3	26	85	-9999	
0280190712	2007	3	27	86	-9999	
0280190712	2007	3	28	87	-9999	
0280190712	2007	3	29	88	-9999	
0280190712	2007	3	30	89	-9999	
0280190712	2007	3	31	90	-9999	
0280190712	2007	4	1	91	-9999	
0280190712	2007	4	2	92	-9999	
0280190712	2007	4	3	93	-9999	
0280190712	2007	4	4	94	-9999	
0280190712	2007	4	5	95	-9999	
0280190712	2007	4	6	96	-9999	
0280190712	2007	4	7	97	-9999	
0280190712	2007	4	8	98	-9999	
0280190712	2007	4	9	99	-9999	
0280190712	2007	4	10	100	-9999	
0280190712	2007	4	11	101	-9999	
0280190712	2007	4	12	102	-9999	
0280190712	2007	4	13	103	-9999	
0280190712	2007	4	14	104	-9999	
0280190712	2007	4	15	105	-9999	
0280190712	2007	4	16	106	-9999	
0280190712	2007	4	17	107	-9999	
0280190712	2007	4	18	108	-9999	
0280190712	2007	4	19	109	-9999	
0280190712	2007	4	20	110	-9999	
0280190712	2007	4	21	111	-9999	
0280190712	2007	4	22	112	-9999	
0280190712	2007	4	23	113	-9999	
0280190712	2007	4	24	114	-9999	
0280190712	2007	4	25	115	-9999	
0280190712	2007	4	26	116	-9999	
0280190712	2007	4	27	117	-9999	
0280190712	2007	4	28	118	-9999	
0280190712	2007	4	29	119	-9999	
0280190712	2007	4	30	120	-9999	
0280190712	2007	5	1	121	-9999	
0280190712	2007	5	2	122	-9999	
0280190712	2007	5	3	123	-9999	
0280190712	2007	5	4	124	-9999	
0280190712	2007	5	5	125	-9999	
0280190712	2007	5	6	126	-9999	
0280190712	2007	5	7	127	-9999	
0280190712	2007	5	8	128	-9999	
0280190712	2007	5	9	129	-9999	
0280190712	2007	5	10	130	-9999	
0280190712	2007	5	11	131	-9999	
0280190712	2007	5	12	132	-9999	
0280190712	2007	5	13	133	-9999	
0280190712	2007	5	14	134	-9999	
0280190712	2007	5	15	135	-9999	
0280190712	2007	5	16	136	-9999	
0280190712	2007	5	17	137	-9999	
0280190712	2007	5	18	138	-9999	
0280190712	2007	5	19	139	-9999	
0280190712	2007	5	20	140	-9999	
0280190712	2007	5	21	141	-9999	
0280190712	2007	5	22	142	-9999	
0280190712	2007	5	23	143	-9999	
0280190712	2007	5	24	144	-9999	
0280190712	2007	5	25	145	-9999	
0280190712	2007	5	26	146	-9999	
0280190712	2007	5	27	147	-9999	
0280190712	2007	5	28	148	-9999	
0280190712	2007	5	29	149	-9999	
0280190712	2007	5	30	150	-9999	
0280190712	2007	5	31	151	-9999	
0280190712	2007	6	1	152	-9999	
0280190712	2007	6	2	153	-9999	
0280190712	2007	6	3	154	-9999	
0280190712	2007	6	4	155	-9999	
0280190712	2007	6	5	156	-9999	
0280190712	2007	6	6	157	-9999	
0280190712	2007	6	7	158	-9999	
0280190712	2007	6	8	159	-9999	
0280190712	2007	6	9	160	-9999	
0280190712	2007	6	10	161	-9999	
0280190712	2007	6	11	162	-9999	
0280190712	2007	6	12	163	-9999	
0280190712	2007	6	13	164	-9999	
0280190712	2007	6	14	165	-9999	
0280190712	2007	6	15	166	-9999	
0280190712	2007	6	16	167	-9999	
0280190712	2007	6	17	168	-9999	
0280190712	2007	6	18	169	-9999	
0280190712	2007	6	19	170	-9999	
0280190712	2007	6	20	171	-9999	
0280190712	2007	6	21	172	-9999	
0280190712	2007	6	22	173	-9999	
0280190712	2007	6	23	174	-9999	
0280190712	2007	6	24	175	-9999	
0280190712	2007	6	25	176	-9999	
0280190712	2007	6	26	177	-9999	
0280190712	2007	6	27	178	-9999	
0280190712	2007	6	28	179	-9999	
0280190712	2007	6	29	180	-9999	
0280190712	2007	6	30	181	-9999	
0280190712	2007	7	1	182	-9999	
0280190712	2007	7	2	183	-9999	
0280190712	2007	7	3	184	-9999	
0280190712	2007	7	4	185	-9999	
0280190712	2007	7	5	186	-9999	
0280190712	2007	7	6	187	-9999	
0280190712	2007	7	7	188	-9999	
0280190712	2007	7	8	189	-9999	
0280190712	2007	7	9	190	-9999	
0280190712	2007	7	10	191	-9999	
0280190712	2007	7	11	192	-9999	
0280190712	2007	7	12	193	-9999	
0280190712	2007	7	13	194	-9999	
0280190712	2007	7	14	195	-9999	
0280190712	2007	7	15	196	-9999	
0280190712	2007	7	16	197	-9999	
0280190712	2007	7	17	198	-9999	
0280190712	2007	7	18	199	-9999	
0280190712	2007	7	19	200	-9999	
0280190712	2007	7	20	201	-9999	
0280190712	2007	7	21	202	-9999	
0280190712	2007	7	22	203	-9999	
0280190712	2007	7	23	204	-9999	
0280190712	2007	7	24	205	-9999	
0280190712	2007	7	25	206	-9999	
0280190712	2007	7	26	207	-9999	
0280190712	2007	7	27	208	-9999	
0280190712	2007	7	28	209	-9999	
0280190712	2007	7	29	210	-9999	
0280190712	2007	7	30	211	-9999	
0280190712	2007	7	31	212	-9999	
0280190712	2007	8	1	213	-9999	
0280190712	2007	8	2	214	-9999	
0280190712	2007	8	3	215	-9999	
0280190712	2007	8	4	216	-9999	
0280190712	2007	8	5	217	-9999	
0280190712	2007	8	6	218	-9999	
0280190712	2007	8	7	219	-9999	
0280190712	2007	8	8	220	-9999	
0280190712	2007	8	9	221	-9999	
0280190712	2007	8	10	222	-9999	
0280190712	2007	8	11	223	-9999	
0280190712	2007	8	12	224	-9999	
0280190712	2007	8	13	225	-9999	
0280190712	2007	8	14	226	-9999	
0280190712	2007	8	15	227	-9999	
0280190712	2007	8	16	228	-9999	
0280190712	2007	8	17	229	-9999	
0280190712	2007	8	18	230	-9999	
0280190712	2007	8	19	231	-9999	
0280190712	2007	8	20	232	-9999	
0280190712	2007	8	21	233	-9999	
0280190712	2007	8	22	234	-9999	
0280190712	2007	8	23	235	-9999	
0280190712	2007	8	24	236	-9999	
0280190712	2007	8	25	237	-9999	
0280190712	2007	8	26	238	-9999	
0280190712	2007	8	27	239	-9999	
0280190712	2007	8	28	240	-9999	
0280190712	2007	8	29	241	-9999	
0280190712	2007	8	30	242	-9999	
0280190712	2007	8	31	243	-9999	
0280190712	2007	9	1	244	-9999	
0280190712	2007	9	2	245	-9999	
0280190712	2007	9	3	246	-9999	
0280190712	2007	9	4	247	-9999	
0280190712	2007	9	5	248	-9999	
0280190712	2007	9	6	249	-9999	
0280190712	2007	9	7	250	-9999	
0280190712	2007	9	8	251	-9999	
0280190712	2007	9	9	252	-9999	
0280190712	2007	9	10	253	-9999	
0280190712	2007	9	11	254	-9999	
0280190712	2007	9	12	255	-9999	
0280190712	2007	9	13	256	-9999	
0280190712	2007	9	14	257	-9999	
0280190712	2007	9	15	258	-9999	
0280190712	2007	9	16	259	-9999	
0280190712	2007	9	17	260	-9999	
0280190712	2007	9	18	261	-9999	
0280190712	2007	9	19	262	-9999	
0280190712	2007	9	20	263	-9999	
0280190712	2007	9	21	264	-9999	
0280190712	2007	9	22	265	-9999	
0280190712	2007	9	23	266	-9999	
0280190712	2007	9	24	267	-9999	
0280190712	2007	9	25	268	-9999	
0280190712	2007	9	26	269	-9999	
0280190712	2007	9	27	270	-9999	
0280190712	2007	9	28	271	-9999	
0280190712	2007	9	29	272	-9999	
0280190712	2007	9	30	273	-9999	
0280190712	2007	10	1	274	-9999	
0280190712	2007	10	2	275	-9999	
0280190712	2007	10	3	276	-9999	
0280190712	2007	10	4	277	-9999	
0280190712	2007	10	5	278	-9999	
0280190712	2007	10	6	279	-9999	
0280190712	2007	10	7	280	-9999	
0280190712	2007	10	8	281	-9999	
0280190712	2007	10	9	282	-9999	
0280190712	2007	10	10	283	-9999	
0280190712	2007	10	11	284	-9999	
0280190712	2007	10	12	285	-9999	
0280190712	2007	10	13	286	-9999	
0280190712	2007	10	14	287	-9999	
0280190712	2007	10	15	288	-9999	
0280190712	2007	10	16	289	-9999	
0280190712	2007	10	17	290	-9999	
0280190712	2007	10	18	291	-9999	
0280190712	2007	10	19	292	-9999	
0280190712	2007	10	20	293	-9999	
0280190712	2007	10	21	294	-9999	
0280190712	2007	10	22	295	-9999	
0280190712	2007	10	23	296	-9999	
0280190712	2007	10	24	297	-9999	
0280190712	2007	10	25	298	-9999	
0280190712	2007	10	26	299	-9999	
0280190712	2007	10	27	300	-9999	
0280190712	2007	10	28	301	-9999	
0280190712	2007	10	29	302	-9999	
0280190712	2007	10	30	303	-9999	
0280190712	2007	10	31	304	-9999	
0280190712	2007	11	1	305	-9999	
0280190712	2007	11	2	306	-9999	
0280190712	2007	11	3	307	-9999	
0280190712	2007	11	4	308	-9999	
0280190712	2007	11	5	309	-9999	
0280190712	2007	11	6	310	-9999	
0280190712	2007	11	7	311	0.127	0.135
0280190712	2007	11	8	312	0.127	0.135
0280190712	2007	11	9	313	0.127	0.135
0280190712	2007	11	10	314	0.127	0.135
0280190712	2007	11	11	315	0.127	0.135
0280190712	2007	11	12	316	0.127	0.135
0280190712	2007	11	13	317	0.127	0.135
0280190712	2007	11	14	318	0.127	0.135
0280190712	2007	11	15	319	0.127	0.135
0280190712	2007	11	16	320	0.127	0.135
0280190712	2007	11	17	321	0.126	0.133
0280190712	2007	11	18	322	0.126	0.133
0280190712	2007	11	19	323	0.124	0.131
0280190712	2007	11	20	324	0.125	0.132
0280190712	2007	11	21	325	0.25	0.411
0280190712	2007	11	22	326	0.263	0.412
0280190712	2007	11	23	327	0.195	0.236
0280190712	2007	11	24	328	0.192	0.231
0280190712	2007	11	25	329	0.184	0.217
0280190712	2007	11	26	330	0.204	0.249
0280190712	2007	11	27	331	0.215	0.288
0280190712	2007	11	28	332	0.199	0.254
0280190712	2007	11	29	333	0.199	0.249
0280190712	2007	11	30	334	0.182	0.22
0280190712	2007	12	1	335	0.171	0.203
0280190712	2007	12	2	336	0.2205	0.394
0280190712	2007	12	3	337	0.27	0.394
0280190712	2007	12	4	338	0.27	0.356
0280190712	2007	12	5	339	0.223	0.268
0280190712	2007	12	6	340	0.2	0.242
0280190712	2007	12	7	341	0.178	0.211
0280190712	2007	12	8	342	0.192	0.221
0280190712	2007	12	9	343	0.197	0.232
0280190712	2007	12	10	344	0.223	0.268
0280190712	2007	12	11	345	0.395	0.393
0280190712	2007	12	12	346	0.396	0.393
0280190712	2007	12	13	347	0.285	0.372
0280190712	2007	12	14	348	0.236	0.299
0280190712	2007	12	15	349	0.197	0.238
0280190712	2007	12	16	350	0.187	0.215
0280190712	2007	12	17	351	0.193	0.227
0280190712	2007	12	18	352	0.195	0.23
0280190712	2007	12	19	353	0.203	0.241
0280190712	2007	12	20	354	0.203	0.242
0280190712	2007	12	21	355	0.243	0.318
0280190712	2007	12	22	356	0.394	0.382
0280190712	2007	12	23	357	0.378	0.38
0280190712	2007	12	24	358	0.249	0.308
0280190712	2007	12	25	359	0.197	0.232
0280190712	2007	12	26	360	0.188	0.219
0280190712	2007	12	27	361	0.203	0.234
0280190712	2007	12	28	362	0.202	0.235
0280190712	2007	12	29	363	0.209	0.246
0280190712	2007	12	30	364	0.208	0.246
0280190712	2007	12	31	365	0.212	0.249
0280190712	2008	1	1	1	0.221	0.263
0280190712	2008	1	2	2	0.221	0.264
0280190712	2008	1	3	3	0.22	0.264
0280190712	2008	1	4	4	0.211	0.251
0280190712	2008	1	5	5	0.331	0.393
0280190712	2008	1	6	6	0.401	0.394
0280190712	2008	1	7	7	0.403	0.395
0280190712	2008	1	8	8	0.363	0.393
0280190712	2008	1	9	9	0.361	0.393
0280190712	2008	1	10	10	0.23	0.273
0280190712	2008	1	11	11	0.25	0.31
0280190712	2008	1	12	12	0.214	0.253
0280190712	2008	1	13	13	0.21	0.246
0280190712	2008	1	14	14	0.209	0.246
0280190712	2008	1	15	15	0.207	0.242
0280190712	2008	1	16	16	0.207	0.242
0280190712	2008	1	17	17	0.233	0.281
0280190712	2008	1	18	18	0.232	0.281
0280190712	2008	1	19	19	0.184	0.215
0280190712	2008	1	20	20	0.17	0.196
0280190712	2008	1	21	21	0.158	0.184
0280190712	2008	1	22	22	0.151	0.177
0280190712	2008	1	23	23	0.147	0.172
0280190712	2008	1	24	24	0.146	0.168
0280190712	2008	1	25	25	0.146	0.166
0280190712	2008	1	26	26	0.145	0.165
0280190712	2008	1	27	27	0.146	0.164
0280190712	2008	1	28	28	0.238	0.278
0280190712	2008	1	29	29	0.2135	0.391
0280190712	2008	1	30	30	0.189	0.385
0280190712	2008	1	31	31	0.189	0.233
0280190712	2008	2	1	32	0.163	0.197
0280190712	2008	2	2	33	0.154	0.183
0280190712	2008	2	3	34	0.156	0.177
0280190712	2008	2	4	35	0.179	0.179
0280190712	2008	2	5	36	0.211	0.24
0280190712	2008	2	6	37	0.221	0.263
0280190712	2008	2	7	38	0.22	0.262
0280190712	2008	2	8	39	0.216	0.257
0280190712	2008	2	9	40	0.225	0.27
0280190712	2008	2	10	41	0.225	0.269
0280190712	2008	2	11	42	0.214	0.256
0280190712	2008	2	12	43	0.198	0.235
0280190712	2008	2	13	44	0.189	0.221
0280190712	2008	2	14	45	0.187	0.216
0280190712	2008	2	15	46	0.19	0.217
0280190712	2008	2	16	47	0.192	0.221
0280190712	2008	2	17	48	0.231	0.397
0280190712	2008	2	18	49	0.27	0.393
0280190712	2008	2	19	50	0.27	0.361
0280190712	2008	2	20	51	0.205	0.246
0280190712	2008	2	21	52	0.184	0.216
0280190712	2008	2	22	53	0.169	0.198
0280190712	2008	2	23	54	0.165	0.189
0280190712	2008	2	24	55	0.157	0.182
0280190712	2008	2	25	56	0.151	0.176
0280190712	2008	2	26	57	0.152	0.172
0280190712	2008	2	27	58	0.154	0.17
0280190712	2008	2	28	59	0.155	0.171
0280190712	2008	2	29	60	0.156	0.172
0280190712	2008	3	1	61	0.157	0.172
0280190712	2008	3	2	62	0.159	0.173
0280190712	2008	3	3	63	0.275	0.383
0280190712	2008	3	4	64	0.253	0.361
0280190712	2008	3	5	65	0.253	0.33
0280190712	2008	3	6	66	0.248	0.327
0280190712	2008	3	7	67	0.23	0.289
0280190712	2008	3	8	68	0.205	0.244
0280190712	2008	3	9	69	0.183	0.215
0280190712	2008	3	10	70	0.166	0.196
0280190712	2008	3	11	71	0.166	0.188
0280190712	2008	3	12	72	0.198	0.206
0280190712	2008	3	13	73	0.207	0.238
0280190712	2008	3	14	74	0.209	0.247
0280190712	2008	3	15	75	0.207	0.246
0280190712	2008	3	16	76	0.2	0.238
0280190712	2008	3	17	77	0.191	0.225
0280190712	2008	3	18	78	0.249	0.345
0280190712	2008	3	19	79	0.256	0.356
0280190712	2008	3	20	80	0.225	0.289
0280190712	2008	3	21	81	0.201	0.241
0280190712	2008	3	22	82	0.272	0.382
0280190712	2008	3	23	83	0.2585	0.381
0280190712	2008	3	24	84	0.245	0.34
0280190712	2008	3	25	85	0.245	0.296
0280190712	2008	3	26	86	0.212	0.253
0280190712	2008	3	27	87	0.278	0.35
0280190712	2008	3	28	88	0.386	0.355
0280190712	2008	3	29	89	0.291	0.345
0280190712	2008	3	30	90	0.209	0.251
0280190712	2008	3	31	91	0.393	0.388
0280190712	2008	4	1	92	0.393	0.39
0280190712	2008	4	2	93	0.26	0.322
0280190712	2008	4	3	94	0.205	0.244
0280190712	2008	4	4	95	0.281	0.343
0280190712	2008	4	5	96	0.234	0.288
0280190712	2008	4	6	97	0.198	0.232
0280190712	2008	4	7	98	0.183	0.211
0280190712	2008	4	8	99	0.175	0.2
0280190712	2008	4	9	100	0.173	0.192
0280190712	2008	4	10	101	0.411	0.385
0280190712	2008	4	11	102	0.3915	0.387
0280190712	2008	4	12	103	0.372	0.389
0280190712	2008	4	13	104	0.357	0.375
0280190712	2008	4	14	105	0.224	0.266
0280190712	2008	4	15	106	0.197	0.229
0280190712	2008	4	16	107	0.182	0.21
0280190712	2008	4	17	108	0.171	0.195
0280190712	2008	4	18	109	0.165	0.186
0280190712	2008	4	19	110	0.159	0.178
0280190712	2008	4	20	111	0.149	0.166
0280190712	2008	4	21	112	0.139	0.154
0280190712	2008	4	22	113	0.139	0.154
0280190712	2008	4	23	114	0.139	0.154
0280190712	2008	4	24	115	0.126	0.149
0280190712	2008	4	25	116	0.113	0.138
0280190712	2008	4	26	117	0.113	0.133
0280190712	2008	4	27	118	0.113	0.127
0280190712	2008	4	28	119	0.113	0.119
0280190712	2008	4	29	120	0.107	0.111
0280190712	2008	4	30	121	0.101	0.104
0280190712	2008	5	1	122	0.096	0.097
0280190712	2008	5	2	123	0.093	0.093
0280190712	2008	5	3	124	0.094	0.094
0280190712	2008	5	4	125	0.094	0.094
0280190712	2008	5	5	126	0.092	0.092
0280190712	2008	5	6	127	0.09	0.09
0280190712	2008	5	7	128	0.086	0.086
0280190712	2008	5	8	129	0.086	0.086
0280190712	2008	5	9	130	-9999	
0280190712	2008	5	10	131	-9999	
0280190712	2008	5	11	132	-9999	
0280190712	2008	5	12	133	-9999	
0280190712	2008	5	13	134	-9999	
0280190712	2008	5	14	135	-9999	
0280190712	2008	5	15	136	-9999	
0280190712	2008	5	16	137	-9999	
0280190712	2008	5	17	138	-9999	
0280190712	2008	5	18	139	-9999	0.076
0280190712	2008	5	19	140	0.077	0.076
0280190712	2008	5	20	141	0.077	0.076
0280190712	2008	5	21	142	0.077	0.076
0280190712	2008	5	22	143	0.077	0.076
0280190712	2008	5	23	144	0.077	0.076
0280190712	2008	5	24	145	0.077	0.076
0280190712	2008	5	25	146	0.077	0.076
0280190712	2008	5	26	147	0.077	0.076
0280190712	2008	5	27	148	0.077	0.076
0280190712	2008	5	28	149	0.077	0.075
0280190712	2008	5	29	150	0.0755	0.075
0280190712	2008	5	30	151	0.074	0.074
0280190712	2008	5	31	152	0.074	0.073
0280190712	2008	6	1	153	0.074	0.073
0280190712	2008	6	2	154	0.073	0.072
0280190712	2008	6	3	155	0.072	0.071
0280190712	2008	6	4	156	0.076	0.071
0280190712	2008	6	5	157	0.079	0.072
0280190712	2008	6	6	158	0.097	0.067
0280190712	2008	6	7	159	0.115	0.231
0280190712	2008	6	8	160	0.2265	0.395
0280190712	2008	6	9	161	0.338	0.395
0280190712	2008	6	10	162	0.265	0.35
0280190712	2008	6	11	163	0.254	0.327
0280190712	2008	6	12	164	0.2545	0.299
0280190712	2008	6	13	165	0.255	0.277
0280190712	2008	6	14	166	0.255	0.316
0280190712	2008	6	15	167	0.255	0.308
0280190712	2008	6	16	168	0.235	0.285
0280190712	2008	6	17	169	0.2105	0.269
0280190712	2008	6	18	170	0.186	0.253
0280190712	2008	6	19	171	0.186	0.244
0280190712	2008	6	20	172	0.186	0.236
0280190712	2008	6	21	173	0.186	0.23
0280190712	2008	6	22	174	0.186	0.224
0280190712	2008	6	23	175	0.204	0.224
0280190712	2008	6	24	176	0.201	0.224
0280190712	2008	6	25	177	0.195	0.224
0280190712	2008	6	26	178	0.194	0.222
0280190712	2008	6	27	179	0.191	0.222
0280190712	2008	6	28	180	0.206	0.225
0280190712	2008	6	29	181	0.208	0.229
0280190712	2008	6	30	182	0.204	0.231
0280190712	2008	7	1	183	0.194	0.228
0280190712	2008	7	2	184	0.2935	0.2585
0280190712	2008	7	3	185	0.393	0.289
0280190712	2008	7	4	186	0.241	0.289
0280190712	2008	7	5	187	0.224	0.273
0280190712	2008	7	6	188	0.21	0.259
0280190712	2008	7	7	189	0.199	0.248
0280190712	2008	7	8	190	0.199	0.24
0280190712	2008	7	9	191	0.195	0.236
0280190712	2008	7	10	192	0.187	0.231
0280190712	2008	7	11	193	0.187	0.225
0280190712	2008	7	12	194	-9999	0.219
0280190712	2008	7	13	195	-9999	0.213
0280190712	2008	7	14	196	-9999	0.224
0280190712	2008	7	15	197	-9999	0.224
0280190712	2008	7	16	198	-9999	
0280190712	2008	7	17	199	-9999	
0280190712	2008	7	18	200	-9999	
0280190712	2008	7	19	201	-9999	
0280190712	2008	7	20	202	-9999	
0280190712	2008	7	21	203	-9999	
0280190712	2008	7	22	204	-9999	
0280190712	2008	7	23	205	-9999	
0280190712	2008	7	24	206	-9999	
0280190712	2008	7	25	207	-9999	
0280190712	2008	7	26	208	-9999	
0280190712	2008	7	27	209	-9999	
0280190712	2008	7	28	210	-9999	
0280190712	2008	7	29	211	-9999	
0280190712	2008	7	30	212	-9999	
0280190712	2008	7	31	213	-9999	
0280190712	2008	8	1	214	-9999	
0280190712	2008	8	2	215	-9999	
0280190712	2008	8	3	216	-9999	
0280190712	2008	8	4	217	-9999	
0280190712	2008	8	5	218	-9999	
0280190712	2008	8	6	219	-9999	
0280190712	2008	8	7	220	-9999	
0280190712	2008	8	8	221	-9999	
0280190712	2008	8	9	222	-9999	
0280190712	2008	8	10	223	-9999	
0280190712	2008	8	11	224	-9999	
0280190712	2008	8	12	225	-9999	
0280190712	2008	8	13	226	-9999	
0280190712	2008	8	14	227	-9999	
0280190712	2008	8	15	228	-9999	
0280190712	2008	8	16	229	-9999	
0280190712	2008	8	17	230	-9999	
0280190712	2008	8	18	231	-9999	
0280190712	2008	8	19	232	-9999	
0280190712	2008	8	20	233	-9999	
0280190712	2008	8	21	234	-9999	
0280190712	2008	8	22	235	-9999	
0280190712	2008	8	23	236	-9999	
0280190712	2008	8	24	237	-9999	
0280190712	2008	8	25	238	-9999	
0280190712	2008	8	26	239	-9999	
0280190712	2008	8	27	240	-9999	
0280190712	2008	8	28	241	-9999	
0280190712	2008	8	29	242	-9999	
0280190712	2008	8	30	243	-9999	
0280190712	2008	8	31	244	-9999	
0280190712	2008	9	1	245	-9999	
0280190712	2008	9	2	246	-9999	
0280190712	2008	9	3	247	-9999	
0280190712	2008	9	4	248	-9999	
0280190712	2008	9	5	249	-9999	
0280190712	2008	9	6	250	-9999	
0280190712	2008	9	7	251	-9999	
0280190712	2008	9	8	252	-9999	
0280190712	2008	9	9	253	-9999	
0280190712	2008	9	10	254	-9999	
0280190712	2008	9	11	255	-9999	
0280190712	2008	9	12	256	-9999	
0280190712	2008	9	13	257	-9999	
0280190712	2008	9	14	258	-9999	
0280190712	2008	9	15	259	-9999	
0280190712	2008	9	16	260	-9999	
0280190712	2008	9	17	261	-9999	
0280190712	2008	9	18	262	-9999	
0280190712	2008	9	19	263	-9999	
0280190712	2008	9	20	264	-9999	
0280190712	2008	9	21	265	-9999	
0280190712	2008	9	22	266	-9999	
0280190712	2008	9	23	267	-9999	
0280190712	2008	9	24	268	-9999	
0280190712	2008	9	25	269	-9999	
0280190712	2008	9	26	270	-9999	
0280190712	2008	9	27	271	-9999	
0280190712	2008	9	28	272	-9999	
0280190712	2008	9	29	273	-9999	
0280190712	2008	9	30	274	-9999	
0280190712	2008	10	1	275	-9999	
0280190712	2008	10	2	276	-9999	
0280190712	2008	10	3	277	-9999	
0280190712	2008	10	4	278	-9999	
0280190712	2008	10	5	279	-9999	
0280190712	2008	10	6	280	-9999	
0280190712	2008	10	7	281	-9999	
0280190712	2008	10	8	282	-9999	
0280190712	2008	10	9	283	-9999	
0280190712	2008	10	10	284	-9999	
0280190712	2008	10	11	285	-9999	
0280190712	2008	10	12	286	-9999	
0280190712	2008	10	13	287	-9999	
0280190712	2008	10	14	288	-9999	
0280190712	2008	10	15	289	-9999	
0280190712	2008	10	16	290	-9999	
0280190712	2008	10	17	291	-9999	
0280190712	2008	10	18	292	-9999	
0280190712	2008	10	19	293	-9999	
0280190712	2008	10	20	294	-9999	
0280190712	2008	10	21	295	-9999	
0280190712	2008	10	22	296	-9999	
0280190712	2008	10	23	297	-9999	
0280190712	2008	10	24	298	-9999	
0280190712	2008	10	25	299	-9999	
0280190712	2008	10	26	300	-9999	
0280190712	2008	10	27	301	-9999	
0280190712	2008	10	28	302	-9999	
0280190712	2008	10	29	303	-9999	
0280190712	2008	10	30	304	-9999	
0280190712	2008	10	31	305	-9999	
0280190712	2008	11	1	306	-9999	
0280190712	2008	11	2	307	-9999	
0280190712	2008	11	3	308	-9999	
0280190712	2008	11	4	309	-9999	
0280190712	2008	11	5	310	-9999	
0280190712	2008	11	6	311	-9999	
0280190712	2008	11	7	312	-9999	
0280190712	2008	11	8	313	-9999	
0280190712	2008	11	9	314	-9999	
0280190712	2008	11	10	315	-9999	
0280190712	2008	11	11	316	-9999	
0280190712	2008	11	12	317	-9999	
0280190712	2008	11	13	318	-9999	
0280190712	2008	11	14	319	-9999	
0280190712	2008	11	15	320	-9999	
0280190712	2008	11	16	321	-9999	
0280190712	2008	11	17	322	-9999	
0280190712	2008	11	18	323	-9999	
0280190712	2008	11	19	324	-9999	
0280190712	2008	11	20	325	-9999	
0280190712	2008	11	21	326	-9999	
0280190712	2008	11	22	327	-9999	
0280190712	2008	11	23	328	-9999	
0280190712	2008	11	24	329	-9999	
0280190712	2008	11	25	330	-9999	
0280190712	2008	11	26	331	-9999	
0280190712	2008	11	27	332	-9999	
0280190712	2008	11	28	333	-9999	
0280190712	2008	11	29	334	-9999	
0280190712	2008	11	30	335	-9999	
0280190712	2008	12	1	336	-9999	
0280190712	2008	12	2	337	-9999	
0280190712	2008	12	3	338	-9999	
0280190712	2008	12	4	339	-9999	
0280190712	2008	12	5	340	-9999	
0280190712	2008	12	6	341	-9999	
0280190712	2008	12	7	342	-9999	
0280190712	2008	12	8	343	-9999	
0280190712	2008	12	9	344	-9999	
0280190712	2008	12	10	345	-9999	
0280190712	2008	12	11	346	-9999	
0280190712	2008	12	12	347	-9999	
0280190712	2008	12	13	348	-9999	
0280190712	2008	12	14	349	-9999	
0280190712	2008	12	15	350	-9999	
0280190712	2008	12	16	351	-9999	
0280190712	2008	12	17	352	-9999	
0280190712	2008	12	18	353	-9999	
0280190712	2008	12	19	354	-9999	
0280190712	2008	12	20	355	-9999	
0280190712	2008	12	21	356	-9999	
0280190712	2008	12	22	357	-9999	
0280190712	2008	12	23	358	-9999	
0280190712	2008	12	24	359	-9999	
0280190712	2008	12	25	360	-9999	
0280190712	2008	12	26	361	-9999	
0280190712	2008	12	27	362	-9999	
0280190712	2008	12	28	363	-9999	
0280190712	2008	12	29	364	-9999	
0280190712	2008	12	30	365	-9999	
0280190712	2008	12	31	366	-9999	
0280190712	2009	1	1	1	-9999	
0280190712	2009	1	2	2	-9999	
0280190712	2009	1	3	3	-9999	
0280190712	2009	1	4	4	-9999	
0280190712	2009	1	5	5	-9999	
0280190712	2009	1	6	6	-9999	
0280190712	2009	1	7	7	-9999	
0280190712	2009	1	8	8	-9999	
0280190712	2009	1	9	9	-9999	
0280190712	2009	1	10	10	-9999	
0280190712	2009	1	11	11	-9999	
0280190712	2009	1	12	12	-9999	
0280190712	2009	1	13	13	-9999	
0280190712	2009	1	14	14	-9999	
0280190712	2009	1	15	15	-9999	
0280190712	2009	1	16	16	-9999	
0280190712	2009	1	17	17	-9999	
0280190712	2009	1	18	18	-9999	
0280190712	2009	1	19	19	-9999	
0280190712	2009	1	20	20	-9999	
0280190712	2009	1	21	21	-9999	
0280190712	2009	1	22	22	-9999	
0280190712	2009	1	23	23	-9999	
0280190712	2009	1	24	24	-9999	
0280190712	2009	1	25	25	-9999	
0280190712	2009	1	26	26	-9999	
0280190712	2009	1	27	27	-9999	
0280190712	2009	1	28	28	-9999	
0280190712	2009	1	29	29	-9999	
0280190712	2009	1	30	30	-9999	
0280190712	2009	1	31	31	-9999	
0280190712	2009	2	1	32	-9999	
0280190712	2009	2	2	33	-9999	
0280190712	2009	2	3	34	-9999	
0280190712	2009	2	4	35	-9999	
0280190712	2009	2	5	36	-9999	
0280190712	2009	2	6	37	-9999	
0280190712	2009	2	7	38	-9999	
0280190712	2009	2	8	39	-9999	
0280190712	2009	2	9	40	-9999	
0280190712	2009	2	10	41	-9999	
0280190712	2009	2	11	42	-9999	
0280190712	2009	2	12	43	-9999	
0280190712	2009	2	13	44	-9999	
0280190712	2009	2	14	45	-9999	
0280190712	2009	2	15	46	-9999	
0280190712	2009	2	16	47	-9999	
0280190712	2009	2	17	48	-9999	
0280190712	2009	2	18	49	-9999	
0280190712	2009	2	19	50	-9999	
0280190712	2009	2	20	51	-9999	
0280190712	2009	2	21	52	-9999	
0280190712	2009	2	22	53	-9999	
0280190712	2009	2	23	54	-9999	
0280190712	2009	2	24	55	-9999	
0280190712	2009	2	25	56	-9999	
0280190712	2009	2	26	57	-9999	
0280190712	2009	2	27	58	-9999	
0280190712	2009	2	28	59	-9999	
0280190712	2009	3	1	60	-9999	
0280190712	2009	3	2	61	-9999	
0280190712	2009	3	3	62	-9999	
0280190712	2009	3	4	63	-9999	
0280190712	2009	3	5	64	-9999	
0280190712	2009	3	6	65	-9999	
0280190712	2009	3	7	66	-9999	
0280190712	2009	3	8	67	-9999	
0280190712	2009	3	9	68	-9999	
0280190712	2009	3	10	69	-9999	
0280190712	2009	3	11	70	-9999	
0280190712	2009	3	12	71	-9999	
0280190712	2009	3	13	72	-9999	
0280190712	2009	3	14	73	-9999	
0280190712	2009	3	15	74	-9999	
0280190712	2009	3	16	75	-9999	
0280190712	2009	3	17	76	-9999	
0280190712	2009	3	18	77	-9999	
0280190712	2009	3	19	78	-9999	
0280190712	2009	3	20	79	-9999	
0280190712	2009	3	21	80	-9999	
0280190712	2009	3	22	81	-9999	
0280190712	2009	3	23	82	-9999	
0280190712	2009	3	24	83	-9999	
0280190712	2009	3	25	84	-9999	
0280190712	2009	3	26	85	-9999	
0280190712	2009	3	27	86	-9999	
0280190712	2009	3	28	87	-9999	
0280190712	2009	3	29	88	-9999	
0280190712	2009	3	30	89	-9999	
0280190712	2009	3	31	90	-9999	
0280190712	2009	4	1	91	-9999	
0280190712	2009	4	2	92	-9999	
0280190712	2009	4	3	93	-9999	
0280190712	2009	4	4	94	-9999	
0280190712	2009	4	5	95	-9999	
0280190712	2009	4	6	96	-9999	
0280190712	2009	4	7	97	-9999	
0280190712	2009	4	8	98	-9999	
0280190712	2009	4	9	99	-9999	
0280190712	2009	4	10	100	-9999	
0280190712	2009	4	11	101	-9999	
0280190712	2009	4	12	102	-9999	
0280190712	2009	4	13	103	-9999	
0280190712	2009	4	14	104	-9999	
0280190712	2009	4	15	105	-9999	
0280190712	2009	4	16	106	-9999	
0280190712	2009	4	17	107	-9999	
0280190712	2009	4	18	108	-9999	
0280190712	2009	4	19	109	-9999	
0280190712	2009	4	20	110	-9999	
0280190712	2009	4	21	111	-9999	
0280190712	2009	4	22	112	-9999	
0280190712	2009	4	23	113	-9999	
0280190712	2009	4	24	114	-9999	
0280190712	2009	4	25	115	-9999	
0280190712	2009	4	26	116	-9999	
0280190712	2009	4	27	117	-9999	
0280190712	2009	4	28	118	-9999	
0280190712	2009	4	29	119	-9999	
0280190712	2009	4	30	120	-9999	
0280190712	2009	5	1	121	-9999	
0280190712	2009	5	2	122	-9999	
0280190712	2009	5	3	123	-9999	
0280190712	2009	5	4	124	-9999	
0280190712	2009	5	5	125	-9999	
0280190712	2009	5	6	126	0.211	0.242
0280190712	2009	5	7	127	0.211	0.242
0280190712	2009	5	8	128	0.211	0.242
0280190712	2009	5	9	129	0.211	0.242
0280190712	2009	5	10	130	0.211	0.242
0280190712	2009	5	11	131	0.211	0.242
0280190712	2009	5	12	132	0.211	0.242
0280190712	2009	5	13	133	0.211	0.242
0280190712	2009	5	14	134	0.211	0.242
0280190712	2009	5	15	135	0.211	0.242
0280190712	2009	5	16	136	0.276	0.366
0280190712	2009	5	17	137	0.219	0.272
0280190712	2009	5	18	138	0.206	0.253
0280190712	2009	5	19	139	0.194	0.236
0280190712	2009	5	20	140	0.19	0.231
0280190712	2009	5	21	141	0.186	0.227
0280190712	2009	5	22	142	0.182	0.223
0280190712	2009	5	23	143	0.182	0.223
0280190712	2009	5	24	144	0.181	0.22
0280190712	2009	5	25	145	0.18	0.219
0280190712	2009	5	26	146	0.189	0.217
0280190712	2009	5	27	147	0.1935	0.305
0280190712	2009	5	28	148	0.198	0.393
0280190712	2009	5	29	149	0.198	0.268
0280190712	2009	5	30	150	0.198	0.261
0280190712	2009	5	31	151	0.198	0.252
0280190712	2009	6	1	152	0.198	0.244
0280190712	2009	6	2	153	0.196	0.239
0280190712	2009	6	3	154	0.192	0.234
0280190712	2009	6	4	155	0.1875	0.23
0280190712	2009	6	5	156	0.183	0.227
0280190712	2009	6	6	157	0.183	0.225
0280190712	2009	6	7	158	0.18	0.223
0280190712	2009	6	8	159	0.257	0.366
0280190712	2009	6	9	160	0.212	0.262
0280190712	2009	6	10	161	0.203	0.2495
0280190712	2009	6	11	162	0.194	0.237
0280190712	2009	6	12	163	0.194	0.237
0280190712	2009	6	13	164	0.194	0.237
0280190712	2009	6	14	165	0.195	0.234
0280190712	2009	6	15	166	0.192	0.231
0280190712	2009	6	16	167	0.189	0.229
0280190712	2009	6	17	168	0.2075	0.272
0280190712	2009	6	18	169	0.226	0.315
0280190712	2009	6	19	170	0.336	0.411
0280190712	2009	6	20	171	0.331	0.412
0280190712	2009	6	21	172	0.2665	0.326
0280190712	2009	6	22	173	0.202	0.267
0280190712	2009	6	23	174	0.202	0.259
0280190712	2009	6	24	175	0.202	0.25
0280190712	2009	6	25	176	0.211	0.245
0280190712	2009	6	26	177	0.209	0.245
0280190712	2009	6	27	178	0.201	0.244
0280190712	2009	6	28	179	0.194	0.239
0280190712	2009	6	29	180	0.187	0.234
0280190712	2009	6	30	181	0.19	0.229
0280190712	2009	7	1	182	0.205	0.225
0280190712	2009	7	2	183	0.208	0.226
0280190712	2009	7	3	184	0.204	0.228
0280190712	2009	7	4	185	0.199	0.228
0280190712	2009	7	5	186	0.193	0.227
0280190712	2009	7	6	187	0.189	0.226
0280190712	2009	7	7	188	0.184	0.223
0280190712	2009	7	8	189	0.18	0.222
0280190712	2009	7	9	190	0.178	0.218
0280190712	2009	7	10	191	0.174	0.217
0280190712	2009	7	11	192	0.18	0.215
0280190712	2009	7	12	193	0.18	0.214
0280190712	2009	7	13	194	0.176	0.214
0280190712	2009	7	14	195	0.172	0.212
0280190712	2009	7	15	196	0.169	0.21
0280190712	2009	7	16	197	0.162	0.206
0280190712	2009	7	17	198	0.16	0.205
0280190712	2009	7	18	199	0.159	0.203
0280190712	2009	7	19	200	0.157	0.202
0280190712	2009	7	20	201	0.158	0.2
0280190712	2009	7	21	202	0.158	0.2
0280190712	2009	7	22	203	-9999	
0280190712	2009	7	23	204	-9999	
0280190712	2009	7	24	205	-9999	
0280190712	2009	7	25	206	-9999	
0280190712	2009	7	26	207	-9999	
0280190712	2009	7	27	208	-9999	
0280190712	2009	7	28	209	-9999	
0280190712	2009	7	29	210	-9999	
0280190712	2009	7	30	211	-9999	
0280190712	2009	7	31	212	-9999	
0280190712	2009	8	1	213	-9999	
0280190712	2009	8	2	214	-9999	
0280190712	2009	8	3	215	-9999	
0280190712	2009	8	4	216	-9999	
0280190712	2009	8	5	217	-9999	
0280190712	2009	8	6	218	-9999	
0280190712	2009	8	7	219	-9999	
0280190712	2009	8	8	220	-9999	
0280190712	2009	8	9	221	-9999	
0280190712	2009	8	10	222	-9999	
0280190712	2009	8	11	223	-9999	
0280190712	2009	8	12	224	-9999	
0280190712	2009	8	13	225	-9999	
0280190712	2009	8	14	226	-9999	
0280190712	2009	8	15	227	-9999	
0280190712	2009	8	16	228	-9999	
0280190712	2009	8	17	229	-9999	
0280190712	2009	8	18	230	-9999	
0280190712	2009	8	19	231	-9999	
0280190712	2009	8	20	232	-9999	
0280190712	2009	8	21	233	-9999	
0280190712	2009	8	22	234	-9999	
0280190712	2009	8	23	235	-9999	
0280190712	2009	8	24	236	-9999	
0280190712	2009	8	25	237	-9999	
0280190712	2009	8	26	238	-9999	
0280190712	2009	8	27	239	-9999	
0280190712	2009	8	28	240	-9999	
0280190712	2009	8	29	241	-9999	
0280190712	2009	8	30	242	-9999	
0280190712	2009	8	31	243	-9999	
0280190712	2009	9	1	244	-9999	
0280190712	2009	9	2	245	-9999	
0280190712	2009	9	3	246	-9999	
0280190712	2009	9	4	247	-9999	
0280190712	2009	9	5	248	-9999	
0280190712	2009	9	6	249	-9999	
0280190712	2009	9	7	250	-9999	
0280190712	2009	9	8	251	-9999	
0280190712	2009	9	9	252	-9999	
0280190712	2009	9	10	253	-9999	
0280190712	2009	9	11	254	-9999	
0280190712	2009	9	12	255	-9999	
0280190712	2009	9	13	256	-9999	
0280190712	2009	9	14	257	-9999	
0280190712	2009	9	15	258	-9999	
0280190712	2009	9	16	259	-9999	
0280190712	2009	9	17	260	-9999	
0280190712	2009	9	18	261	-9999	
0280190712	2009	9	19	262	-9999	
0280190712	2009	9	20	263	-9999	
0280190712	2009	9	21	264	-9999	
0280190712	2009	9	22	265	-9999	
0280190712	2009	9	23	266	-9999	
0280190712	2009	9	24	267	-9999	
0280190712	2009	9	25	268	-9999	
0280190712	2009	9	26	269	-9999	
0280190712	2009	9	27	270	-9999	
0280190712	2009	9	28	271	-9999	
0280190712	2009	9	29	272	-9999	
0280190712	2009	9	30	273	-9999	
0280190712	2009	10	1	274	-9999	
0280190712	2009	10	2	275	-9999	
0280190712	2009	10	3	276	-9999	
0280190712	2009	10	4	277	-9999	
0280190712	2009	10	5	278	-9999	
0280190712	2009	10	6	279	-9999	
0280190712	2009	10	7	280	-9999	
0280190712	2009	10	8	281	-9999	
0280190712	2009	10	9	282	-9999	
0280190712	2009	10	10	283	-9999	
0280190712	2009	10	11	284	-9999	
0280190712	2009	10	12	285	-9999	
0280190712	2009	10	13	286	-9999	
0280190712	2009	10	14	287	-9999	
0280190712	2009	10	15	288	-9999	
0280190712	2009	10	16	289	-9999	
0280190712	2009	10	17	290	-9999	
0280190712	2009	10	18	291	-9999	
0280190712	2009	10	19	292	-9999	
0280190712	2009	10	20	293	-9999	
0280190712	2009	10	21	294	-9999	
0280190712	2009	10	22	295	-9999	
0280190712	2009	10	23	296	-9999	
0280190712	2009	10	24	297	-9999	
0280190712	2009	10	25	298	-9999	
0280190712	2009	10	26	299	-9999	
0280190712	2009	10	27	300	-9999	
0280190712	2009	10	28	301	-9999	
0280190712	2009	10	29	302	-9999	
0280190712	2009	10	30	303	-9999	
0280190712	2009	10	31	304	-9999	
0280190712	2009	11	1	305	-9999	
0280190712	2009	11	2	306	-9999	
0280190712	2009	11	3	307	-9999	
0280190712	2009	11	4	308	-9999	
0280190712	2009	11	5	309	-9999	
0280190712	2009	11	6	310	-9999	
0280190712	2009	11	7	311	-9999	
0280190712	2009	11	8	312	-9999	
0280190712	2009	11	9	313	-9999	
0280190712	2009	11	10	314	-9999	
0280190712	2009	11	11	315	-9999	
0280190712	2009	11	12	316	-9999	
0280190712	2009	11	13	317	-9999	
0280190712	2009	11	14	318	-9999	
0280190712	2009	11	15	319	-9999	
0280190712	2009	11	16	320	-9999	
0280190712	2009	11	17	321	-9999	
0280190712	2009	11	18	322	-9999	
0280190712	2009	11	19	323	-9999	
0280190712	2009	11	20	324	-9999	
0280190712	2009	11	21	325	-9999	
0280190712	2009	11	22	326	-9999	
0280190712	2009	11	23	327	-9999	
0280190712	2009	11	24	328	-9999	
0280190712	2009	11	25	329	-9999	
0280190712	2009	11	26	330	-9999	
0280190712	2009	11	27	331	-9999	
0280190712	2009	11	28	332	-9999	
0280190712	2009	11	29	333	-9999	
0280190712	2009	11	30	334	-9999	
0280190712	2009	12	1	335	-9999	
0280190712	2009	12	2	336	-9999	
0280190712	2009	12	3	337	-9999	
0280190712	2009	12	4	338	-9999	
0280190712	2009	12	5	339	-9999	
0280190712	2009	12	6	340	-9999	
0280190712	2009	12	7	341	-9999	
0280190712	2009	12	8	342	-9999	
0280190712	2009	12	9	343	-9999	
0280190712	2009	12	10	344	-9999	
0280190712	2009	12	11	345	-9999	
0280190712	2009	12	12	346	-9999	
0280190712	2009	12	13	347	-9999	
0280190712	2009	12	14	348	-9999	
0280190712	2009	12	15	349	-9999	
0280190712	2009	12	16	350	-9999	
0280190712	2009	12	17	351	-9999	
0280190712	2009	12	18	352	-9999	
0280190712	2009	12	19	353	-9999	
0280190712	2009	12	20	354	-9999	
0280190712	2009	12	21	355	-9999	
0280190712	2009	12	22	356	-9999	
0280190712	2009	12	23	357	-9999	
0280190712	2009	12	24	358	-9999	
0280190712	2009	12	25	359	-9999	
0280190712	2009	12	26	360	-9999	
0280190712	2009	12	27	361	-9999	
0280190712	2009	12	28	362	-9999	
0280190712	2009	12	29	363	-9999	
0280190712	2009	12	30	364	-9999	
0280190712	2009	12	31	365	-9999	
0280190712	2010	1	1	1	-9999	
0280190712	2010	1	2	2	-9999	
0280190712	2010	1	3	3	-9999	
0280190712	2010	1	4	4	-9999	
0280190712	2010	1	5	5	-9999	
0280190712	2010	1	6	6	-9999	
0280190712	2010	1	7	7	-9999	
0280190712	2010	1	8	8	-9999	
0280190712	2010	1	9	9	-9999	
0280190712	2010	1	10	10	-9999	
0280190712	2010	1	11	11	-9999	
0280190712	2010	1	12	12	-9999	
0280190712	2010	1	13	13	-9999	
0280190712	2010	1	14	14	-9999	
0280190712	2010	1	15	15	-9999	
0280190712	2010	1	16	16	-9999	
0280190712	2010	1	17	17	-9999	
0280190712	2010	1	18	18	-9999	
0280190712	2010	1	19	19	-9999	
0280190712	2010	1	20	20	-9999	
0280190712	2010	1	21	21	-9999	
0280190712	2010	1	22	22	-9999	
0280190712	2010	1	23	23	-9999	
0280190712	2010	1	24	24	-9999	
0280190712	2010	1	25	25	-9999	
0280190712	2010	1	26	26	-9999	
0280190712	2010	1	27	27	-9999	
0280190712	2010	1	28	28	-9999	
0280190712	2010	1	29	29	-9999	
0280190712	2010	1	30	30	-9999	
0280190712	2010	1	31	31	-9999	
0280190712	2010	2	1	32	-9999	
0280190712	2010	2	2	33	-9999	
0280190712	2010	2	3	34	-9999	
0280190712	2010	2	4	35	-9999	
0280190712	2010	2	5	36	-9999	
0280190712	2010	2	6	37	-9999	
0280190712	2010	2	7	38	-9999	
0280190712	2010	2	8	39	-9999	
0280190712	2010	2	9	40	-9999	
0280190712	2010	2	10	41	-9999	
0280190712	2010	2	11	42	-9999	
0280190712	2010	2	12	43	-9999	
0280190712	2010	2	13	44	-9999	
0280190712	2010	2	14	45	-9999	
0280190712	2010	2	15	46	-9999	
0280190712	2010	2	16	47	-9999	
0280190712	2010	2	17	48	-9999	
0280190712	2010	2	18	49	-9999	
0280190712	2010	2	19	50	-9999	
0280190712	2010	2	20	51	-9999	
0280190712	2010	2	21	52	-9999	
0280190712	2010	2	22	53	-9999	
0280190712	2010	2	23	54	-9999	
0280190712	2010	2	24	55	-9999	
0280190712	2010	2	25	56	-9999	
0280190712	2010	2	26	57	-9999	
0280190712	2010	2	27	58	-9999	
0280190712	2010	2	28	59	-9999	
0280190712	2010	3	1	60	-9999	
0280190712	2010	3	2	61	-9999	
0280190712	2010	3	3	62	-9999	
0280190712	2010	3	4	63	-9999	
0280190712	2010	3	5	64	-9999	
0280190712	2010	3	6	65	-9999	
0280190712	2010	3	7	66	-9999	
0280190712	2010	3	8	67	-9999	
0280190712	2010	3	9	68	-9999	
0280190712	2010	3	10	69	-9999	
0280190712	2010	3	11	70	-9999	
0280190712	2010	3	12	71	-9999	
0280190712	2010	3	13	72	-9999	
0280190712	2010	3	14	73	-9999	
0280190712	2010	3	15	74	-9999	
0280190712	2010	3	16	75	-9999	
0280190712	2010	3	17	76	-9999	
0280190712	2010	3	18	77	-9999	
0280190712	2010	3	19	78	-9999	
0280190712	2010	3	20	79	-9999	
0280190712	2010	3	21	80	-9999	
0280190712	2010	3	22	81	-9999	
0280190712	2010	3	23	82	-9999	
0280190712	2010	3	24	83	-9999	
0280190712	2010	3	25	84	-9999	
0280190712	2010	3	26	85	-9999	
0280190712	2010	3	27	86	-9999	
0280190712	2010	3	28	87	-9999	
0280190712	2010	3	29	88	-9999	
0280190712	2010	3	30	89	-9999	
0280190712	2010	3	31	90	-9999	
0280190712	2010	4	1	91	-9999	
0280190712	2010	4	2	92	-9999	
0280190712	2010	4	3	93	-9999	
0280190712	2010	4	4	94	-9999	
0280190712	2010	4	5	95	-9999	
0280190712	2010	4	6	96	-9999	
0280190712	2010	4	7	97	-9999	
0280190712	2010	4	8	98	-9999	
0280190712	2010	4	9	99	-9999	
0280190712	2010	4	10	100	-9999	
0280190712	2010	4	11	101	-9999	
0280190712	2010	4	12	102	-9999	
0280190712	2010	4	13	103	-9999	
0280190712	2010	4	14	104	-9999	
0280190712	2010	4	15	105	-9999	
0280190712	2010	4	16	106	-9999	
0280190712	2010	4	17	107	-9999	
0280190712	2010	4	18	108	-9999	
0280190712	2010	4	19	109	-9999	
0280190712	2010	4	20	110	-9999	
0280190712	2010	4	21	111	-9999	
0280190712	2010	4	22	112	-9999	
0280190712	2010	4	23	113	-9999	
0280190712	2010	4	24	114	-9999	
0280190712	2010	4	25	115	-9999	
0280190712	2010	4	26	116	-9999	
0280190712	2010	4	27	117	-9999	
0280190712	2010	4	28	118	-9999	
0280190712	2010	4	29	119	-9999	
0280190712	2010	4	30	120	-9999	
0280190712	2010	5	1	121	-9999	
0280190712	2010	5	2	122	-9999	
0280190712	2010	5	3	123	-9999	
0280190712	2010	5	4	124	-9999	
0280190712	2010	5	5	125	-9999	
0280190712	2010	5	6	126	-9999	
0280190712	2010	5	7	127	-9999	
0280190712	2010	5	8	128	-9999	
0280190712	2010	5	9	129	-9999	
0280190712	2010	5	10	130	-9999	
0280190712	2010	5	11	131	-9999	
0280190712	2010	5	12	132	-9999	
0280190712	2010	5	13	133	-9999	
0280190712	2010	5	14	134	-9999	
0280190712	2010	5	15	135	-9999	
0280190712	2010	5	16	136	-9999	
0280190712	2010	5	17	137	-9999	
0280190712	2010	5	18	138	-9999	
0280190712	2010	5	19	139	-9999	
0280190712	2010	5	20	140	-9999	
0280190712	2010	5	21	141	-9999	
0280190712	2010	5	22	142	-9999	
0280190712	2010	5	23	143	-9999	
0280190712	2010	5	24	144	-9999	
0280190712	2010	5	25	145	-9999	
0280190712	2010	5	26	146	-9999	
0280190712	2010	5	27	147	-9999	
0280190712	2010	5	28	148	-9999	
0280190712	2010	5	29	149	-9999	
0280190712	2010	5	30	150	-9999	
0280190712	2010	5	31	151	-9999	
0280190712	2010	6	1	152	-9999	
0280190712	2010	6	2	153	-9999	
0280190712	2010	6	3	154	-9999	
0280190712	2010	6	4	155	-9999	
0280190712	2010	6	5	156	-9999	
0280190712	2010	6	6	157	-9999	
0280190712	2010	6	7	158	-9999	
0280190712	2010	6	8	159	-9999	
0280190712	2010	6	9	160	-9999	
0280190712	2010	6	10	161	-9999	
0280190712	2010	6	11	162	-9999	
0280190712	2010	6	12	163	-9999	
0280190712	2010	6	13	164	-9999	
0280190712	2010	6	14	165	-9999	
0280190712	2010	6	15	166	-9999	0.256
0280190712	2010	6	16	167	-9999	0.256
0280190712	2010	6	17	168	-9999	0.256
0280190712	2010	6	18	169	-9999	0.256
0280190712	2010	6	19	170	-9999	0.256
0280190712	2010	6	20	171	-9999	0.256
0280190712	2010	6	21	172	-9999	0.256
0280190712	2010	6	22	173	0.176	0.256
0280190712	2010	6	23	174	0.176	0.256
0280190712	2010	6	24	175	0.176	0.256
0280190712	2010	6	25	176	0.176	0.246
0280190712	2010	6	26	177	0.176	0.238
0280190712	2010	6	27	178	0.176	0.232
0280190712	2010	6	28	179	0.176	0.228
0280190712	2010	6	29	180	0.176	0.2215
0280190712	2010	6	30	181	0.176	0.215
0280190712	2010	7	1	182	0.176	0.215
0280190712	2010	7	2	183	0.174	0.211
0280190712	2010	7	3	184	0.171	0.207
0280190712	2010	7	4	185	0.169	0.203
0280190712	2010	7	5	186	0.167	0.199
0280190712	2010	7	6	187	0.165	0.195
0280190712	2010	7	7	188	0.163	0.192
0280190712	2010	7	8	189	0.162	0.189
0280190712	2010	7	9	190	0.162	0.188
0280190712	2010	7	10	191	0.16	0.186
0280190712	2010	7	11	192	0.158	0.183
0280190712	2010	7	12	193	0.157	0.181
0280190712	2010	7	13	194	0.155	0.18
0280190712	2010	7	14	195	0.153	0.178
0280190712	2010	7	15	196	0.197	0.193
0280190712	2010	7	16	197	0.195	0.186
0280190712	2010	7	17	198	0.182	0.182
0280190712	2010	7	18	199	0.175	0.179
0280190712	2010	7	19	200	0.17	0.178
0280190712	2010	7	20	201	0.176	0.177
0280190712	2010	7	21	202	0.175	0.175
0280190712	2010	7	22	203	0.199	0.194
0280190712	2010	7	23	204	0.224	0.184
0280190712	2010	7	24	205	0.21	0.182
0280190712	2010	7	25	206	0.206	0.181
0280190712	2010	7	26	207	0.206	0.18
0280190712	2010	7	27	208	-9999	0.178
0280190712	2010	7	28	209	-9999	0.178
0280190712	2010	7	29	210	-9999	
0280190712	2010	7	30	211	-9999	
0280190712	2010	7	31	212	-9999	
0280190712	2010	8	1	213	-9999	
0280190712	2010	8	2	214	-9999	
0280190712	2010	8	3	215	-9999	
0280190712	2010	8	4	216	-9999	
0280190712	2010	8	5	217	-9999	
0280190712	2010	8	6	218	-9999	
0280190712	2010	8	7	219	-9999	
0280190712	2010	8	8	220	-9999	
0280190712	2010	8	9	221	-9999	
0280190712	2010	8	10	222	-9999	
0280190712	2010	8	11	223	-9999	
0280190712	2010	8	12	224	-9999	
0280190712	2010	8	13	225	-9999	
0280190712	2010	8	14	226	-9999	
0280190712	2010	8	15	227	-9999	
0280190712	2010	8	16	228	-9999	
0280190712	2010	8	17	229	-9999	
0280190712	2010	8	18	230	-9999	
0280190712	2010	8	19	231	-9999	
0280190712	2010	8	20	232	-9999	
0280190712	2010	8	21	233	-9999	
0280190712	2010	8	22	234	-9999	
0280190712	2010	8	23	235	-9999	
0280190712	2010	8	24	236	-9999	
0280190712	2010	8	25	237	-9999	
0280190712	2010	8	26	238	-9999	
0280190712	2010	8	27	239	-9999	
0280190712	2010	8	28	240	-9999	
0280190712	2010	8	29	241	-9999	
0280190712	2010	8	30	242	-9999	
0280190712	2010	8	31	243	-9999	
0280190712	2010	9	1	244	-9999	
0280190712	2010	9	2	245	-9999	
0280190712	2010	9	3	246	-9999	
0280190712	2010	9	4	247	-9999	
0280190712	2010	9	5	248	-9999	
0280190712	2010	9	6	249	-9999	
0280190712	2010	9	7	250	-9999	
0280190712	2010	9	8	251	-9999	
0280190712	2010	9	9	252	-9999	
0280190712	2010	9	10	253	-9999	
0280190712	2010	9	11	254	-9999	
0280190712	2010	9	12	255	-9999	
0280190712	2010	9	13	256	-9999	
0280190712	2010	9	14	257	-9999	
0280190712	2010	9	15	258	-9999	
0280190712	2010	9	16	259	-9999	
0280190712	2010	9	17	260	-9999	
0280190712	2010	9	18	261	-9999	
0280190712	2010	9	19	262	-9999	
0280190712	2010	9	20	263	-9999	
0280190712	2010	9	21	264	-9999	
0280190712	2010	9	22	265	-9999	
0280190712	2010	9	23	266	-9999	
0280190712	2010	9	24	267	-9999	
0280190712	2010	9	25	268	-9999	
0280190712	2010	9	26	269	-9999	
0280190712	2010	9	27	270	-9999	
0280190712	2010	9	28	271	-9999	
0280190712	2010	9	29	272	-9999	
0280190712	2010	9	30	273	-9999	
0280190712	2010	10	1	274	-9999	
0280190712	2010	10	2	275	-9999	
0280190712	2010	10	3	276	-9999	
0280190712	2010	10	4	277	-9999	
0280190712	2010	10	5	278	-9999	
0280190712	2010	10	6	279	-9999	
0280190712	2010	10	7	280	-9999	
0280190712	2010	10	8	281	-9999	
0280190712	2010	10	9	282	-9999	
0280190712	2010	10	10	283	-9999	
0280190712	2010	10	11	284	-9999	
0280190712	2010	10	12	285	-9999	
0280190712	2010	10	13	286	-9999	
0280190712	2010	10	14	287	-9999	
0280190712	2010	10	15	288	-9999	
0280190712	2010	10	16	289	-9999	
0280190712	2010	10	17	290	-9999	
0280190712	2010	10	18	291	-9999	
0280190712	2010	10	19	292	-9999	
0280190712	2010	10	20	293	-9999	
0280190712	2010	10	21	294	-9999	
0280190712	2010	10	22	295	-9999	
0280190712	2010	10	23	296	-9999	
0280190712	2010	10	24	297	-9999	
0280190712	2010	10	25	298	-9999	
0280190712	2010	10	26	299	-9999	
0280190712	2010	10	27	300	-9999	
0280190712	2010	10	28	301	-9999	
0280190712	2010	10	29	302	-9999	
0280190712	2010	10	30	303	-9999	
0280190712	2010	10	31	304	-9999	
0280190712	2010	11	1	305	-9999	
0280190712	2010	11	2	306	-9999	
0280190712	2010	11	3	307	-9999	
0280190712	2010	11	4	308	-9999	
0280190712	2010	11	5	309	-9999	
0280190712	2010	11	6	310	-9999	
0280190712	2010	11	7	311	-9999	
0280190712	2010	11	8	312	-9999	
0280190712	2010	11	9	313	-9999	
0280190712	2010	11	10	314	-9999	
0280190712	2010	11	11	315	-9999	
0280190712	2010	11	12	316	-9999	
0280190712	2010	11	13	317	-9999	
0280190712	2010	11	14	318	-9999	
0280190712	2010	11	15	319	-9999	
0280190712	2010	11	16	320	-9999	
0280190712	2010	11	17	321	-9999	
0280190712	2010	11	18	322	-9999	
0280190712	2010	11	19	323	-9999	
0280190712	2010	11	20	324	-9999	
0280190712	2010	11	21	325	-9999	
0280190712	2010	11	22	326	-9999	
0280190712	2010	11	23	327	-9999	
0280190712	2010	11	24	328	-9999	
0280190712	2010	11	25	329	-9999	
0280190712	2010	11	26	330	-9999	
0280190712	2010	11	27	331	-9999	
0280190712	2010	11	28	332	-9999	
0280190712	2010	11	29	333	-9999	
0280190712	2010	11	30	334	-9999	
0280190712	2010	12	1	335	-9999	
0280190712	2010	12	2	336	-9999	
0280190712	2010	12	3	337	-9999	
0280190712	2010	12	4	338	-9999	
0280190712	2010	12	5	339	-9999	
0280190712	2010	12	6	340	-9999	
0280190712	2010	12	7	341	-9999	
0280190712	2010	12	8	342	-9999	
0280190712	2010	12	9	343	-9999	
0280190712	2010	12	10	344	-9999	
0280190712	2010	12	11	345	-9999	
0280190712	2010	12	12	346	-9999	
0280190712	2010	12	13	347	-9999	
0280190712	2010	12	14	348	-9999	
0280190712	2010	12	15	349	-9999	
0280190712	2010	12	16	350	-9999	
0280190712	2010	12	17	351	-9999	
0280190712	2010	12	18	352	-9999	
0280190712	2010	12	19	353	-9999	
0280190712	2010	12	20	354	-9999	
0280190712	2010	12	21	355	-9999	
0280190712	2010	12	22	356	-9999	
0280190712	2010	12	23	357	-9999	
0280190712	2010	12	24	358	-9999	
0280190712	2010	12	25	359	-9999	
0280190712	2010	12	26	360	-9999	
0280190712	2010	12	27	361	-9999	
0280190712	2010	12	28	362	-9999	
0280190712	2010	12	29	363	-9999	
0280190712	2010	12	30	364	-9999	
0280190712	2010	12	31	365	-9999	
0280190712	2011	1	1	1	-9999	
0280190712	2011	1	2	2	-9999	
0280190712	2011	1	3	3	-9999	
0280190712	2011	1	4	4	-9999	
0280190712	2011	1	5	5	-9999	
0280190712	2011	1	6	6	-9999	
0280190712	2011	1	7	7	-9999	
0280190712	2011	1	8	8	-9999	
0280190712	2011	1	9	9	-9999	
0280190712	2011	1	10	10	-9999	
0280190712	2011	1	11	11	-9999	
0280190712	2011	1	12	12	-9999	
0280190712	2011	1	13	13	-9999	
0280190712	2011	1	14	14	-9999	
0280190712	2011	1	15	15	-9999	
0280190712	2011	1	16	16	-9999	
0280190712	2011	1	17	17	-9999	
0280190712	2011	1	18	18	-9999	
0280190712	2011	1	19	19	-9999	
0280190712	2011	1	20	20	-9999	
0280190712	2011	1	21	21	-9999	
0280190712	2011	1	22	22	-9999	
0280190712	2011	1	23	23	-9999	
0280190712	2011	1	24	24	-9999	
0280190712	2011	1	25	25	-9999	
0280190712	2011	1	26	26	-9999	
0280190712	2011	1	27	27	-9999	
0280190712	2011	1	28	28	-9999	
0280190712	2011	1	29	29	-9999	
0280190712	2011	1	30	30	-9999	
0280190712	2011	1	31	31	-9999	
0280190712	2011	2	1	32	-9999	
0280190712	2011	2	2	33	-9999	
0280190712	2011	2	3	34	-9999	
0280190712	2011	2	4	35	-9999	
0280190712	2011	2	5	36	-9999	
0280190712	2011	2	6	37	-9999	
0280190712	2011	2	7	38	-9999	
0280190712	2011	2	8	39	-9999	
0280190712	2011	2	9	40	-9999	
0280190712	2011	2	10	41	-9999	
0280190712	2011	2	11	42	-9999	
0280190712	2011	2	12	43	-9999	
0280190712	2011	2	13	44	-9999	
0280190712	2011	2	14	45	-9999	
0280190712	2011	2	15	46	-9999	
0280190712	2011	2	16	47	-9999	
0280190712	2011	2	17	48	-9999	
0280190712	2011	2	18	49	-9999	
0280190712	2011	2	19	50	-9999	
0280190712	2011	2	20	51	-9999	
0280190712	2011	2	21	52	-9999	
0280190712	2011	2	22	53	-9999	
0280190712	2011	2	23	54	-9999	
0280190712	2011	2	24	55	-9999	
0280190712	2011	2	25	56	-9999	
0280190712	2011	2	26	57	-9999	
0280190712	2011	2	27	58	-9999	
0280190712	2011	2	28	59	-9999	
0280190712	2011	3	1	60	-9999	
0280190712	2011	3	2	61	-9999	
0280190712	2011	3	3	62	-9999	
0280190712	2011	3	4	63	-9999	
0280190712	2011	3	5	64	-9999	
0280190712	2011	3	6	65	-9999	
0280190712	2011	3	7	66	-9999	
0280190712	2011	3	8	67	-9999	
0280190712	2011	3	9	68	-9999	
0280190712	2011	3	10	69	-9999	
0280190712	2011	3	11	70	-9999	
0280190712	2011	3	12	71	-9999	
0280190712	2011	3	13	72	-9999	
0280190712	2011	3	14	73	-9999	
0280190712	2011	3	15	74	-9999	
0280190712	2011	3	16	75	-9999	
0280190712	2011	3	17	76	-9999	
0280190712	2011	3	18	77	-9999	
0280190712	2011	3	19	78	-9999	
0280190712	2011	3	20	79	-9999	
0280190712	2011	3	21	80	-9999	
0280190712	2011	3	22	81	-9999	
0280190712	2011	3	23	82	-9999	
0280190712	2011	3	24	83	-9999	
0280190712	2011	3	25	84	-9999	
0280190712	2011	3	26	85	-9999	
0280190712	2011	3	27	86	-9999	
0280190712	2011	3	28	87	-9999	
0280190712	2011	3	29	88	-9999	
0280190712	2011	3	30	89	-9999	
0280190712	2011	3	31	90	-9999	
0280190712	2011	4	1	91	-9999	
0280190712	2011	4	2	92	-9999	
0280190712	2011	4	3	93	-9999	
0280190712	2011	4	4	94	-9999	
0280190712	2011	4	5	95	-9999	
0280190712	2011	4	6	96	-9999	
0280190712	2011	4	7	97	-9999	
0280190712	2011	4	8	98	-9999	
0280190712	2011	4	9	99	-9999	
0280190712	2011	4	10	100	-9999	
0280190712	2011	4	11	101	-9999	
0280190712	2011	4	12	102	-9999	
0280190712	2011	4	13	103	-9999	
0280190712	2011	4	14	104	-9999	
0280190712	2011	4	15	105	-9999	
0280190712	2011	4	16	106	-9999	
0280190712	2011	4	17	107	-9999	
0280190712	2011	4	18	108	-9999	
0280190712	2011	4	19	109	-9999	
0280190712	2011	4	20	110	-9999	
0280190712	2011	4	21	111	-9999	
0280190712	2011	4	22	112	-9999	
0280190712	2011	4	23	113	-9999	
0280190712	2011	4	24	114	-9999	
0280190712	2011	4	25	115	-9999	
0280190712	2011	4	26	116	-9999	
0280190712	2011	4	27	117	-9999	
0280190712	2011	4	28	118	-9999	
0280190712	2011	4	29	119	-9999	
0280190712	2011	4	30	120	-9999	
0280190712	2011	5	1	121	-9999	
0280190712	2011	5	2	122	-9999	
0280190712	2011	5	3	123	-9999	
0280190712	2011	5	4	124	-9999	
0280190712	2011	5	5	125	-9999	
0280190712	2011	5	6	126	-9999	
0280190712	2011	5	7	127	-9999	
0280190712	2011	5	8	128	-9999	
0280190712	2011	5	9	129	-9999	
0280190712	2011	5	10	130	-9999	
0280190712	2011	5	11	131	-9999	
0280190712	2011	5	12	132	-9999	
0280190712	2011	5	13	133	-9999	
0280190712	2011	5	14	134	-9999	
0280190712	2011	5	15	135	-9999	
0280190712	2011	5	16	136	-9999	
0280190712	2011	5	17	137	-9999	
0280190712	2011	5	18	138	-9999	
0280190712	2011	5	19	139	-9999	
0280190712	2011	5	20	140	-9999	
0280190712	2011	5	21	141	-9999	
0280190712	2011	5	22	142	-9999	
0280190712	2011	5	23	143	-9999	
0280190712	2011	5	24	144	-9999	
0280190712	2011	5	25	145	-9999	
0280190712	2011	5	26	146	-9999	
0280190712	2011	5	27	147	-9999	
0280190712	2011	5	28	148	-9999	
0280190712	2011	5	29	149	-9999	
0280190712	2011	5	30	150	-9999	
0280190712	2011	5	31	151	-9999	
0280190712	2011	6	1	152	-9999	
0280190712	2011	6	2	153	-9999	
0280190712	2011	6	3	154	-9999	
0280190712	2011	6	4	155	-9999	
0280190712	2011	6	5	156	-9999	
0280190712	2011	6	6	157	-9999	
0280190712	2011	6	7	158	-9999	
0280190712	2011	6	8	159	-9999	
0280190712	2011	6	9	160	-9999	
0280190712	2011	6	10	161	-9999	
0280190712	2011	6	11	162	-9999	
0280190712	2011	6	12	163	-9999	
0280190712	2011	6	13	164	-9999	
0280190712	2011	6	14	165	-9999	
0280190712	2011	6	15	166	-9999	
0280190712	2011	6	16	167	-9999	
0280190712	2011	6	17	168	-9999	
0280190712	2011	6	18	169	-9999	
0280190712	2011	6	19	170	-9999	
0280190712	2011	6	20	171	-9999	
0280190712	2011	6	21	172	-9999	
0280190712	2011	6	22	173	-9999	
0280190712	2011	6	23	174	-9999	
0280190712	2011	6	24	175	-9999	
0280190712	2011	6	25	176	-9999	
0280190712	2011	6	26	177	-9999	
0280190712	2011	6	27	178	-9999	
0280190712	2011	6	28	179	-9999	
0280190712	2011	6	29	180	-9999	
0280190712	2011	6	30	181	-9999	
0280190712	2011	7	1	182	-9999	
0280190712	2011	7	2	183	-9999	
0280190712	2011	7	3	184	-9999	
0280190712	2011	7	4	185	-9999	
0280190712	2011	7	5	186	-9999	
0280190712	2011	7	6	187	-9999	
0280190712	2011	7	7	188	-9999	
0280190712	2011	7	8	189	-9999	
0280190712	2011	7	9	190	-9999	
0280190712	2011	7	10	191	-9999	
0280190712	2011	7	11	192	-9999	
0280190712	2011	7	12	193	-9999	
0280190712	2011	7	13	194	-9999	
0280190712	2011	7	14	195	-9999	
0280190712	2011	7	15	196	-9999	
0280190712	2011	7	16	197	-9999	
0280190712	2011	7	17	198	-9999	
0280190712	2011	7	18	199	-9999	
0280190712	2011	7	19	200	-9999	
0280190712	2011	7	20	201	-9999	
0280190712	2011	7	21	202	-9999	
0280190712	2011	7	22	203	-9999	
0280190712	2011	7	23	204	-9999	
0280190712	2011	7	24	205	-9999	
0280190712	2011	7	25	206	-9999	
0280190712	2011	7	26	207	-9999	
0280190712	2011	7	27	208	-9999	
0280190712	2011	7	28	209	-9999	
0280190712	2011	7	29	210	-9999	
0280190712	2011	7	30	211	-9999	
0280190712	2011	7	31	212	-9999	
0280190712	2011	8	1	213	-9999	
0280190712	2011	8	2	214	-9999	
0280190712	2011	8	3	215	-9999	
0280190712	2011	8	4	216	-9999	
0280190712	2011	8	5	217	-9999	
0280190712	2011	8	6	218	-9999	
0280190712	2011	8	7	219	-9999	
0280190712	2011	8	8	220	-9999	
0280190712	2011	8	9	221	-9999	
0280190712	2011	8	10	222	-9999	
0280190712	2011	8	11	223	-9999	
0280190712	2011	8	12	224	-9999	
0280190712	2011	8	13	225	-9999	
0280190712	2011	8	14	226	-9999	
0280190712	2011	8	15	227	-9999	
0280190712	2011	8	16	228	-9999	
0280190712	2011	8	17	229	-9999	
0280190712	2011	8	18	230	-9999	
0280190712	2011	8	19	231	-9999	
0280190712	2011	8	20	232	-9999	
0280190712	2011	8	21	233	-9999	
0280190712	2011	8	22	234	-9999	
0280190712	2011	8	23	235	-9999	
0280190712	2011	8	24	236	-9999	
0280190712	2011	8	25	237	-9999	
0280190712	2011	8	26	238	-9999	
0280190712	2011	8	27	239	-9999	
0280190712	2011	8	28	240	-9999	
0280190712	2011	8	29	241	-9999	
0280190712	2011	8	30	242	-9999	
0280190712	2011	8	31	243	-9999	
0280190712	2011	9	1	244	-9999	
0280190712	2011	9	2	245	-9999	
0280190712	2011	9	3	246	-9999	
0280190712	2011	9	4	247	-9999	
0280190712	2011	9	5	248	-9999	
0280190712	2011	9	6	249	-9999	
0280190712	2011	9	7	250	-9999	
0280190712	2011	9	8	251	-9999	
0280190712	2011	9	9	252	-9999	
0280190712	2011	9	10	253	-9999	
0280190712	2011	9	11	254	-9999	
0280190712	2011	9	12	255	-9999	
0280190712	2011	9	13	256	-9999	
0280190712	2011	9	14	257	-9999	
0280190712	2011	9	15	258	-9999	
0280190712	2011	9	16	259	-9999	
0280190712	2011	9	17	260	-9999	
0280190712	2011	9	18	261	-9999	
0280190712	2011	9	19	262	-9999	
0280190712	2011	9	20	263	-9999	
0280190712	2011	9	21	264	-9999	
0280190712	2011	9	22	265	-9999	
0280190712	2011	9	23	266	-9999	
0280190712	2011	9	24	267	-9999	
0280190712	2011	9	25	268	-9999	
0280190712	2011	9	26	269	-9999	
0280190712	2011	9	27	270	-9999	
0280190712	2011	9	28	271	-9999	
0280190712	2011	9	29	272	-9999	
0280190712	2011	9	30	273	-9999	
0280190712	2011	10	1	274	-9999	
0280190712	2011	10	2	275	-9999	
0280190712	2011	10	3	276	-9999	
0280190712	2011	10	4	277	-9999	
0280190712	2011	10	5	278	-9999	
0280190712	2011	10	6	279	-9999	
0280190712	2011	10	7	280	-9999	
0280190712	2011	10	8	281	-9999	
0280190712	2011	10	9	282	-9999	
0280190712	2011	10	10	283	-9999	
0280190712	2011	10	11	284	-9999	
0280190712	2011	10	12	285	-9999	
0280190712	2011	10	13	286	-9999	
0280190712	2011	10	14	287	-9999	
0280190712	2011	10	15	288	-9999	
0280190712	2011	10	16	289	-9999	
0280190712	2011	10	17	290	-9999	
0280190712	2011	10	18	291	-9999	
0280190712	2011	10	19	292	-9999	
0280190712	2011	10	20	293	-9999	
0280190712	2011	10	21	294	-9999	
0280190712	2011	10	22	295	-9999	
0280190712	2011	10	23	296	-9999	
0280190712	2011	10	24	297	-9999	
0280190712	2011	10	25	298	-9999	
0280190712	2011	10	26	299	-9999	
0280190712	2011	10	27	300	-9999	
0280190712	2011	10	28	301	-9999	
0280190712	2011	10	29	302	-9999	
0280190712	2011	10	30	303	-9999	
0280190712	2011	10	31	304	-9999	
0280190712	2011	11	1	305	-9999	
0280190712	2011	11	2	306	-9999	
0280190712	2011	11	3	307	-9999	
0280190712	2011	11	4	308	-9999	
0280190712	2011	11	5	309	-9999	
0280190712	2011	11	6	310	-9999	
0280190712	2011	11	7	311	-9999	
0280190712	2011	11	8	312	-9999	
0280190712	2011	11	9	313	-9999	
0280190712	2011	11	10	314	-9999	
0280190712	2011	11	11	315	-9999	
0280190712	2011	11	12	316	-9999	
0280190712	2011	11	13	317	-9999	
0280190712	2011	11	14	318	-9999	
0280190712	2011	11	15	319	-9999	
0280190712	2011	11	16	320	-9999	
0280190712	2011	11	17	321	-9999	
0280190712	2011	11	18	322	-9999	
0280190712	2011	11	19	323	-9999	
0280190712	2011	11	20	324	-9999	
0280190712	2011	11	21	325	-9999	
0280190712	2011	11	22	326	-9999	
0280190712	2011	11	23	327	-9999	
0280190712	2011	11	24	328	-9999	
0280190712	2011	11	25	329	-9999	
0280190712	2011	11	26	330	-9999	
0280190712	2011	11	27	331	-9999	
0280190712	2011	11	28	332	-9999	
0280190712	2011	11	29	333	-9999	
0280190712	2011	11	30	334	-9999	
0280190712	2011	12	1	335	-9999	
0280190712	2011	12	2	336	-9999	
0280190712	2011	12	3	337	-9999	
0280190712	2011	12	4	338	-9999	
0280190712	2011	12	5	339	-9999	
0280190712	2011	12	6	340	-9999	
0280190712	2011	12	7	341	-9999	
0280190712	2011	12	8	342	-9999	
0280190712	2011	12	9	343	-9999	
0280190712	2011	12	10	344	-9999	
0280190712	2011	12	11	345	-9999	
0280190712	2011	12	12	346	-9999	
0280190712	2011	12	13	347	-9999	
0280190712	2011	12	14	348	-9999	
0280190712	2011	12	15	349	-9999	
0280190712	2011	12	16	350	-9999	
0280190712	2011	12	17	351	-9999	
0280190712	2011	12	18	352	-9999	
0280190712	2011	12	19	353	-9999	
0280190712	2011	12	20	354	-9999	
0280190712	2011	12	21	355	-9999	
0280190712	2011	12	22	356	-9999	
0280190712	2011	12	23	357	-9999	
0280190712	2011	12	24	358	-9999	
0280190712	2011	12	25	359	-9999	
0280190712	2011	12	26	360	-9999	
0280190712	2011	12	27	361	-9999	
0280190712	2011	12	28	362	-9999	
0280190712	2011	12	29	363	-9999	
0280190712	2011	12	30	364	-9999	
0280190712	2011	12	31	365	-9999	
0280190712	2012	1	1	1	-9999	
0280190712	2012	1	2	2	-9999	
0280190712	2012	1	3	3	-9999	
0280190712	2012	1	4	4	-9999	
0280190712	2012	1	5	5	-9999	
0280190712	2012	1	6	6	-9999	
0280190712	2012	1	7	7	-9999	
0280190712	2012	1	8	8	-9999	
0280190712	2012	1	9	9	-9999	
0280190712	2012	1	10	10	-9999	
0280190712	2012	1	11	11	-9999	
0280190712	2012	1	12	12	-9999	
0280190712	2012	1	13	13	-9999	
0280190712	2012	1	14	14	-9999	
0280190712	2012	1	15	15	-9999	
0280190712	2012	1	16	16	-9999	
0280190712	2012	1	17	17	-9999	
0280190712	2012	1	18	18	-9999	
0280190712	2012	1	19	19	-9999	
0280190712	2012	1	20	20	-9999	
0280190712	2012	1	21	21	-9999	
0280190712	2012	1	22	22	-9999	
0280190712	2012	1	23	23	-9999	
0280190712	2012	1	24	24	-9999	
0280190712	2012	1	25	25	-9999	
0280190712	2012	1	26	26	-9999	
0280190712	2012	1	27	27	-9999	
0280190712	2012	1	28	28	-9999	
0280190712	2012	1	29	29	-9999	
0280190712	2012	1	30	30	-9999	
0280190712	2012	1	31	31	-9999	
0280190712	2012	2	1	32	-9999	
0280190712	2012	2	2	33	-9999	
0280190712	2012	2	3	34	-9999	
0280190712	2012	2	4	35	-9999	
0280190712	2012	2	5	36	-9999	
0280190712	2012	2	6	37	-9999	
0280190712	2012	2	7	38	-9999	
0280190712	2012	2	8	39	-9999	
0280190712	2012	2	9	40	-9999	
0280190712	2012	2	10	41	-9999	
0280190712	2012	2	11	42	-9999	
0280190712	2012	2	12	43	-9999	
0280190712	2012	2	13	44	-9999	
0280190712	2012	2	14	45	-9999	
0280190712	2012	2	15	46	-9999	
0280190712	2012	2	16	47	-9999	
0280190712	2012	2	17	48	-9999	
0280190712	2012	2	18	49	-9999	
0280190712	2012	2	19	50	-9999	
0280190712	2012	2	20	51	-9999	
0280190712	2012	2	21	52	-9999	
0280190712	2012	2	22	53	-9999	
0280190712	2012	2	23	54	-9999	
0280190712	2012	2	24	55	-9999	
0280190712	2012	2	25	56	-9999	
0280190712	2012	2	26	57	-9999	
0280190712	2012	2	27	58	-9999	
0280190712	2012	2	28	59	-9999	
0280190712	2012	2	29	60	-9999	
0280190712	2012	3	1	61	-9999	
0280190712	2012	3	2	62	-9999	
0280190712	2012	3	3	63	-9999	
0280190712	2012	3	4	64	-9999	
0280190712	2012	3	5	65	-9999	
0280190712	2012	3	6	66	-9999	
0280190712	2012	3	7	67	-9999	
0280190712	2012	3	8	68	-9999	
0280190712	2012	3	9	69	-9999	
0280190712	2012	3	10	70	-9999	
0280190712	2012	3	11	71	-9999	
0280190712	2012	3	12	72	-9999	
0280190712	2012	3	13	73	-9999	
0280190712	2012	3	14	74	-9999	
0280190712	2012	3	15	75	-9999	
0280190712	2012	3	16	76	-9999	
0280190712	2012	3	17	77	-9999	
0280190712	2012	3	18	78	-9999	
0280190712	2012	3	19	79	-9999	
0280190712	2012	3	20	80	-9999	
0280190712	2012	3	21	81	-9999	
0280190712	2012	3	22	82	-9999	
0280190712	2012	3	23	83	-9999	
0280190712	2012	3	24	84	-9999	
0280190712	2012	3	25	85	-9999	
0280190712	2012	3	26	86	-9999	
0280190712	2012	3	27	87	-9999	
0280190712	2012	3	28	88	-9999	
0280190712	2012	3	29	89	-9999	
0280190712	2012	3	30	90	-9999	
0280190712	2012	3	31	91	-9999	
0280190712	2012	4	1	92	-9999	
0280190712	2012	4	2	93	-9999	
0280190712	2012	4	3	94	-9999	
0280190712	2012	4	4	95	-9999	
0280190712	2012	4	5	96	-9999	
0280190712	2012	4	6	97	-9999	
0280190712	2012	4	7	98	-9999	
0280190712	2012	4	8	99	-9999	
0280190712	2012	4	9	100	-9999	
0280190712	2012	4	10	101	-9999	
0280190712	2012	4	11	102	-9999	
0280190712	2012	4	12	103	-9999	
0280190712	2012	4	13	104	-9999	
0280190712	2012	4	14	105	-9999	
0280190712	2012	4	15	106	-9999	
0280190712	2012	4	16	107	-9999	
0280190712	2012	4	17	108	-9999	
0280190712	2012	4	18	109	-9999	
0280190712	2012	4	19	110	-9999	
0280190712	2012	4	20	111	-9999	
0280190712	2012	4	21	112	-9999	
0280190712	2012	4	22	113	-9999	
0280190712	2012	4	23	114	-9999	
0280190712	2012	4	24	115	-9999	
0280190712	2012	4	25	116	-9999	
0280190712	2012	4	26	117	-9999	
0280190712	2012	4	27	118	-9999	
0280190712	2012	4	28	119	-9999	
0280190712	2012	4	29	120	-9999	
0280190712	2012	4	30	121	-9999	
0280190712	2012	5	1	122	-9999	
0280190712	2012	5	2	123	-9999	
0280190712	2012	5	3	124	-9999	
0280190712	2012	5	4	125	-9999	
0280190712	2012	5	5	126	-9999	
0280190712	2012	5	6	127	-9999	
0280190712	2012	5	7	128	-9999	
0280190712	2012	5	8	129	-9999	
0280190712	2012	5	9	130	-9999	
0280190712	2012	5	10	131	-9999	
0280190712	2012	5	11	132	-9999	
0280190712	2012	5	12	133	-9999	
0280190712	2012	5	13	134	-9999	
0280190712	2012	5	14	135	-9999	
0280190712	2012	5	15	136	-9999	
0280190712	2012	5	16	137	-9999	
0280190712	2012	5	17	138	-9999	
0280190712	2012	5	18	139	-9999	
0280190712	2012	5	19	140	-9999	
0280190712	2012	5	20	141	-9999	
0280190712	2012	5	21	142	-9999	
0280190712	2012	5	22	143	-9999	
0280190712	2012	5	23	144	-9999	
0280190712	2012	5	24	145	-9999	
0280190712	2012	5	25	146	-9999	
0280190712	2012	5	26	147	-9999	
0280190712	2012	5	27	148	-9999	
0280190712	2012	5	28	149	-9999	
0280190712	2012	5	29	150	-9999	
0280190712	2012	5	30	151	-9999	
0280190712	2012	5	31	152	-9999	
0280190712	2012	6	1	153	-9999	
0280190712	2012	6	2	154	-9999	
0280190712	2012	6	3	155	-9999	
0280190712	2012	6	4	156	-9999	
0280190712	2012	6	5	157	-9999	
0280190712	2012	6	6	158	-9999	
0280190712	2012	6	7	159	-9999	
0280190712	2012	6	8	160	-9999	
0280190712	2012	6	9	161	-9999	
0280190712	2012	6	10	162	-9999	
0280190712	2012	6	11	163	-9999	
0280190712	2012	6	12	164	-9999	
0280190712	2012	6	13	165	-9999	
0280190712	2012	6	14	166	-9999	
0280190712	2012	6	15	167	-9999	
0280190712	2012	6	16	168	-9999	
0280190712	2012	6	17	169	-9999	
0280190712	2012	6	18	170	-9999	
0280190712	2012	6	19	171	-9999	
0280190712	2012	6	20	172	-9999	
0280190712	2012	6	21	173	-9999	
0280190712	2012	6	22	174	-9999	
0280190712	2012	6	23	175	-9999	
0280190712	2012	6	24	176	-9999	
0280190712	2012	6	25	177	-9999	
0280190712	2012	6	26	178	-9999	
0280190712	2012	6	27	179	-9999	
0280190712	2012	6	28	180	-9999	
0280190712	2012	6	29	181	-9999	
0280190712	2012	6	30	182	-9999	
0280190712	2012	7	1	183	-9999	
0280190712	2012	7	2	184	-9999	
0280190712	2012	7	3	185	0.084	0.111
0280190712	2012	7	4	186	0.084	0.111
0280190712	2012	7	5	187	0.084	0.111
0280190712	2012	7	6	188	0.084	0.111
0280190712	2012	7	7	189	0.084	0.111
0280190712	2012	7	8	190	0.084	0.111
0280190712	2012	7	9	191	0.084	0.111
0280190712	2012	7	10	192	0.084	0.111
0280190712	2012	7	11	193	0.084	0.111
0280190712	2012	7	12	194	0.084	0.111
0280190712	2012	7	13	195	0.083	0.111
0280190712	2012	7	14	196	0.089	0.111
0280190712	2012	7	15	197	0.089	0.112
0280190712	2012	7	16	198	0.089	0.113
0280190712	2012	7	17	199	0.088	0.114
0280190712	2012	7	18	200	0.096	0.114
0280190712	2012	7	19	201	0.105	0.114
0280190712	2012	7	20	202	0.105	0.114
0280190712	2012	7	21	203	0.097	0.115
0280190712	2012	7	22	204	0.096	0.116
0280190712	2012	7	23	205	0.097	0.118
0280190712	2012	7	24	206	0.094	0.116
0280190712	2012	7	25	207	0.093	0.116
0280190712	2012	7	26	208	0.095	0.116
0280190712	2012	7	27	209	0.093	0.116
0280190712	2012	7	28	210	0.092	0.116
0280190712	2012	7	29	211	0.091	0.116
0280190712	2012	7	30	212	0.09	0.116
0280190712	2012	7	31	213	0.095	0.114
0280190712	2012	8	1	214	0.092	0.114
0280190712	2012	8	2	215	0.091	0.115
0280190712	2012	8	3	216	0.09	0.114
0280190712	2012	8	4	217	0.091	0.114
0280190712	2012	8	5	218	0.09	0.114
0280190712	2012	8	6	219	0.088	0.113
0280190712	2012	8	7	220	0.087	0.113
0280190712	2012	8	8	221	0.086	0.112
0280190712	2012	8	9	222	0.098	0.112
0280190712	2012	8	10	223	0.121	0.113
0280190712	2012	8	11	224	0.175	0.117
0280190712	2012	8	12	225	0.177	0.121
0280190712	2012	8	13	226	0.175	0.122
0280190712	2012	8	14	227	0.174	0.124
0280190712	2012	8	15	228	0.17	0.124
0280190712	2012	8	16	229	0.163	0.125
0280190712	2012	8	17	230	0.158	0.125
0280190712	2012	8	18	231	0.151	0.123
0280190712	2012	8	19	232	0.144	0.123
0280190712	2012	8	20	233	0.136	0.123
0280190712	2012	8	21	234	0.129	0.12
0280190712	2012	8	22	235	0.122	0.12
0280190712	2012	8	23	236	0.115	0.117
0280190712	2012	8	24	237	0.109	0.116
0280190712	2012	8	25	238	0.103	0.114
0280190712	2012	8	26	239	0.108	0.112
0280190712	2012	8	27	240	0.11	0.112
0280190712	2012	8	28	241	0.104	0.112
0280190712	2012	8	29	242	0.1	0.111
0280190712	2012	8	30	243	0.097	0.111
0280190712	2012	8	31	244	0.095	0.111
0280190712	2012	9	1	245	0.092	0.111
0280190712	2012	9	2	246	0.09	0.11
0280190712	2012	9	3	247	0.092	0.109
0280190712	2012	9	4	248	0.12	0.112
0280190712	2012	9	5	249	0.122	0.112
0280190712	2012	9	6	250	0.121	0.113
0280190712	2012	9	7	251	0.13	0.114
0280190712	2012	9	8	252	0.13	0.114
0280190712	2012	9	9	253	0.128	0.113
0280190712	2012	9	10	254	0.124	0.113
0280190712	2012	9	11	255	0.121	0.112
0280190712	2012	9	12	256	0.117	0.112
0280190712	2012	9	13	257	0.114	0.112
0280190712	2012	9	14	258	0.121	0.111
0280190712	2012	9	15	259	0.121	0.112
0280190712	2012	9	16	260	0.12	0.109
0280190712	2012	9	17	261	0.117	0.111
0280190712	2012	9	18	262	0.119	0.109
0280190712	2012	9	19	263	0.115	0.11
0280190712	2012	9	20	264	0.112	0.111
0280190712	2012	9	21	265	0.11	0.11
0280190712	2012	9	22	266	0.11	0.108
0280190712	2012	9	23	267	0.11	0.108
0280190712	2012	9	24	268	0.108	0.109
0280190712	2012	9	25	269	0.107	0.109
0280190712	2012	9	26	270	0.106	0.108
0280190712	2012	9	27	271	0.104	0.108
0280190712	2012	9	28	272	0.103	0.108
0280190712	2012	9	29	273	0.101	0.108
0280190712	2012	9	30	274	0.099	0.107
0280190712	2012	10	1	275	0.097	0.107
0280190712	2012	10	2	276	0.095	0.107
0280190712	2012	10	3	277	0.095	0.106
0280190712	2012	10	4	278	0.099	0.106
0280190712	2012	10	5	279	0.099	0.107
0280190712	2012	10	6	280	0.095	0.106
0280190712	2012	10	7	281	0.093	0.105
0280190712	2012	10	8	282	0.091	0.105
0280190712	2012	10	9	283	0.09	0.103
0280190712	2012	10	10	284	0.095	0.103
0280190712	2012	10	11	285	0.093	0.104
0280190712	2012	10	12	286	0.095	0.101
0280190712	2012	10	13	287	0.135	0.104
0280190712	2012	10	14	288	0.178	0.109
0280190712	2012	10	15	289	0.181	0.114
0280190712	2012	10	16	290	0.181	0.118
0280190712	2012	10	17	291	0.19	0.119
0280190712	2012	10	18	292	0.239	0.171
0280190712	2012	10	19	293	0.222	0.186
0280190712	2012	10	20	294	0.228	0.206
0280190712	2012	10	21	295	0.218	0.211
0280190712	2012	10	22	296	0.259	0.227
0280190712	2012	10	23	297	0.27	0.246
0280190712	2012	10	24	298	0.228	0.225
0280190712	2012	10	25	299	0.221	0.217
0280190712	2012	10	26	300	0.216	0.212
0280190712	2012	10	27	301	0.212	0.21
0280190712	2012	10	28	302	0.205	0.204
0280190712	2012	10	29	303	0.2	0.201
0280190712	2012	10	30	304	0.222	0.197
0280190712	2012	10	31	305	0.224	0.212
0280190712	2012	11	1	306	0.223	0.213
0280190712	2012	11	2	307	0.218	0.217
0280190712	2012	11	3	308	0.213	0.214
0280190712	2012	11	4	309	0.21	0.208
0280190712	2012	11	5	310	0.21	0.208
0280190712	2012	11	6	311	-9999	
0280190712	2012	11	7	312	-9999	
0280190712	2012	11	8	313	-9999	
0280190712	2012	11	9	314	-9999	
0280190712	2012	11	10	315	-9999	
0280190712	2012	11	11	316	-9999	
0280190712	2012	11	12	317	-9999	
0280190712	2012	11	13	318	-9999	
0280190712	2012	11	14	319	-9999	
0280190712	2012	11	15	320	-9999	
0280190712	2012	11	16	321	-9999	
0280190712	2012	11	17	322	-9999	
0280190712	2012	11	18	323	-9999	
0280190712	2012	11	19	324	-9999	
0280190712	2012	11	20	325	-9999	
0280190712	2012	11	21	326	-9999	
0280190712	2012	11	22	327	-9999	
0280190712	2012	11	23	328	-9999	
0280190712	2012	11	24	329	-9999	
0280190712	2012	11	25	330	-9999	
0280190712	2012	11	26	331	-9999	
0280190712	2012	11	27	332	-9999	
0280190712	2012	11	28	333	-9999	
0280190712	2012	11	29	334	-9999	
0280190712	2012	11	30	335	-9999	
0280190712	2012	12	1	336	-9999	
0280190712	2012	12	2	337	-9999	
0280190712	2012	12	3	338	-9999	
0280190712	2012	12	4	339	-9999	
0280190712	2012	12	5	340	-9999	
0280190712	2012	12	6	341	-9999	
0280190712	2012	12	7	342	-9999	
0280190712	2012	12	8	343	-9999	
0280190712	2012	12	9	344	-9999	
0280190712	2012	12	10	345	-9999	
0280190712	2012	12	11	346	-9999	
0280190712	2012	12	12	347	-9999	
0280190712	2012	12	13	348	-9999	
0280190712	2012	12	14	349	-9999	
0280190712	2012	12	15	350	-9999	
0280190712	2012	12	16	351	-9999	
0280190712	2012	12	17	352	-9999	
0280190712	2012	12	18	353	-9999	
0280190712	2012	12	19	354	-9999	
0280190712	2012	12	20	355	-9999	
0280190712	2012	12	21	356	-9999	
0280190712	2012	12	22	357	-9999	
0280190712	2012	12	23	358	-9999	
0280190712	2012	12	24	359	-9999	
0280190712	2012	12	25	360	-9999	
0280190712	2012	12	26	361	-9999	
0280190712	2012	12	27	362	-9999	
0280190712	2012	12	28	363	-9999	
0280190712	2012	12	29	364	-9999	
0280190712	2012	12	30	365	-9999	
0280190712	2012	12	31	366	-9999	
