stationID	Y	M	D	DOY	depth_100
0330051113	2011	1	1	1	
0330051113	2011	1	2	2	
0330051113	2011	1	3	3	
0330051113	2011	1	4	4	
0330051113	2011	1	5	5	
0330051113	2011	1	6	6	
0330051113	2011	1	7	7	
0330051113	2011	1	8	8	
0330051113	2011	1	9	9	
0330051113	2011	1	10	10	
0330051113	2011	1	11	11	
0330051113	2011	1	12	12	
0330051113	2011	1	13	13	
0330051113	2011	1	14	14	
0330051113	2011	1	15	15	
0330051113	2011	1	16	16	
0330051113	2011	1	17	17	
0330051113	2011	1	18	18	
0330051113	2011	1	19	19	
0330051113	2011	1	20	20	
0330051113	2011	1	21	21	
0330051113	2011	1	22	22	
0330051113	2011	1	23	23	
0330051113	2011	1	24	24	
0330051113	2011	1	25	25	
0330051113	2011	1	26	26	
0330051113	2011	1	27	27	
0330051113	2011	1	28	28	
0330051113	2011	1	29	29	
0330051113	2011	1	30	30	
0330051113	2011	1	31	31	
0330051113	2011	2	1	32	
0330051113	2011	2	2	33	
0330051113	2011	2	3	34	
0330051113	2011	2	4	35	
0330051113	2011	2	5	36	
0330051113	2011	2	6	37	
0330051113	2011	2	7	38	
0330051113	2011	2	8	39	
0330051113	2011	2	9	40	
0330051113	2011	2	10	41	
0330051113	2011	2	11	42	
0330051113	2011	2	12	43	
0330051113	2011	2	13	44	
0330051113	2011	2	14	45	
0330051113	2011	2	15	46	
0330051113	2011	2	16	47	
0330051113	2011	2	17	48	
0330051113	2011	2	18	49	
0330051113	2011	2	19	50	
0330051113	2011	2	20	51	
0330051113	2011	2	21	52	
0330051113	2011	2	22	53	
0330051113	2011	2	23	54	
0330051113	2011	2	24	55	
0330051113	2011	2	25	56	
0330051113	2011	2	26	57	
0330051113	2011	2	27	58	
0330051113	2011	2	28	59	
0330051113	2011	3	1	60	
0330051113	2011	3	2	61	
0330051113	2011	3	3	62	
0330051113	2011	3	4	63	
0330051113	2011	3	5	64	
0330051113	2011	3	6	65	
0330051113	2011	3	7	66	
0330051113	2011	3	8	67	
0330051113	2011	3	9	68	
0330051113	2011	3	10	69	
0330051113	2011	3	11	70	
0330051113	2011	3	12	71	
0330051113	2011	3	13	72	
0330051113	2011	3	14	73	
0330051113	2011	3	15	74	
0330051113	2011	3	16	75	
0330051113	2011	3	17	76	
0330051113	2011	3	18	77	
0330051113	2011	3	19	78	
0330051113	2011	3	20	79	
0330051113	2011	3	21	80	
0330051113	2011	3	22	81	
0330051113	2011	3	23	82	
0330051113	2011	3	24	83	
0330051113	2011	3	25	84	
0330051113	2011	3	26	85	
0330051113	2011	3	27	86	
0330051113	2011	3	28	87	
0330051113	2011	3	29	88	
0330051113	2011	3	30	89	
0330051113	2011	3	31	90	
0330051113	2011	4	1	91	
0330051113	2011	4	2	92	
0330051113	2011	4	3	93	
0330051113	2011	4	4	94	
0330051113	2011	4	5	95	
0330051113	2011	4	6	96	
0330051113	2011	4	7	97	
0330051113	2011	4	8	98	
0330051113	2011	4	9	99	
0330051113	2011	4	10	100	
0330051113	2011	4	11	101	
0330051113	2011	4	12	102	
0330051113	2011	4	13	103	
0330051113	2011	4	14	104	
0330051113	2011	4	15	105	
0330051113	2011	4	16	106	
0330051113	2011	4	17	107	
0330051113	2011	4	18	108	
0330051113	2011	4	19	109	
0330051113	2011	4	20	110	
0330051113	2011	4	21	111	
0330051113	2011	4	22	112	
0330051113	2011	4	23	113	
0330051113	2011	4	24	114	
0330051113	2011	4	25	115	
0330051113	2011	4	26	116	
0330051113	2011	4	27	117	
0330051113	2011	4	28	118	
0330051113	2011	4	29	119	
0330051113	2011	4	30	120	
0330051113	2011	5	1	121	
0330051113	2011	5	2	122	
0330051113	2011	5	3	123	
0330051113	2011	5	4	124	
0330051113	2011	5	5	125	
0330051113	2011	5	6	126	
0330051113	2011	5	7	127	
0330051113	2011	5	8	128	
0330051113	2011	5	9	129	
0330051113	2011	5	10	130	
0330051113	2011	5	11	131	
0330051113	2011	5	12	132	
0330051113	2011	5	13	133	
0330051113	2011	5	14	134	
0330051113	2011	5	15	135	
0330051113	2011	5	16	136	
0330051113	2011	5	17	137	
0330051113	2011	5	18	138	
0330051113	2011	5	19	139	
0330051113	2011	5	20	140	
0330051113	2011	5	21	141	
0330051113	2011	5	22	142	
0330051113	2011	5	23	143	
0330051113	2011	5	24	144	
0330051113	2011	5	25	145	
0330051113	2011	5	26	146	
0330051113	2011	5	27	147	
0330051113	2011	5	28	148	
0330051113	2011	5	29	149	
0330051113	2011	5	30	150	
0330051113	2011	5	31	151	
0330051113	2011	6	1	152	
0330051113	2011	6	2	153	
0330051113	2011	6	3	154	
0330051113	2011	6	4	155	
0330051113	2011	6	5	156	
0330051113	2011	6	6	157	
0330051113	2011	6	7	158	
0330051113	2011	6	8	159	
0330051113	2011	6	9	160	
0330051113	2011	6	10	161	
0330051113	2011	6	11	162	
0330051113	2011	6	12	163	
0330051113	2011	6	13	164	
0330051113	2011	6	14	165	
0330051113	2011	6	15	166	
0330051113	2011	6	16	167	
0330051113	2011	6	17	168	
0330051113	2011	6	18	169	
0330051113	2011	6	19	170	
0330051113	2011	6	20	171	
0330051113	2011	6	21	172	
0330051113	2011	6	22	173	
0330051113	2011	6	23	174	
0330051113	2011	6	24	175	
0330051113	2011	6	25	176	
0330051113	2011	6	26	177	
0330051113	2011	6	27	178	
0330051113	2011	6	28	179	
0330051113	2011	6	29	180	
0330051113	2011	6	30	181	
0330051113	2011	7	1	182	
0330051113	2011	7	2	183	
0330051113	2011	7	3	184	
0330051113	2011	7	4	185	
0330051113	2011	7	5	186	
0330051113	2011	7	6	187	
0330051113	2011	7	7	188	
0330051113	2011	7	8	189	
0330051113	2011	7	9	190	
0330051113	2011	7	10	191	
0330051113	2011	7	11	192	
0330051113	2011	7	12	193	
0330051113	2011	7	13	194	
0330051113	2011	7	14	195	
0330051113	2011	7	15	196	
0330051113	2011	7	16	197	
0330051113	2011	7	17	198	
0330051113	2011	7	18	199	
0330051113	2011	7	19	200	
0330051113	2011	7	20	201	
0330051113	2011	7	21	202	
0330051113	2011	7	22	203	
0330051113	2011	7	23	204	
0330051113	2011	7	24	205	
0330051113	2011	7	25	206	
0330051113	2011	7	26	207	
0330051113	2011	7	27	208	
0330051113	2011	7	28	209	
0330051113	2011	7	29	210	
0330051113	2011	7	30	211	
0330051113	2011	7	31	212	
0330051113	2011	8	1	213	
0330051113	2011	8	2	214	
0330051113	2011	8	3	215	
0330051113	2011	8	4	216	
0330051113	2011	8	5	217	
0330051113	2011	8	6	218	
0330051113	2011	8	7	219	
0330051113	2011	8	8	220	
0330051113	2011	8	9	221	
0330051113	2011	8	10	222	
0330051113	2011	8	11	223	
0330051113	2011	8	12	224	
0330051113	2011	8	13	225	
0330051113	2011	8	14	226	
0330051113	2011	8	15	227	
0330051113	2011	8	16	228	
0330051113	2011	8	17	229	
0330051113	2011	8	18	230	
0330051113	2011	8	19	231	
0330051113	2011	8	20	232	
0330051113	2011	8	21	233	
0330051113	2011	8	22	234	
0330051113	2011	8	23	235	
0330051113	2011	8	24	236	
0330051113	2011	8	25	237	
0330051113	2011	8	26	238	
0330051113	2011	8	27	239	
0330051113	2011	8	28	240	
0330051113	2011	8	29	241	
0330051113	2011	8	30	242	
0330051113	2011	8	31	243	
0330051113	2011	9	1	244	
0330051113	2011	9	2	245	
0330051113	2011	9	3	246	
0330051113	2011	9	4	247	
0330051113	2011	9	5	248	
0330051113	2011	9	6	249	
0330051113	2011	9	7	250	
0330051113	2011	9	8	251	
0330051113	2011	9	9	252	
0330051113	2011	9	10	253	
0330051113	2011	9	11	254	
0330051113	2011	9	12	255	
0330051113	2011	9	13	256	
0330051113	2011	9	14	257	
0330051113	2011	9	15	258	
0330051113	2011	9	16	259	
0330051113	2011	9	17	260	
0330051113	2011	9	18	261	
0330051113	2011	9	19	262	
0330051113	2011	9	20	263	
0330051113	2011	9	21	264	
0330051113	2011	9	22	265	
0330051113	2011	9	23	266	
0330051113	2011	9	24	267	
0330051113	2011	9	25	268	
0330051113	2011	9	26	269	
0330051113	2011	9	27	270	
0330051113	2011	9	28	271	
0330051113	2011	9	29	272	
0330051113	2011	9	30	273	
0330051113	2011	10	1	274	
0330051113	2011	10	2	275	
0330051113	2011	10	3	276	
0330051113	2011	10	4	277	
0330051113	2011	10	5	278	
0330051113	2011	10	6	279	0.1610215304
0330051113	2011	10	7	280	0.1633237277
0330051113	2011	10	8	281	0.163795479
0330051113	2011	10	9	282	0.16389055
0330051113	2011	10	10	283	0.1636694471
0330051113	2011	10	11	284	0.1635381525
0330051113	2011	10	12	285	0.1635545028
0330051113	2011	10	13	286	0.1631758967
0330051113	2011	10	14	287	0.1629753539
0330051113	2011	10	15	288	0.1626697516
0330051113	2011	10	16	289	0.162272825
0330051113	2011	10	17	290	0.1615471571
0330051113	2011	10	18	291	0.161208934
0330051113	2011	10	19	292	0.1613715835
0330051113	2011	10	20	293	0.1610767734
0330051113	2011	10	21	294	0.1606158758
0330051113	2011	10	22	295	0.1600531374
0330051113	2011	10	23	296	0.1594824661
0330051113	2011	10	24	297	0.1644464034
0330051113	2011	10	25	298	0.1787156088
0330051113	2011	10	26	299	0.1799325559
0330051113	2011	10	27	300	0.1799273647
0330051113	2011	10	28	301	0.1795550107
0330051113	2011	10	29	302	0.1792765144
0330051113	2011	10	30	303	0.1785394427
0330051113	2011	10	31	304	0.1774949372
0330051113	2011	11	1	305	0.176281109
0330051113	2011	11	2	306	0.1749029664
0330051113	2011	11	3	307	0.1734464805
0330051113	2011	11	4	308	0.172520334
0330051113	2011	11	5	309	0.1716866956
0330051113	2011	11	6	310	0.1706904176
0330051113	2011	11	7	311	0.1696917865
0330051113	2011	11	8	312	0.1687076737
0330051113	2011	11	9	313	0.1676480181
0330051113	2011	11	10	314	0.1671966791
0330051113	2011	11	11	315	0.1669499773
0330051113	2011	11	12	316	0.16614408
0330051113	2011	11	13	317	0.1650071515
0330051113	2011	11	14	318	0.1639747786
0330051113	2011	11	15	319	0.1630466906
0330051113	2011	11	16	320	0.1622653769
0330051113	2011	11	17	321	0.1624169623
0330051113	2011	11	18	322	0.1627456647
0330051113	2011	11	19	323	0.1625579524
0330051113	2011	11	20	324	0.162102211
0330051113	2011	11	21	325	0.1618058087
0330051113	2011	11	22	326	0.1617146749
0330051113	2011	11	23	327	0.1616642458
0330051113	2011	11	24	328	0.161933045
0330051113	2011	11	25	329	0.1618715403
0330051113	2011	11	26	330	0.1615265005
0330051113	2011	11	27	331	0.3119776935
0330051113	2011	11	28	332	0.4090711532
0330051113	2011	11	29	333	0.3442463939
0330051113	2011	11	30	334	0.2741152082
0330051113	2011	12	1	335	0.2500175733
0330051113	2011	12	2	336	0.2406678917
0330051113	2011	12	3	337	0.229850934
0330051113	2011	12	4	338	0.2241516097
0330051113	2011	12	5	339	0.2206578319
0330051113	2011	12	6	340	0.2203763257
0330051113	2011	12	7	341	0.2221648935
0330051113	2011	12	8	342	0.2238872699
0330051113	2011	12	9	343	0.2236514449
0330051113	2011	12	10	344	0.2222578052
0330051113	2011	12	11	345	0.220747301
0330051113	2011	12	12	346	0.2188899956
0330051113	2011	12	13	347	0.2168408514
0330051113	2011	12	14	348	0.2154679208
0330051113	2011	12	15	349	0.2139659546
0330051113	2011	12	16	350	0.2129657872
0330051113	2011	12	17	351	0.2121206093
0330051113	2011	12	18	352	0.2114696997
0330051113	2011	12	19	353	0.2106529369
0330051113	2011	12	20	354	0.2093727656
0330051113	2011	12	21	355	0.2083879167
0330051113	2011	12	22	356	0.219949349
0330051113	2011	12	23	357	0.2432196212
0330051113	2011	12	24	358	0.2367464269
0330051113	2011	12	25	359	0.2340032215
0330051113	2011	12	26	360	0.2280922193
0330051113	2011	12	27	361	0.2256691365
0330051113	2011	12	28	362	0.2271744544
0330051113	2011	12	29	363	0.2267953427
0330051113	2011	12	30	364	0.2246380438
0330051113	2011	12	31	365	0.2218657926
0330051113	2012	1	1	1	0.2195624531
0330051113	2012	1	2	2	0.2178189967
0330051113	2012	1	3	3	0.2161924299
0330051113	2012	1	4	4	0.2147703462
0330051113	2012	1	5	5	0.2133510942
0330051113	2012	1	6	6	0.2133551603
0330051113	2012	1	7	7	0.2153851625
0330051113	2012	1	8	8	0.2151997576
0330051113	2012	1	9	9	0.2145175673
0330051113	2012	1	10	10	0.2141222413
0330051113	2012	1	11	11	0.2135827426
0330051113	2012	1	12	12	0.212612384
0330051113	2012	1	13	13	0.2118705119
0330051113	2012	1	14	14	0.2109059393
0330051113	2012	1	15	15	0.2098027909
0330051113	2012	1	16	16	0.2086843997
0330051113	2012	1	17	17	0.2320236997
0330051113	2012	1	18	18	0.3615244964
0330051113	2012	1	19	19	0.2962651338
0330051113	2012	1	20	20	0.2646783003
0330051113	2012	1	21	21	0.2521859573
0330051113	2012	1	22	22	0.2471774553
0330051113	2012	1	23	23	0.245616631
0330051113	2012	1	24	24	0.2531742367
0330051113	2012	1	25	25	0.2524087954
0330051113	2012	1	26	26	0.2895578899
0330051113	2012	1	27	27	0.3454348329
0330051113	2012	1	28	28	0.2885459452
0330051113	2012	1	29	29	0.2658410517
0330051113	2012	1	30	30	0.2561632574
0330051113	2012	1	31	31	0.2491202742
0330051113	2012	2	1	32	0.3091886259
0330051113	2012	2	2	33	0.4110299685
0330051113	2012	2	3	34	0.3671439122
0330051113	2012	2	4	35	0.2991725205
0330051113	2012	2	5	36	0.2714324872
0330051113	2012	2	6	37	0.2611409784
0330051113	2012	2	7	38	0.2541434094
0330051113	2012	2	8	39	0.2494691733
0330051113	2012	2	9	40	0.2421042255
0330051113	2012	2	10	41	0.2337032235
0330051113	2012	2	11	42	0.2316708335
0330051113	2012	2	12	43	0.2297327302
0330051113	2012	2	13	44	0.228297867
0330051113	2012	2	14	45	0.2262548375
0330051113	2012	2	15	46	0.2252882897
0330051113	2012	2	16	47	0.4024331336
0330051113	2012	2	17	48	0.411279479
0330051113	2012	2	18	49	0.4116952881
0330051113	2012	2	19	50	0.4120430088
0330051113	2012	2	20	51	0.4119218608
0330051113	2012	2	21	52	0.4116843347
0330051113	2012	2	22	53	0.4115486271
0330051113	2012	2	23	54	0.4115048126
0330051113	2012	2	24	55	0.3628105851
0330051113	2012	2	25	56	0.2844854942
0330051113	2012	2	26	57	0.2649203405
0330051113	2012	2	27	58	0.2552504426
0330051113	2012	2	28	59	0.2471177504
0330051113	2012	2	29	60	0.239222876
0330051113	2012	3	1	61	0.2370713992
0330051113	2012	3	2	62	0.2357902238
0330051113	2012	3	3	63	0.2346855301
0330051113	2012	3	4	64	0.2332104049
0330051113	2012	3	5	65	0.2321314653
0330051113	2012	3	6	66	0.231141768
0330051113	2012	3	7	67	0.2302118454
0330051113	2012	3	8	68	0.2294065056
0330051113	2012	3	9	69	0.2284756276
0330051113	2012	3	10	70	0.2277176797
0330051113	2012	3	11	71	0.2269757445
0330051113	2012	3	12	72	0.2258807647
0330051113	2012	3	13	73	0.2271647226
0330051113	2012	3	14	74	0.2293691819
0330051113	2012	3	15	75	0.2303647932
0330051113	2012	3	16	76	0.2306820659
0330051113	2012	3	17	77	0.2301983236
0330051113	2012	3	18	78	0.2300146115
0330051113	2012	3	19	79	0.2297009827
0330051113	2012	3	20	80	0.2285876179
0330051113	2012	3	21	81	0.2281336753
0330051113	2012	3	22	82	0.2716770847
0330051113	2012	3	23	83	0.2880852363
0330051113	2012	3	24	84	0.2784908522
0330051113	2012	3	25	85	0.2760146663
0330051113	2012	3	26	86	0.2679183175
0330051113	2012	3	27	87	0.2608012385
0330051113	2012	3	28	88	0.2520141449
0330051113	2012	3	29	89	0.2483544315
0330051113	2012	3	30	90	0.2631193572
0330051113	2012	3	31	91	0.2632651137
0330051113	2012	4	1	92	0.2640656215
0330051113	2012	4	2	93	0.263865015
0330051113	2012	4	3	94	0.2616246672
0330051113	2012	4	4	95	0.2555324363
0330051113	2012	4	5	96	0.2501892343
0330051113	2012	4	6	97	0.2500718956
0330051113	2012	4	7	98	0.2488115697
0330051113	2012	4	8	99	0.2478866932
0330051113	2012	4	9	100	0.2464550165
0330051113	2012	4	10	101	0.2454677985
0330051113	2012	4	11	102	0.2445449346
0330051113	2012	4	12	103	0.2431985183
0330051113	2012	4	13	104	0.2417783171
0330051113	2012	4	14	105	0.2401906264
0330051113	2012	4	15	106	0.2387350597
0330051113	2012	4	16	107	0.2371411376
0330051113	2012	4	17	108	0.2359354667
0330051113	2012	4	18	109	0.2348287241
0330051113	2012	4	19	110	0.233877467
0330051113	2012	4	20	111	0.232241635
0330051113	2012	4	21	112	0.231532443
0330051113	2012	4	22	113	0.2301949318
0330051113	2012	4	23	114	0.2284997344
0330051113	2012	4	24	115	0.2270942563
0330051113	2012	4	25	116	0.2253295493
0330051113	2012	4	26	117	0.2233719862
0330051113	2012	4	27	118	0.2213801438
0330051113	2012	4	28	119	0.2197588367
0330051113	2012	4	29	120	0.217969258
0330051113	2012	4	30	121	0.2168281596
0330051113	2012	5	1	122	0.217595912
0330051113	2012	5	2	123	0.2159094967
0330051113	2012	5	3	124	0.2174252287
0330051113	2012	5	4	125	0.218391469
0330051113	2012	5	5	126	0.2196118137
0330051113	2012	5	6	127	0.2207899556
0330051113	2012	5	7	128	0.221560347
0330051113	2012	5	8	129	0.221846396
0330051113	2012	5	9	130	0.222631731
0330051113	2012	5	10	131	0.2225259742
0330051113	2012	5	11	132	0.2226137419
0330051113	2012	5	12	133	0.2225580806
0330051113	2012	5	13	134	0.2219194281
0330051113	2012	5	14	135	0.2214550081
0330051113	2012	5	15	136	0.2211587831
0330051113	2012	5	16	137	0.2184817118
0330051113	2012	5	17	138	0.2171714622
0330051113	2012	5	18	139	0.216386575
0330051113	2012	5	19	140	0.2154948944
0330051113	2012	5	20	141	0.2147627708
0330051113	2012	5	21	142	0.2143489684
0330051113	2012	5	22	143	0.2138928101
0330051113	2012	5	23	144	0.213006444
0330051113	2012	5	24	145	0.2115579837
0330051113	2012	5	25	146	0.2096983534
0330051113	2012	5	26	147	0.2077959557
0330051113	2012	5	27	148	0.2053743797
0330051113	2012	5	28	149	0.2025014379
0330051113	2012	5	29	150	0.2001363351
0330051113	2012	5	30	151	0.1990285985
0330051113	2012	5	31	152	0.1986518417
0330051113	2012	6	1	153	0.1984977873
0330051113	2012	6	2	154	0.1981496144
0330051113	2012	6	3	155	0.1970212013
0330051113	2012	6	4	156	0.1955148913
0330051113	2012	6	5	157	0.1944822747
0330051113	2012	6	6	158	0.192196739
0330051113	2012	6	7	159	0.1898418828
0330051113	2012	6	8	160	0.1894739278
0330051113	2012	6	9	161	0.1893278058
0330051113	2012	6	10	162	0.3427520739
0330051113	2012	6	11	163	0.4107610435
0330051113	2012	6	12	164	0.4108438122
0330051113	2012	6	13	165	0.4102408432
0330051113	2012	6	14	166	0.409927523
0330051113	2012	6	15	167	0.4099684427
0330051113	2012	6	16	168	0.4100237281
0330051113	2012	6	17	169	0.4100626318
0330051113	2012	6	18	170	0.3997444989
0330051113	2012	6	19	171	0.3269190808
0330051113	2012	6	20	172	0.2873622141
0330051113	2012	6	21	173	0.2673798466
0330051113	2012	6	22	174	0.2593329443
0330051113	2012	6	23	175	0.2537003375
0330051113	2012	6	24	176	0.2502856451
0330051113	2012	6	25	177	0.2470551325
0330051113	2012	6	26	178	0.244060043
0330051113	2012	6	27	179	0.2414084417
0330051113	2012	6	28	180	0.2388249386
0330051113	2012	6	29	181	0.2363876448
0330051113	2012	6	30	182	0.2339599171
0330051113	2012	7	1	183	0.2318658872
0330051113	2012	7	2	184	0.2299452246
0330051113	2012	7	3	185	0.2282504791
0330051113	2012	7	4	186	0.2281245066
0330051113	2012	7	5	187	0.2281399455
0330051113	2012	7	6	188	0.2267097694
0330051113	2012	7	7	189	0.2259705843
0330051113	2012	7	8	190	0.2255622878
0330051113	2012	7	9	191	0.2250571328
0330051113	2012	7	10	192	0.2241909932
0330051113	2012	7	11	193	0.2239147442
0330051113	2012	7	12	194	0.2241499642
0330051113	2012	7	13	195	0.2241896615
0330051113	2012	7	14	196	0.2241167482
0330051113	2012	7	15	197	0.224017138
0330051113	2012	7	16	198	0.2234106046
0330051113	2012	7	17	199	0.2226098206
0330051113	2012	7	18	200	0.2315147113
0330051113	2012	7	19	201	0.3349069774
0330051113	2012	7	20	202	0.4098144777
0330051113	2012	7	21	203	0.4100361519
0330051113	2012	7	22	204	0.359282445
0330051113	2012	7	23	205	0.2977973605
0330051113	2012	7	24	206	0.2695183069
0330051113	2012	7	25	207	0.259125775
0330051113	2012	7	26	208	0.2544310604
0330051113	2012	7	27	209	0.2502853241
0330051113	2012	7	28	210	0.247666139
0330051113	2012	7	29	211	0.2521517128
0330051113	2012	7	30	212	0.2519410165
0330051113	2012	7	31	213	0.2502507516
0330051113	2012	8	1	214	0.2490270491
0330051113	2012	8	2	215	0.2490040399
0330051113	2012	8	3	216	0.2491795915
0330051113	2012	8	4	217	0.2491087187
0330051113	2012	8	5	218	0.2484844916
0330051113	2012	8	6	219	0.2477947509
0330051113	2012	8	7	220	0.2475729536
0330051113	2012	8	8	221	0.2473881711
0330051113	2012	8	9	222	0.2469797555
0330051113	2012	8	10	223	0.246301912
0330051113	2012	8	11	224	0.2460508508
0330051113	2012	8	12	225	0.2461796611
0330051113	2012	8	13	226	0.2462662897
0330051113	2012	8	14	227	0.2456917905
0330051113	2012	8	15	228	0.2454939103
0330051113	2012	8	16	229	0.3082163953
0330051113	2012	8	17	230	0.4095080635
0330051113	2012	8	18	231	0.4098298055
0330051113	2012	8	19	232	0.4100459585
0330051113	2012	8	20	233	0.4100157343
0330051113	2012	8	21	234	0.4099746293
0330051113	2012	8	22	235	0.3784743025
0330051113	2012	8	23	236	0.3109692169
0330051113	2012	8	24	237	0.2767651978
0330051113	2012	8	25	238	0.2669537843
0330051113	2012	8	26	239	0.2617404853
0330051113	2012	8	27	240	0.2584978345
0330051113	2012	8	28	241	0.2767930915
0330051113	2012	8	29	242	0.3664547409
0330051113	2012	8	30	243	0.4092901305
0330051113	2012	8	31	244	0.4095512042
0330051113	2012	9	1	245	0.4096800374
0330051113	2012	9	2	246	0.4096986519
0330051113	2012	9	3	247	0.39514729
0330051113	2012	9	4	248	0.3520715244
0330051113	2012	9	5	249	0.4097905692
0330051113	2012	9	6	250	0.4098846676
0330051113	2012	9	7	251	0.4099561585
0330051113	2012	9	8	252	0.3613163736
0330051113	2012	9	9	253	0.3008499653
0330051113	2012	9	10	254	0.2784052424
0330051113	2012	9	11	255	0.270187647
0330051113	2012	9	12	256	0.2654206056
0330051113	2012	9	13	257	0.2620141238
0330051113	2012	9	14	258	0.2597177963
0330051113	2012	9	15	259	0.2576696224
0330051113	2012	9	16	260	0.2559140455
0330051113	2012	9	17	261	0.3139641213
0330051113	2012	9	18	262	0.2892045084
0330051113	2012	9	19	263	0.2676913731
0330051113	2012	9	20	264	0.2648830178
0330051113	2012	9	21	265	0.2623891718
0330051113	2012	9	22	266	0.2602693916
0330051113	2012	9	23	267	0.2585800451
0330051113	2012	9	24	268	0.2572395221
0330051113	2012	9	25	269	0.2558497126
0330051113	2012	9	26	270	0.2542299997
0330051113	2012	9	27	271	0.2527265267
0330051113	2012	9	28	272	0.2513650894
0330051113	2012	9	29	273	0.249667376
0330051113	2012	9	30	274	0.3256046109
0330051113	2012	10	1	275	0.4091126953
0330051113	2012	10	2	276	0.4092695067
0330051113	2012	10	3	277	0.4093313219
0330051113	2012	10	4	278	0.3564561129
0330051113	2012	10	5	279	0.2903662389
0330051113	2012	10	6	280	0.2718579146
0330051113	2012	10	7	281	0.2646172404
0330051113	2012	10	8	282	0.2605424228
0330051113	2012	10	9	283	0.2580039101
0330051113	2012	10	10	284	0.2558338379
0330051113	2012	10	11	285	0.2537832075
0330051113	2012	10	12	286	0.2522312193
0330051113	2012	10	13	287	0.251035259
0330051113	2012	10	14	288	0.2497749308
0330051113	2012	10	15	289	0.2484962761
0330051113	2012	10	16	290	0.2474410175
0330051113	2012	10	17	291	0.2460594784
0330051113	2012	10	18	292	0.2448059303
0330051113	2012	10	19	293	0.2435928883
0330051113	2012	10	20	294	0.2422350088
0330051113	2012	10	21	295	0.2408206401
0330051113	2012	10	22	296	0.2393971288
0330051113	2012	10	23	297	0.2380522988
0330051113	2012	10	24	298	0.2368219638
0330051113	2012	10	25	299	0.2355704285
0330051113	2012	10	26	300	0.2343563366
0330051113	2012	10	27	301	0.2335392315
0330051113	2012	10	28	302	0.2324518437
0330051113	2012	10	29	303	0.2312609223
0330051113	2012	10	30	304	0.2300585885
0330051113	2012	10	31	305	0.2287027173
0330051113	2012	11	1	306	0.2277364096
0330051113	2012	11	2	307	0.2271207192
0330051113	2012	11	3	308	0.2261992069
0330051113	2012	11	4	309	0.2251901411
0330051113	2012	11	5	310	0.2246808209
0330051113	2012	11	6	311	0.2236071754
0330051113	2012	11	7	312	0.2232007161
0330051113	2012	11	8	313	0.2222468111
0330051113	2012	11	9	314	0.2217583135
0330051113	2012	11	10	315	0.2207729662
0330051113	2012	11	11	316	0.2202450981
0330051113	2012	11	12	317	0.2192825312
0330051113	2012	11	13	318	0.2187419297
0330051113	2012	11	14	319	0.218247926
0330051113	2012	11	15	320	0.217484719
0330051113	2012	11	16	321	0.2170189547
0330051113	2012	11	17	322	0.2163572435
0330051113	2012	11	18	323	0.2159470747
0330051113	2012	11	19	324	0.2155864078
0330051113	2012	11	20	325	0.2150614112
0330051113	2012	11	21	326	0.2144040244
0330051113	2012	11	22	327	0.2141435006
0330051113	2012	11	23	328	0.2136654357
0330051113	2012	11	24	329	0.2133640579
0330051113	2012	11	25	330	0.2129591838
0330051113	2012	11	26	331	0.2123898503
0330051113	2012	11	27	332	0.2111390163
0330051113	2012	11	28	333	0.2109884469
0330051113	2012	11	29	334	0.2108991285
0330051113	2012	11	30	335	0.2102540408
0330051113	2012	12	1	336	0.2101105028
0330051113	2012	12	2	337	0.2098671112
0330051113	2012	12	3	338	0.2094477665
0330051113	2012	12	4	339	0.2091088864
0330051113	2012	12	5	340	0.2094015122
0330051113	2012	12	6	341	0.2094677383
0330051113	2012	12	7	342	0.2093359748
0330051113	2012	12	8	343	0.2092810402
0330051113	2012	12	9	344	0.2090326535
0330051113	2012	12	10	345	0.208771453
0330051113	2012	12	11	346	0.2091183063
0330051113	2012	12	12	347	0.208983389
0330051113	2012	12	13	348	0.2087246656
0330051113	2012	12	14	349	0.208214885
0330051113	2012	12	15	350	0.2076911642
0330051113	2012	12	16	351	0.2071423973
0330051113	2012	12	17	352	0.2248612194
0330051113	2012	12	18	353	0.2106076976
0330051113	2012	12	19	354	0.2087888338
0330051113	2012	12	20	355	0.2407609878
0330051113	2012	12	21	356	0.2172906239
0330051113	2012	12	22	357	0.2142970259
0330051113	2012	12	23	358	0.2141597814
0330051113	2012	12	24	359	0.2137691773
0330051113	2012	12	25	360	0.3461688455
0330051113	2012	12	26	361	0.408950765
0330051113	2012	12	27	362	0.3830487244
0330051113	2012	12	28	363	0.3352295544
0330051113	2012	12	29	364	0.4085945727
0330051113	2012	12	30	365	0.3961506029
0330051113	2012	12	31	366	0.3326865473
0330051113	2013	1	1	1	0.3022501535
0330051113	2013	1	2	2	0.2726640219
0330051113	2013	1	3	3	0.2625310875
0330051113	2013	1	4	4	0.2613261512
0330051113	2013	1	5	5	0.2611186589
0330051113	2013	1	6	6	0.2586401823
0330051113	2013	1	7	7	0.2559156577
0330051113	2013	1	8	8	0.2532960821
0330051113	2013	1	9	9	0.251514299
0330051113	2013	1	10	10	0.2493375537
0330051113	2013	1	11	11	0.248540253
0330051113	2013	1	12	12	0.2491583233
0330051113	2013	1	13	13	0.249743224
0330051113	2013	1	14	14	0.2495442144
0330051113	2013	1	15	15	0.2493065196
0330051113	2013	1	16	16	0.2685004979
0330051113	2013	1	17	17	0.2819658727
0330051113	2013	1	18	18	0.2681249837
0330051113	2013	1	19	19	0.2625297816
0330051113	2013	1	20	20	0.2580570307
0330051113	2013	1	21	21	0.2547806703
0330051113	2013	1	22	22	0.2519503801
0330051113	2013	1	23	23	0.249455616
0330051113	2013	1	24	24	0.2477530231
0330051113	2013	1	25	25	0.246405625
0330051113	2013	1	26	26	0.2451031323
0330051113	2013	1	27	27	0.2439795715
0330051113	2013	1	28	28	0.2433045429
0330051113	2013	1	29	29	0.2425420933
0330051113	2013	1	30	30	0.3052021781
0330051113	2013	1	31	31	0.3269578092
0330051113	2013	2	1	32	0.2609301303
0330051113	2013	2	2	33	0.2542707941
0330051113	2013	2	3	34	0.2517075814
0330051113	2013	2	4	35	0.2496052161
0330051113	2013	2	5	36	0.24761248
0330051113	2013	2	6	37	0.24586125
0330051113	2013	2	7	38	0.3567154099
0330051113	2013	2	8	39	0.4078209604
0330051113	2013	2	9	40	0.4081381772
0330051113	2013	2	10	41	0.408174549
0330051113	2013	2	11	42	0.3921728187
0330051113	2013	2	12	43	0.4084884679
0330051113	2013	2	13	44	0.4086267129
0330051113	2013	2	14	45	0.4084192359
0330051113	2013	2	15	46	0.4087373155
0330051113	2013	2	16	47	0.4087587834
0330051113	2013	2	17	48	0.3842641113
0330051113	2013	2	18	49	0.3191922449
0330051113	2013	2	19	50	0.3689062351
0330051113	2013	2	20	51	0.3279647774
0330051113	2013	2	21	52	0.2993709483
0330051113	2013	2	22	53	0.3917454972
0330051113	2013	2	23	54	0.4089611101
0330051113	2013	2	24	55	0.4091324407
0330051113	2013	2	25	56	0.4096782196
0330051113	2013	2	26	57	0.4094665985
0330051113	2013	2	27	58	0.4097348359
0330051113	2013	2	28	59	0.409842169
0330051113	2013	3	1	60	0.4096450657
0330051113	2013	3	2	61	0.3977834347
0330051113	2013	3	3	62	0.3358230961
0330051113	2013	3	4	63	0.2990034394
0330051113	2013	3	5	64	0.2823360399
0330051113	2013	3	6	65	0.2733289959
0330051113	2013	3	7	66	0.2689306734
0330051113	2013	3	8	67	0.2659095606
0330051113	2013	3	9	68	0.2631924494
0330051113	2013	3	10	69	0.2617752028
0330051113	2013	3	11	70	0.3104627354
0330051113	2013	3	12	71	0.2784593797
0330051113	2013	3	13	72	0.2607385603
0330051113	2013	3	14	73	0.2592563842
0330051113	2013	3	15	74	0.2578783656
0330051113	2013	3	16	75	0.2576172796
0330051113	2013	3	17	76	0.2573457949
0330051113	2013	3	18	77	0.256943344
0330051113	2013	3	19	78	0.2560337367
0330051113	2013	3	20	79	0.2555060043
0330051113	2013	3	21	80	0.2548218951
0330051113	2013	3	22	81	0.2540890472
0330051113	2013	3	23	82	0.253741296
0330051113	2013	3	24	83	0.2536440975
0330051113	2013	3	25	84	0.2526954223
0330051113	2013	3	26	85	0.2518414797
0330051113	2013	3	27	86	0.2504847276
0330051113	2013	3	28	87	0.2492956077
0330051113	2013	3	29	88	0.247684762
0330051113	2013	3	30	89	0.2462058711
0330051113	2013	3	31	90	0.2448570329
0330051113	2013	4	1	91	0.2449011101
0330051113	2013	4	2	92	0.2441447405
0330051113	2013	4	3	93	0.3130515583
0330051113	2013	4	4	94	0.2654532322
0330051113	2013	4	5	95	0.2455593959
0330051113	2013	4	6	96	0.2440297894
0330051113	2013	4	7	97	0.2430542685
0330051113	2013	4	8	98	0.242492487
0330051113	2013	4	9	99	0.2417692113
0330051113	2013	4	10	100	0.2409485242
0330051113	2013	4	11	101	0.2887831878
0330051113	2013	4	12	102	0.3293137467
0330051113	2013	4	13	103	0.2699864209
0330051113	2013	4	14	104	0.3516870235
0330051113	2013	4	15	105	0.4082810342
0330051113	2013	4	16	106	0.4026206585
0330051113	2013	4	17	107	0.3316997919
0330051113	2013	4	18	108	0.292058234
0330051113	2013	4	19	109	0.2777151989
0330051113	2013	4	20	110	0.2713228071
0330051113	2013	4	21	111	0.2681433475
0330051113	2013	4	22	112	0.2658710044
0330051113	2013	4	23	113	0.2638991717
0330051113	2013	4	24	114	0.2632574353
0330051113	2013	4	25	115	0.2620464303
0330051113	2013	4	26	116	0.2601926509
0330051113	2013	4	27	117	0.2590032519
0330051113	2013	4	28	118	0.2578951042
0330051113	2013	4	29	119	0.2567263096
0330051113	2013	4	30	120	0.2559986031
0330051113	2013	5	1	121	0.2628080015
0330051113	2013	5	2	122	0.4087451676
0330051113	2013	5	3	123	0.4090800258
0330051113	2013	5	4	124	0.4088548606
0330051113	2013	5	5	125	0.4094838448
0330051113	2013	5	6	126	0.4095537054
0330051113	2013	5	7	127	0.4090816601
0330051113	2013	5	8	128	0.3430721767
0330051113	2013	5	9	129	0.2950002472
0330051113	2013	5	10	130	0.2814925206
0330051113	2013	5	11	131	0.2756071458
0330051113	2013	5	12	132	0.2727308305
0330051113	2013	5	13	133	0.2703236733
0330051113	2013	5	14	134	0.2673071713
0330051113	2013	5	15	135	0.2661671296
0330051113	2013	5	16	136	0.2656028434
0330051113	2013	5	17	137	0.2638635829
0330051113	2013	5	18	138	0.2634494311
0330051113	2013	5	19	139	0.2629357246
0330051113	2013	5	20	140	0.2605252478
0330051113	2013	5	21	141	0.2606965615
0330051113	2013	5	22	142	0.259474697
0330051113	2013	5	23	143	0.2613019793
0330051113	2013	5	24	144	0.2604355647
0330051113	2013	5	25	145	0.2587843516
0330051113	2013	5	26	146	0.2589368207
0330051113	2013	5	27	147	0.2541648503
0330051113	2013	5	28	148	0.2511573472
